10736 4758 507321.5566900779 4552447.818509885
10980 4758 509761.0041469525 4552448.892042325
10126 5002 501219.46179521753 4550011.1902902415
10858 5002 508541.02339996037 4550011.463264467
10980 5002 509762.1284978617 4550009.228170414
9882 5124 498778.52141953626 4548791.358918024
10370 5124 503661.61104425904 4548789.135845636
10614 5124 506100.99728135945 4548791.149595833
10858 5124 508541.0391512346 4548791.945244969
9882 5246 498778.82668101916 4547572.580911714
10004 5246 499998.7448371926 4547571.858175591
10126 5246 501219.2335551261 4547571.265865391
10614 5246 506098.7376818657 4547571.177330004
9882 5368 498779.3948464528 4546351.205633868
10248 5368 502438.43542814633 4546352.047847186
10736 5368 507322.653177952 4546349.269533666
10858 5368 508539.03992262826 4546351.596992319
9760 5490 497558.7889852597 4545130.559791382
10614 5490 506101.48295890394 4545130.553128967
10736 5490 507322.8918227877 4545131.379849678
10858 5490 508542.5229378016 4545127.785419112
9638 5612 496337.9195879425 4543911.259006154
10126 5612 501221.99761662027 4543912.006494498
10248 5612 502441.75782000367 4543911.806368467
10614 5612 506101.07587438956 4543911.95621583
9516 5734 495118.22594057716 4542691.619344364
10004 5734 499999.3017231648 4542690.696896833
10126 5734 501220.9286955399 4542692.140584885
10370 5734 503662.0268840759 4542691.747974687
10614 5734 506098.7116209876 4542691.662111867
10736 5734 507319.0949301449 4542689.560968749
9150 5856 491458.6909202446 4541468.322840853
9272 5856 492678.59169424867 4541470.84039
9516 5856 495118.973919684 4541471.142047977
10004 5856 500000.4853969948 4541471.269707662
10126 5856 501218.5997451588 4541471.766901185
10370 5856 503659.11465305777 4541470.415580954
10492 5856 504882.0253559254 4541472.255526758
10614 5856 506101.51709469414 4541468.270382392
10858 5856 508541.7708404602 4541467.679935855
9028 5978 490238.3268157386 4540250.654864204
9150 5978 491459.0204700592 4540248.715322781
9272 5978 492679.43366831355 4540249.72658844
9394 5978 493901.022192227 4540248.351629126
9638 5978 496338.04883865954 4540251.815476133
9760 5978 497558.52807286964 4540251.365356761
9882 5978 498778.4132850135 4540252.3417895455
10370 5978 503659.1315694041 4540248.180352206
10492 5978 504878.39187276963 4540251.319931802
10614 5978 506100.9117895134 4540252.051647242
9394 6100 493901.95442112105 4539027.225420622
9638 6100 496340.46778824134 4539033.0965519305
9760 6100 497558.4607030033 4539032.133363231
9882 6100 498781.202346581 4539028.4167752545
10126 6100 501222.0259453559 4539028.378538701
10248 6100 502438.6125082217 4539031.288786427
10370 6100 503658.4509706033 4539031.154726259
9028 6222 490242.2702353172 4537807.802746999
9882 6222 498782.2261054546 4537809.388917094
10004 6222 500002.56037963356 4537811.227288043
10126 6222 501218.49131495267 4537809.078333462
10736 6222 507321.7772222893 4537811.254684473
10858 6222 508542.1859657314 4537811.558892298
8906 6344 489019.5137659345 4536588.7976857
9028 6344 490242.72035489493 4536587.748096381
9394 6344 493900.67121989286 4536588.332583105
9516 6344 495121.52248090855 4536587.823921469
10248 6344 502442.8955746444 4536585.966343805
10370 6344 503661.0861604721 4536589.0925683025
10736 6344 507321.60875066 4536588.191636895
8784 6466 487800.929488126 4535368.941751682
8906 6466 489021.3764747642 4535369.187995321
9028 6466 490242.19480066356 4535369.128960996
9150 6466 491462.0464751423 4535368.556869035
9516 6466 495122.65937399614 4535367.848259815
9760 6466 497561.36136170634 4535368.232471618
10004 6466 500002.04870209907 4535367.931619424
10126 6466 501222.2821853361 4535370.6800284255
10248 6466 502441.47655320755 4535368.450435636
10370 6466 503662.2720039115 4535372.447989926
10858 6466 508542.4188826394 4535366.417185624
8662 6588 486581.8290735511 4534149.221075979
8784 6588 487801.3635695124 4534152.035692224
9028 6588 490245.734464664 4534153.289904996
9272 6588 492678.18375515717 4534148.726285743
9394 6588 493901.7415070025 4534147.424610598
9516 6588 495120.6870180769 4534151.975321978
9638 6588 496341.97288103215 4534148.211838465
9882 6588 498781.3396196608 4534149.0857502725
10370 6588 503662.71811943804 4534147.5200321255
10492 6588 504881.9738715093 4534151.024871255
10736 6588 507320.8021623048 4534152.107530061
10858 6588 508541.3469590082 4534152.015687831
9028 6710 490238.5445420457 4532928.748687437
9150 6710 491462.5853089411 4532931.444525801
9272 6710 492681.4983194496 4532931.7284647
9516 6710 495122.7198084141 4532928.283944245
9638 6710 496341.85955879715 4532927.716403456
9760 6710 497563.79163758794 4532927.673101136
9882 6710 498782.17934242863 4532933.655081616
10370 6710 503660.8131153213 4532927.926530325
10614 6710 506101.5760842796 4532927.802723731
10736 6710 507321.17474375054 4532928.453265304
9028 6832 490241.1620834914 4531707.829201722
9150 6832 491458.18480874546 4531711.59404506
10004 6832 500000.89721591916 4531708.053011932
10614 6832 506102.51148558507 4531710.835405207
10736 6832 507321.3088501807 4531707.253694073
10858 6832 508541.6906408688 4531706.910381279
8540 6954 485362.1392109969 4530491.494304006
9028 6954 490241.29295150633 4530490.464675128
9394 6954 493901.51221187 4530488.252688867
9516 6954 495120.97984329483 4530490.679465941
10004 6954 499999.8117038463 4530488.571960298
10126 6954 501222.96323234815 4530487.617875089
10492 6954 504881.5097746789 4530492.40812857
10614 6954 506102.76213001314 4530489.194355934
10736 6954 507322.4425741605 4530487.867111256
10858 6954 508541.7978201464 4530488.502900968
9150 7076 491462.321867509 4529267.7769865515
9394 7076 493902.2592775552 4529267.196847263
9516 7076 495122.32907805673 4529268.362668389
9882 7076 498782.652450079 4529271.540137933
10004 7076 500001.4937839189 4529271.228222409
10126 7076 501221.9837187062 4529267.934425325
10370 7076 503661.28763197165 4529271.665095724
10492 7076 504882.376080588 4529272.029153967
7686 7198 476821.63627001445 4528051.691155954
7808 7198 478038.78938464436 4528047.618951836
7930 7198 479261.3358976148 4528048.980628058
8052 7198 480481.5603966358 4528051.906853851
8174 7198 481701.8469529655 4528048.23295346
8540 7198 485360.6133962219 4528052.464662892
8784 7198 487801.268390327 4528052.067143026
8906 7198 489019.0294298101 4528051.621071768
9272 7198 492681.423694803 4528048.392037993
9394 7198 493902.8220888612 4528048.16104775
9516 7198 495122.35215859785 4528048.328446131
9638 7198 496343.54645892186 4528048.697435692
9760 7198 497561.7721701411 4528051.55443644
10126 7198 501220.88302086055 4528051.606841415
10492 7198 504882.0445868596 4528049.082259721
10614 7198 506104.1355479147 4528047.040104849
10736 7198 507323.0229807705 4528046.442532734
7198 7320 471941.07411491545 4526831.734794296
7442 7320 474381.11022093333 4526828.564199943
7564 7320 475601.51706753747 4526828.659242074
7686 7320 476821.9647784928 4526828.535152954
7930 7320 479262.2065311886 4526829.399615971
8418 7320 484142.6877557915 4526827.360655579
8540 7320 485362.58981457166 4526826.682404655
8784 7320 487801.4079104565 4526829.163653052
8906 7320 489021.51214600826 4526831.965687446
9516 7320 495122.2117828006 4526827.75144309
9638 7320 496341.97401499713 4526827.074485266
10248 7320 502439.14967821544 4526832.385836138
10492 7320 504881.83524045005 4526827.813047438
6954 7442 469497.752422545 4525608.714048932
7076 7442 470721.8538677678 4525608.744434313
7198 7442 471941.52292060666 4525607.565041137
7442 7442 474381.55459867325 4525608.466031447
7564 7442 475603.0590362325 4525611.075537571
8296 7442 482922.1263102533 4525607.086778943
8540 7442 485361.3074473076 4525611.630410581
8906 7442 489021.43937072664 4525607.86282493
9272 7442 492682.03514730145 4525611.631407202
9394 7442 493898.31867617596 4525610.987077871
9516 7442 495121.56341516325 4525611.729510805
9638 7442 496341.0576307018 4525611.010371725
9882 7442 498782.63900581206 4525612.272038068
10004 7442 500002.31334699754 4525608.04052454
10126 7442 501221.4882278394 4525608.111328119
10248 7442 502442.68974975386 4525607.88167315
10370 7442 503662.38511563465 4525612.269208423
10492 7442 504882.95537311194 4525606.1690631015
10736 7442 507321.6334844539 4525609.045504718
7076 7564 470721.4432335304 4524387.949953475
7442 7564 474382.18939756433 4524387.347110673
7564 7564 475600.7215520922 4524387.950658077
7808 7564 478042.45176598127 4524386.867070627
7930 7564 479262.4464423321 4524387.956458274
8174 7564 481697.93546287314 4524387.87108684
8418 7564 484141.5345844514 4524388.432955496
9516 7564 495119.32047242654 4524388.39309515
9638 7564 496338.20244356035 4524390.533690646
9760 7564 497561.92782977025 4524391.58505046
9882 7564 498780.7957116528 4524387.706743754
10004 7564 500002.3221755007 4524391.516474426
10126 7564 501221.53235981124 4524391.796094581
10248 7564 502441.3411222016 4524388.322980168
10614 7564 506102.99366458366 4524391.637750538
10736 7564 507322.20389383903 4524387.2361138025
10858 7564 508541.8373754919 4524388.031107535
6832 7686 468281.32811959146 4523168.338361938
7198 7686 471939.35885639774 4523168.521453212
7320 7686 473162.5378135428 4523167.913228786
7808 7686 478043.2823128254 4523167.503144259
7930 7686 479261.9718717366 4523168.166392434
8052 7686 480481.3179694977 4523168.304626348
8174 7686 481701.69010884286 4523168.232538114
8296 7686 482921.6652857342 4523167.457443274
8662 7686 486577.7798631667 4523169.372773021
9150 7686 491462.21212177124 4523168.337575725
9394 7686 493902.02883230994 4523169.221658591
9882 7686 498780.96880891325 4523169.023308201
10004 7686 500002.9910171581 4523171.607168919
10126 7686 501218.7327391321 4523168.393775382
10248 7686 502442.1269299599 4523167.804053805
10370 7686 503662.2007305823 4523169.101353091
10492 7686 504882.1932378991 4523170.831183801
10614 7686 506102.32403040153 4523167.683493802
7076 7808 470723.117494936 4521948.677288636
7564 7808 475602.2448132813 4521947.916251857
8052 7808 480481.2980525629 4521950.946117891
8296 7808 482923.40554770763 4521949.059610172
8540 7808 485360.8546700949 4521949.879364924
9028 7808 490239.0306007712 4521949.152725787
9638 7808 496341.18234023865 4521947.607166279
9760 7808 497561.42648046097 4521947.951997085
10248 7808 502441.294397166 4521951.807400621
10858 7808 508542.1702238226 4521947.279627899
4148 7930 441439.2792793876 4520728.842393877
4270 7930 442659.05527877394 4520729.482716673
4758 7930 447540.9348643913 4520728.397620945
4880 7930 448758.68066585384 4520728.771268642
6588 7930 465839.94834658294 4520730.059179751
7076 7930 470722.7230547505 4520728.602714664
7198 7930 471942.0188592107 4520731.510846121
7320 7930 473162.2507395843 4520729.1232450595
7442 7930 474382.6368307662 4520728.216067307
7564 7930 475598.11720309505 4520727.533612492
7686 7930 476823.2605221588 4520727.622821835
7808 7930 478037.7773619359 4520730.295080954
8174 7930 481701.892710168 4520728.459901258
8906 7930 489018.5868726692 4520731.135594994
9760 7930 497561.8829927393 4520727.876635663
9882 7930 498781.99791863863 4520728.157139716
10248 7930 502441.1053889617 4520728.629024604
10614 7930 506102.12618098926 4520727.987401044
10736 7930 507322.21064309595 4520729.054499107
4026 8052 440221.35019921034 4519508.252414126
4148 8052 441441.3542091148 4519509.114963308
4758 8052 447542.32781779254 4519511.531275511
5002 8052 449978.72522654023 4519511.021006142
5124 8052 451198.685946789 4519508.732706186
5246 8052 452420.51265748776 4519507.849484876
6222 8052 462181.3022982438 4519508.4443367645
6344 8052 463398.63886385754 4519507.629700497
6466 8052 464618.56236201053 4519507.856400317
6710 8052 467058.3497872174 4519508.071811963
6832 8052 468281.4328039138 4519508.399443468
7198 8052 471938.882891508 4519508.317058432
7442 8052 474382.5743079588 4519508.310344341
8540 8052 485362.30579743156 4519507.943079947
9028 8052 490239.13322886714 4519509.031052778
9272 8052 492678.06207082403 4519509.312165548
9394 8052 493902.1423752077 4519507.053283307
9516 8052 495121.31424334494 4519508.871834729
9638 8052 496341.9256702369 4519507.494289012
9760 8052 497561.3491132773 4519508.92413662
9882 8052 498781.8364156843 4519508.403564483
10980 8052 509761.105480345 4519511.090826676
4026 8174 440218.5394252091 4518291.489036899
5002 8174 449978.4939333418 4518288.854021958
5246 8174 452420.6431659357 4518290.7500494225
5856 8174 458521.8666448752 4518291.658781715
5978 8174 459738.0741363695 4518288.144231001
6100 8174 460958.5090158349 4518289.561144624
6344 8174 463400.4850286141 4518288.812440005
6710 8174 467062.29583476105 4518287.952158642
7198 8174 471942.0878342275 4518288.174222116
7442 8174 474380.7901169248 4518288.635551415
7686 8174 476818.448944281 4518288.9520601295
7808 8174 478039.79642695334 4518284.992286309
8418 8174 484142.6047954098 4518291.288463054
8540 8174 485362.4094864277 4518291.6211672155
9028 8174 490237.1130852933 4518290.958830986
9272 8174 492681.3295575669 4518287.750380606
9394 8174 493901.83143741795 4518288.985445427
9516 8174 495121.6649753748 4518292.371720795
9760 8174 497562.50372608035 4518288.158743262
9882 8174 498783.06068562664 4518287.485412832
10004 8174 500002.032056617 4518287.420341136
10126 8174 501219.7175145318 4518287.709240451
10492 8174 504882.1758082215 4518287.680908614
10858 8174 508541.81448456954 4518290.4364317525
4026 8296 440221.4998005268 4517068.216475446
4148 8296 441439.40075049945 4517067.973924654
4636 8296 446321.5887894549 4517071.779484224
5734 8296 457297.9395033983 4517068.6157205235
6222 8296 462181.22160390136 4517073.100208803
6588 8296 465842.6879756563 4517068.315302489
6832 8296 468280.0497823185 4517069.95695154
6954 8296 469501.8888087564 4517067.400218018
7442 8296 474381.7083508111 4517068.96779628
8174 8296 481701.6413338179 4517066.957301572
8418 8296 484139.3684482842 4517071.6645609075
8540 8296 485361.0225784728 4517071.231324814
9150 8296 491461.8566090776 4517069.087769635
9272 8296 492681.0480785158 4517068.193684072
9516 8296 495122.0192325745 4517067.1022686055
9638 8296 496341.9675145049 4517068.400610156
10492 8296 504881.50258546456 4517068.722032347
10736 8296 507318.87021668034 4517071.440936485
10858 8296 508542.3130269429 4517068.320021446
4026 8418 440221.09261664795 4515849.062404063
4270 8418 442661.9933667723 4515847.841885763
4392 8418 443878.7368529861 4515849.139436614
4758 8418 447539.39198718575 4515848.375827609
5002 8418 449977.3005294528 4515850.456878739
5734 8418 457302.0265612503 4515852.029175068
5856 8418 458521.64552466094 4515851.38962513
5978 8418 459740.89296694455 4515848.817599416
6344 8418 463397.4317141905 4515847.142004699
6466 8418 464621.7759867998 4515848.787408876
6588 8418 465841.25145268976 4515851.667078766
6710 8418 467062.45565485687 4515847.916235838
7076 8418 470723.8586823687 4515848.409662962
7320 8418 473163.01617003133 4515847.62293034
7442 8418 474381.3458865961 4515847.964398966
7564 8418 475601.697603101 4515848.814891082
7808 8418 478037.59702599264 4515850.968302506
8784 8418 487802.06041128363 4515846.947262356
9028 8418 490242.0396231575 4515847.061548108
9150 8418 491458.48469498666 4515848.179705936
9272 8418 492681.3334560033 4515847.739314617
9394 8418 493902.3746042199 4515847.243433733
9516 8418 495121.06181800266 4515851.579096142
9638 8418 496341.4562221627 4515848.078233278
9760 8418 497561.7918033551 4515847.0220938455
10370 8418 503662.3293548317 4515851.67371637
10492 8418 504883.3149799582 4515848.297536607
10614 8418 506101.95715659007 4515848.188513004
10858 8418 508537.69116338406 4515847.575873058
4148 8540 441442.0167407276 4514628.524258028
4270 8540 442662.3150928229 4514628.45331296
4392 8540 443880.82316855894 4514628.886892105
4758 8540 447540.854956735 4514626.488954581
5246 8540 452418.42191422154 4514629.088687439
5490 8540 454861.722457863 4514631.412021423
5856 8540 458519.8739556535 4514625.064406862
5978 8540 459741.5935561027 4514629.043881978
6100 8540 460958.64052037796 4514629.16823281
6222 8540 462182.0839453582 4514630.226726345
6344 8540 463402.5269936841 4514628.310574505
7076 8540 470721.87604652013 4514628.161613585
7442 8540 474382.3732583118 4514631.396901444
7686 8540 476822.25178680534 4514631.208418133
7808 8540 478040.93268334924 4514631.49789807
8540 8540 485360.6037261068 4514627.708345852
8906 8540 489018.9440906636 4514627.786806044
9150 8540 491462.2253085585 4514627.410759863
9272 8540 492682.0500887207 4514627.648287788
9394 8540 493898.35685587686 4514628.257314503
9516 8540 495122.55131714966 4514631.233509932
9760 8540 497557.88125696644 4514627.821488848
10126 8540 501221.29603308596 4514628.402468273
10370 8540 503657.3227020842 4514627.90306472
10492 8540 504882.53356054495 4514631.601542656
10614 8540 506102.2797934632 4514628.1195092825
10736 8540 507319.05784182326 4514628.522562898
3904 8662 438999.19456479687 4513408.209747732
4026 8662 440219.09645444265 4513408.530914402
4148 8662 441442.17398276384 4513410.733280387
4270 8662 442661.3697344723 4513411.438128626
4880 8662 448758.5619213772 4513408.402702207
5124 8662 451201.3326898354 4513408.210488656
5368 8662 453639.03178101947 4513408.831726447
5856 8662 458521.87886659947 4513409.064346385
6344 8662 463398.3026872329 4513408.609204981
6588 8662 465838.74706220254 4513409.934934184
6954 8662 469501.6157849486 4513407.358311589
7076 8662 470723.1553803834 4513408.156332139
7930 8662 479261.2749237618 4513412.032989459
8174 8662 481700.92062291456 4513409.097958369
8906 8662 489021.99402851495 4513411.519346271
9028 8662 490241.5431869189 4513406.539701526
9150 8662 491458.7175089054 4513408.060352509
9272 8662 492680.74098048644 4513411.151698577
9394 8662 493903.12345584366 4513406.5196883185
9760 8662 497561.3300534397 4513409.087228163
10004 8662 500002.2026641439 4513412.170477103
10370 8662 503662.13273324346 4513408.052721533
10492 8662 504883.22536339733 4513406.652562785
10614 8662 506101.40050975885 4513407.277896423
10736 8662 507322.1734188184 4513407.074839018
10858 8662 508541.22043369384 4513407.602681967
3904 8784 439000.7460437248 4512187.712941195
4026 8784 440221.15912995936 4512188.204659175
4148 8784 441441.2961147848 4512188.388297411
5124 8784 451199.09326175484 4512189.065240281
5612 8784 456082.04049690044 4512187.563688195
5856 8784 458519.3255910925 4512191.61171856
5978 8784 459740.4285343214 4512188.491686519
6466 8784 464621.8665020427 4512188.743144446
6588 8784 465842.8781015423 4512191.660596404
6710 8784 467062.1611154445 4512188.306985139
7076 8784 470718.4245422789 4512191.672902617
7564 8784 475602.2363854166 4512188.859177199
7930 8784 479262.1922015392 4512187.456907064
8418 8784 484140.8420044042 4512188.407736489
8906 8784 489022.58168233035 4512188.253191605
9028 8784 490241.64068660216 4512186.502429095
9150 8784 491460.9755903143 4512188.729858383
9760 8784 497561.82797339343 4512188.46714348
9882 8784 498782.7400898545 4512184.599659017
10004 8784 500002.85086466745 4512187.299843375
3782 8906 437779.39826381236 4510969.272178721
3904 8906 439002.1931920558 4510967.497438557
4026 8906 440221.1516549369 4510968.265819811
4880 8906 448758.92572856124 4510971.330015858
5002 8906 449978.56492215616 4510971.03761649
5490 8906 454858.46122223366 4510971.497761197
5734 8906 457301.40658964176 4510969.279885658
5856 8906 458518.65837242093 4510970.388975045
5978 8906 459738.33604161546 4510965.008184818
6344 8906 463402.5086337064 4510968.145481581
6466 8906 464621.6095868714 4510969.251763718
6588 8906 465842.1576076066 4510971.286346849
6832 8906 468281.82207157195 4510971.767779234
7076 8906 470718.4608284358 4510968.85351368
7198 8906 471942.9732407504 4510966.838188871
7320 8906 473162.6432487062 4510967.18966647
7442 8906 474382.3113187293 4510967.166931171
8540 8906 485361.7564778527 4510970.734258317
9150 8906 491461.8484833461 4510967.300509122
9638 8906 496341.30706840014 4510967.982090883
9760 8906 497561.5532577627 4510967.675252123
9882 8906 498782.25418182823 4510968.064957775
10858 8906 508542.56343740696 4510968.86632695
3782 9028 437780.1725724916 4509751.525235965
4636 9028 446318.85121883353 4509749.466799233
4758 9028 447539.20048318437 4509748.447952543
5490 9028 454861.30049860076 4509748.459961655
5612 9028 456078.4880037642 4509748.547206838
6222 9028 462181.56318969437 4509747.715946978
6588 9028 465841.51493949705 4509748.8224163465
6832 9028 468281.7314611588 4509752.357062207
7198 9028 471937.7861402135 4509747.632341332
8662 9028 486582.0608258446 4509745.936652561
9028 9028 490241.8943533425 4509747.681032038
9760 9028 497558.2170397756 4509751.2365875095
9882 9028 498782.4397703479 4509748.980454372
10004 9028 500000.84521496965 4509751.399307605
10248 9028 502441.93174324767 4509747.876754135
3782 9150 437781.3578504229 4508527.335821004
5124 9150 451200.7893136929 4508528.311096593
5368 9150 453641.10664835834 4508528.911397856
5612 9150 456078.6913582126 4508531.513279502
5856 9150 458522.11119519424 4508528.27903502
6466 9150 464618.74495490047 4508529.533757604
6710 9150 467059.2593313821 4508529.246287366
6832 9150 468281.3333836863 4508528.57913315
7320 9150 473159.1511020654 4508528.790460295
8296 9150 482922.06741671806 4508524.98800114
8418 9150 484138.4294880915 4508528.319084645
8662 9150 486581.6216201372 4508527.652648652
8784 9150 487802.9214062636 4508526.281779943
8906 9150 489022.3176449798 4508524.914293071
9150 9150 491458.46839673043 4508531.395613542
3782 9272 437782.12357330153 4507308.607323359
3904 9272 439001.95724775083 4507311.099573539
4148 9272 441441.0319175944 4507308.836801177
4758 9272 447538.2161397634 4507307.257876699
5246 9272 452423.0527534583 4507311.739351572
5368 9272 453641.8483717205 4507308.380634613
5490 9272 454862.2655733858 4507308.227058232
5612 9272 456078.7090805286 4507308.901124376
5734 9272 457300.6146899461 4507307.757894426
5978 9272 459741.2519408073 4507308.546530474
6100 9272 460961.29759742983 4507308.799518568
6954 9272 469499.33632300247 4507312.062669773
8784 9272 487802.49935922836 4507307.647023276
9272 9272 492679.31329837313 4507309.3886541305
4514 9394 445100.76389119064 4506088.918349806
4636 9394 446318.1072723055 4506088.254609571
4758 9394 447538.23821408977 4506090.958025201
4880 9394 448757.80740533816 4506088.803295735
5368 9394 453639.27607200295 4506088.982301436
5490 9394 454858.9346191166 4506088.510851984
5612 9394 456081.1913506795 4506088.988067061
5856 9394 458519.2440186547 4506091.812493629
5978 9394 459741.24875336105 4506089.366432623
6100 9394 460961.9194679806 4506088.8330188
6222 9394 462181.29555403645 4506089.200391407
6466 9394 464618.0374105873 4506087.263132795
6710 9394 467058.55752072035 4506091.560760731
6954 9394 469501.6187705281 4506087.383285925
8296 9394 482921.5331003699 4506088.306311385
8784 9394 487801.4357984263 4506088.82015466
9028 9394 490242.7050692291 4506087.422117743
9150 9394 491461.4243937322 4506087.29940024
10736 9394 507321.37131449464 4506088.213035881
10858 9394 508539.25451581995 4506088.289204807
4392 9516 443880.86197673593 4504868.252013997
4636 9516 446318.5096453587 4504870.972960984
5490 9516 454861.5345052607 4504868.5413955925
5856 9516 458520.75069085025 4504868.819024653
5978 9516 459741.96289401996 4504868.166040671
6100 9516 460962.4380626889 4504867.710402731
6588 9516 465840.9512997799 4504869.516758598
7198 9516 471942.671427809 4504868.034136318
7808 9516 478041.3606690628 4504872.207701814
8296 9516 482922.08871495293 4504868.387508118
8906 9516 489021.1316014252 4504867.186282872
10736 9516 507321.79487796465 4504867.543198734
3782 9638 437778.6014654033 4503648.279055337
3904 9638 439000.66244637035 4503648.13838011
4026 9638 440217.03595183487 4503644.92447358
4636 9638 446319.00499581714 4503651.707278209
5368 9638 453642.3114531815 4503647.625014848
5490 9638 454858.1549596537 4503651.00617318
6100 9638 460957.33597375505 4503651.43204211
6466 9638 464622.5299094251 4503648.767250528
6588 9638 465841.6267220795 4503650.746071844
6710 9638 467061.0422047399 4503647.669976565
7198 9638 471937.99133966473 4503648.567214023
8906 9638 489021.5711409002 4503647.680943162
3782 9760 437782.002869312 4502431.245313507
3904 9760 438998.35948411596 4502431.43258006
5002 9760 449981.74605783087 4502428.054325672
5490 9760 454861.0308154783 4502428.201422643
6588 9760 465842.5765592908 4502431.131453714
6710 9760 467063.2572434477 4502430.818961397
6954 9760 469500.5523867683 4502429.248686225
7076 9760 470722.7448299948 4502431.053731742
10858 9760 508541.5941322944 4502427.62083818
4880 9882 448759.0428231269 4501208.4138597725
5002 9882 449979.3478550823 4501207.865947433
5124 9882 451198.5796724736 4501208.134970162
5246 9882 452421.5228942633 4501207.717055579
5490 9882 454860.44044180046 4501209.110414805
5612 9882 456081.23879380093 4501211.669450742
6100 9882 460961.6011823029 4501211.770820577
6588 9882 465843.2689450548 4501208.551255001
7076 9882 470719.4375286761 4501207.234404954
7564 9882 475599.0748102426 4501212.171143037
8052 9882 480480.9849340472 4501203.673901874
8418 9882 484141.15776678396 4501206.664520446
8540 9882 485362.1820653957 4501206.16588409
8784 9882 487801.5089929663 4501211.396582706
10614 9882 506102.57500355045 4501207.115952331
10858 9882 508541.9269894148 4501211.06368697
3660 10004 436561.83834325924 4499988.614668583
4880 10004 448757.3864184114 4499991.0562975565
5002 10004 449980.9399134819 4499992.117346142
5124 10004 451201.72488918004 4499987.50951972
5246 10004 452421.0421078887 4499988.489811404
6100 10004 460957.95802234556 4499991.833227136
6710 10004 467061.71954832016 4499988.655824721
6954 10004 469500.9566477373 4499989.126906074
7930 10004 479259.68258359877 4499988.279993684
8052 10004 480481.6928360576 4499988.111290326
8418 10004 484142.00921980664 4499987.098074799
8784 10004 487801.64118538715 4499988.3960685795
9028 10004 490238.8844530366 4499983.065663025
10858 10004 508538.8199647701 4499988.417143949
10980 10004 509757.8402233155 4499984.544996672
4026 10126 440217.919654911 4498768.490035801
4270 10126 442657.926943079 4498767.876773029
4392 10126 443877.36511259165 4498768.886381433
4514 10126 445098.133599855 4498768.603451869
5002 10126 449982.79108271934 4498768.706939776
5124 10126 451202.0682043602 4498768.7926314585
5612 10126 456081.1532075506 4498770.363802704
6222 10126 462182.1688089774 4498768.27852937
6466 10126 464618.90960432397 4498772.084362694
6710 10126 467061.9960246184 4498771.007953318
7808 10126 478042.5590734357 4498768.7617466785
7930 10126 479258.54461124475 4498768.687713962
8052 10126 480478.274920854 4498767.552765621
8906 10126 489019.09744954325 4498768.688060273
10126 10126 501223.3436683308 4498766.22089661
10370 10126 503661.6703046091 4498766.637540317
10492 10126 504882.23493777774 4498767.177081553
10614 10126 506100.9370282727 4498767.682346156
10736 10126 507322.053246417 4498771.309852581
4026 10248 440218.6105215146 4497548.54992196
5124 10248 451197.9965097711 4497547.801383857
5246 10248 452421.4358192373 4497551.097997652
6344 10248 463401.56079722056 4497551.549249381
6832 10248 468280.86181191646 4497551.401627204
6954 10248 469499.07212253084 4497549.38369055
7076 10248 470718.3239479155 4497547.602162541
7686 10248 476821.544567837 4497548.791794557
8174 10248 481701.7206582402 4497548.526599268
8662 10248 486581.12047109846 4497547.285156689
10126 10248 501221.59358149086 4497547.760334974
10370 10248 503663.35336274694 4497547.059065336
10492 10248 504882.0130631553 4497548.052074637
10614 10248 506101.78719727986 4497548.109656038
10736 10248 507321.02099457546 4497547.682197734
10858 10248 508539.0011742387 4497548.030267584
4392 10370 443878.6291779116 4496328.657150781
5002 10370 449982.37141437625 4496328.3318124255
5246 10370 452422.79776974337 4496328.367316235
5856 10370 458520.9289612673 4496329.245566665
5978 10370 459740.47548302944 4496329.276810902
6344 10370 463398.6751240251 4496328.559014203
6466 10370 464619.0655194533 4496327.614658885
7198 10370 471938.6167670181 4496331.767951662
8662 10370 486581.3096373874 4496327.073269733
10126 10370 501222.0203716026 4496327.024733249
10248 10370 502442.8107175061 4496328.308235061
10370 10370 503662.74260324944 4496327.629636323
10492 10370 504882.1524625881 4496326.895199454
10614 10370 506101.8742146123 4496328.901354952
10736 10370 507321.2890789768 4496327.915461917
10858 10370 508542.14647849364 4496327.358350762
3416 10492 434118.4830587557 4495111.529825263
3538 10492 435338.6222189092 4495108.355659916
3904 10492 438999.6046190621 4495106.993109015
4880 10492 448761.682106786 4495107.445342083
5124 10492 451197.5315595924 4495111.124690691
5246 10492 452421.5945889736 4495108.043147606
5856 10492 458521.3150670822 4495111.838833775
6100 10492 460960.7267082099 4495109.4744185675
6222 10492 462181.3377693673 4495108.0684135705
7076 10492 470721.3990209432 4495107.547283336
7808 10492 478039.2165747719 4495108.688815526
9516 10492 495123.7376795403 4495104.743718344
10248 10492 502443.0408282531 4495108.57124026
3416 10614 434118.4563319555 4493888.31245471
3782 10614 437781.9393021241 4493888.103744394
4392 10614 443881.70081298496 4493890.721954826
4514 10614 445098.37069334695 4493889.856734915
5002 10614 449977.51608813717 4493889.043498146
5246 10614 452421.03239587304 4493886.864908471
5368 10614 453638.2800481855 4493888.111433717
5490 10614 454857.878982585 4493892.724248269
5978 10614 459741.6199172076 4493887.969429029
6222 10614 462178.6460458687 4493889.607617138
6588 10614 465842.3167695515 4493887.745827233
8174 10614 481697.9652020476 4493886.712474917
8540 10614 485358.06638982636 4493886.706786029
9882 10614 498782.70687484776 4493884.856249875
10004 10614 499999.03656942985 4493886.496797368
10370 10614 503662.06170311046 4493887.530044041
4392 10736 443881.77206886606 4492668.4410834145
4636 10736 446317.52858899016 4492666.411700739
5002 10736 449982.1992792728 4492668.323768863
5246 10736 452417.9841056502 4492671.587129276
5490 10736 454859.14324851637 4492668.436291111
5612 10736 456081.95079939073 4492667.808879649
5734 10736 457298.8039342042 4492668.482936935
6100 10736 460961.8398995425 4492666.728711286
6222 10736 462182.19721071277 4492668.266914142
6344 10736 463399.14348138974 4492669.636012855
6588 10736 465841.55705929996 4492671.822497694
7442 10736 474383.2533922488 4492667.3659420535
7564 10736 475601.271077857 4492667.534459233
8540 10736 485361.0927663096 4492664.343481677
8662 10736 486581.44101044495 4492667.806125757
9272 10736 492683.2202050035 4492664.420577388
9760 10736 497561.7049817076 4492668.192859546
9882 10736 498783.21188383334 4492669.204299276
4392 10858 443878.85430356476 4491449.258893867
4880 10858 448758.01864278753 4491448.819546775
5124 10858 451201.6545051405 4491447.654902932
5856 10858 458518.32576027175 4491448.975472928
6466 10858 464619.62626948714 4491444.98139687
6832 10858 468283.0406388837 4491444.328907734
6954 10858 469500.50803769566 4491448.365651913
7198 10858 471941.5374770664 4491447.379885641
8052 10858 480480.5309439901 4491447.6805133745
8174 10858 481701.64899108803 4491449.118499849
8418 10858 484138.6309149869 4491448.683378689
9150 10858 491462.56416175107 4491443.872439021
9516 10858 495121.9536694028 4491450.657182973
10248 10858 502441.2410398911 4491451.06413307
10858 10858 508542.3589159101 4491449.314551294
