5490 4758 354896.6550268808 5152443.940402232
5124 5002 351235.73189124576 5150003.204852415
6100 5002 360997.43952941935 5150004.1629920695
5124 5124 351235.7939716613 5148782.173822089
4636 5490 346356.60775390686 5145123.06988339
4758 5612 347576.4390200892 5143904.143989709
5856 5612 358556.6008515516 5143902.573766403
5368 5734 353681.26687683427 5142682.333039198
5612 5734 356118.2366550703 5142678.748132283
6710 5856 367098.1705999618 5141462.166027339
6344 5978 363437.83253503486 5140243.459852191
6588 5978 365875.7199595245 5140243.576611154
5246 6222 352456.94502581225 5137803.764872907
6954 6222 369538.0112729748 5137802.657004329
2806 6588 328056.36284090916 5134144.015524776
4514 6588 345136.8866458581 5134142.812941188
4636 6710 346356.7550830833 5132922.4938227665
4758 6710 347577.1018558265 5132924.878687211
5246 6710 352457.0300254801 5132920.440513787
5124 6832 351240.7672967083 5131702.1437603
5368 6832 353676.57815024117 5131702.638569704
2928 6954 329277.41579469055 5130483.260645447
5002 6954 350017.695159546 5130484.258369584
2684 7198 326836.01373213326 5128044.254426768
5246 7198 352456.4976956239 5128044.265602963
5490 7198 354901.9258656813 5128043.226118952
5612 7198 356117.4243403816 5128044.723320244
6222 7198 362216.70600553433 5128043.497406033
2440 7320 324397.4824348671 5126822.915268551
4392 7320 343917.854601423 5126823.997350424
5490 7320 354896.58679342637 5126823.656912019
5612 7320 356117.2072496344 5126823.614248751
6344 7320 363436.96620707633 5126824.273663278
6832 7320 368316.2961500108 5126823.423844064
7076 7320 370755.9543123604 5126820.764438302
7564 7320 375638.4573228722 5126822.564883506
3172 7442 331715.99821554264 5125603.605378725
3294 7442 332936.5686551761 5125603.138367854
4758 7442 347577.8075899297 5125604.113791451
4880 7442 348796.2757076424 5125603.7295790315
5734 7442 357336.64938177506 5125601.722382034
5978 7442 359776.42577224167 5125601.8043232495
6100 7442 360996.9379414731 5125604.785034715
6466 7442 364656.21461877134 5125603.9882896235
7076 7442 370756.33535921114 5125604.563680388
7442 7442 374417.75419632 5125601.174878048
3660 7564 336595.7270320094 5124384.583693458
4880 7564 348798.44436126563 5124382.094162079
5246 7564 352457.4646188967 5124381.943009817
4514 7686 345136.21197282086 5123164.563490698
4636 7686 346356.0042029911 5123164.5002385145
5246 7686 352458.48029020044 5123164.923185577
5368 7686 353681.38149257563 5123162.49859615
5490 7686 354898.2006275108 5123163.928649364
3050 7808 330496.78390621353 5121943.86621942
3172 7808 331717.6782568243 5121937.552192246
3416 7808 334157.0083392633 5121943.503297687
4148 7808 341477.6018349878 5121942.286329938
4270 7808 342696.73689391476 5121944.429485066
4636 7808 346358.2138218734 5121942.992078623
4758 7808 347576.3723943941 5121942.411163291
5002 7808 350016.1999770121 5121938.761392245
5612 7808 356116.6660154712 5121937.282854501
5856 7808 358557.88897873374 5121946.70729356
2318 7930 323175.69013879064 5120724.770609098
3172 7930 331717.7613607703 5120723.888560762
3294 7930 332937.8703457987 5120723.518997463
3416 7930 334157.6988791854 5120724.533975269
3538 7930 335376.26892312884 5120724.284246234
3660 7930 336597.029138406 5120723.697374522
4514 7930 345136.7153462883 5120724.683330078
5002 7930 350020.85796988313 5120723.1907084305
6588 7930 365877.20657464955 5120722.31421442
3050 8052 330497.3815211359 5119507.429343809
3294 8052 332936.67498162395 5119503.996665758
3538 8052 335377.053841215 5119502.911371443
4392 8052 343915.98266356066 5119501.876495656
5368 8052 353675.4013476276 5119504.902017394
6222 8052 362215.891120385 5119504.301973691
6588 8052 365877.90039338503 5119503.363931873
3416 8174 334155.0043462187 5118284.9735481115
3538 8174 335377.8417024393 5118285.688947849
5246 8174 352457.32177884923 5118282.397798688
5490 8174 354897.44801112823 5118283.922677401
5978 8174 359778.55330075155 5118280.672367785
7320 8174 373197.5145854743 5118275.197873708
2196 8296 321956.83310305997 5117063.624207147
3050 8296 330497.19362643914 5117062.019191901
5246 8296 352459.3315030851 5117062.850877136
5856 8296 358557.0400422344 5117062.809810681
6344 8296 363437.33388148714 5117063.192711963
6588 8296 365875.7615033604 5117064.143094342
1708 8418 317076.85158041236 5115843.4739966
1830 8418 318296.7470365719 5115843.957253078
2684 8418 326836.3214810198 5115837.409148737
2928 8418 329277.149535513 5115837.536550907
3050 8418 330497.6419201426 5115841.927385671
3538 8418 335377.0562716544 5115841.227799911
4392 8418 343915.34405549645 5115844.838064528
4514 8418 345138.2490209975 5115838.798262482
4636 8418 346356.79263905645 5115837.379135371
5002 8418 350015.26516712276 5115844.031986676
5978 8418 359777.4234728667 5115844.377114583
6344 8418 363438.27823108673 5115837.778100735
7442 8418 374415.9373372001 5115843.108983341
8784 8418 387836.68504111783 5115838.137343403
2196 8540 321961.80301754316 5114624.380116111
2318 8540 323176.8586134978 5114624.923014331
2684 8540 326838.2918008589 5114623.0269578695
5856 8540 358557.16736965673 5114622.458177862
6100 8540 360997.60422965366 5114624.87511492
2562 8662 325618.198120853 5113406.087013545
2684 8662 326838.3795448029 5113400.886836064
3050 8662 330497.1893801604 5113402.840458034
3294 8662 332937.20907908183 5113402.19884325
3416 8662 334157.3715954472 5113402.249551549
5124 8662 351237.41708033264 5113398.007535848
6222 8662 362215.7799128161 5113403.958876887
6466 8662 364657.0405843557 5113404.087752536
7076 8662 370757.35495692183 5113403.381241427
1586 8784 315856.7377425266 5112183.433134036
2074 8784 320737.53339570476 5112182.323438001
2196 8784 321956.74387296446 5112186.755518756
2440 8784 324396.390801928 5112183.629967658
2562 8784 325622.56551207206 5112184.208822823
3172 8784 331717.29658764275 5112181.950811113
8052 8784 380515.1517938316 5112179.058538476
1342 8906 313417.00465394976 5110962.643202698
1464 8906 314639.12851465127 5110962.535436406
1952 8906 319522.51722779404 5110963.957515881
2196 8906 321957.02784650924 5110963.1655350765
2440 8906 324398.0403602098 5110957.734403933
2684 8906 326836.61424870085 5110962.666433587
2806 8906 328057.9412666705 5110960.940897044
2928 8906 329278.5911694371 5110958.305936232
3172 8906 331716.95797367766 5110963.26003942
6466 8906 364657.1195876864 5110963.980156229
1464 9028 314637.0196027141 5109745.823595986
1830 9028 318299.3544621702 5109743.382116433
2074 9028 320737.98473298515 5109743.148338328
2196 9028 321956.86112946534 5109743.160321684
2440 9028 324397.2508487954 5109742.5487309955
2806 9028 328058.35627461754 5109743.330345921
2928 9028 329277.259005292 5109738.202427758
3050 9028 330497.0558069647 5109743.444626842
6588 9028 365877.43227537285 5109742.003543408
1098 9150 310976.6437381774 5108524.464958248
1220 9150 312197.59096487676 5108524.956058519
1586 9150 315858.62987267197 5108518.470618864
1708 9150 317077.1340322171 5108517.875012885
2196 9150 321956.2093009411 5108523.515457875
2318 9150 323176.54169300053 5108523.479159114
1342 9272 313416.1787400112 5107303.813635588
1952 9272 319517.0492180094 5107302.749587302
2074 9272 320735.8774079176 5107303.424345447
2196 9272 321956.3141528702 5107304.420710143
2318 9272 323176.7335144272 5107297.844078624
1342 9394 313415.2448741325 5106078.732665158
2074 9394 320736.650289195 5106076.980638738
2318 9394 323177.1303636494 5106081.098381463
854 9516 308537.1117121799 5104863.035578338
2318 9516 323175.25151789334 5104864.892357856
2440 9516 324398.56539718766 5104862.372934057
976 9638 309757.962435708 5103641.170468135
1220 9638 312196.060839555 5103644.315397093
732 9760 307316.35342292086 5102423.1196077345
976 9760 309757.04556749004 5102426.834446934
1586 9760 315862.053177338 5102423.358366308
488 9882 304877.5514598422 5101203.2452421645
1586 9882 315858.2342432393 5101197.484581427
488 10004 304876.1379733432 5099983.8484921325
854 10004 308536.87051369215 5099983.69484802
976 10004 309757.14074026013 5099984.255925443
1220 10004 312195.4082384152 5099984.146492567
