3538 61 770715.1988430495 5098778.756840447
3904 61 778035.65761152 5098783.274659184
3660 122 773158.2492390588 5097557.225302744
3721 122 774375.4053819156 5097557.172686055
3904 122 778033.8752932035 5097560.472476763
3965 122 779253.8696580047 5097559.66905955
3477 183 769495.8696852039 5096339.264032154
3599 183 771935.4852219884 5096339.683164019
3660 183 773155.9677804351 5096339.484012919
3721 183 774375.2820376446 5096338.44953372
3782 183 775598.5792890319 5096339.264416968
4087 183 781695.7738202679 5096338.370018722
4148 183 782916.4366409604 5096337.769683804
3477 244 769495.7954657009 5095118.992868611
3599 244 771936.6255740285 5095116.393726136
3965 244 779255.2297063762 5095117.1796518965
4026 244 780473.9783731784 5095118.929259307
3782 305 775595.5645788675 5093899.2092767395
3843 305 776815.8562834272 5093901.448653068
4026 305 780475.0855184451 5093900.7491962565
4148 305 782916.0503237428 5093896.55960762
4209 305 784135.0292980142 5093897.213687464
3477 366 769495.2667649697 5092679.547315814
3599 366 771936.3028154762 5092678.719698103
3721 366 774378.3327096644 5092681.88811578
3782 366 775596.195055236 5092678.78006911
4148 366 782917.5532448009 5092678.4332258655
3538 427 770716.5163428776 5091461.12544161
3660 427 773156.9572046212 5091459.060474424
3843 427 776813.8446580073 5091459.2299382845
3904 427 778035.2063841246 5091461.100953802
4087 427 781694.6675394959 5091461.305596075
3782 488 775597.2388971096 5090242.43445973
3965 488 779255.0533176232 5090236.224251162
3477 549 769496.3522546389 5089019.17875529
3538 549 770716.4764317275 5089019.557298564
3721 549 774376.7410972774 5089018.11398717
3782 549 775593.2177558834 5089019.209976477
3965 549 779256.673071313 5089024.605308929
4148 549 782915.0258665456 5089020.77569778
4331 549 786576.5464708211 5089021.650729227
4514 549 790232.6277235278 5089019.654679474
3538 610 770716.6168904919 5087800.737302696
3599 610 771935.9871116637 5087801.718735766
3721 610 774376.1674280688 5087800.820644443
4026 610 780475.2207715845 5087801.22255037
4148 610 782913.0715932511 5087797.9027569005
4331 610 786577.8601605918 5087802.624478168
3660 671 773155.0445295763 5086580.769255139
3843 671 776813.9079296944 5086578.543644845
3904 671 778035.3608439607 5086581.626035347
4209 671 784135.236288184 5086583.000073905
4270 671 785355.2013260351 5086577.65166383
3599 732 771939.7583025105 5085361.105658604
4087 732 781697.6430370966 5085359.587767692
4270 732 785355.6260958653 5085358.5955933845
3416 793 768275.3214237381 5084139.240122942
4209 793 784135.2313731931 5084141.821932681
4575 793 791453.2823135671 5084141.245005897
3355 854 767055.4019190547 5082917.667277684
4514 854 790236.0526387007 5082917.165751381
3355 915 767056.2401863683 5081701.025847354
3538 915 770715.1913250372 5081698.902404524
4148 915 782915.2707869541 5081702.033273223
4453 915 789015.1771673136 5081697.912236452
4514 915 790235.2266973795 5081697.54285757
3355 976 767055.8017112094 5080478.51158951
3782 976 775595.1095734413 5080478.8772677975
3843 976 776817.768627828 5080481.352122488
3965 976 779256.6070645276 5080477.575483533
4270 976 785355.0485961179 5080477.2367308205
4392 976 787795.11934851 5080479.077986476
3355 1037 767055.2977869789 5079258.856459401
3965 1037 779257.5823851594 5079262.526265392
4087 1037 781695.4034368175 5079262.750114641
4453 1037 789013.5226320373 5079261.4970814865
4636 1037 792679.2637817367 5079260.831048042
3355 1098 767055.6426789616 5078038.866797707
3416 1098 768276.2207154852 5078038.150585439
3477 1098 769496.1866754906 5078038.403606295
3538 1098 770716.5471018394 5078040.460650853
3965 1098 779256.6997646877 5078037.583590238
4026 1098 780475.5552424869 5078042.361964437
4087 1098 781696.9651935488 5078041.724775117
4331 1098 786573.4402973325 5078041.135163722
4514 1098 790233.7056620131 5078041.6208147025
3477 1159 769496.3740765958 5076819.584126993
3538 1159 770717.1698578647 5076818.664851097
3599 1159 771936.0594174438 5076821.091900136
3660 1159 773155.0890048156 5076818.855972705
3965 1159 779253.9872780483 5076819.038376878
4209 1159 784134.3598105775 5076818.73276507
4270 1159 785352.7330886449 5076818.41917814
4331 1159 786572.9668608921 5076821.070578192
3294 1220 765835.8623844378 5075599.21259236
3477 1220 769496.0450650485 5075601.170161578
3599 1220 771937.6732231342 5075602.944290043
3660 1220 773155.739456919 5075602.886742959
3721 1220 774372.6964412441 5075598.056609079
4209 1220 784133.8630944621 5075599.09852711
4575 1220 791455.5774565269 5075601.469450647
3355 1281 767057.4342691225 5074376.447200434
3416 1281 768275.3701772982 5074379.5620655585
3477 1281 769495.9225530514 5074380.882774709
3538 1281 770715.890572004 5074379.802897071
3843 1281 776812.6639080102 5074378.754255492
4087 1281 781697.3132968692 5074377.618080559
4148 1281 782915.5498571106 5074382.102132373
4331 1281 786575.5572861461 5074378.057096792
4392 1281 787795.6874336876 5074384.239419248
4514 1281 790235.2591115091 5074377.814171234
4575 1281 791459.7964469434 5074380.177064125
3538 1342 770715.8289076122 5073159.5267782025
3660 1342 773155.360297898 5073158.623072073
3721 1342 774373.8779448223 5073158.425120535
3782 1342 775595.0562554463 5073158.414308458
3843 1342 776815.093662099 5073161.887208151
4453 1342 789015.2723864266 5073162.588662024
4697 1342 793894.4016496593 5073161.672931541
3233 1403 764615.5921681449 5071938.377314164
3294 1403 765835.6592437403 5071938.520169777
3355 1403 767055.9218211084 5071940.336126503
3416 1403 768275.3454071082 5071939.521727526
3538 1403 770716.7231043503 5071937.759555991
3599 1403 771935.3113815843 5071938.490283947
4209 1403 784136.854976288 5071936.582625526
3294 1464 765836.1737824237 5070719.37324161
3355 1464 767055.8857549219 5070718.72585126
3416 1464 768276.0350967282 5070720.7383764
3477 1464 769496.726826308 5070719.668737221
3599 1464 771933.4247540535 5070720.694131127
3782 1464 775593.3154197612 5070718.952244872
4331 1464 786576.2536475053 5070717.739802834
4392 1464 787799.5191124731 5070719.724511878
4453 1464 789013.8069378552 5070720.966596455
3294 1525 765836.056651464 5069497.757064327
3477 1525 769496.6889339207 5069498.5662879925
3538 1525 770713.2946209328 5069501.107664128
3660 1525 773153.609355687 5069502.790806717
3843 1525 776816.9838072858 5069498.153201815
3904 1525 778033.243641631 5069501.1619411595
4026 1525 780474.499085852 5069500.1984666465
4331 1525 786576.3026201193 5069497.813789635
4453 1525 789014.7892647414 5069502.002888906
3660 1586 773155.5707594238 5068282.079662418
4087 1586 781695.575740814 5068282.260982258
4270 1586 785355.080040904 5068281.893119146
4392 1586 787797.659472392 5068277.317988242
3355 1647 767056.6420380771 5067059.544676802
3660 1647 773155.5543506914 5067058.270569665
4209 1708 784133.5923433737 5065841.283856937
4270 1708 785355.7959054508 5065840.317034591
4331 1708 786575.8753779011 5065838.29966315
3355 1830 767056.6746724611 5063400.063344386
4270 1830 785357.0344446539 5063397.84033234
4331 1830 786576.1979105172 5063402.679486167
4636 1830 792676.9594639038 5063397.661090235
4819 1830 796335.2540961073 5063401.375799227
4880 1830 797556.1067011332 5063398.251248902
4758 1891 795118.3958319667 5062178.082401871
4819 1891 796337.5474530712 5062182.217466255
4880 1891 797557.5458194102 5062177.208933195
3172 1952 763396.0429694332 5060959.255450646
3233 1952 764618.1353683172 5060962.208958212
3294 1952 765834.6366790255 5060958.605596607
3355 1952 767055.3563965274 5060958.763831008
3416 1952 768276.5469638176 5060959.152567984
4270 1952 785361.7607802673 5060962.380147213
4819 1952 796338.5902838092 5060959.564001571
3233 2013 764619.8917037674 5059740.200611222
3294 2013 765835.6299974233 5059738.92676051
3355 2013 767056.1139453388 5059741.57479588
3416 2013 768278.0187154666 5059740.098870069
4880 2013 797555.1235424519 5059740.794649192
4941 2013 798779.1457778147 5059741.129389676
3233 2074 764616.0996046888 5058522.439872465
3355 2074 767055.8775144874 5058521.021291769
3172 2135 763394.8151463185 5057301.790287881
3233 2135 764616.3674077871 5057298.584524591
3416 2135 768273.2384197963 5057299.540207908
3477 2135 769493.7014413612 5057299.642105027
3538 2135 770712.9301211447 5057300.887877085
3599 2135 771935.3188671385 5057298.5382893635
4941 2135 798775.8850739951 5057300.7644031765
5002 2135 799995.1073344868 5057301.718176141
5063 2135 801218.5467585408 5057301.0676287785
5124 2135 802437.291105501 5057301.918056136
3538 2196 770719.6119753504 5056080.609341624
3599 2196 771935.4826621764 5056083.937234339
4697 2196 793896.8772070522 5056077.352970804
4758 2196 795121.1842871506 5056083.359401526
5002 2196 799999.1112314172 5056080.8076054
3355 2257 767057.256612393 5054862.391165806
3416 2257 768273.0906744255 5054860.76813294
3599 2257 771935.9801721217 5054859.335693852
3660 2257 773154.2361421674 5054858.339348628
4514 2257 790235.9263498362 5054857.659577523
5002 2257 799997.7261424311 5054857.984574986
3050 2318 760956.1471511506 5053642.163530886
3111 2318 762177.4803434388 5053642.354950488
3172 2318 763395.7188762133 5053640.572670296
3233 2318 764618.108504159 5053641.214486745
3599 2318 771936.0769492358 5053642.331493995
3660 2318 773155.2785063805 5053642.049872488
4880 2318 797556.1975616678 5053638.327753733
3660 2379 773157.5450853931 5052420.450869775
4697 2379 793895.1394819625 5052418.971275828
3050 2440 760955.1922819642 5051202.053980171
3111 2440 762175.5114520481 5051199.306911232
3172 2440 763397.4392994575 5051200.319861779
3294 2440 765837.2402388102 5051197.538370138
3477 2440 769495.0949883776 5051201.1711648125
4697 2440 793897.0475318203 5051196.687859626
3172 2501 763395.588906358 5049975.8227577405
3355 2501 767056.0360440256 5049982.0832458995
3416 2501 768277.6279012836 5049982.388262862
3599 2501 771938.1638535047 5049981.326642868
3050 2562 760955.5678329009 5048761.354335504
3111 2562 762176.8093146208 5048762.560004235
3233 2562 764618.3399061102 5048761.924361993
3111 2623 762178.2188934926 5047537.966410739
3233 2623 764619.0272957939 5047538.311897726
3294 2623 765836.8551939277 5047537.366552564
2989 2684 759735.3003216152 5046322.0519661745
3111 2684 762176.547830679 5046321.200429837
3233 2684 764616.8531663493 5046321.274790456
3294 2684 765836.9115652652 5046317.2122501675
3355 2684 767057.9458080344 5046322.106444177
3416 2684 768278.2568411928 5046321.696234608
2989 2806 759735.7300490107 5043879.202988856
