1830 0 436561.0634734385 4499999.538426672
2257 0 445100.84722401627 4499999.670615093
2501 0 449981.57985283644 4499999.112632224
2562 0 451202.0982103428 4499998.2878083
2989 0 459740.69586560474 4500000.586834287
3355 0 467061.08671036595 4499998.624464834
3416 0 468281.55278282816 4500000.380981541
4270 0 485361.2904494715 4499998.753326966
5307 0 506102.0578214171 4500001.769515392
1769 61 435342.5534195032 4498780.472754972
1952 61 439002.4286758101 4498778.680055617
2135 61 442662.65075818443 4498778.419511067
2501 61 449981.8746875821 4498779.080941394
2623 61 452421.8523866716 4498778.990465024
2745 61 454861.1608542299 4498780.8874395015
2989 61 459741.1874008086 4498779.152735274
3050 61 460961.8282140958 4498779.230787049
3172 61 463401.8098257043 4498778.762675705
3477 61 469501.1139169484 4498779.104236244
3599 61 471941.8202408356 4498778.387848931
3660 61 473162.20011825196 4498781.38234416
4087 61 481702.04634474125 4498778.437880277
4209 61 484142.3887259762 4498778.647485401
4270 61 485362.3532736009 4498778.754811178
4331 61 486582.46111756394 4498778.788957873
4941 61 498781.45461813034 4498780.884564026
5002 61 500001.85891896754 4498778.647887745
5063 61 501221.3308351782 4498778.523542248
5124 61 502441.16598756606 4498778.644783477
5307 61 506101.3645281502 4498781.500891331
1769 122 435341.36145560764 4497561.064393843
1830 122 436561.1053935666 4497561.051937263
1952 122 439001.00564593927 4497561.005547991
2135 122 442661.80222936673 4497561.680425553
2196 122 443881.66045832384 4497561.488190547
2440 122 448761.3423304387 4497560.933025234
2501 122 449980.954929654 4497561.008774747
2562 122 451200.8751841187 4497560.597367428
2623 122 452421.19187363813 4497559.702571938
2684 122 453642.2549150459 4497559.436818868
2928 122 458521.55305509246 4497560.809181693
3050 122 460961.1157672908 4497559.957770015
3111 122 462181.11242364533 4497558.64368949
3233 122 464620.93816321954 4497559.076675147
3294 122 465841.42658404395 4497560.3530872995
3355 122 467061.0299770668 4497559.732603061
3416 122 468281.02204440266 4497559.611685402
3599 122 471940.9499550903 4497558.973953608
3782 122 475602.31616061256 4497559.085367612
3843 122 476822.75416420103 4497559.243161029
3904 122 478041.99936676415 4497559.122579432
3965 122 479261.3703668824 4497559.237131748
4087 122 481700.938027671 4497560.386505553
4148 122 482921.6893997083 4497558.8311274005
4209 122 484141.87234524876 4497558.994550743
4636 122 492682.69675519713 4497560.84817931
4880 122 497562.85555172653 4497560.884791532
2135 183 442662.9797880453 4496338.315551133
2196 183 443881.3136833357 4496339.13765405
2562 183 451201.23416616954 4496340.930768574
3111 183 462182.29705475114 4496338.951993042
3172 183 463402.296059018 4496339.507120138
3233 183 464622.7043824133 4496338.549515406
3355 183 467062.29439815483 4496338.858462485
3477 183 469502.4365991001 4496338.7434034515
3660 183 473161.715659341 4496339.462994888
3721 183 474381.49666408665 4496341.033599457
3782 183 475601.63545863103 4496339.05889122
3965 183 479262.017169553 4496339.119807158
4026 183 480481.9834309605 4496339.3108223565
4270 183 485361.07557252597 4496340.642626866
4392 183 487802.0901887278 4496341.198430521
4575 183 491461.8645422437 4496339.718847949
4819 183 496342.79821280716 4496339.450734707
4880 183 497561.2893143108 4496339.36753766
5063 183 501221.3637599877 4496339.387467954
5124 183 502440.9011280357 4496339.340741662
5185 183 503660.8775246626 4496339.296130408
5246 183 504881.145465337 4496338.880348524
5307 183 506101.546608398 4496338.667980907
5368 183 507321.64192253305 4496339.108847021
5429 183 508542.27087666624 4496339.144988705
1830 244 436561.25366607466 4495121.580595196
2806 244 456082.7031389036 4495118.645158772
2867 244 457302.88708764967 4495118.415620307
3172 244 463401.03700752556 4495118.944954044
3233 244 464621.0727911342 4495119.092448132
3294 244 465841.1734339141 4495120.716984776
3355 244 467060.5613936431 4495120.559647297
3416 244 468281.24265633314 4495120.761265379
3599 244 471941.47806834884 4495120.779781611
3721 244 474381.31294837245 4495119.419842984
3782 244 475602.2549384831 4495119.366565322
3965 244 479262.5769352174 4495118.74562644
4270 244 485362.63201995246 4495121.496282373
4331 244 486581.51552735973 4495120.559295245
4392 244 487801.04024892615 4495120.472670515
4453 244 489020.77052567626 4495120.410816621
4514 244 490242.5203626023 4495120.330051427
4575 244 491461.136907311 4495120.71951398
4880 244 497562.10310180404 4495119.280151667
5063 244 501222.2803006127 4495119.276815186
5124 244 502441.99374158436 4495120.74116837
5185 244 503661.70623854833 4495120.695966685
5246 244 504880.9051712997 4495119.696884483
5368 244 507320.6329168734 4495119.687379158
5429 244 508541.0212896203 4495119.447638845
1769 305 435342.00889256864 4493898.724582296
2196 305 443881.7698869236 4493898.949580552
2257 305 445101.7658219142 4493898.630489892
2684 305 453641.5419959784 4493898.259654046
2989 305 459741.6906012628 4493901.48061092
3111 305 462181.59141931095 4493898.795350079
3233 305 464621.46240073803 4493898.932358348
3477 305 469501.6980715673 4493898.473311196
3599 305 471941.93905371934 4493898.853301153
3782 305 475601.7512049126 4493900.469208181
3843 305 476821.0475040951 4493898.745305446
4026 305 480481.1372999996 4493900.504262188
4148 305 482921.37382672785 4493900.978002385
4209 305 484142.1311385594 4493898.962833637
4697 305 493901.61951828655 4493901.057686702
4758 305 495121.26823306753 4493900.971088179
4819 305 496341.5437789465 4493901.048658818
4941 305 498782.2590031595 4493901.43209458
5063 305 501222.5356756874 4493901.159266176
5124 305 502442.49094884476 4493901.01270592
5185 305 503662.3317463749 4493900.525948052
5246 305 504881.88901170617 4493900.802185608
5307 305 506102.0458249744 4493900.504019389
5368 305 507321.64504715457 4493900.665676944
5429 305 508541.44533749844 4493900.381981561
1708 366 434120.9040045767 4492680.232026818
1769 366 435341.2245870815 4492680.143139671
2196 366 443881.5548048442 4492679.233729024
2379 366 447542.2378485232 4492678.973012233
2501 366 449982.1000051406 4492681.615777854
2928 366 458521.9477388404 4492678.238219479
3111 366 462181.89545738715 4492678.333358332
5002 366 500000.330275929 4492680.140883178
5368 366 507321.60673851887 4492681.672606518
2318 427 446320.74091386073 4491460.537682875
2379 427 447541.80886346387 4491459.5100998795
2928 427 458520.9086497754 4491459.79504733
3111 427 462182.0628877451 4491458.749791419
3172 427 463402.16655766184 4491459.155305987
3233 427 464622.0694166438 4491459.022275231
3355 427 467061.0564937792 4491458.8914774805
3660 427 473162.1869584631 4491458.668596249
3904 427 478041.86114785564 4491461.422892361
4026 427 480481.5154389915 4491458.643976949
4087 427 481701.0518770094 4491458.865799805
4270 427 485361.08057916234 4491458.941262243
4697 427 493901.3773733706 4491461.611796432
4819 427 496341.2051704228 4491461.263905189
4941 427 498781.20821403083 4491461.491517741
5063 427 501221.8110718007 4491461.784039477
5246 427 504882.51935574104 4491461.773568662
2440 488 448761.4149710819 4490241.19463217
2562 488 451202.09521400905 4490238.912180599
2867 488 457300.4643088413 4490240.998161791
2928 488 458521.2620809549 4490240.644805191
2989 488 459741.5957771725 4490241.185222865
3050 488 460961.7099923232 4490240.275204815
3233 488 464621.4156727347 4490239.545983369
3355 488 467061.0339300013 4490239.545636274
3477 488 469500.76414347976 4490239.498831528
3538 488 470720.69988791324 4490239.347612168
3599 488 471941.11384919455 4490239.0718364315
3660 488 473161.4391028318 4490239.036879895
3721 488 474381.4258362669 4490238.694326541
3782 488 475602.2297598489 4490238.440849775
4026 488 480481.60109901795 4490238.629851035
4331 488 486581.5871670332 4490240.097416394
4392 488 487800.78412792104 4490240.382157912
4575 488 491461.3240571583 4490239.54281807
4819 488 496341.6265171647 4490240.962943047
4880 488 497561.19353558513 4490239.359258141
5124 488 502441.5175626132 4490238.746134516
5246 488 504880.7586513402 4490239.032564854
5307 488 506101.12524071516 4490238.622931551
5368 488 507322.08230356826 4490240.797072805
2501 549 449981.07870880765 4489021.521778041
2562 549 451201.28707630606 4489021.473415649
2684 549 453641.7891868314 4489018.364760906
2745 549 454862.28127446416 4489021.5560766235
2928 549 458521.41981050646 4489021.5694806725
2989 549 459741.900943826 4489020.710231002
3050 549 460961.13392994175 4489019.611863541
3111 549 462181.21543312137 4489019.297472148
3172 549 463401.329488055 4489020.260833703
3294 549 465840.63795628515 4489019.781502026
3355 549 467061.22319281165 4489019.683421075
3416 549 468280.9343102225 4489019.40482702
3660 549 473161.1439315479 4489019.762609655
3721 549 474381.31279449014 4489019.65276551
3843 549 476821.91749037313 4489019.354401008
3965 549 479262.62010035524 4489019.383274528
4026 549 480482.38431538554 4489019.373302313
4087 549 481702.20429829933 4489019.601494916
4209 549 484140.6569070524 4489019.102869917
4270 549 485361.1486129027 4489020.672742758
4392 549 487801.7307626733 4489020.4367981255
4514 549 490241.4844005179 4489021.126602186
4636 549 492680.93213451287 4489019.596863222
4697 549 493901.3672678847 4489020.26109819
4758 549 495121.743988055 4489020.411900186
4819 549 496342.3052532691 4489019.166812381
4880 549 497562.64971186966 4489020.625960789
4941 549 498782.0764055184 4489020.94687644
5002 549 500001.49901460006 4489020.329742539
5063 549 501221.1614626257 4489019.812954437
5185 549 503661.2452500422 4489019.220914761
5246 549 504881.70746598084 4489019.209567375
5307 549 506101.656977796 4489019.601288273
5429 549 508542.0367530113 4489019.278722412
2379 610 447540.57281530404 4487799.434973753
2562 610 451201.0418936158 4487801.339085041
3233 610 464621.9055392625 4487801.456294267
3294 610 465842.9228520356 4487801.188420224
3477 610 469502.4119701377 4487798.7709206985
3721 610 474382.5791870133 4487798.4881838085
3782 610 475602.1799367654 4487798.741070116
3843 610 476822.2601830985 4487798.877959478
4026 610 480482.57300219155 4487798.468081377
4148 610 482922.5011731714 4487798.450805031
4270 610 485362.4707955619 4487798.842431258
4331 610 486582.42502744007 4487798.668017236
4453 610 489021.95904127514 4487799.171057327
4514 610 490241.73951411905 4487801.424679725
4636 610 492681.3279573012 4487800.9556193175
4697 610 493901.47885402734 4487801.140507712
4758 610 495121.57386754407 4487800.913038892
4941 610 498782.1494240711 4487798.829627897
5002 610 500002.54677749 4487799.005526183
5185 610 503662.1141958183 4487799.214236107
5246 610 504881.84402773844 4487800.867777566
5307 610 506101.6038793767 4487799.341787219
5368 610 507321.97604790726 4487799.788603266
5429 610 508542.191141996 4487799.290874767
2257 671 445101.3035521079 4486579.59716026
2379 671 447541.6719843651 4486580.699290571
2562 671 451201.86448410223 4486579.228435615
2867 671 457301.3821477164 4486578.934518489
2928 671 458522.8402811451 4486581.544550368
2989 671 459742.3438759924 4486578.450655504
3538 671 470721.29983529757 4486581.7136517735
3599 671 471941.62471740507 4486581.471680649
4270 671 485361.22860322497 4486581.4630505955
4392 671 487801.2858188 4486581.402999963
4453 671 489021.9364223066 4486581.705071364
4697 671 493902.5436261387 4486581.701775418
4819 671 496342.109034619 4486578.843642589
5429 671 508541.50436743576 4486581.060354303
2257 732 445102.1768817129 4485360.50852487
2623 732 452421.15392308024 4485359.820988512
2684 732 453640.8706833608 4485360.113508092
2745 732 454861.05936765263 4485360.305601034
2806 732 456081.42226927733 4485360.540030311
2867 732 457301.42661618185 4485360.8561148215
2989 732 459740.35284328193 4485359.791536825
3233 732 464621.2015794994 4485361.143601035
3538 732 470721.3723385904 4485358.462413559
3721 732 474381.2646130836 4485358.564885495
3965 732 479260.8966315933 4485358.753066414
4026 732 480481.4591248643 4485358.58785845
4209 732 484142.1663441326 4485358.591687418
4331 732 486581.98926579504 4485358.891478537
4575 732 491461.4668282115 4485358.69837864
4697 732 493901.3322491468 4485358.604651767
4758 732 495121.4805243855 4485358.578262237
4819 732 496341.0777752251 4485361.586328948
4880 732 497561.6779964767 4485362.258210262
2562 793 451201.7314419719 4484140.978209932
2989 793 459741.12562747044 4484138.786256934
3355 793 467060.7675366091 4484138.923790951
3477 793 469501.0776431109 4484138.858716414
3538 793 470721.63293853117 4484138.559802637
3599 793 471941.6525629745 4484138.470635736
3660 793 473161.64028362976 4484139.226746982
3721 793 474381.5072801424 4484138.419442726
3782 793 475601.96054259466 4484138.570128782
3843 793 476822.15321532165 4484138.909603143
3904 793 478042.32343029743 4484138.41337045
3965 793 479262.72352269595 4484138.639250777
4026 793 480480.0798285177 4484140.129033176
4087 793 481701.8501584484 4484138.548606315
4209 793 484141.33807607123 4484139.4536180515
4270 793 485361.6167720893 4484139.378175238
4331 793 486582.28948439594 4484139.242295281
4392 793 487802.1813094229 4484139.149053662
4453 793 489022.3241059364 4484139.5892784335
4575 793 491462.22286269604 4484139.475186093
4636 793 492682.23974700406 4484139.111800689
4697 793 493902.2523986215 4484138.856490797
4758 793 495122.06068506034 4484138.893831092
4819 793 496342.53070404666 4484138.860058023
4880 793 497562.52644827194 4484138.656928804
5307 793 506101.8353748738 4484141.444216765
5368 793 507321.9887860806 4484138.970168475
5490 793 509762.4983528429 4484140.234812545
2562 854 451201.43042662635 4482921.326329935
2623 854 452421.297162857 4482921.66817865
2745 854 454861.22360311466 4482920.929325773
3050 854 460961.8717530034 4482918.687067474
3172 854 463401.9285468161 4482919.243743122
3355 854 467062.01305985346 4482919.083862967
3538 854 470720.722494056 4482918.933424167
3599 854 471941.0650515466 4482919.042868293
3721 854 474381.9987730903 4482918.427190691
3904 854 478042.4751424065 4482919.099236735
3965 854 479262.15081093775 4482919.341192455
4026 854 480482.19383065053 4482918.612956559
4087 854 481702.21705946326 4482919.003062024
4148 854 482921.86382689 4482919.343677354
4209 854 484141.9906954334 4482920.857047044
4331 854 486581.3324480146 4482920.475944652
4392 854 487801.50791844516 4482920.053579516
4514 854 490242.262053368 4482919.442154379
4575 854 491462.45835491654 4482920.699034778
4636 854 492682.03649075126 4482920.80449376
4697 854 493901.6302488378 4482920.570176224
4758 854 495121.57816297194 4482920.598511217
4819 854 496341.5631916341 4482920.455709613
4880 854 497561.40212719544 4482919.577536481
5002 854 500001.48298116267 4482920.514110207
5063 854 501221.9086581657 4482920.745604598
5124 854 502441.9623920587 4482920.873927118
5307 854 506101.9078864126 4482919.063041975
5368 854 507322.04473938403 4482918.736415623
5429 854 508541.43180451734 4482921.392829386
5490 854 509761.5042198129 4482918.778923004
2806 915 456080.9188488536 4481701.50359783
2928 915 458521.4227517781 4481700.343430385
3050 915 460961.4633499478 4481701.538492269
3294 915 465842.3618716284 4481701.198344847
3599 915 471941.2539695554 4481700.6871268125
3660 915 473161.3568515609 4481699.805000077
3721 915 474380.6459855413 4481700.849005912
3904 915 478041.9851328174 4481698.629897571
4026 915 480481.3963939925 4481700.369420619
4087 915 481702.1827032557 4481700.151597097
4270 915 485362.90522012394 4481701.74859306
4392 915 487801.9078280654 4481702.001726869
4453 915 489021.7550438346 4481701.08999899
4514 915 490241.5127554275 4481701.12046907
4575 915 491462.15419946687 4481698.910509287
4636 915 492682.1361137895 4481698.7966479
4819 915 496341.9118153375 4481701.212616227
5002 915 500000.89390974457 4481700.786125861
5063 915 501221.9057462676 4481698.8704990065
5124 915 502442.0270663023 4481698.899143487
5246 915 504881.0630125482 4481700.521510845
5307 915 506101.04930108134 4481700.571316087
5368 915 507321.56924394396 4481700.552137164
5429 915 508542.2708341241 4481698.9915550165
3172 976 463401.28785259096 4480479.017689554
3294 976 465841.4315002807 4480479.373976622
3416 976 468281.14376600325 4480481.104412302
3843 976 476821.55894821195 4480481.130648835
3965 976 479261.9535027516 4480481.160800675
4026 976 480482.41634463146 4480479.107575465
4087 976 481702.5115150626 4480480.522930419
4209 976 484141.85930201394 4480481.75341959
4270 976 485362.0923538007 4480482.018996016
4453 976 489022.1029433752 4480481.871657051
4514 976 490241.7750059158 4480481.746537706
5124 976 502441.3669855462 4480481.388169402
5185 976 503661.65274269483 4480478.575747323
5246 976 504881.5940500949 4480481.116213959
5368 976 507321.6987432742 4480478.859023597
5429 976 508542.19131563965 4480480.475325431
2440 1037 448760.8685865442 4479260.52030718
2501 1037 449980.81332011503 4479260.459633989
2684 1037 453640.7087215792 4479260.883941265
2745 1037 454860.5995263879 4479260.348786819
2806 1037 456080.5974671923 4479259.736430552
3050 1037 460962.45864659664 4479261.638989975
3294 1037 465842.3589866765 4479261.518752088
3355 1037 467062.37729583227 4479261.355438181
3416 1037 468282.51312447066 4479261.176223202
3721 1037 474381.55090581795 4479258.597834697
4209 1037 484142.06498824735 4479258.580249093
4331 1037 486581.03737099166 4479258.909292836
4453 1037 489021.00001364714 4479261.177880571
4514 1037 490241.2100361338 4479258.8314751005
4758 1037 495121.3680271488 4479258.625982288
5185 1037 503661.7155284158 4479261.791610552
5368 1037 507320.7235698187 4479261.320976261
5429 1037 508541.4108845745 4479258.8569934
2440 1098 448763.0785399929 4478040.777469374
2623 1098 452421.4845280839 4478039.78770937
2684 1098 453641.03489000065 4478040.55448608
2745 1098 454861.31780303427 4478040.503648475
2867 1098 457300.94154750975 4478038.705232001
3172 1098 463402.61406849395 4478038.391371148
3233 1098 464621.6346058591 4478038.367817617
3477 1098 469501.2823200262 4478041.144112253
3599 1098 471941.1837517358 4478041.396680981
3660 1098 473161.3940353203 4478041.63401351
3843 1098 476822.60700786184 4478041.476502324
3904 1098 478042.25017525494 4478038.810463842
4148 1098 482922.085575312 4478040.7212288305
4392 1098 487801.43894806027 4478040.2213317
4453 1098 489021.499271592 4478040.437047795
4514 1098 490242.51997707307 4478039.234395302
4575 1098 491462.25491243944 4478039.128250079
4636 1098 492681.87537883036 4478039.145471413
4697 1098 493901.8135994031 4478038.973934774
4758 1098 495121.4237469034 4478039.039123805
4880 1098 497560.9150990544 4478039.130361587
4941 1098 498781.0286713993 4478038.960613148
5002 1098 500001.29694778495 4478038.89915875
5124 1098 502441.76967686985 4478038.856296988
5246 1098 504881.88884657 4478038.820113042
5307 1098 506102.3538050159 4478038.943542486
5368 1098 507322.09404656134 4478041.437195928
2440 1159 448761.0305075882 4476820.408947432
2501 1159 449981.40900689794 4476820.431058846
2562 1159 451201.346335309 4476820.541319307
2623 1159 452420.88379108714 4476820.60817837
2684 1159 453641.1803271354 4476820.888359768
2989 1159 459740.8285611255 4476818.794464308
3416 1159 468281.0721315716 4476818.718318576
3477 1159 469501.02770198236 4476820.9252069
3599 1159 471940.698636405 4476818.789434067
3904 1159 478041.35263765336 4476818.485710377
4026 1159 480481.39208992774 4476818.58343763
4087 1159 481702.6207454016 4476819.216735537
4148 1159 482922.5716550785 4476819.076933032
4209 1159 484142.12806470226 4476821.121833877
4514 1159 490241.9252405695 4476819.513600467
4575 1159 491461.6734665987 4476819.5341664925
4636 1159 492681.2821108345 4476820.354035996
4697 1159 493901.3244640328 4476820.746983123
4758 1159 495121.35514070006 4476820.7498030355
4819 1159 496341.8789464482 4476819.24043665
4880 1159 497562.29577679816 4476818.947933925
4941 1159 498782.57756529306 4476819.29318703
5002 1159 500002.62623169756 4476819.149100872
5124 1159 502442.1974685414 4476818.999215743
5185 1159 503661.2736930668 4476819.286610224
2623 1220 452422.61674027285 4475601.373920153
2684 1220 453642.6811863845 4475601.405853021
2806 1220 456081.3608204769 4475601.509637211
2867 1220 457301.1623817668 4475600.410555873
2928 1220 458521.19393167127 4475599.495645879
2989 1220 459741.40654623386 4475599.353752023
3050 1220 460960.74394489254 4475599.265996271
3111 1220 462180.8098290607 4475599.154621278
3172 1220 463400.8926267691 4475598.734407833
3233 1220 464621.3501851311 4475598.890432582
3416 1220 468281.7479095911 4475598.7722807815
3477 1220 469501.61993315734 4475599.505447035
3538 1220 470721.0573244077 4475599.243185855
3599 1220 471940.70613712195 4475599.434404931
3660 1220 473160.5914894194 4475599.21461755
3721 1220 474380.8287269886 4475600.541604646
3782 1220 475601.24300470017 4475599.390719939
3843 1220 476821.9488438919 4475599.051999363
3904 1220 478041.7033533742 4475599.157852579
3965 1220 479261.9580554208 4475598.7940182
4026 1220 480482.2014887203 4475598.5351419225
4087 1220 481701.75595740427 4475601.147693377
4148 1220 482921.00263839716 4475601.487519566
4636 1220 492681.9316421698 4475601.744128395
4697 1220 493902.2846156668 4475601.084544981
4758 1220 495122.4122735957 4475601.051109711
4880 1220 497562.5879960185 4475599.0235734545
4941 1220 498781.990975283 4475598.810308386
5002 1220 500002.33134247357 4475598.634187862
5307 1220 506102.294553037 4475599.596906988
2562 1281 451202.2916946926 4474378.800872501
2684 1281 453642.03647863545 4474381.607462
2806 1281 456081.8941914141 4474381.033473259
2867 1281 457302.13292043336 4474379.139318469
2928 1281 458521.9112472013 4474378.934506239
2989 1281 459741.4773228106 4474380.255471795
3050 1281 460961.33090582205 4474379.77465204
3111 1281 462181.15016062633 4474380.492110713
3172 1281 463401.2702745289 4474379.294356635
3294 1281 465841.361015788 4474379.342500565
3355 1281 467061.70946160826 4474379.033118099
3416 1281 468281.9083446951 4474379.055613844
3538 1281 470722.1368098497 4474379.512568915
3599 1281 471942.20406372834 4474381.423269331
3782 1281 475600.7063265445 4474380.175628006
3904 1281 478041.58578423294 4474379.407916409
3965 1281 479261.39546154026 4474378.703767039
4209 1281 484142.5954302387 4474382.09107306
4270 1281 485361.6732307058 4474381.631555778
4331 1281 486581.23712488514 4474381.378878422
4758 1281 495121.67618710373 4474381.607576466
5063 1281 501221.8416155799 4474381.442130504
5368 1281 507321.39474513644 4474380.547434674
5429 1281 508541.86267857737 4474379.286972508
5490 1281 509761.087725144 4474379.378561346
2501 1342 449980.99339045474 4473161.602737526
2562 1342 451201.51240463613 4473161.750426481
2745 1342 454862.01413187507 4473161.314512728
2867 1342 457301.5750334773 4473161.008264116
2989 1342 459741.7358888008 4473161.4160002
3050 1342 460962.1381372633 4473161.5150871165
3233 1342 464622.484010265 4473161.243970531
3294 1342 465842.46467680123 4473158.790459812
3904 1342 478041.31549347 4473160.230795963
4087 1342 481701.9803325852 4473158.6626092475
4209 1342 484142.20631549525 4473158.583354438
4392 1342 487802.16966380656 4473158.723601473
4636 1342 492681.6423081878 4473158.473295612
4819 1342 496341.5991362641 4473161.39905609
5368 1342 507321.9757450163 4473158.857543455
5490 1342 509761.6419705462 4473159.2798998
2623 1403 452420.8321636654 4471941.053007306
2684 1403 453641.4704688893 4471938.610525688
2745 1403 454862.32792735344 4471941.23932479
2928 1403 458522.3692279709 4471938.27915987
3294 1403 465841.280669719 4471941.194528026
3355 1403 467061.464564391 4471941.167871455
3416 1403 468281.5480713036 4471941.311084769
3965 1403 479261.56974564743 4471941.690268459
4087 1403 481699.98078300187 4471939.918869301
4148 1403 482922.0953352797 4471940.795066919
4209 1403 484142.3270059462 4471939.188556972
4270 1403 485362.5970451661 4471939.19357379
4331 1403 486582.2578083948 4471939.073423552
4453 1403 489022.61998010107 4471940.549552069
4514 1403 490242.20655897155 4471940.813859558
4575 1403 491461.9104625164 4471940.614127312
4636 1403 492680.93910386163 4471940.888214017
4697 1403 493901.1703535925 4471940.6324785305
4758 1403 495120.9401439439 4471939.358369442
5002 1403 500001.67219431105 4471940.830950982
5063 1403 501221.35644002585 4471940.682238826
5124 1403 502440.59783564595 4471939.514985524
5185 1403 503660.6715085139 4471939.176648225
5246 1403 504881.39351372904 4471939.032827674
5307 1403 506102.16906003014 4471939.061092338
5368 1403 507322.4903784401 4471938.8477830095
2440 1464 448761.0363612149 4470720.59535652
2501 1464 449981.95520022925 4470720.629176258
2562 1464 451201.66337524797 4470720.914942342
2623 1464 452421.4370908873 4470721.137425407
2684 1464 453640.8061300274 4470720.972776863
2745 1464 454861.62593717454 4470721.028312535
3172 1464 463402.17767305474 4470718.435229495
3599 1464 471941.7266343829 4470720.852266089
4026 1464 480482.78528987116 4470720.771107524
4087 1464 481702.5620999094 4470720.712851818
4148 1464 482922.0774888206 4470720.468846485
4270 1464 485361.4471279302 4470719.807345161
4331 1464 486581.29892103013 4470720.024816639
4392 1464 487801.17076900456 4470720.056902429
4453 1464 489021.2705759367 4470720.904566685
4514 1464 490241.3976303794 4470720.630133426
4575 1464 491461.8473771757 4470720.893728377
4636 1464 492681.8508262357 4470720.873220134
4697 1464 493901.5458377255 4470720.699575459
4758 1464 495121.6747334459 4470720.568677261
4880 1464 497561.17455504084 4470720.433934653
4941 1464 498780.71683421184 4470720.667040383
5002 1464 500001.1718535617 4470719.524421681
5063 1464 501221.95670140855 4470719.30599591
5185 1464 503662.68094351416 4470719.270352345
5246 1464 504882.23602485 4470719.171821306
5429 1464 508541.81852290756 4470718.659720014
5490 1464 509761.0871604393 4470719.208154418
2440 1525 448760.9136602945 4469500.776223956
2562 1525 451200.7135454345 4469500.354692282
2623 1525 452421.27356735576 4469500.7398913335
2684 1525 453641.0976913363 4469500.531531868
2745 1525 454861.9711454667 4469501.542428721
2806 1525 456081.39376423135 4469501.030212777
2928 1525 458520.7831151573 4469499.083191602
2989 1525 459741.42486801674 4469498.692493409
3111 1525 462182.2525489068 4469498.944984394
3172 1525 463401.8878249756 4469498.643178848
3233 1525 464621.851174047 4469498.899440253
3355 1525 467061.24156227655 4469499.139625029
3416 1525 468280.9527705896 4469499.075982997
3660 1525 473160.8092110748 4469500.890223162
3721 1525 474381.5940098582 4469501.295549288
3782 1525 475601.1730031263 4469500.899569002
3904 1525 478042.15582879307 4469498.675879815
4087 1525 481701.3104492368 4469501.022893335
4148 1525 482921.4725593613 4469500.656410204
4209 1525 484141.4327666868 4469500.564335916
4331 1525 486581.84312715416 4469500.790068824
4392 1525 487802.64576098224 4469500.914962259
4453 1525 489022.4383944863 4469500.9096363075
4514 1525 490241.88042300043 4469500.282913433
4575 1525 491462.30832288414 4469500.958136109
4636 1525 492681.93724398944 4469501.174778768
4697 1525 493901.1827125279 4469500.72391966
4819 1525 496341.1470202114 4469501.091683965
4880 1525 497561.67218060745 4469501.011814684
4941 1525 498780.94111583027 4469500.774698515
5002 1525 500000.8503322691 4469501.0874066735
5063 1525 501221.0975162958 4469500.837738524
5124 1525 502441.0191502374 4469500.898271651
5185 1525 503661.35596554435 4469499.163520615
2501 1586 449982.3943230294 4468280.6430470105
2562 1586 451202.097906877 4468280.668533945
2623 1586 452422.39350250823 4468280.609779579
2745 1586 454862.18184589036 4468280.617850121
2867 1586 457302.2052553151 4468279.3023887845
2928 1586 458521.77256476495 4468280.629876891
3050 1586 460960.92808856576 4468279.590397659
3172 1586 463401.4079271695 4468279.270650289
3233 1586 464622.01670560415 4468279.502319323
3294 1586 465842.2971321185 4468278.871155634
3416 1586 468281.5461707665 4468280.227999411
3477 1586 469501.35507578624 4468279.711013237
3721 1586 474381.31488657946 4468279.565534785
3782 1586 475601.8679109086 4468279.177266456
3843 1586 476821.70824624476 4468279.212846109
3904 1586 478041.4794925505 4468278.973412514
3965 1586 479261.50916818826 4468278.984580222
4026 1586 480481.2161232479 4468281.585452136
4087 1586 481701.2024268521 4468281.583123239
4148 1586 482921.37770841434 4468281.646504472
4270 1586 485361.6141397262 4468281.191078508
4392 1586 487802.0036827872 4468280.987368916
4453 1586 489021.2273645279 4468281.126035372
4575 1586 491461.7148149457 4468281.3995380895
4636 1586 492681.5006223406 4468281.432314397
4697 1586 493902.22895184124 4468281.633368583
5063 1586 501221.42342731444 4468278.597812791
5185 1586 503661.31193864124 4468278.617982741
2440 1647 448761.0603763432 4467060.683167832
2501 1647 449981.18948593066 4467060.767049203
2562 1647 451200.98426365264 4467060.8076074775
2623 1647 452420.9172785359 4467060.859506577
2745 1647 454861.6518650158 4467060.626395845
3111 1647 462181.50517322 4467061.057730334
3172 1647 463401.42362207675 4467060.907333422
3233 1647 464621.1139498852 4467060.763916034
3294 1647 465840.9266896061 4467060.564108644
3355 1647 467061.345244586 4467059.1128265755
3416 1647 468282.4647876928 4467059.26794712
3660 1647 473160.90245602216 4467060.283478623
3721 1647 474380.6609724508 4467060.799922294
3782 1647 475601.13584219135 4467060.160714963
3843 1647 476822.10453808156 4467059.600748345
3904 1647 478042.2860397261 4467059.265192937
4026 1647 480482.5243800461 4467062.119012582
4209 1647 484140.87032257335 4467058.793507806
4270 1647 485360.9736076673 4467058.625964728
4514 1647 490242.57466596295 4467058.78102906
4819 1647 496342.0912228876 4467058.6357221035
4941 1647 498781.50668904954 4467061.892210273
5063 1647 501221.14611772244 4467061.951020206
5307 1647 506101.33644546056 4467059.198491581
5368 1647 507320.8980597331 4467059.273040076
5429 1647 508541.2858753737 4467059.02513106
5490 1647 509761.5152667204 4467058.616352763
2440 1708 448760.698401204 4465840.067230896
2501 1708 449981.20190061914 4465840.9551779665
2562 1708 451201.60460993595 4465840.907752116
2623 1708 452421.3474770443 4465840.609832152
2684 1708 453641.43215008196 4465841.276546838
2928 1708 458522.4474280288 4465838.56827629
3111 1708 462181.4197781837 4465841.058254737
3172 1708 463401.3214948985 4465841.142431415
3294 1708 465841.1101026128 4465841.010814099
3355 1708 467060.98202816007 4465838.901684832
3477 1708 469501.4874476659 4465838.659700344
3538 1708 470721.95969753654 4465838.577934112
3660 1708 473162.5868323152 4465841.578018014
3843 1708 476821.1695732152 4465841.246967173
3904 1708 478041.2536169936 4465840.952236342
4392 1708 487801.1629307892 4465841.5017916
4453 1708 489021.02722171694 4465838.837935285
4697 1708 493902.33684964577 4465841.371120177
5246 1708 504881.7673124064 4465839.179406292
5307 1708 506101.8491661625 4465840.624079809
5368 1708 507321.5484332105 4465840.548218827
5429 1708 508541.4974736755 4465839.648536962
5490 1708 509761.19448932196 4465839.643600374
2623 1769 452421.36985217244 4464621.196785989
3660 1769 473162.65556073503 4464618.500385514
4026 1769 480480.96898813394 4464620.422840591
4209 1769 484142.19291062 4464618.781218362
4514 1769 490241.55783548055 4464618.815982171
4575 1769 491461.37138137943 4464618.950475499
4636 1769 492681.8447226745 4464618.813248695
4697 1769 493901.6075157102 4464618.935776406
4758 1769 495121.9342795643 4464618.97937681
4819 1769 496342.6952989764 4464619.394770915
4941 1769 498782.3862549223 4464620.68991851
5002 1769 500002.12712224456 4464620.485024947
5368 1769 507321.1614869643 4464619.01291336
5490 1769 509760.95876190456 4464620.861012145
2806 1830 456081.7189941409 4463398.458262745
2867 1830 457302.29280675 4463398.318500077
2928 1830 458521.651883181 4463398.836108043
3233 1830 464621.4414681859 4463398.569117891
3355 1830 467061.3199661088 4463398.8491955465
3538 1830 470721.1885289386 4463401.225593165
3721 1830 474382.21855613985 4463398.709449791
4270 1830 485362.2610762615 4463399.111774041
4331 1830 486582.4989856441 4463401.3553016735
4392 1830 487802.01094975066 4463399.426828771
4575 1830 491461.8409677596 4463401.205273851
4697 1830 493900.89162535546 4463400.9710666025
4758 1830 495120.94172984053 4463399.171037779
4819 1830 496341.1925352403 4463399.266913259
4880 1830 497561.67856247467 4463399.037817142
4941 1830 498782.0867827796 4463399.415012904
5002 1830 500002.4854611694 4463400.420897504
5063 1830 501222.6453834737 4463399.213443295
5124 1830 502442.55741778796 4463399.168763888
5429 1830 508542.42343923304 4463401.901540891
2806 1891 456080.8908784589 4462179.744955471
2928 1891 458522.12752898724 4462179.382851357
2989 1891 459742.35981635936 4462178.955969632
3050 1891 460962.29382296035 4462179.096431208
3111 1891 462182.3939478221 4462180.707915954
3172 1891 463402.2234775582 4462179.3479859885
3233 1891 464621.8520742309 4462180.760189885
3294 1891 465841.7297640551 4462180.6860631285
3355 1891 467061.7358886334 4462179.178220438
3416 1891 468282.02471932 4462180.623919364
3477 1891 469502.2761524843 4462179.014055046
3538 1891 470722.40490097716 4462178.923029042
3660 1891 473161.8883995621 4462179.285874217
3721 1891 474382.7525549964 4462179.144854123
3843 1891 476821.09566872416 4462180.270567609
3965 1891 479261.6321020862 4462179.181003487
4087 1891 481701.3749185497 4462181.107538779
4148 1891 482920.5824821443 4462181.351384161
4209 1891 484142.4861866104 4462181.525865497
4270 1891 485362.22484789096 4462179.204507537
4331 1891 486582.30508067016 4462181.118586853
4392 1891 487802.38258310856 4462180.1076371195
4453 1891 489022.7029366398 4462180.958160635
4514 1891 490242.0301296732 4462180.840174146
4575 1891 491462.3518397249 4462181.111748995
4636 1891 492682.42886234674 4462180.765618592
4697 1891 493902.12168294744 4462180.720121249
4758 1891 495121.6074724862 4462180.466510661
4819 1891 496341.35314358573 4462179.787149832
5002 1891 500000.8061506144 4462180.289301138
5063 1891 501221.71633570216 4462179.644501686
5124 1891 502441.7613784564 4462179.173430827
5185 1891 503661.8543535546 4462181.561393083
5490 1891 509760.85809941386 4462181.146920705
2928 1952 458520.77681199874 4460959.844898257
3111 1952 462182.6632555182 4460959.1062526945
3233 1952 464622.119653292 4460959.540370737
3294 1952 465841.8091593932 4460961.021774658
3355 1952 467061.1727640322 4460960.559427486
3477 1952 469501.0926645197 4460960.551004101
3599 1952 471941.12880126055 4460960.470961475
3660 1952 473161.04897131235 4460960.824468936
3782 1952 475601.2067560364 4460959.618366561
3843 1952 476821.73878256296 4460961.024312873
3904 1952 478041.1852663664 4460959.021017262
3965 1952 479261.9387903218 4460959.175602974
4026 1952 480481.8530490717 4460959.323829034
4148 1952 482921.8232536315 4460959.878822165
4209 1952 484141.78352184885 4460959.661578788
4270 1952 485361.3999376379 4460959.413910437
4331 1952 486581.0092938278 4460959.328800822
4392 1952 487800.88721264753 4460960.298114132
4453 1952 489021.23867425555 4460960.879296792
4514 1952 490241.4590789055 4460960.65727202
4575 1952 491461.62582078745 4460960.593077704
4636 1952 492681.9037918941 4460960.735983692
4697 1952 493901.79783545015 4460961.050122956
4819 1952 496341.8615281899 4460961.3959329985
5185 1952 503661.1795998152 4460959.407092611
5246 1952 504881.5533814598 4460958.918134138
5307 1952 506102.2345738469 4460958.830422699
3172 2013 463402.27441201836 4459740.727920607
3294 2013 465842.7720443941 4459738.850428904
3538 2013 470721.5168329463 4459741.341642618
3599 2013 471941.9655461307 4459740.782635152
3782 2013 475601.98099511384 4459738.779930974
3843 2013 476821.78278347244 4459738.654251096
3965 2013 479262.2744897839 4459740.292598324
4026 2013 480481.9953189499 4459739.626852904
4087 2013 481702.52585400123 4459741.037077956
4209 2013 484142.2649003754 4459740.97911527
4270 2013 485362.66492581926 4459741.010807915
4575 2013 491462.1470188773 4459740.425110513
4636 2013 492681.2545147512 4459740.738433761
4758 2013 495121.0552530543 4459740.853051301
4819 2013 496340.99152084655 4459741.151770134
4941 2013 498781.6344377987 4459740.336378986
5002 2013 500001.4977941808 4459740.97965624
5063 2013 501221.77312491287 4459741.53382157
5124 2013 502441.6333105473 4459741.9017353775
5185 2013 503662.198887398 4459741.075805028
5246 2013 504881.55466871953 4459740.752722986
5307 2013 506101.2166612315 4459739.657941914
5368 2013 507321.36650014797 4459739.535723101
5429 2013 508541.74244543887 4459739.503271086
3233 2074 464621.21323309443 4458521.5486880215
3538 2074 470722.3195813252 4458521.910529061
3599 2074 471939.9682029839 4458520.036339915
3965 2074 479262.4458030613 4458518.9681668775
4087 2074 481702.51728524244 4458521.054487233
4148 2074 482922.42519088637 4458521.160283376
4270 2074 485361.88907365623 4458520.690953492
4392 2074 487801.59754084295 4458521.287276107
4514 2074 490242.0665655035 4458521.408538587
4575 2074 491461.84435953596 4458521.171335809
4636 2074 492681.5694477165 4458521.458378035
4819 2074 496342.8915056995 4458521.576482892
4880 2074 497562.8645272324 4458521.159818422
5124 2074 502440.76943073334 4458521.03445507
5429 2074 508541.63988409296 4458521.467032701
5490 2074 509761.0451325152 4458521.201018894
2928 2135 458521.21032534994 4457299.321970247
2989 2135 459741.1716581467 4457298.773547316
3050 2135 460961.05112811946 4457299.160897916
3233 2135 464620.67775648803 4457299.522453991
3294 2135 465840.8978010748 4457299.051110358
3355 2135 467060.8523385008 4457300.896803435
3416 2135 468281.21842119936 4457300.543309107
3599 2135 471942.1219923079 4457298.470901081
3660 2135 473162.2157123924 4457298.529447112
3782 2135 475602.1303232734 4457298.677387882
3843 2135 476822.3854635581 4457298.800853231
3904 2135 478041.2456678471 4457301.050845765
4148 2135 482922.31038803427 4457299.215544152
4575 2135 491460.07051778154 4457299.859212093
4636 2135 492681.1587358216 4457301.114211658
4697 2135 493901.0859565347 4457301.786504774
4819 2135 496341.1320491272 4457301.487113886
5002 2135 500001.5577338272 4457302.24863807
5307 2135 506102.670554994 4457301.858118367
2806 2196 456081.03426666075 4456079.732524904
2928 2196 458521.0041117176 4456080.350842235
3050 2196 460961.65677231585 4456080.854438208
3233 2196 464622.4278115724 4456079.268094235
3294 2196 465841.823014362 4456080.641297226
3355 2196 467061.8856057967 4456079.545457898
3416 2196 468281.4491274462 4456080.288260531
3477 2196 469501.22608729085 4456079.432380362
3538 2196 470721.3826703096 4456080.538818302
3599 2196 471941.41493159207 4456079.178431945
3660 2196 473161.68833902944 4456078.696280193
3721 2196 474381.89869722433 4456078.998046898
3782 2196 475602.4581516498 4456078.72283266
3904 2196 478042.6653076769 4456081.498202113
3965 2196 479261.6579618197 4456080.382373884
4148 2196 482921.116645258 4456080.97789329
4209 2196 484141.1818597574 4456081.062770564
4331 2196 486582.25524944253 4456081.271560788
4514 2196 490241.6785067318 4456081.848413591
4636 2196 492681.5575211603 4456081.73359231
4697 2196 493901.1404877861 4456078.840879942
4819 2196 496341.00735892315 4456078.901770446
4941 2196 498781.4328644773 4456079.011573015
2928 2257 458522.4252050639 4454859.377244241
2989 2257 459742.34723350895 4454858.825388357
3111 2257 462182.90966186876 4454859.188370798
3172 2257 463402.27345563954 4454859.117314744
3233 2257 464622.13019514736 4454859.6887812335
3355 2257 467061.13922592474 4454860.411413117
3477 2257 469501.3777608118 4454859.6440197
3599 2257 471942.1045445528 4454860.935429419
3965 2257 479263.0070308129 4454861.735252607
4026 2257 480482.42920771876 4454861.852621183
4209 2257 484142.6255268664 4454861.696525606
4270 2257 485361.6135235054 4454861.683288238
4331 2257 486581.3144054485 4454861.167182929
4392 2257 487801.50271489937 4454861.399831407
4453 2257 489021.94592457486 4454858.642428538
4697 2257 493901.8279380575 4454861.738843597
4758 2257 495121.8825016364 4454862.102798802
4819 2257 496340.7451401034 4454861.984688782
4880 2257 497560.71258319664 4454861.624281897
5185 2257 503660.64355942165 4454859.371185669
5246 2257 504881.1989811897 4454859.318367134
5307 2257 506101.5510355224 4454860.673583448
5368 2257 507321.95905557263 4454858.809255433
2806 2318 456081.8134699475 4453638.454453826
3050 2318 460962.2513084767 4453641.709904936
3416 2318 468281.597917703 4453641.468287836
3538 2318 470722.6333412881 4453639.113770451
3843 2318 476821.3051728971 4453640.872412591
3904 2318 478041.5718340827 4453640.8839525245
3965 2318 479261.9835958516 4453641.3202650305
4026 2318 480481.61109811265 4453641.440540012
4209 2318 484142.1866344366 4453638.76098152
4270 2318 485362.0694712684 4453641.205689392
5002 2318 500001.1864599015 4453641.711460292
5124 2318 502441.8547572434 4453639.4509284375
5246 2318 504881.7088032035 4453639.364227702
5307 2318 506102.0249888373 4453639.345300906
5368 2318 507321.91835834045 4453639.469773187
5429 2318 508541.65810413595 4453639.592046966
2928 2379 458521.36135233776 4452421.50714915
3050 2379 460962.08732911426 4452418.474328984
3233 2379 464621.8412688773 4452421.5261971
3721 2379 474381.93430753774 4452418.438883975
3843 2379 476822.65232824674 4452418.712732729
3904 2379 478042.6147271844 4452420.862294619
3965 2379 479262.61299995834 4452421.681077963
4026 2379 480482.5340174376 4452421.134999553
4392 2379 487800.897140387 4452418.82045313
4453 2379 489021.25145800953 4452418.9699151935
4514 2379 490240.88956483366 4452418.713865358
4697 2379 493900.76098426915 4452421.119205081
5185 2379 503661.5470070121 4452419.153730792
5246 2379 504881.54464741104 4452418.867121583
5307 2379 506101.8766622453 4452421.1859287005
2806 2440 456082.2456950643 4451198.460496591
2867 2440 457302.31457165757 4451198.597989174
2928 2440 458522.4314181653 4451198.723436527
2989 2440 459741.52258514287 4451199.038735565
3172 2440 463400.87765731616 4451199.014442384
3599 2440 471940.9387029063 4451199.066374255
3660 2440 473162.11684250773 4451198.940051465
3721 2440 474381.81403019326 4451198.597463034
3782 2440 475601.4372875058 4451198.443876827
3965 2440 479261.64587797923 4451201.727444872
4026 2440 480481.2570064771 4451201.734677091
4209 2440 484141.95832823066 4451201.336049238
4270 2440 485361.56610762194 4451201.809449648
4331 2440 486582.1598529383 4451201.717999346
4453 2440 489022.8533098891 4451201.603681641
4636 2440 492681.6957155031 4451198.650981869
4697 2440 493902.01972364023 4451198.9433091795
4819 2440 496341.8864768997 4451198.917497273
5002 2440 500001.3578027425 4451199.195358646
5246 2440 504881.3588718067 4451199.099674344
2806 2501 456082.2563985884 4449981.0580742005
2867 2501 457302.08707527077 4449980.781878937
2989 2501 459742.05554571457 4449980.852810226
3111 2501 462182.07716639794 4449979.644506315
3172 2501 463401.652838699 4449980.361653635
3233 2501 464621.38289103913 4449980.45591746
3294 2501 465841.04182725213 4449980.471892055
3355 2501 467061.28259678977 4449979.717802382
3477 2501 469502.6112533825 4449979.003346913
3538 2501 470722.63944064727 4449980.896318335
3599 2501 471941.9065529336 4449979.161484849
3660 2501 473161.3149067961 4449980.49532861
3782 2501 475602.5350190595 4449978.70393712
3843 2501 476822.3899404506 4449981.737981591
3904 2501 478041.6267097232 4449981.797861516
3965 2501 479261.9241299746 4449982.070060978
4026 2501 480481.15128245606 4449981.461380069
4148 2501 482921.59183301934 4449979.509044917
4209 2501 484141.4229233341 4449978.817396515
4270 2501 485361.5950277931 4449978.735144109
4514 2501 490241.4723415688 4449981.362713548
4636 2501 492681.7063627773 4449981.423219772
4697 2501 493901.535566571 4449981.116941409
4819 2501 496341.65896480845 4449979.428214039
4880 2501 497562.333299182 4449981.135480681
5002 2501 500001.5524459238 4449980.859078121
5490 2501 509761.11617518455 4449979.134227172
2745 2562 454862.35101251706 4448760.596513428
2806 2562 456082.1756011978 4448759.347331933
2867 2562 457301.43670314766 4448759.520807394
2928 2562 458521.2705619106 4448760.322581042
2989 2562 459741.27327368956 4448760.351807694
3050 2562 460960.8110446129 4448759.737119641
3294 2562 465841.47147310904 4448760.682929497
3477 2562 469501.29614498024 4448760.773038491
3538 2562 470721.3522978294 4448761.16038471
3599 2562 471942.0441263752 4448759.494423016
3660 2562 473162.23163868516 4448759.712384641
3782 2562 475601.43504790374 4448761.453969942
3843 2562 476821.82468580344 4448761.006729012
3904 2562 478041.634116384 4448758.83090427
3965 2562 479262.64463914343 4448761.727363238
4026 2562 480482.8064084835 4448761.853911187
4087 2562 481702.81869938277 4448761.789948108
4148 2562 482921.7407241447 4448761.851780122
4209 2562 484141.22455837746 4448761.589709997
4270 2562 485361.38859861414 4448758.595202908
4453 2562 489022.26279214676 4448758.6270600725
4514 2562 490242.26877574367 4448759.047414713
4575 2562 491461.95401945006 4448759.6785715725
4819 2562 496340.99487348803 4448759.027982116
4880 2562 497561.3202386005 4448759.167706444
4941 2562 498781.194892372 4448759.1788390465
5002 2562 500001.28382630146 4448761.065005529
5063 2562 501221.8756154418 4448759.526952854
5124 2562 502442.3143241256 4448760.646496741
5185 2562 503662.411798516 4448759.288108208
5246 2562 504882.39827013004 4448759.020711675
5307 2562 506102.2778823991 4448759.250741496
5368 2562 507322.0861457521 4448759.164455152
2745 2623 454861.17935256794 4447540.721500834
2806 2623 456081.0955019359 4447539.668428866
2867 2623 457301.43990194955 4447540.403016342
2928 2623 458521.2711696411 4447540.8280415125
2989 2623 459742.0130434382 4447540.851529031
3111 2623 462182.44082682626 4447540.680768809
3172 2623 463401.96407680976 4447541.18644585
3355 2623 467062.9090456509 4447538.7553779
3416 2623 468281.8702100078 4447541.488530186
3477 2623 469501.8480038931 4447538.682821317
3660 2623 473161.72040360275 4447538.949307184
3721 2623 474382.37199569255 4447539.004028368
3782 2623 475602.65771347476 4447541.568391343
3843 2623 476822.2914004348 4447541.645432875
3904 2623 478041.8787823137 4447542.13094372
3965 2623 479261.29125507484 4447538.7313622795
4270 2623 485362.68605551455 4447541.451858036
4392 2623 487801.4080995356 4447541.442490147
4514 2623 490241.8437161939 4447538.948198885
4697 2623 493902.4250392756 4447539.5265024435
4819 2623 496342.0654016971 4447539.530696472
4880 2623 497562.3511202819 4447540.727548567
4941 2623 498782.2783390075 4447539.416531849
5185 2623 503662.10334902495 4447538.732783345
5246 2623 504881.5665766907 4447539.343745603
5368 2623 507321.3009519893 4447540.473985254
5429 2623 508541.87453219644 4447540.727331948
2806 2684 456081.43697369256 4446318.6688252
2867 2684 457301.75597489404 4446318.803783872
2928 2684 458521.9100806391 4446318.485696384
2989 2684 459741.98036584526 4446318.68914486
3050 2684 460962.0019463237 4446318.725213171
3111 2684 462182.4256411852 4446318.727463621
3172 2684 463401.989086867 4446321.299821821
3233 2684 464621.7349471378 4446320.943081668
3355 2684 467061.32654908026 4446320.846771698
3416 2684 468282.1106013792 4446321.574004821
3477 2684 469501.8103573385 4446321.794036861
3538 2684 470721.4550677903 4446321.192679893
3599 2684 471942.1875214107 4446321.935156432
3721 2684 474380.9685460951 4446318.675547462
3782 2684 475602.3773441442 4446320.6240285365
3843 2684 476822.4001457747 4446322.0583844725
3904 2684 478042.52633617807 4446322.105111426
4026 2684 480481.8772930007 4446321.313823778
4087 2684 481701.44206514774 4446321.22697664
4148 2684 482921.290094262 4446321.280513568
4209 2684 484141.4929902571 4446318.9558850825
4270 2684 485361.4328107932 4446318.5248214295
4453 2684 489022.1557412052 4446318.808320783
4514 2684 490241.76089748583 4446321.396491732
4575 2684 491461.4111945834 4446319.019662256
4636 2684 492681.1217761215 4446319.032998157
4697 2684 493901.4869045914 4446319.248782086
4758 2684 495122.0464899535 4446319.14022009
4880 2684 497562.55026604596 4446320.941646849
4941 2684 498782.57461994246 4446320.633833823
5002 2684 500001.5854347534 4446318.729599826
5063 2684 501221.5563761875 4446318.94386763
5124 2684 502441.3896547386 4446318.654129362
5185 2684 503661.4188672666 4446318.744261738
5246 2684 504881.73476422543 4446321.107888392
5490 2684 509761.1023544427 4446319.387251979
2745 2745 454860.9555717931 4445101.589498448
2806 2745 456081.07800549036 4445100.906925696
2867 2745 457301.58208759903 4445098.591912786
2989 2745 459742.2000091649 4445098.314806927
3538 2745 470722.04975973145 4445101.650656165
3782 2745 475602.07892290293 4445098.594323047
3904 2745 478041.67893550184 4445098.602256883
3965 2745 479261.2501824652 4445098.530321727
4026 2745 480481.60964609095 4445101.721355696
4087 2745 481701.52660624916 4445101.513980506
4148 2745 482921.3029877529 4445101.304573029
4209 2745 484141.30871325044 4445099.011442839
4392 2745 487801.07981379016 4445099.231382534
4453 2745 489021.39618234994 4445099.313102283
4514 2745 490242.1435121469 4445099.245833192
4575 2745 491462.1852387223 4445099.061223788
4636 2745 492682.4510717043 4445098.842045997
4819 2745 496341.02915733255 4445099.399198756
4880 2745 497561.4002747847 4445099.226737191
5490 2745 509761.04931955674 4445098.999578722
2745 2806 454862.8085804935 4443881.044715914
3111 2806 462182.1106410208 4443879.237335219
3172 2806 463402.0509706242 4443878.750708785
3294 2806 465842.25920315884 4443879.269156736
3355 2806 467061.839460893 4443881.534002699
3416 2806 468281.6028834526 4443880.896041023
3477 2806 469501.3768085149 4443880.974568591
3599 2806 471941.6653561061 4443879.303287245
3904 2806 478042.4500157239 4443881.927487702
4331 2806 486581.56600917084 4443879.191603576
4453 2806 489021.2829562266 4443879.304200375
4941 2806 498781.5963339139 4443881.240832978
5002 2806 500002.04943505366 4443878.886312805
5063 2806 501221.4857705585 4443879.370661115
5124 2806 502440.8171533407 4443879.3559088055
5246 2806 504881.08173672255 4443878.881453565
5368 2806 507321.8914026905 4443879.014823498
2928 2867 458522.4769551669 4442658.621879768
2989 2867 459741.6105892964 4442661.257423026
3050 2867 460961.8447052169 4442658.563419703
3233 2867 464622.18976663635 4442658.550753899
3355 2867 467062.5510025149 4442661.068624294
3416 2867 468282.22292983124 4442660.372535137
3477 2867 469502.0933112532 4442660.858994842
3599 2867 471941.6321068134 4442660.425151836
3660 2867 473161.27328942326 4442658.878304926
3843 2867 476821.44289009296 4442661.039357398
3965 2867 479261.4769857249 4442661.417266536
4087 2867 481701.6417032626 4442661.406795496
4209 2867 484141.48399064294 4442662.084640497
4392 2867 487802.2394238719 4442660.8112143865
4453 2867 489022.2319569516 4442659.15178594
4514 2867 490242.34192134877 4442659.018989448
4758 2867 495122.0854066296 4442659.124320113
4880 2867 497562.4705627237 4442659.221796889
4941 2867 498781.34417628695 4442660.4067157265
5002 2867 500001.58929414704 4442659.312186308
5063 2867 501221.8222968008 4442659.39322364
5185 2867 503662.30042824073 4442660.734304111
5246 2867 504881.5667617349 4442660.61499508
2806 2928 456082.43018749583 4441438.986635175
2867 2928 457302.35878359055 4441438.88875327
3050 2928 460962.7319546428 4441441.078196056
3111 2928 462182.0328078553 4441438.744664158
3172 2928 463400.95654473244 4441440.690120831
3233 2928 464621.24080244143 4441438.945304814
3294 2928 465841.15872293117 4441438.973456446
3416 2928 468281.98026112554 4441439.595758326
3477 2928 469501.78020755545 4441439.302667506
3538 2928 470722.0955302596 4441441.020195288
3599 2928 471942.271171453 4441440.499941356
3721 2928 474382.7618099855 4441441.393688319
3782 2928 475602.4337969802 4441441.892307526
3843 2928 476822.1588671917 4441441.694015688
3904 2928 478041.37454683066 4441441.565191789
3965 2928 479261.4028549108 4441438.692524328
4026 2928 480481.77134050766 4441438.486624495
4148 2928 482922.0281994596 4441438.9226727
4697 2928 493901.51054155896 4441440.509429983
4758 2928 495121.8518018092 4441439.507572205
4819 2928 496342.2278244905 4441440.825477391
4880 2928 497562.33082422597 4441440.938987745
4941 2928 498781.9769454247 4441440.764808544
5002 2928 500001.62372453604 4441439.362788131
5063 2928 501221.6039510084 4441439.134275346
5124 2928 502441.6159151017 4441439.248677606
5246 2928 504882.16946260614 4441438.982481512
5307 2928 506102.6449923257 4441440.987172187
2928 2989 458521.9710376238 4440220.61373756
2989 2989 459741.9974467588 4440221.383011927
3050 2989 460962.15067107894 4440221.417628647
3233 2989 464622.0538238429 4440221.05586656
3355 2989 467061.26545405894 4440220.845114826
3416 2989 468281.03594198806 4440220.087684843
3477 2989 469501.0437943199 4440220.237919564
3538 2989 470721.4140023159 4440219.622871131
3599 2989 471942.06466965965 4440219.191013944
3843 2989 476822.6032979562 4440221.461175481
3904 2989 478042.8679364934 4440222.031266846
3965 2989 479262.16405321175 4440222.137324614
4087 2989 481701.3801636366 4440221.572494287
4209 2989 484141.7266214193 4440218.489545312
4331 2989 486582.15954032884 4440219.093659084
4453 2989 489022.4100868902 4440218.962909218
4514 2989 490242.20781446167 4440219.189038132
4697 2989 493901.7201695018 4440219.199251113
4758 2989 495121.9875044972 4440219.600345989
4819 2989 496341.7980993808 4440219.769169426
4880 2989 497561.50164436986 4440221.037074936
4941 2989 498781.6844501403 4440221.392010021
5002 2989 500001.8387518287 4440221.571637524
5063 2989 501223.0033048103 4440221.825193635
5124 2989 502442.8887120777 4440221.19220648
2928 3050 458521.46759369434 4439000.265629399
2989 3050 459741.5357111235 4438999.5480206385
3050 3050 460961.47252228676 4438999.469093112
3111 3050 462181.3739178828 4439000.365114353
3172 3050 463401.34126512834 4439000.449194186
3233 3050 464621.19151378574 4439000.397337761
3294 3050 465841.2601690507 4439000.497684545
3355 3050 467061.3706572299 4439000.78498706
3416 3050 468281.1891703393 4439000.836318057
3477 3050 469501.17885610217 4439000.917284326
3538 3050 470721.24379731517 4439000.935120674
3599 3050 471941.40413684724 4438998.817714405
3660 3050 473163.1013437038 4439001.360343656
3721 3050 474382.6134872577 4439001.438945156
3782 3050 475602.0085380587 4439001.762963716
3843 3050 476821.7287687053 4439001.652658843
3904 3050 478041.27283744875 4438998.89533076
4026 3050 480482.46432199975 4438998.598391876
4148 3050 482922.2200939432 4439001.6187305525
4270 3050 485361.0173544207 4438999.097749148
4392 3050 487801.95412562066 4438998.952207137
4453 3050 489021.9300211504 4438998.668570592
4636 3050 492682.40801887354 4439000.577372503
4758 3050 495122.43305794615 4438999.326347271
4819 3050 496342.39556642296 4439000.349852621
4880 3050 497562.24562201963 4439000.3546955185
5063 3050 501222.8388436302 4439001.895458295
5307 3050 506101.29486221075 4439001.44729242
5368 3050 507321.2612547342 4439001.4577201335
2867 3111 457302.05876328365 4437780.53969411
2928 3111 458522.04901898035 4437781.038417352
2989 3111 459742.30963604164 4437780.945905828
3050 3111 460962.34794903325 4437781.336452356
3111 3111 462182.3184436026 4437781.4207784515
3233 3111 464622.4693478997 4437780.882267294
3294 3111 465842.61511952913 4437779.395126644
3355 3111 467062.381767599 4437780.507784882
3416 3111 468282.083079481 4437779.444027001
3477 3111 469502.2039714414 4437780.927236402
3538 3111 470721.8868903716 4437779.204062567
3660 3111 473162.7756768749 4437781.87793905
3721 3111 474382.7854663459 4437781.518405343
3782 3111 475602.5409477875 4437781.420395273
3843 3111 476822.4390286217 4437781.670686257
3904 3111 478042.0547570215 4437781.698637102
3965 3111 479261.5226149257 4437781.775591353
4148 3111 482921.5384896172 4437778.54661492
4331 3111 486582.1977727066 4437781.492325834
4392 3111 487801.4663397147 4437778.933776917
4453 3111 489021.0624750043 4437780.739408051
4636 3111 492681.81507694395 4437779.207727575
4697 3111 493902.2558494751 4437779.388632958
4758 3111 495122.0057622584 4437780.5480735395
4819 3111 496342.3186819949 4437780.746959837
4941 3111 498781.32676140795 4437781.192566192
5124 3111 502441.2361715437 4437781.360256953
5185 3111 503661.4130916756 4437781.712055617
2867 3172 457301.63677455764 4436560.704787417
2928 3172 458521.64250393823 4436561.016565513
2989 3172 459741.70374851377 4436561.00936899
3050 3172 460961.18619736325 4436560.993323095
3111 3172 462181.3753830587 4436561.087363639
3233 3172 464621.35772004415 4436561.2352200365
3416 3172 468281.7915831044 4436561.225018218
3538 3172 470722.311784003 4436561.696866293
3599 3172 471942.1997532982 4436561.010967851
3660 3172 473161.7606033919 4436560.483198175
3721 3172 474381.68399126246 4436560.7608680725
3782 3172 475601.77670757764 4436561.274961028
3843 3172 476821.60670431703 4436561.79181259
4209 3172 484141.176699836 4436561.382231729
4392 3172 487801.84253152803 4436558.592045607
4453 3172 489020.2121311363 4436559.895415015
4697 3172 493901.1516020202 4436560.46721964
4758 3172 495121.6044530205 4436559.229136686
4819 3172 496341.9818932821 4436559.3663566895
4880 3172 497561.89764804544 4436560.845761991
4941 3172 498781.65805933956 4436560.642533645
5063 3172 501221.0355155363 4436560.892968341
5124 3172 502441.1135637152 4436560.710071203
5185 3172 503661.03719686694 4436559.413021212
5246 3172 504880.9861027017 4436559.203151224
5429 3172 508540.91055492754 4436559.098740397
2806 3233 456083.0127722326 4435338.942814747
2928 3233 458521.8959577492 4435341.607151033
3050 3233 460961.5725323059 4435341.209606563
3111 3233 462181.4428956267 4435341.408080414
3233 3233 464621.92415036546 4435338.584716605
3294 3233 465841.77479789057 4435338.856928681
3355 3233 467062.2178577438 4435338.450779767
3477 3233 469501.9369500193 4435338.497226224
3538 3233 470721.87144710746 4435338.75356251
3599 3233 471942.33557659487 4435339.216900232
3660 3233 473162.7081845057 4435340.727541655
3721 3233 474382.84092224267 4435340.636964139
3782 3233 475602.74340032664 4435340.670668136
3843 3233 476822.6114129399 4435340.9725699425
3904 3233 478042.8206084799 4435341.110897739
3965 3233 479262.5615605612 4435341.50559407
4209 3233 484141.19660916534 4435338.8762345305
4270 3233 485361.14928888564 4435338.679071578
4636 3233 492682.39226438367 4435338.749705733
4697 3233 493901.94364648423 4435340.7311028885
4819 3233 496341.9268446462 4435339.460899943
4880 3233 497561.96066190314 4435338.8666366525
4941 3233 498782.1690678758 4435338.712949613
5002 3233 500002.0081467589 4435341.325970209
5185 3233 503661.43714959914 4435340.769728606
5246 3233 504880.967024338 4435340.765770338
5307 3233 506101.2016544178 4435340.33813208
5368 3233 507321.38167993864 4435340.123509824
5429 3233 508541.1486788734 4435339.357057634
2867 3294 457302.27124343626 4434121.055643514
2928 3294 458523.0029913271 4434120.335098048
3050 3294 460962.37190457794 4434121.773690249
3111 3294 462181.72269644524 4434120.971498788
3172 3294 463401.22285999864 4434121.544352276
3233 3294 464621.27837603935 4434121.524205926
3294 3294 465841.55536998494 4434118.60242478
3538 3294 470722.4991730088 4434118.715180556
3660 3294 473162.58384538227 4434120.891507155
3721 3294 474382.7237074884 4434121.028328903
3782 3294 475602.2839090096 4434121.015448089
3843 3294 476822.0869427709 4434120.825346826
3904 3294 478042.09767083044 4434121.034165069
3965 3294 479261.66939610866 4434121.088217662
4026 3294 480482.0999309682 4434121.337456886
4087 3294 481702.16044772265 4434121.872290078
4148 3294 482922.5296475023 4434121.944195756
4270 3294 485362.9417044254 4434121.788574667
4392 3294 487802.2301331888 4434118.755682188
4514 3294 490242.0789834592 4434118.765459962
4758 3294 495122.30017375917 4434119.172297357
4819 3294 496341.65302023647 4434120.583051011
4880 3294 497561.55481301 4434119.292262982
4941 3294 498782.3061616333 4434119.286589678
5063 3294 501222.7840929016 4434121.057053387
5185 3294 503662.33288551634 4434119.457812894
5246 3294 504881.9269144286 4434120.453808103
5307 3294 506101.19212353986 4434120.768287848
5368 3294 507321.31613960664 4434120.674417531
5429 3294 508541.1123529871 4434121.392591209
2623 3355 452421.1482783027 4432899.909406934
2745 3355 454862.0574260742 4432901.441555966
2806 3355 456081.4736579226 4432901.2356344275
2867 3355 457301.5132607548 4432901.45547807
3111 3355 462182.65699180495 4432901.55062619
3172 3355 463402.4735107505 4432901.510769234
3233 3355 464621.88769777666 4432901.866121367
3294 3355 465841.6862035982 4432901.687753135
3355 3355 467061.33181416686 4432901.542507048
3416 3355 468281.7045867516 4432898.718158381
3477 3355 469501.4347374418 4432898.913787181
3538 3355 470721.6960182516 4432898.867301098
3599 3355 471941.08013363753 4432899.457024558
3660 3355 473162.2475173225 4432899.609580065
3782 3355 475602.8851411327 4432900.55502142
3843 3355 476822.44985806313 4432901.219516967
3904 3355 478041.6774884099 4432901.520801761
3965 3355 479261.6246057663 4432901.815495551
4026 3355 480481.4404079978 4432901.761914452
4087 3355 481701.1099221217 4432901.460037932
4148 3355 482921.39214496786 4432901.452704001
4209 3355 484141.37279079657 4432901.242581971
4270 3355 485361.0282866586 4432901.431471734
4331 3355 486581.31870887644 4432901.517703802
4392 3355 487801.3233225995 4432901.634499123
4514 3355 490241.8227012522 4432901.5468297135
4575 3355 491461.7716708416 4432901.058191307
4636 3355 492682.0830047538 4432900.843756286
4697 3355 493901.9803159595 4432900.96472231
4758 3355 495122.4423703604 4432900.886146929
4880 3355 497561.4591816247 4432900.629962747
4941 3355 498781.48208979866 4432900.831879507
5002 3355 500001.3031853964 4432901.301524578
5063 3355 501221.6096830795 4432899.170844906
5124 3355 502441.9586605461 4432899.032859694
5185 3355 503662.347707798 4432898.908613066
5246 3355 504882.8217518148 4432900.940280554
5307 3355 506102.9306415535 4432901.5410896335
5368 3355 507322.4009647408 4432901.216345038
5490 3355 509761.86617179436 4432901.3477891125
2379 3416 447541.254199809 4431681.006786973
2562 3416 451201.10979324684 4431680.462922375
2745 3416 454861.11115159374 4431678.513616418
2806 3416 456081.2462411799 4431681.801613165
2867 3416 457301.11236366094 4431681.680552552
2928 3416 458521.48434153653 4431681.157213804
2989 3416 459741.3592777306 4431681.288776722
3355 3416 467062.1674926737 4431681.244071038
3599 3416 471942.06936263695 4431681.002514998
3660 3416 473161.1941109622 4431679.452166876
3721 3416 474381.13794227317 4431680.529995084
3782 3416 475601.50469182816 4431679.527835907
3843 3416 476821.91324526403 4431679.597010063
3904 3416 478042.6771104358 4431681.067333416
3965 3416 479262.69945311465 4431680.9697533725
4026 3416 480482.21580165933 4431681.741914818
4087 3416 481701.6297382146 4431681.716858922
4148 3416 482921.6423323425 4431681.848612438
4209 3416 484141.2803791089 4431681.822124623
4270 3416 485361.5634596835 4431681.731814697
4331 3416 486581.6732085025 4431681.83386187
4514 3416 490241.76901422034 4431681.551708916
4575 3416 491462.1735914838 4431681.617639265
4697 3416 493901.49648985564 4431678.741428849
4758 3416 495121.7297655007 4431681.123378929
4819 3416 496341.9731648094 4431680.806942702
4880 3416 497562.5598479018 4431679.321645834
4941 3416 498781.85232659115 4431678.9910121225
5063 3416 501222.191959926 4431679.26580394
2501 3477 449981.95668788505 4430460.634077101
2684 3477 453642.4193470187 4430460.556283686
3050 3477 460961.78726821276 4430459.037616984
3111 3477 462181.5022440688 4430459.054551376
3233 3477 464621.195945887 4430458.527430758
3538 3477 470722.2482812734 4430458.964685727
3599 3477 471941.665970956 4430459.218376364
3660 3477 473162.51738110214 4430459.37788761
3721 3477 474381.68143672997 4430460.92771479
3843 3477 476821.22328999615 4430460.678378407
3904 3477 478040.980326724 4430459.7334080525
3965 3477 479261.5228357508 4430460.4548749365
4026 3477 480482.27726208855 4430459.5687803235
4087 3477 481702.56124713283 4430461.011148846
4148 3477 482922.4995472416 4430460.999246054
4209 3477 484142.1447048407 4430461.288198395
4270 3477 485362.09486796625 4430461.992845579
4331 3477 486581.6082401361 4430461.920523358
4758 3477 495122.27796858 4430458.777112969
4819 3477 496341.5316432851 4430461.009766404
4880 3477 497561.39590391796 4430460.8808330605
5063 3477 501222.1835061876 4430461.440971155
5124 3477 502442.0323884637 4430461.530231149
5246 3477 504882.9989008802 4430461.454188877
5429 3477 508541.68259558413 4430460.935885732
2806 3538 456081.40120605007 4429240.651162867
2867 3538 457301.81013829494 4429238.654458332
2928 3538 458521.60644359683 4429241.275043121
2989 3538 459741.598854659 4429241.553040611
3233 3538 464622.4604993011 4429241.651218745
3294 3538 465842.583762726 4429240.736246356
3355 3538 467062.33144127985 4429240.987896884
3477 3538 469502.43124338647 4429239.098217306
3660 3538 473162.35726516903 4429238.736393402
3721 3538 474382.22521136067 4429241.476830589
3782 3538 475602.3719612516 4429241.452425688
3843 3538 476822.4118756219 4429241.08722433
3904 3538 478041.93381012586 4429240.560907645
3965 3538 479261.8317040236 4429241.210274108
4026 3538 480480.9943900122 4429240.73319591
4087 3538 481701.29129536916 4429240.452290039
4148 3538 482921.5529485864 4429240.607317
4209 3538 484141.90031366 4429240.7713307915
4270 3538 485362.4784754432 4429240.834849493
4331 3538 486582.7673079433 4429241.274775122
4453 3538 489022.0191374961 4429241.322314458
4514 3538 490241.58256297885 4429241.455672512
4636 3538 492681.59354697244 4429238.6294187065
5002 3538 500002.1992259502 4429238.915111175
5246 3538 504881.1818907351 4429238.7135581
5307 3538 506101.19640602905 4429238.8369939495
5368 3538 507321.15147789865 4429241.678712499
5429 3538 508542.06747674587 4429241.915178716
2745 3599 454862.46496449615 4428021.7124224175
2806 3599 456081.30648407293 4428019.153134255
2867 3599 457301.7176664377 4428020.970288745
2928 3599 458522.09558866627 4428020.909573819
2989 3599 459742.28961310175 4428018.402151891
3172 3599 463402.2862665706 4428020.30222918
3233 3599 464621.85706238163 4428019.063146988
3355 3599 467061.03257842193 4428019.033759739
3416 3599 468281.17008580576 4428019.312688475
3477 3599 469502.02411077666 4428018.8983514495
3538 3599 470722.0852698673 4428021.726571025
3660 3599 473161.5830223937 4428022.072643976
3721 3599 474381.4832267638 4428021.898523461
3782 3599 475601.44126194576 4428021.335523357
3843 3599 476821.4782698289 4428021.326229289
3904 3599 478041.1641243786 4428020.813895637
3965 3599 479261.1218253504 4428020.459715704
4026 3599 480481.6475036072 4428021.402971435
4087 3599 481701.6709951959 4428020.959295865
4270 3599 485361.4719692141 4428020.792888739
4514 3599 490242.4869511237 4428021.439044624
4575 3599 491462.49033072137 4428021.703331024
4636 3599 492681.62839419686 4428022.006413241
4697 3599 493901.4639631609 4428021.566319493
2684 3660 453641.17031651345 4426801.020934094
2806 3660 456080.98818685074 4426798.970611423
3111 3660 462182.6508455004 4426799.12234964
3294 3660 465842.4057913955 4426801.076095896
3599 3660 471941.5421481406 4426801.422047314
3721 3660 474381.53757865477 4426801.664356386
3782 3660 475601.8426611252 4426801.592751003
4026 3660 480480.98697267176 4426800.874027649
4209 3660 484140.86623775517 4426800.562465173
4331 3660 486581.5681110484 4426800.903077665
4453 3660 489021.97303063754 4426798.72286446
4514 3660 490241.7746870255 4426800.931386922
4697 3660 493902.78367270424 4426801.712029864
4758 3660 495121.7454626443 4426801.550133455
5246 3660 504882.32609151886 4426801.21438232
5307 3660 506102.02699208044 4426798.830575165
2440 3721 448762.6225173319 4425581.082602803
3111 3721 462182.101987704 4425578.419384557
3172 3721 463402.8404719658 4425580.75379798
3233 3721 464622.57820382906 4425579.401524818
3416 3721 468281.9757543835 4425581.127240634
3538 3721 470721.2796546657 4425581.011547283
4209 3721 484142.2745963862 4425578.874462593
4270 3721 485361.9055840427 4425579.401816525
4331 3721 486582.12168842275 4425580.327459715
4453 3721 489021.72978940356 4425580.824935646
4514 3721 490241.7756575432 4425580.9122374775
4575 3721 491461.9697369717 4425581.307327526
4636 3721 492682.07887437585 4425581.3557451125
4758 3721 495120.0791196392 4425580.042425393
4819 3721 496342.3704282053 4425581.729340895
4880 3721 497561.33508827304 4425581.484681402
5002 3721 500001.09736015945 4425578.690542039
5063 3721 501221.36570049217 4425579.072204201
5307 3721 506102.4801598254 4425579.207697076
5368 3721 507321.64569235756 4425580.802254712
2989 3782 459742.61560967256 4424358.563438774
3050 3782 460961.41733654786 4424361.327522081
3111 3782 462181.3577135403 4424360.986120727
3233 3782 464621.2454847346 4424358.60739777
3294 3782 465841.80889940006 4424360.512938785
3477 3782 469501.79373029247 4424360.231167916
3538 3782 470721.3920580176 4424359.374134878
3599 3782 471941.2687876471 4424361.520124019
3660 3782 473161.6026186416 4424360.927099549
4087 3782 481702.3920691187 4424358.646285692
4331 3782 486582.31395433715 4424359.142771201
4392 3782 487802.64423666155 4424359.109380788
4453 3782 489022.4879582663 4424359.133207739
4514 3782 490242.24257603416 4424360.296638946
4575 3782 491462.543553528 4424360.654337143
4636 3782 492682.67929049546 4424360.863358804
4697 3782 493902.3501244935 4424361.750071925
4941 3782 498782.5207045774 4424361.816608933
5124 3782 502440.65710853203 4424359.1811468
5185 3782 503660.8103934272 4424359.036897707
5246 3782 504881.15590419073 4424359.041639661
5307 3782 506101.8742745407 4424359.174505573
5368 3782 507322.2689741242 4424359.125691754
2501 3843 449981.6886927772 4423139.052970805
2989 3843 459741.6502150209 4423139.514797955
3233 3843 464621.9168044255 4423139.449857698
3294 3843 465841.3546241611 4423139.327747616
3782 3843 475601.665373127 4423141.203486
3843 3843 476821.1353111327 4423140.855058222
3904 3843 478041.0095403754 4423141.324284122
4209 3843 484142.07286014856 4423141.272309785
4331 3843 486582.3054307447 4423140.471481626
4392 3843 487802.07750546036 4423140.9479396865
4453 3843 489022.20100654784 4423140.725990371
4514 3843 490241.99513688445 4423140.830604636
4636 3843 492682.01551329694 4423140.540529227
4697 3843 493901.3824149265 4423141.227129007
4880 3843 497562.3375395202 4423139.192943451
4941 3843 498782.40319875756 4423139.002119001
5063 3843 501222.1595137093 4423139.091318097
5124 3843 502442.36167676206 4423139.226706847
5185 3843 503662.19386525924 4423139.187220758
5246 3843 504881.44852505217 4423139.602335385
5307 3843 506100.8141779694 4423140.434193907
5368 3843 507320.978299316 4423139.424454046
5429 3843 508541.4220470653 4423139.6389226485
2562 3904 451202.31606813817 4421919.581629127
2623 3904 452422.64039505325 4421921.744219352
3050 3904 460961.4392834017 4421919.26312276
3172 3904 463401.86014115624 4421919.184198906
3477 3904 469502.7413354214 4421919.6674994305
3538 3904 470722.44632679207 4421921.041521119
3599 3904 471942.24657132436 4421919.102154565
3721 3904 474381.505604486 4421919.353714624
3843 3904 476820.8507408992 4421921.161140702
4026 3904 480481.837679434 4421918.508953489
4087 3904 481702.0217338963 4421921.53864752
4331 3904 486582.78918441234 4421921.009622995
4392 3904 487802.42833431537 4421919.168578424
4514 3904 490242.347957373 4421920.851673304
4575 3904 491461.9762021542 4421920.7646182915
4636 3904 492681.5075968448 4421920.281509672
4697 3904 493901.7198883525 4421920.907219223
4819 3904 496341.6405746107 4421918.853909952
4880 3904 497561.26042639994 4421919.236358553
4941 3904 498781.40422867914 4421919.201972406
5063 3904 501221.7918298706 4421920.974663065
5124 3904 502441.86142075795 4421920.412912465
5185 3904 503662.0526900857 4421920.796725038
5368 3904 507321.6915822231 4421920.294138752
5429 3904 508541.6920746082 4421921.016561093
2501 3965 449981.20607585635 4420698.910956852
2623 3965 452421.8421174554 4420700.727479199
2684 3965 453641.65501602506 4420699.409653444
3050 3965 460961.06641603704 4420699.124654714
3355 3965 467062.7476581631 4420700.731881785
3416 3965 468282.5820507788 4420699.450694818
3538 3965 470721.6053636717 4420700.441051681
3599 3965 471942.55570841365 4420699.627926631
3721 3965 474382.1918483266 4420699.696141744
3782 3965 475602.19093370845 4420700.972653335
3843 3965 476822.3842600337 4420701.400597133
3904 3965 478041.81183952175 4420700.766614599
3965 3965 479261.30304040544 4420701.392449646
4026 3965 480481.0891955386 4420701.0266126
4087 3965 481701.78884284635 4420701.636104282
4148 3965 482922.2464055388 4420701.686422607
4331 3965 486582.3490971398 4420698.854481107
4392 3965 487802.85471260926 4420701.752257701
4514 3965 490242.40317236446 4420701.294865564
4575 3965 491462.33261676965 4420701.022152229
4636 3965 492681.63588524045 4420701.099135777
4697 3965 493901.6685611435 4420700.948653746
4880 3965 497562.1336147727 4420701.36237904
4941 3965 498782.46591368015 4420698.943852558
5002 3965 500002.7132548573 4420699.745618792
5124 3965 502442.17247329926 4420699.3142313035
5185 3965 503661.74581640883 4420699.632064084
5246 3965 504881.8448931675 4420700.757518003
5307 3965 506101.2962287805 4420700.861445221
5368 3965 507321.45122861466 4420700.9453869155
5429 3965 508541.88352756354 4420701.261772939
2623 4026 452421.34067009605 4419478.553060125
2684 4026 453641.6443174813 4419478.779649344
3111 4026 462181.5473129788 4419479.17123206
3416 4026 468281.6526269193 4419478.953055445
3538 4026 470721.55657418456 4419479.21027596
3660 4026 473162.26711684343 4419479.556653279
3721 4026 474382.3435086622 4419479.3221932165
3782 4026 475602.0358875791 4419479.854607306
3904 4026 478042.5176539711 4419481.171805642
3965 4026 479261.96991807804 4419480.734658023
4148 4026 482921.47495120094 4419481.778078733
4209 4026 484141.92729981896 4419481.40435159
4392 4026 487802.3307831502 4419481.739413291
4636 4026 492682.0600774485 4419481.57039195
4697 4026 493902.01413033286 4419481.019431222
4758 4026 495121.42074539786 4419480.749849805
4819 4026 496340.6841245533 4419480.659673247
4880 4026 497560.88097549084 4419480.682039571
4941 4026 498781.2277564536 4419480.627672157
5002 4026 500001.08807864884 4419480.561889645
5063 4026 501221.58122018806 4419480.639513306
5124 4026 502441.3446584608 4419480.195911004
5246 4026 504881.941210435 4419480.5707532205
5307 4026 506101.9760077752 4419479.506574458
2623 4087 452421.7697167164 4418261.041775434
3477 4087 469501.73719345586 4418261.718491179
3599 4087 471942.192021695 4418258.725051223
3660 4087 473162.1919513862 4418260.135300891
3721 4087 474382.27260681725 4418258.664042909
3782 4087 475602.0027869793 4418260.305346471
3904 4087 478042.1680343772 4418260.332541359
3965 4087 479262.37211196154 4418260.359042288
4087 4087 481702.0036784335 4418260.864535219
4209 4087 484141.2952088771 4418261.631807358
4270 4087 485362.22551819874 4418261.477229188
4331 4087 486581.7942942068 4418261.164799927
4636 4087 492681.8728911607 4418261.475139833
4758 4087 495122.1800468779 4418258.9185036495
4880 4087 497561.942215986 4418260.330527204
4941 4087 498781.51090529276 4418260.9644080885
5002 4087 500001.5889275271 4418260.470971235
5063 4087 501221.0465805518 4418260.360585117
5124 4087 502441.44018632197 4418260.383830604
5185 4087 503661.5039460949 4418259.530851034
5246 4087 504881.54616515565 4418260.515644406
5307 4087 506101.3847457982 4418260.823449645
5368 4087 507321.55857772066 4418260.35027637
5429 4087 508541.33307695895 4418260.827557583
5490 4087 509760.7116473357 4418260.530333597
2501 4148 449981.04028334504 4417040.910040402
2562 4148 451201.4448760475 4417038.888023989
3538 4148 470721.34127690207 4417040.677664296
3660 4148 473162.0000830071 4417038.679492223
3782 4148 475602.52307731274 4417038.676121519
3843 4148 476822.9621027494 4417041.322370349
3904 4148 478042.775859413 4417040.841764474
3965 4148 479262.36795859213 4417040.923780217
4026 4148 480482.3359607983 4417040.725906384
4087 4148 481702.47645275766 4417040.901521654
4209 4148 484142.0903249639 4417041.080354875
4270 4148 485361.7985877016 4417041.5007715095
4514 4148 490241.35742284363 4417041.300156518
4697 4148 493901.7196620806 4417041.052757526
4758 4148 495120.9596054426 4417039.464461914
4819 4148 496341.38588141126 4417039.036594965
4880 4148 497561.8458947545 4417039.077750144
4941 4148 498782.57597367326 4417039.0987693975
5002 4148 500002.25788696186 4417039.294607962
5063 4148 501222.0231078576 4417039.394570471
5124 4148 502441.76997804095 4417040.770559415
5185 4148 503661.66335926537 4417040.660185567
5246 4148 504881.4157011798 4417039.431403167
3050 4209 460960.890784701 4415821.224232935
3111 4209 462181.3409965487 4415818.726287216
3172 4209 463401.51681138604 4415820.115407485
3294 4209 465840.6976423051 4415821.539589254
3355 4209 467061.93335548573 4415819.119463958
3416 4209 468282.1508575044 4415820.551179371
3477 4209 469502.3641341066 4415821.870696319
3538 4209 470722.57293152495 4415821.195958078
3599 4209 471942.27701111714 4415821.351315643
3843 4209 476822.54248018144 4415821.270517155
3904 4209 478042.79598847113 4415821.524876488
3965 4209 479262.4412535473 4415820.68355787
4026 4209 480480.2610803098 4415819.878822302
4087 4209 481701.86247356236 4415820.487197404
4148 4209 482921.5345705508 4415820.826731737
4209 4209 484141.3360702888 4415820.7010096125
4331 4209 486581.93348787085 4415821.465828995
4453 4209 489021.3832042182 4415821.375561686
4514 4209 490241.46171702514 4415821.363264311
4575 4209 491461.4200224885 4415821.534060619
4758 4209 495122.79914499685 4415819.231133591
4880 4209 497561.95917467726 4415820.56903114
4941 4209 498781.4418784686 4415820.3720651185
5002 4209 500001.4988777422 4415819.625445159
5063 4209 501221.7332546904 4415819.485027826
5185 4209 503662.7480840877 4415819.221208341
5246 4209 504882.83315601875 4415821.239830253
5307 4209 506102.2635355791 4415820.970522337
5368 4209 507321.7797789598 4415821.006345399
5490 4209 509761.0692023597 4415820.848311672
3477 4270 469502.6347490484 4414601.007634224
3660 4270 473162.47250738833 4414600.986775048
3843 4270 476822.2832256635 4414598.924982886
3965 4270 479261.86777361255 4414601.333368551
4026 4270 480481.9016665788 4414600.379919442
4087 4270 481701.9321985628 4414601.182136616
4148 4270 482921.99832083454 4414601.0066607725
4209 4270 484141.498791925 4414600.504033888
4270 4270 485361.46091108065 4414600.418801114
4331 4270 486581.31918512966 4414600.791853549
4392 4270 487801.2264486955 4414599.3379704645
4453 4270 489021.1704528751 4414600.743708306
4514 4270 490241.3520577838 4414601.190661551
4575 4270 491461.78875495814 4414601.241385698
4758 4270 495121.8646701244 4414600.829785842
4819 4270 496341.9852452601 4414600.501743706
4880 4270 497562.27910343127 4414600.893479242
5002 4270 500002.0465803057 4414600.7638226235
5063 4270 501221.9090051359 4414601.274595584
5185 4270 503661.30771374627 4414600.947389771
5246 4270 504882.2731263541 4414598.92937137
5429 4270 508543.1411659224 4414601.556631927
3050 4331 460962.1914283449 4413380.160921409
3355 4331 467061.09763387 4413379.446223955
3477 4331 469502.2819936362 4413380.181949437
3599 4331 471942.21979804116 4413381.089251369
3660 4331 473161.13503648073 4413381.252424829
3843 4331 476822.46333963715 4413382.017694293
3904 4331 478041.8626840912 4413381.830545126
3965 4331 479261.949839121 4413382.131822644
4026 4331 480481.50272205094 4413381.732637332
4087 4331 481701.38564129215 4413381.421390443
4148 4331 482921.49514778814 4413381.2866483545
4209 4331 484141.57535351015 4413380.694926285
4270 4331 485361.0307241686 4413379.560311487
4331 4331 486581.2961346862 4413380.6208232315
4392 4331 487801.1824929495 4413380.268413581
4453 4331 489021.1196409601 4413379.854927389
4514 4331 490241.1035731413 4413380.36231148
4575 4331 491461.5842873157 4413381.521720313
4636 4331 492682.22937871213 4413378.845769424
4697 4331 493901.67055022164 4413379.04338316
4758 4331 495121.4313478706 4413379.697346736
4880 4331 497561.37934227055 4413379.299854241
4941 4331 498781.24379347713 4413380.38536783
5002 4331 500001.1855740019 4413380.53198328
5063 4331 501221.5785641296 4413379.7077094205
5124 4331 502441.5964159849 4413380.621875584
5185 4331 503661.83719579945 4413380.8466287665
5246 4331 504881.72300877166 4413381.127959282
5307 4331 506101.6660544232 4413381.175048278
5368 4331 507321.4528421444 4413378.980390765
5429 4331 508541.31708407204 4413381.260452957
3111 4392 462182.40033657604 4412160.34782676
3416 4392 468281.39615724963 4412161.252564149
3599 4392 471941.4715310325 4412160.762052346
3660 4392 473161.56860774505 4412160.712337296
3721 4392 474382.7590989582 4412160.19277876
3782 4392 475602.6298086535 4412160.7657667
3843 4392 476822.78553037613 4412161.671076238
3904 4392 478041.79731593584 4412161.491539516
3965 4392 479262.0067458091 4412161.993382251
4026 4392 480481.53951363557 4412162.032081273
4087 4392 481701.910077877 4412161.659066553
4148 4392 482921.4496278402 4412161.361854493
4209 4392 484141.5822616529 4412158.910263624
4270 4392 485361.64692405064 4412160.974873841
4331 4392 486581.24251178704 4412160.5547310235
4453 4392 489021.3536692549 4412159.622754878
4514 4392 490240.9357002799 4412160.5554054165
4575 4392 491461.3929043897 4412161.138319107
4636 4392 492681.9568170203 4412160.885394414
4697 4392 493901.6647253708 4412159.315617863
4758 4392 495121.94665761804 4412160.441871662
4819 4392 496341.6668458194 4412161.448491508
4880 4392 497562.25992165337 4412159.28833033
4941 4392 498782.98600797966 4412161.049838207
5002 4392 500002.91766454675 4412159.8195106
5063 4392 501222.4733741855 4412160.472797165
5124 4392 502442.195963901 4412158.967825133
5185 4392 503662.0217471272 4412159.5135648865
5246 4392 504882.03671338013 4412159.234414729
5307 4392 506101.88950105733 4412159.105996478
5368 4392 507321.7692623265 4412158.936148294
5429 4392 508541.46718657925 4412158.805202639
3111 4453 462181.12080922094 4410940.963017083
3355 4453 467062.4555428695 4410939.058213541
3416 4453 468282.8548246908 4410941.544864902
3538 4453 470722.1188356005 4410940.626051439
3599 4453 471941.6477374655 4410940.688875172
3660 4453 473161.6903748031 4410939.51119259
3843 4453 476822.4042115612 4410939.037637639
3965 4453 479262.3961860586 4410942.095083166
4026 4453 480482.2088815013 4410941.563562328
4209 4453 484141.32004463597 4410941.821077197
4331 4453 486581.5095107423 4410938.832605356
4453 4453 489021.63632116414 4410939.103453998
4636 4453 492682.003381786 4410940.837086325
4819 4453 496340.96177462646 4410940.563366325
4880 4453 497561.08166232705 4410940.29687862
4941 4453 498781.2880377514 4410940.386138402
5002 4453 500001.40493956424 4410940.578348293
5063 4453 501221.5084410939 4410940.7421851205
5124 4453 502441.71969132684 4410940.996543306
5185 4453 503662.15846988134 4410940.811336028
5368 4453 507323.06700302026 4410941.191374277
3111 4514 462181.91730475303 4409718.718570338
3294 4514 465842.05708748277 4409721.2151269885
3355 4514 467062.1625325131 4409721.211561542
3599 4514 471942.14010554075 4409721.548409786
3721 4514 474381.9161199019 4409720.845864265
3782 4514 475601.2743746487 4409719.328213772
3843 4514 476821.05385957897 4409720.203349568
4026 4514 480482.86619990756 4409721.699613555
4087 4514 481702.6150934263 4409721.555589867
4148 4514 482921.8981341247 4409722.115048942
4209 4514 484141.69343434786 4409721.660621072
4270 4514 485361.54832170834 4409721.464582706
4331 4514 486581.3775125922 4409721.517810882
4392 4514 487801.3867710367 4409721.1325632725
4453 4514 489021.46397927485 4409718.741769708
4514 4514 490242.1320810104 4409721.383519456
4575 4514 491461.6932441667 4409719.804660335
4636 4514 492681.91398427956 4409719.132186323
4697 4514 493902.24531019863 4409719.030655637
4819 4514 496341.4646083849 4409720.599587192
4880 4514 497561.1337519269 4409720.430117586
5063 4514 501221.6628952831 4409720.113561012
5124 4514 502441.6156907489 4409720.414006948
5246 4514 504881.6155476986 4409719.195645603
5307 4514 506101.5510756802 4409721.029560715
5368 4514 507321.62269777135 4409718.833300834
3660 4575 473160.99378568004 4408499.338296291
3721 4575 474382.5378716623 4408501.185293316
3782 4575 475602.0409537655 4408499.106857011
3843 4575 476821.9412047265 4408502.18444734
3904 4575 478041.6247220046 4408501.015662026
3965 4575 479261.3016083707 4408500.878536115
4026 4575 480481.2946817915 4408500.414970356
4087 4575 481701.83717309363 4408500.682250205
4148 4575 482922.3643331278 4408500.680897367
4209 4575 484142.5404341717 4408501.314890059
4270 4575 485362.9456426281 4408501.406572274
4514 4575 490241.27042032854 4408501.951295944
4575 4575 491461.70625836716 4408501.269638335
4636 4575 492681.127514313 4408498.991055883
4819 4575 496342.37284133356 4408499.048611525
4880 4575 497562.32052634266 4408500.440718152
4941 4575 498782.0685418271 4408500.598064529
5002 4575 500001.82319862035 4408500.796504135
5063 4575 501221.167313175 4408500.368536738
5124 4575 502441.62884015945 4408500.808068833
5246 4575 504881.9178720029 4408499.012967474
3294 4636 465840.9124153441 4407280.894781892
3355 4636 467061.34663337196 4407278.532372239
3416 4636 468281.37067799136 4407281.449395346
3477 4636 469501.7699333599 4407281.720472757
3599 4636 471941.90237662935 4407280.5654976005
3660 4636 473161.91472022294 4407281.494891597
3721 4636 474382.05073625955 4407281.5640227115
3782 4636 475602.0163610437 4407282.081355564
4087 4636 481701.1345838027 4407280.938048976
4148 4636 482921.09827013646 4407280.470161347
4209 4636 484141.3602186784 4407280.45080632
4270 4636 485361.6827445333 4407280.155764349
4331 4636 486581.6947520947 4407280.702628454
4392 4636 487802.6830968156 4407280.529298137
4453 4636 489023.0311405616 4407281.418710275
4514 4636 490242.40694308863 4407280.543329881
4636 4636 492682.35748468904 4407281.623473991
4758 4636 495121.52966605435 4407281.233066105
4819 4636 496341.2068428676 4407280.607764271
4880 4636 497561.0681696217 4407279.528271481
4941 4636 498781.46312577894 4407279.63404361
5063 4636 501222.5726514 4407281.011679172
5246 4636 504881.55720038875 4407281.422763166
5307 4636 506101.74376764754 4407280.418812994
5368 4636 507321.5650614376 4407281.033300209
3233 4697 464622.0061531383 4406059.48706161
3294 4697 465840.9367522804 4406059.56864858
3477 4697 469501.9287298262 4406060.921624072
3599 4697 471941.21194417065 4406060.586805957
3721 4697 474381.9674463302 4406061.814255729
3843 4697 476821.91580789705 4406058.606043142
3904 4697 478041.89193509764 4406061.998725762
4026 4697 480481.33726397075 4406061.079634008
4148 4697 482920.8990115816 4406060.680208026
4270 4697 485361.4610605813 4406059.801540573
4331 4697 486581.3169349148 4406059.390589093
4392 4697 487801.3594073692 4406059.657478951
4453 4697 489021.82021420205 4406060.5072615165
4514 4697 490241.51480848255 4406061.930321222
4575 4697 491461.9179560728 4406061.456649117
4636 4697 492681.8218896122 4406060.998941056
4697 4697 493902.02496199217 4406061.595189738
4758 4697 495122.2438477325 4406061.012310786
4819 4697 496342.0828010029 4406060.664938169
4880 4697 497561.9257288442 4406060.842622864
5002 4697 500001.02954170125 4406060.565812301
5063 4697 501220.94993681513 4406059.812513181
5124 4697 502441.6155436136 4406060.220804747
5490 4697 509761.2300189141 4406061.293857893
3233 4758 464621.9740454435 4404841.309027654
3416 4758 468281.022069766 4404839.744396686
3599 4758 471941.93939267617 4404839.129011557
3660 4758 473162.4156635199 4404840.379002107
3721 4758 474382.72621415136 4404841.455693109
4026 4758 480482.4355596071 4404841.592945814
4331 4758 486581.00152083155 4404839.55761131
4453 4758 489022.0762541348 4404841.223992216
4575 4758 491462.44859784975 4404841.935129325
4697 4758 493901.6297404524 4404839.0098662665
4758 4758 495121.13192047406 4404839.714086723
4819 4758 496340.91333701997 4404840.540999287
4880 4758 497561.1672876569 4404840.859028081
4941 4758 498781.1300582846 4404840.364990644
5002 4758 500001.22147197183 4404839.70500719
5246 4758 504881.4097465271 4404840.41540452
3111 4819 462182.5016090614 4403619.483852158
3233 4819 464622.3325141416 4403622.185310555
3416 4819 468282.93989853037 4403621.953287262
3599 4819 471941.17568591586 4403620.069972171
3660 4819 473161.597620273 4403620.269340567
3721 4819 474382.15586766246 4403621.061019273
4087 4819 481702.7625327518 4403622.163847609
4209 4819 484142.6130083997 4403621.810788247
4270 4819 485362.58011840336 4403621.900745241
4514 4819 490242.97710458556 4403621.814743909
4697 4819 493902.92290566483 4403621.597000226
4758 4819 495122.85183804424 4403621.949551778
4941 4819 498781.88623712637 4403619.0676381625
5002 4819 500001.75071815564 4403619.314163039
5063 4819 501221.3078393674 4403620.358097088
5124 4819 502441.6028811946 4403619.529911729
5307 4819 506101.35152907216 4403620.540318854
5368 4819 507321.2582956159 4403620.794896057
5429 4819 508541.11295306706 4403621.021834931
3111 4880 462182.2494903034 4402400.983515084
3416 4880 468281.27485680266 4402401.747045028
3721 4880 474381.74235534406 4402401.143396549
3904 4880 478042.74292130437 4402399.529296721
3965 4880 479262.6585922301 4402400.862470856
4087 4880 481702.35251815245 4402401.651804447
4148 4880 482922.39985022624 4402401.808646941
4270 4880 485362.0308972401 4402401.9445341695
4331 4880 486582.06767423183 4402401.368367144
4392 4880 487802.0592494366 4402401.76396603
4636 4880 492682.57341953466 4402401.868618021
4697 4880 493902.2374280965 4402401.886002204
4758 4880 495122.4172473749 4402402.011553467
4819 4880 496342.4187111022 4402401.776679448
5002 4880 500001.9001266515 4402401.2803234
5063 4880 501221.7916379275 4402398.785541722
5124 4880 502442.3911304049 4402400.372667296
5185 4880 503662.3095155449 4402399.67293463
5307 4880 506102.41732263664 4402400.712699031
5368 4880 507321.7618247177 4402398.983324358
5429 4880 508541.9965625791 4402401.06425091
5490 4880 509761.2389588168 4402400.838599438
3050 4941 460962.18447341165 4401181.281875458
3416 4941 468282.7412198183 4401178.924080142
3477 4941 469502.0629490935 4401182.090960125
3599 4941 471942.04053146933 4401181.761829864
3660 4941 473161.19161906885 4401181.373443409
3721 4941 474381.56349799834 4401178.725222223
3843 4941 476822.298683774 4401179.16898235
3965 4941 479261.5648125065 4401180.786111026
4026 4941 480481.5164315356 4401180.413929595
4087 4941 481701.97918439994 4401179.633994715
4148 4941 482922.3429459425 4401180.828058295
4209 4941 484142.76229343965 4401181.708625148
4331 4941 486581.9107741144 4401181.179898797
4392 4941 487801.888080479 4401182.090899867
4453 4941 489021.2055600477 4401180.933576092
4514 4941 490241.1855110339 4401180.683420197
4575 4941 491461.8251605068 4401179.218598846
4636 4941 492682.51920776675 4401181.467566587
4697 4941 493902.7371016778 4401181.79436171
4758 4941 495122.61861085583 4401181.803779238
4819 4941 496342.55153247906 4401181.709692665
4941 4941 498781.4630470268 4401180.959828564
5002 4941 500001.5027560198 4401181.207675741
5063 4941 501220.7407642756 4401181.392844054
5124 4941 502440.76684260234 4401181.217434471
5307 4941 506101.761663387 4401180.964004222
5368 4941 507321.91005459084 4401180.881906112
3172 5002 463401.727577133 4399959.712688606
3233 5002 464622.0256633773 4399958.967713487
3294 5002 465841.81839407765 4399960.905753358
3660 5002 473162.2806291701 4399961.757733509
3721 5002 474381.93544667994 4399961.911553728
3843 5002 476821.6149974799 4399961.114264163
3904 5002 478041.31490920915 4399958.829829863
4026 5002 480482.2532386569 4399960.758904017
4087 5002 481702.2137090219 4399960.946794943
4148 5002 482921.786629018 4399961.052723522
4209 5002 484141.5227952685 4399960.712076455
4270 5002 485361.49956915 4399960.648874862
4331 5002 486582.0710920668 4399959.311944778
4392 5002 487801.96039992844 4399961.403400257
4514 5002 490242.3362978962 4399960.7585066445
4575 5002 491461.5506355606 4399961.100567457
4697 5002 493901.43720961263 4399961.216363021
4758 5002 495121.9016068598 4399961.29265741
5063 5002 501221.3844960629 4399960.864789965
5124 5002 502441.28031622095 4399960.684131975
5185 5002 503661.08514993737 4399960.569313109
5246 5002 504881.0381025937 4399959.69206224
5307 5002 506100.7735482806 4399960.500845675
2684 5063 453641.88482958823 4398741.524970856
3111 5063 462181.9979567949 4398741.497793433
3172 5063 463401.4133983586 4398739.58153668
3233 5063 464622.11347692786 4398740.897836025
3477 5063 469501.4817318532 4398741.30039171
3538 5063 470721.47985626076 4398741.517441046
3599 5063 471943.17413007206 4398741.449884301
3660 5063 473161.69479752413 4398740.960551231
3721 5063 474381.4368783822 4398741.837187777
3782 5063 475601.60197590763 4398742.04936857
3843 5063 476821.8083097369 4398741.592660839
3965 5063 479261.3290326761 4398741.327690844
4026 5063 480480.92991270765 4398741.009916299
4087 5063 481701.24615208065 4398740.502096153
4148 5063 482921.72844948195 4398740.386767763
4270 5063 485362.3779633812 4398741.102739434
4331 5063 486581.4429579387 4398738.98569658
4392 5063 487801.5137799077 4398740.78478127
4514 5063 490242.3855508658 4398741.360107432
4575 5063 491462.7013511893 4398741.45424814
5063 5063 501222.12219242065 4398741.771136623
5246 5063 504881.71285292885 4398740.691401314
5368 5063 507321.3488412664 4398740.327930235
5429 5063 508541.3085978024 4398740.409808611
2684 5124 453641.0558577296 4397521.594960323
2745 5124 454861.501380033 4397521.387500586
2806 5124 456081.8655321164 4397518.804986074
3660 5124 473162.9772187026 4397520.672710199
3721 5124 474383.079563937 4397520.850119923
3782 5124 475602.72437663114 4397521.723816628
3965 5124 479261.79707653495 4397521.693577078
4087 5124 481701.41542430356 4397521.720475521
4148 5124 482921.1579206885 4397521.002899223
4209 5124 484141.7151156133 4397520.865440392
4270 5124 485361.5403865319 4397519.448450716
4331 5124 486581.78594065324 4397520.440684997
4392 5124 487802.0106397622 4397521.09738886
4575 5124 491462.361077617 4397519.234718951
4758 5124 495122.32266497123 4397520.926256501
4819 5124 496342.2126600839 4397521.984486495
5002 5124 500001.42673737963 4397521.882826989
5063 5124 501221.20379367855 4397521.403781388
5124 5124 502441.1071310693 4397521.271252184
5368 5124 507322.7355869668 4397521.920747101
5429 5124 508542.11902647733 4397520.810750941
5490 5124 509761.36646007583 4397519.524285412
2684 5185 453641.4636330582 4396301.3429079205
3111 5185 462182.6220653284 4396301.564051058
3355 5185 467062.1055724513 4396299.072740939
3660 5185 473161.72229018394 4396301.051617734
3782 5185 475601.21260019194 4396301.2786717415
3843 5185 476821.49899408605 4396301.767657045
3904 5185 478042.05272064556 4396301.916951618
4087 5185 481703.05017601844 4396301.201406426
4209 5185 484141.9138464466 4396300.7974897055
4392 5185 487801.3670681277 4396301.146263473
4453 5185 489021.4989974532 4396300.869421352
4514 5185 490241.542016479 4396300.884405318
4575 5185 491461.3250682134 4396300.738599481
4636 5185 492681.22623253486 4396299.203518423
4880 5185 497562.04468669835 4396302.369861394
5246 5185 504881.26531647274 4396298.932903031
5307 5185 506101.20951827057 4396301.131947348
2684 5246 453641.7891208884 4395080.874008026
2806 5246 456081.41027034575 4395081.155176114
3172 5246 463401.24997205427 4395081.477308677
3416 5246 468281.58985618234 4395081.055365779
3477 5246 469502.2113890146 4395080.382626602
3782 5246 475601.58216931066 4395080.039025859
3843 5246 476821.55083295394 4395080.755090468
4087 5246 481701.7326318237 4395081.6590690715
4331 5246 486582.0335940703 4395081.764247317
4392 5246 487801.2361824139 4395079.0899705505
4453 5246 489021.1070427656 4395080.677186649
4514 5246 490241.2550997867 4395079.798756886
4880 5246 497561.19274505816 4395079.426545035
5063 5246 501221.2692380251 4395080.948197681
5246 5246 504881.4483815993 4395081.457479183
5307 5246 506101.6765010072 4395080.605602555
5368 5246 507321.05688012496 4395080.483210048
5490 5246 509760.9505931352 4395079.456356793
2684 5307 453641.157986285 4393861.257604921
2745 5307 454860.90792317066 4393860.60895393
2806 5307 456081.18548080424 4393860.766671393
2867 5307 457300.79859739123 4393860.442396123
3233 5307 464622.3415434481 4393860.964763152
3416 5307 468282.28096068953 4393861.020224111
3538 5307 470721.8292477098 4393861.278522405
3599 5307 471941.4616444981 4393860.874081744
3782 5307 475601.485993565 4393860.704285408
3843 5307 476821.07918474916 4393861.467671113
3904 5307 478041.17467415624 4393860.457971718
4026 5307 480481.889585844 4393860.251207008
4148 5307 482922.2485326451 4393859.405031412
4331 5307 486582.2962822369 4393861.854754064
4392 5307 487802.0443031071 4393861.398809443
4453 5307 489021.2803882523 4393861.426335076
4514 5307 490241.1419309863 4393860.495760051
4941 5307 498781.3369544165 4393860.871639836
5063 5307 501221.4385177015 4393859.076193679
5124 5307 502441.59742840036 4393858.933990729
5307 5307 506101.01301786955 4393861.384079103
2684 5368 453641.01848015893 4392640.610683663
2745 5368 454861.2889757629 4392640.620878985
2806 5368 456081.4201195495 4392640.854127298
2867 5368 457300.9713919968 4392640.458671737
2928 5368 458521.0253514866 4392640.307884728
3050 5368 460961.7658784323 4392639.367222665
3111 5368 462181.4940861587 4392640.453446108
3172 5368 463402.14691780944 4392640.8540216135
3416 5368 468281.4937683369 4392640.482982345
3538 5368 470721.14912269346 4392641.082817645
3599 5368 471941.5254203013 4392641.223113926
3660 5368 473162.19650032406 4392641.296872493
3904 5368 478041.8072345888 4392639.490686884
3965 5368 479261.83029128774 4392640.916435821
4209 5368 484142.05773400783 4392639.376551093
4270 5368 485362.8056441128 4392640.868999119
4331 5368 486582.4788461355 4392640.801999544
4453 5368 489022.10942398926 4392641.5575784
4514 5368 490241.40005569026 4392641.003545375
4575 5368 491460.9772681693 4392640.383883184
4697 5368 493900.69851904677 4392639.111007438
4941 5368 498781.4563123207 4392639.870177586
5002 5368 500002.02048068366 4392639.199609104
5063 5368 501221.8782235953 4392640.375921639
5185 5368 503662.21760545793 4392639.414042849
5246 5368 504881.92592015385 4392640.691659104
2684 5429 453641.23505334253 4391421.580126792
2745 5429 454860.71115403494 4391420.703900865
2806 5429 456080.9409770154 4391420.625866884
2867 5429 457300.9459949431 4391420.430485939
2928 5429 458521.2907812283 4391420.523115387
2989 5429 459741.2385705527 4391420.1920292815
3050 5429 460961.37214273826 4391418.729018733
3111 5429 462182.69578894455 4391421.956453761
3172 5429 463401.68507913186 4391421.270042227
3294 5429 465841.2663786395 4391419.321866024
3355 5429 467061.5052729732 4391420.414151361
3538 5429 470720.79682146234 4391419.538881685
3660 5429 473161.29910938157 4391421.22371321
3904 5429 478042.6079981478 4391421.750756364
3965 5429 479261.59263649484 4391421.605626722
4026 5429 480481.53551969735 4391421.267859151
4087 5429 481701.58968197566 4391420.623375428
4148 5429 482922.19421703095 4391419.212899261
4209 5429 484142.34005172085 4391420.186908375
4270 5429 485362.00853584264 4391420.619153074
4514 5429 490242.4355645394 4391421.597518517
4575 5429 491461.55160358193 4391419.015556901
4758 5429 495120.6744556449 4391420.992380168
4880 5429 497560.8637788692 4391421.248137394
4941 5429 498780.95942379336 4391420.460002584
5002 5429 500001.32632273406 4391419.473833951
5063 5429 501221.67714085587 4391420.3517395
2928 5490 458521.4774373254 4390200.637570116
3050 5490 460960.57599997066 4390200.999752722
3111 5490 462181.310713489 4390201.787966027
4087 5490 481701.9233403241 4390201.210876841
4209 5490 484141.43518905336 4390201.698693604
4270 5490 485360.8992802719 4390200.931892473
4331 5490 486580.8737680421 4390199.54287226
