1586 0 731677.4496119762 4800001.254506005
2074 0 741436.0289618756 4800003.264741753
2318 0 746316.4805293698 4800002.612771017
2379 0 747536.0413980567 4800003.633614999
2501 0 749976.3321368706 4800003.620728065
3355 0 767058.2009475639 4800003.706550333
3782 0 775598.0709872069 4800003.471439354
3965 0 779257.5481625434 4800003.713463687
4575 0 791457.098988836 4800002.286854567
5063 0 801217.5284761185 4800001.80101506
793 61 715817.2468508814 4798783.693949123
915 61 718257.0603185587 4798782.7626220705
976 61 719477.3468154746 4798783.160640708
1037 61 720697.1739468514 4798783.324984003
1098 61 721917.8932379169 4798783.131732005
1464 61 729237.4094950277 4798783.571111764
1525 61 730457.9630254811 4798783.365766582
1586 61 731677.5989985466 4798783.361609379
1647 61 732897.2323715853 4798783.353870176
1708 61 734116.9492706099 4798784.092616204
1830 61 736557.4046263429 4798783.864201566
1952 61 738996.3876665555 4798783.331605346
2013 61 740216.9257153316 4798783.3740621
2135 61 742657.1555882931 4798783.635770415
2196 61 743876.7889334388 4798783.028446588
2257 61 745097.6137819884 4798783.616350395
2318 61 746317.1332328598 4798783.2414602125
2379 61 747537.4571301094 4798782.556026273
2440 61 748757.5189927346 4798783.11274289
2501 61 749976.0143619142 4798783.425769698
2684 61 753637.5062550032 4798781.5823713755
2745 61 754857.8063290229 4798782.0992193865
2806 61 756076.4739980297 4798783.409236675
2867 61 757296.912334278 4798782.597410237
2928 61 758517.1486163822 4798783.136285587
2989 61 759736.6679574669 4798783.340204855
3050 61 760956.9392038615 4798783.319303561
3294 61 765837.5836407593 4798783.7878871765
3355 61 767057.3365350052 4798782.849503797
3477 61 769498.1080962144 4798782.131711773
3599 61 771938.4793584363 4798784.171462854
3660 61 773157.2210872527 4798783.127316371
3782 61 775596.5398321892 4798783.198833436
3843 61 776817.5031306446 4798782.847111786
3904 61 778036.4896960413 4798783.25094899
3965 61 779257.3869536093 4798783.296323094
4026 61 780477.2242276502 4798783.340850265
4087 61 781698.6008496945 4798781.969312631
4148 61 782917.1740325909 4798783.314604011
4209 61 784138.4174486875 4798783.230615197
4270 61 785357.4085741189 4798783.714965724
4331 61 786577.0606354802 4798783.855848951
4392 61 787796.4649987998 4798783.299188185
4453 61 789017.3237623525 4798782.250609365
4514 61 790237.4153943657 4798783.21851739
4575 61 791457.0827808955 4798783.227928714
4636 61 792677.2553188916 4798782.724440263
4758 61 795116.7396566464 4798783.273759599
4819 61 796337.117674989 4798783.297314431
4880 61 797556.7016322258 4798783.732842135
4941 61 798776.7893102384 4798782.757194364
5063 61 801215.7617467681 4798783.896108037
5246 61 804877.113185083 4798782.803396761
5368 61 807316.8266156479 4798783.3934271345
793 122 715816.7201849814 4797563.846427575
1098 122 721917.5325591253 4797562.873971318
1220 122 724356.3492412795 4797563.145949309
1281 122 725576.861433971 4797562.802994623
1464 122 729238.0725608274 4797563.743992944
1708 122 734117.1799535158 4797561.965308284
2074 122 741437.0416117592 4797563.0844005775
2135 122 742656.4492399626 4797564.166836177
2196 122 743877.0629195406 4797562.993558759
2257 122 745097.0551183199 4797563.417353088
2318 122 746316.7537203296 4797563.359508181
2379 122 747536.3021061018 4797563.563068977
2501 122 749976.2834894514 4797562.319203179
2562 122 751197.1548303273 4797563.166682889
2623 122 752416.4725353008 4797562.455573256
2684 122 753636.6057856516 4797563.340929395
2745 122 754856.3334936529 4797562.334502646
2806 122 756076.7353215802 4797562.826198903
2867 122 757296.7507414167 4797563.097995129
2928 122 758516.0958295686 4797563.5791076915
2989 122 759737.2629294617 4797562.836849483
3050 122 760958.1840279861 4797562.987526223
3111 122 762178.8716086006 4797562.376282376
3172 122 763398.6055664644 4797561.88377551
3233 122 764617.8306802324 4797562.410008655
3294 122 765837.3062458553 4797563.202590344
3355 122 767057.3846969316 4797563.047224811
3477 122 769497.6158989444 4797563.459361249
3782 122 775598.1409640808 4797562.336386517
3843 122 776816.7297332977 4797563.91157283
3965 122 779257.0393808435 4797562.866260687
4087 122 781697.4733432434 4797563.069497475
4148 122 782918.0975391945 4797563.312549756
4209 122 784137.5511519037 4797564.150927715
4270 122 785357.0618782452 4797563.277314434
4331 122 786576.9959798871 4797563.073811905
4392 122 787797.039922439 4797562.93938502
4453 122 789016.9193056768 4797562.502496353
4514 122 790237.0822799644 4797563.31480068
4575 122 791455.7781216393 4797563.31893526
4636 122 792676.3101926264 4797563.442166099
4697 122 793896.1800184967 4797563.847357812
4758 122 795117.3496288795 4797561.900511961
4819 122 796337.3553623161 4797563.350107426
4880 122 797557.7989235425 4797562.397930332
5002 122 799996.4829209286 4797563.411489507
5063 122 801216.8933228488 4797562.616258564
5124 122 802437.1260069628 4797563.001023473
5185 122 803657.4789667802 4797562.5898299385
5246 122 804874.8747972902 4797563.111150223
5307 122 806096.64886096 4797563.829273475
5368 122 807317.1314054871 4797563.02476068
915 183 718257.3320477885 4796342.264498512
976 183 719477.2853301936 4796342.612269521
1098 183 721917.3446882085 4796343.244708628
1525 183 730457.7272786981 4796342.835727591
1708 183 734117.0323773806 4796343.839337197
1830 183 736556.5965941189 4796343.176492838
1891 183 737776.5356019748 4796343.590417755
1952 183 738997.0697141229 4796342.35268456
2013 183 740218.0192026501 4796343.25607252
2074 183 741436.5817254258 4796343.358451685
2135 183 742656.5152260662 4796343.254459704
2196 183 743876.4618755701 4796343.524617373
2257 183 745096.7622139702 4796343.5798779735
2379 183 747537.030294082 4796343.554330576
2440 183 748756.2644400806 4796343.544376581
2501 183 749976.6759518946 4796344.202286833
2623 183 752416.9915171491 4796343.763476871
2745 183 754856.9226519627 4796343.343493119
2806 183 756076.8325055507 4796342.888988771
2928 183 758516.9638442299 4796342.39275813
3050 183 760957.7505385882 4796342.667595154
3111 183 762177.1638927449 4796344.525154941
3172 183 763397.7305122495 4796342.935965052
3233 183 764617.8078397589 4796343.6129845
3294 183 765837.6387362642 4796342.899330173
3355 183 767058.1605784429 4796343.755636987
3416 183 768277.553125535 4796341.832324429
3477 183 769498.0159587607 4796343.747045834
3538 183 770717.599409981 4796342.914091044
3599 183 771937.0449003848 4796343.261720847
3660 183 773157.0822623897 4796343.795687835
3904 183 778036.6032904349 4796343.727103794
3965 183 779256.8080883666 4796343.573604589
4026 183 780476.5514431853 4796343.47669649
4087 183 781696.5389594829 4796343.329159837
4148 183 782917.0890867661 4796342.756993085
4209 183 784137.7727371416 4796343.35795899
4270 183 785357.4406624832 4796344.211038152
4331 183 786577.350430064 4796343.179265443
4392 183 787796.9643896533 4796342.990403346
4514 183 790237.1161443369 4796342.584148265
4575 183 791456.7172706391 4796342.841100848
4636 183 792676.810959518 4796343.828857725
4697 183 793897.0751535236 4796343.153085414
4758 183 795116.8749111621 4796344.05940095
4819 183 796337.2894548157 4796343.178899204
4880 183 797557.2538007784 4796343.056438342
4941 183 798776.5810035662 4796343.439264988
5002 183 799997.9981198602 4796342.133634644
5063 183 801216.9388098521 4796342.833285678
5185 183 803656.2479818828 4796342.447096201
5368 183 807317.7873175342 4796342.065629806
915 244 718257.2491093585 4795123.420764068
1098 244 721917.4414115583 4795122.750634453
1159 244 723137.5008178621 4795123.73855349
1281 244 725577.7006691706 4795122.771196026
1342 244 726797.3128650265 4795123.708052296
1708 244 734118.3268567784 4795124.339334489
1769 244 735336.5002252761 4795124.061197156
1830 244 736556.0769190509 4795123.58818276
1891 244 737776.3980808246 4795124.060424834
2074 244 741436.2374594435 4795124.091154699
2135 244 742656.2645434478 4795123.7998098945
2196 244 743876.4398781464 4795123.218328544
2257 244 745097.2242101221 4795123.2626567455
2318 244 746316.5341052981 4795123.03905528
2379 244 747536.7945724123 4795123.097735806
2440 244 748757.0299494854 4795123.777501043
2501 244 749977.6236683136 4795123.352153806
2562 244 751197.8538119291 4795123.045076589
2623 244 752417.5556205527 4795122.823545678
2684 244 753636.5825155667 4795123.679275638
2745 244 754856.6033128968 4795123.062785465
2806 244 756076.8114521686 4795122.7240211535
2867 244 757297.6773405524 4795122.492813062
2928 244 758516.8468352729 4795123.108058144
2989 244 759737.6405665278 4795122.337470224
3172 244 763397.0838562835 4795122.286181045
3233 244 764617.4946485857 4795123.108014536
3294 244 765837.9298780094 4795122.980180645
3416 244 768277.6963277331 4795123.339030695
3477 244 769498.6080596263 4795122.951426188
3538 244 770717.3582963294 4795123.670779458
3965 244 779255.7223406457 4795123.07841927
4026 244 780477.1418765442 4795123.354197388
4087 244 781697.0320218725 4795122.689227771
4148 244 782917.1351121898 4795123.442356064
4209 244 784137.5190452017 4795123.484283178
4270 244 785356.5475138372 4795124.033963955
4331 244 786576.8664426646 4795123.282923317
4453 244 789016.345497031 4795123.780400544
4514 244 790236.608529726 4795123.299803065
4575 244 791455.8502689365 4795123.587448985
4636 244 792677.5871123731 4795123.590626116
4697 244 793897.1042010927 4795123.390514764
4819 244 796336.3825739907 4795123.0960536245
4880 244 797556.5611450488 4795123.528075713
4941 244 798776.9238072856 4795123.03364996
5002 244 799995.8365184056 4795123.518744841
5063 244 801217.469773147 4795122.263277892
5124 244 802437.0326725063 4795122.990064942
5185 244 803656.7899763864 4795123.017015782
5307 244 806097.0767356325 4795123.2235523015
5368 244 807317.6353335048 4795121.935509566
976 305 719477.4214676272 4793903.558952065
1037 305 720697.7542570574 4793903.793838206
1098 305 721917.6720085525 4793904.119616208
1159 305 723136.741493198 4793903.994972935
1586 305 731678.263085008 4793903.795102317
1647 305 732898.1168602188 4793904.34768886
1708 305 734117.6221008936 4793903.481846893
1769 305 735337.0853293051 4793902.222922475
1830 305 736557.3863122817 4793902.525963122
1891 305 737776.5352822398 4793903.427059003
1952 305 738997.7762302164 4793902.355623532
2013 305 740216.2667351154 4793902.416291391
2135 305 742656.732745925 4793903.861026218
2196 305 743876.5336038274 4793903.360291845
2257 305 745096.7543323818 4793903.515441733
2379 305 747537.4088602492 4793903.411498333
2440 305 748756.5930608938 4793903.337574625
2501 305 749977.368879686 4793903.3312294185
2562 305 751196.7892462288 4793903.361482618
2684 305 753638.101075167 4793903.328623081
2745 305 754856.2665559597 4793904.027627477
2806 305 756076.3510671112 4793903.854485182
2867 305 757297.0208206704 4793902.277822461
2989 305 759737.8437285601 4793902.77548981
3050 305 760957.2878933636 4793903.95189932
3111 305 762177.202288327 4793903.244522253
3172 305 763398.2426774765 4793902.025165847
3233 305 764617.6519933454 4793903.360487476
3355 305 767057.9733612753 4793902.99335145
3416 305 768278.3496176455 4793903.353420829
3477 305 769497.3151462793 4793903.417014108
3538 305 770718.3451917232 4793901.780767872
3599 305 771937.9843014103 4793901.315154423
3843 305 776817.1907782289 4793902.844492619
3904 305 778037.1690387616 4793902.917751222
4026 305 780476.9133281531 4793903.097580483
4087 305 781697.0135871674 4793903.60542482
4148 305 782917.2929937406 4793903.070874965
4209 305 784136.9637159139 4793903.146654124
4270 305 785358.4729150052 4793902.62010082
4331 305 786578.0998804206 4793903.498517985
4392 305 787797.5781228198 4793902.115151108
4453 305 789017.0964834847 4793901.998401514
4514 305 790236.985474046 4793903.786464606
4575 305 791457.1751612128 4793903.470503092
4697 305 793896.8090279314 4793902.955579277
4758 305 795115.865819279 4793903.838231809
4819 305 796336.3380950904 4793902.6044430565
4941 305 798776.965621832 4793903.350085083
5002 305 799997.1279778248 4793902.689115675
5063 305 801216.5101310504 4793903.660403495
5124 305 802436.8546402405 4793903.31738776
5185 305 803656.8450847062 4793903.258696743
5246 305 804876.804697746 4793903.66137197
915 366 718257.8070634376 4792682.75879085
1220 366 724357.6627950268 4792682.437660664
1586 366 731676.6097840806 4792683.87063872
1708 366 734117.0589021749 4792684.349638548
1952 366 738996.6010579447 4792683.209056702
2135 366 742657.0767610875 4792682.5862149205
2257 366 745096.6182015906 4792683.814788839
2318 366 746317.0849505644 4792682.670081519
2379 366 747537.1312053438 4792682.885395959
2440 366 748756.999452393 4792682.453280054
2562 366 751197.5371516095 4792682.648549816
2623 366 752416.7590369231 4792684.008861184
2745 366 754857.1547850635 4792683.485422943
2989 366 759737.0163475068 4792682.687293564
3050 366 760956.8652312099 4792683.359079148
3111 366 762177.1568278762 4792683.045405284
3172 366 763398.2943896743 4792683.003575417
3233 366 764617.4909883561 4792683.022607417
3294 366 765838.1325397526 4792682.71812953
3355 366 767057.4553777226 4792683.36369104
3477 366 769498.1851533861 4792682.975741162
3538 366 770716.4342735737 4792682.051197475
3660 366 773158.0684324572 4792683.264017191
3721 366 774377.1535269846 4792683.10728047
3843 366 776817.7016207194 4792683.378713777
3965 366 779257.3417274016 4792682.912766721
4026 366 780477.9338078303 4792682.881345808
4087 366 781696.3980547582 4792683.835810209
4148 366 782917.1142524763 4792683.740511182
4209 366 784137.4646520423 4792682.603720796
4270 366 785356.9408526436 4792683.248830072
4331 366 786577.343385337 4792682.934899373
4453 366 789016.6351949334 4792682.8061752645
4514 366 790237.1898909098 4792682.640017554
4575 366 791456.8398889755 4792683.5099237
4636 366 792676.329250993 4792683.791066644
4697 366 793896.5008225275 4792682.316611203
4758 366 795116.4693571761 4792682.5840542475
4819 366 796336.5567694204 4792683.545643008
4880 366 797556.9581603861 4792683.447401959
4941 366 798777.6247993667 4792683.3967930535
5002 366 799996.4151624102 4792683.585967401
5063 366 801217.1578792015 4792683.135012333
5124 366 802438.4228860037 4792682.613837618
5185 366 803657.1245307205 4792681.8837348
5246 366 804876.9193973043 4792683.134320279
5307 366 806097.0391233993 4792682.950156082
1281 427 725576.9004222653 4791463.20304844
1586 427 731676.712847015 4791463.841851077
1708 427 734117.9542905431 4791463.168797227
1952 427 738996.5683713311 4791462.585746506
2013 427 740216.8733129036 4791463.713712235
2257 427 745095.9677347105 4791463.426192277
2379 427 747536.4003209084 4791463.9362152135
2440 427 748756.3241294733 4791463.760741541
2501 427 749976.7532906346 4791463.075262379
2562 427 751197.4057192786 4791462.968330248
2684 427 753636.6754632037 4791463.811643588
2745 427 754857.2103595342 4791463.04597951
2806 427 756077.4209887215 4791462.468740276
2928 427 758517.2580153605 4791463.142740077
2989 427 759737.2527405022 4791462.158866838
3050 427 760957.5167271482 4791463.815261353
3111 427 762176.8809823506 4791463.539052533
3172 427 763398.3008903983 4791462.168385908
3233 427 764616.9263530062 4791463.852753789
3294 427 765837.5492472338 4791463.3396915095
3477 427 769496.9108151855 4791463.50816826
3538 427 770716.6945428075 4791463.589871683
3660 427 773157.5208977569 4791462.339179734
3721 427 774377.1523464256 4791463.765663035
3782 427 775598.7676439027 4791463.471363018
3904 427 778037.4500717239 4791462.685446671
4087 427 781697.3731676923 4791463.387377985
4148 427 782917.1133490072 4791462.981500446
4209 427 784137.9116698368 4791463.4558335375
4270 427 785357.3597824272 4791462.597351468
4331 427 786576.7779000924 4791463.285863537
4453 427 789017.4156034488 4791462.97183805
4514 427 790236.3430937992 4791462.996382147
4636 427 792675.9420765137 4791462.959124122
4697 427 793896.5838665853 4791462.862337919
4758 427 795117.2999391252 4791462.816396039
4819 427 796336.9185662669 4791462.9945320515
4880 427 797557.8766025063 4791462.063375027
4941 427 798777.1735361309 4791461.654084243
5002 427 799995.673533771 4791462.42499418
5063 427 801216.1323010329 4791463.751435992
5124 427 802436.6722016642 4791463.334984519
5185 427 803656.7229070502 4791463.693128537
5307 427 806097.9381796974 4791462.303490051
976 488 719477.1679129361 4790243.852382189
1281 488 725577.2277121416 4790243.808741184
2013 488 740216.6871594627 4790243.484649712
2074 488 741437.2460047631 4790242.423290767
2135 488 742656.1943835015 4790242.244612986
2196 488 743877.3242835338 4790243.321188056
2257 488 745096.8313831338 4790243.053841367
2318 488 746317.1768512565 4790243.287933505
2379 488 747537.8313818525 4790243.404535058
2501 488 749976.3487236724 4790243.405026382
2562 488 751196.368074622 4790243.161878675
2623 488 752416.1024864031 4790243.378039132
2684 488 753637.7320549128 4790243.362129632
2745 488 754857.0461522102 4790243.447372288
2806 488 756077.0147082544 4790242.517641998
2867 488 757297.0352371358 4790242.960936888
3111 488 762177.0539577916 4790242.475354186
3233 488 764617.2273210678 4790244.034200921
3294 488 765837.6336990929 4790242.892217431
3355 488 767057.7733076436 4790242.868245538
3416 488 768277.855778841 4790243.005416533
3477 488 769497.7428987229 4790243.300025839
3538 488 770717.2537871033 4790243.269551471
3599 488 771937.415313855 4790242.193477697
3782 488 775597.4702893378 4790242.8229626715
3843 488 776816.7631667285 4790242.617243632
3965 488 779257.9020020108 4790242.030791733
4087 488 781697.3139564161 4790243.288490343
4148 488 782918.3639876865 4790242.785042614
4209 488 784137.156956736 4790243.432814444
4270 488 785357.4724053525 4790243.981706871
4331 488 786576.2667290403 4790243.104623726
4392 488 787796.6430879827 4790243.310934616
4453 488 789016.0379219147 4790244.202984023
4575 488 791457.0930472045 4790243.256030111
4697 488 793895.7427190486 4790244.270631188
4819 488 796335.8025013134 4790244.154443287
4880 488 797556.6565615521 4790243.868225444
4941 488 798777.5413591905 4790242.815792099
5002 488 799995.9668059199 4790244.254600186
5124 488 802436.9719165745 4790242.930241635
5185 488 803656.6735534931 4790243.732009152
5246 488 804876.9628434125 4790243.037940113
5307 488 806096.8227542606 4790242.763180829
1037 549 720697.0372559524 4789023.667451933
2013 549 740218.0268606719 4789022.533789414
2074 549 741436.7413087854 4789022.989173079
2196 549 743876.3413078092 4789022.29106493
2257 549 745096.6469673604 4789023.7567703435
2318 549 746317.037708705 4789023.259622818
2379 549 747537.3896972215 4789022.905818169
2440 549 748757.3205799226 4789021.546066643
2501 549 749976.7223755653 4789023.500131195
2684 549 753636.8867194923 4789022.804659262
2745 549 754857.4697726022 4789022.951092442
2928 549 758515.6361482169 4789023.379327397
3050 549 760957.8098505769 4789023.994592577
3111 549 762176.3227145695 4789022.663229081
3172 549 763397.0802547844 4789023.078097317
3233 549 764617.0732379764 4789022.897378901
3355 549 767058.5747159111 4789021.801030959
3538 549 770718.17630572 4789023.646671477
3599 549 771937.1910460534 4789023.194102419
3660 549 773157.0790088734 4789022.951714105
3721 549 774377.649409314 4789022.765873179
3965 549 779258.439527938 4789021.7407547515
4087 549 781696.7619526346 4789022.046260074
4148 549 782917.4010623347 4789023.196867022
4209 549 784137.1677658356 4789023.0085660955
4270 549 785356.0502026931 4789022.071767109
4331 549 786577.0144893123 4789022.996686004
4392 549 787796.7078561042 4789023.806530919
4453 549 789016.5533628872 4789023.520551061
4514 549 790238.1007550766 4789022.952552274
4697 549 793897.5241378342 4789023.259884368
4758 549 795117.3338863966 4789023.365637043
4880 549 797557.0573593915 4789022.874308212
4941 549 798776.0096963935 4789023.42931134
5002 549 799996.7260936633 4789022.6061610915
5063 549 801215.8059433908 4789023.18612016
5307 549 806097.4441146215 4789022.4459308935
976 610 719477.8565073923 4787802.919075774
1037 610 720697.5014574041 4787803.5719552385
1159 610 723137.0973068763 4787804.169970384
1342 610 726798.1239788892 4787803.420376791
2013 610 740217.1646947903 4787803.571709639
2074 610 741436.7057417817 4787803.258294786
2379 610 747536.8205484613 4787803.419321098
2440 610 748756.8949476402 4787804.51231062
2501 610 749976.5607066551 4787803.765055155
2623 610 752416.8307161372 4787802.790449688
2867 610 757296.6366535091 4787803.611791515
2928 610 758517.900057643 4787803.67722724
2989 610 759737.6811080397 4787802.948370349
3050 610 760957.9417332384 4787803.067172909
3172 610 763397.555501978 4787802.898756414
3294 610 765837.9800242806 4787803.646775789
3477 610 769497.288890318 4787802.70374444
3538 610 770717.1667998532 4787803.531262947
3599 610 771937.5454959756 4787803.373007535
3660 610 773157.5535419661 4787802.681210531
3782 610 775597.8755809024 4787803.628768514
3843 610 776817.5704156442 4787802.539917988
4026 610 780476.6279837393 4787804.25473159
4148 610 782917.7271738282 4787802.47336129
4209 610 784137.081474235 4787803.054146645
4331 610 786577.1707143077 4787803.153301808
4392 610 787796.218133665 4787804.071319797
4453 610 789017.076671979 4787803.678229779
4514 610 790237.3464913673 4787803.588250101
4697 610 793896.2457161257 4787803.017122728
4758 610 795116.32807027 4787803.291519215
4819 610 796336.8701363015 4787803.792520224
4880 610 797556.2177474877 4787804.086672924
4941 610 798777.4190649759 4787803.121986226
5002 610 799997.0272451595 4787803.515664086
5063 610 801216.0940846263 4787803.310460867
5246 610 804876.3663189273 4787802.9930148795
1891 671 737776.8971315885 4786582.952243265
1952 671 738996.5394688161 4786582.876370971
2013 671 740217.4333832196 4786582.1866864
2074 671 741436.7021123138 4786583.81873634
2379 671 747537.4606199926 4786582.598055503
2928 671 758517.2222324896 4786583.20076578
2989 671 759737.0517156378 4786583.573570809
3050 671 760957.5533791047 4786583.484195912
3111 671 762177.0703961103 4786583.41204445
3172 671 763397.7183808064 4786582.925414608
3233 671 764618.0126656811 4786582.076822456
3294 671 765836.9392396637 4786583.461589419
3355 671 767058.0287970023 4786583.183880578
3477 671 769497.3851493191 4786583.109324853
3538 671 770716.9774517623 4786583.0761092985
3599 671 771937.5467610208 4786582.8834704915
3660 671 773157.6683267469 4786583.071926729
3782 671 775597.0142217752 4786582.945677387
3843 671 776817.6709701447 4786583.477598846
4087 671 781696.6628690868 4786583.843393607
4209 671 784136.4377592632 4786583.447872308
4331 671 786577.6527856466 4786583.127501458
4392 671 787796.449425417 4786583.370796759
4453 671 789017.7726649916 4786583.660002868
4514 671 790236.5315543491 4786583.1796724545
4575 671 791456.4779390555 4786583.797198052
4636 671 792676.909212933 4786583.510131402
4697 671 793896.3176771298 4786584.45755788
4758 671 795116.2001570744 4786583.553896656
4819 671 796336.4365726355 4786583.73579982
4880 671 797557.3424276053 4786582.516273075
4941 671 798776.4795599894 4786583.253035371
5002 671 799997.9497921815 4786581.94519342
5063 671 801216.597990627 4786583.7283928925
5185 671 803656.7024299371 4786582.13638407
5246 671 804877.192959825 4786582.137856817
2013 732 740217.885008315 4785362.842942313
2135 732 742657.4531412539 4785363.488379462
2257 732 745099.0851536519 4785361.622014145
2318 732 746317.4424007772 4785362.457082362
2989 732 759738.0986637553 4785363.2450997755
3050 732 760958.6572738781 4785363.788300397
3294 732 765837.2546791576 4785363.166724925
3416 732 768277.7639108999 4785362.821919949
3599 732 771937.0673860761 4785362.951150698
3660 732 773157.4099044511 4785362.468021146
3782 732 775598.139235699 4785363.381146603
3843 732 776817.5485738919 4785362.850776958
3904 732 778038.0510783638 4785362.004226226
4026 732 780477.2105626552 4785363.230605323
4209 732 784136.9641520069 4785363.605268483
4270 732 785356.7979576766 4785363.428245814
4331 732 786576.9531519872 4785362.8391580805
4392 732 787796.3636539173 4785363.939871239
4453 732 789016.9134564322 4785362.885164771
4514 732 790237.0397859686 4785363.449533081
4575 732 791456.7228169448 4785363.606690334
4636 732 792676.8183936665 4785363.413403011
4697 732 793896.1157472853 4785363.5285363
4758 732 795116.5523165636 4785363.149301599
4819 732 796336.6501273699 4785363.039757499
4941 732 798776.4265731329 4785361.515791503
5063 732 801217.3354310706 4785362.491557808
5124 732 802435.8009406378 4785363.94687967
5185 732 803655.5621358071 4785364.306494777
5246 732 804877.2247614249 4785363.242166382
2135 793 742656.5689409734 4784144.320990685
2196 793 743877.0786590539 4784142.558698185
2989 793 759738.0204697431 4784143.026305298
3111 793 762176.2636341009 4784142.411520522
3172 793 763397.7609227081 4784142.672652915
3233 793 764617.5477666936 4784143.223176543
3294 793 765837.2314612238 4784142.919497925
3599 793 771937.5989055827 4784143.442445521
3660 793 773157.6937783156 4784142.6764758425
3721 793 774377.950489388 4784142.609150656
3782 793 775596.76217852 4784143.242863241
3843 793 776816.7486341023 4784143.135372094
3904 793 778037.3305439053 4784142.866348902
4087 793 781697.7755277965 4784143.801277122
4148 793 782916.4075011598 4784143.937215458
4209 793 784137.355014653 4784143.172213816
4270 793 785357.0808518581 4784142.769939395
4331 793 786576.28624488 4784143.567000456
4392 793 787797.5161477975 4784142.206887581
4453 793 789017.0989650523 4784143.062973843
4514 793 790236.6195280226 4784143.155441335
4575 793 791456.2561821988 4784144.347870776
4697 793 793896.8451273175 4784143.452111423
4758 793 795116.8771644795 4784143.646627636
4819 793 796336.8688117686 4784142.767723491
4880 793 797556.7581246109 4784143.946869154
4941 793 798777.0427197911 4784143.103609193
5002 793 799997.372028943 4784143.692966901
5063 793 801215.4950763714 4784143.766445439
5124 793 802436.4889796788 4784142.7568041375
5185 793 803657.0739698827 4784143.502976528
5246 793 804876.4272730282 4784143.259180765
2135 854 742657.1955328925 4782922.607853875
3050 854 760957.1294478007 4782923.805719213
3111 854 762176.9217634493 4782924.405118969
3233 854 764617.3766233458 4782923.054540071
3294 854 765837.6515578307 4782923.222091626
3416 854 768277.6566853201 4782922.924443333
3538 854 770718.3339349263 4782922.09397192
3599 854 771937.4892422593 4782922.885992378
3660 854 773157.0480486018 4782923.20939733
3721 854 774377.9526813746 4782923.2594006965
3782 854 775597.5202261172 4782922.994567033
3843 854 776817.281325653 4782923.202989059
3965 854 779257.1116049375 4782923.442412484
4331 854 786576.8433325264 4782922.853586124
4392 854 787795.9553886213 4782923.077751565
4453 854 789016.6557072493 4782923.982853906
4514 854 790237.0826936594 4782923.217021324
4575 854 791456.6078733644 4782923.299397896
4636 854 792676.378821554 4782923.185358297
4697 854 793897.08031161 4782922.714739763
4819 854 796336.9329268455 4782923.306038834
4880 854 797557.1400088262 4782922.525043124
4941 854 798777.2977008307 4782922.855382713
5002 854 799997.3677164171 4782923.358122908
5063 854 801216.4058003267 4782923.605611693
5124 854 802436.7649206958 4782923.113212317
5185 854 803656.3309680013 4782922.925948454
2196 915 743876.7752788259 4781703.346191591
2928 915 758516.9996045672 4781703.287616796
3050 915 760957.2466768178 4781704.288685524
3111 915 762175.7995931417 4781703.474176136
3233 915 764617.1813449251 4781703.656934318
3355 915 767057.9456614992 4781703.361420606
3599 915 771937.2326470031 4781702.932362284
3721 915 774377.2014739426 4781702.427901072
3782 915 775597.5092529804 4781702.91730313
3843 915 776817.2341727881 4781702.504108759
3904 915 778037.471838001 4781703.187717042
4087 915 781697.0853722703 4781703.694391865
4148 915 782916.0270808496 4781703.942003275
4270 915 785356.6658443176 4781703.545276786
4453 915 789017.344205308 4781703.345196559
4514 915 790237.1055814261 4781703.165606603
4575 915 791456.8892219799 4781702.4512038035
4636 915 792677.0800136693 4781702.55255236
4697 915 793896.928875394 4781703.503674224
4758 915 795117.6227851817 4781703.085889953
4819 915 796337.9803679114 4781701.572896059
4880 915 797556.352366815 4781703.32206653
4941 915 798776.4131836358 4781703.225852199
5063 915 801217.0258243873 4781702.821949258
2318 976 746317.5164803106 4780482.739385237
2989 976 759737.3306161821 4780483.986907103
3111 976 762178.1770773869 4780483.445712611
3355 976 767056.9269571733 4780483.347380439
3416 976 768278.6196170967 4780482.972522194
3477 976 769497.1961863462 4780482.782178965
3538 976 770718.7384437529 4780483.519302095
3599 976 771937.8810619994 4780483.239355994
3660 976 773157.5379381893 4780483.411043909
3782 976 775597.5534709375 4780482.566545667
3904 976 778037.9991532404 4780482.400340648
4026 976 780477.835398649 4780484.61552468
4087 976 781697.147895998 4780483.016964967
4148 976 782916.8540989131 4780483.531381149
4270 976 785356.2716176045 4780482.958470922
4331 976 786577.0467939319 4780482.844205931
4453 976 789017.4017753579 4780482.926741344
4514 976 790236.6693079816 4780482.707885498
4575 976 791457.5294951139 4780483.068567056
4636 976 792676.9398816017 4780483.129558639
4697 976 793897.53422806 4780483.294581386
4758 976 795117.3197296186 4780482.792239877
4819 976 796336.9469218911 4780483.086026801
4880 976 797556.6901618593 4780483.279243162
4941 976 798776.8235028081 4780482.760948275
5002 976 799995.8387705563 4780483.403221569
5063 976 801216.7214115222 4780483.268167195
5124 976 802437.1214418922 4780481.768635109
5185 976 803657.2807848697 4780483.006645594
2928 1037 758517.4230979966 4779262.367164415
2989 1037 759736.9662773286 4779263.176473264
3111 1037 762176.8942609101 4779262.604905204
3294 1037 765838.1093138267 4779263.231213912
3355 1037 767055.7852147898 4779263.61394972
3416 1037 768277.5708947437 4779263.199075219
3538 1037 770717.5875626616 4779263.493621124
3599 1037 771937.9182318161 4779262.642320041
3843 1037 776817.7074815474 4779262.712526728
3904 1037 778037.4813054198 4779263.664897293
4270 1037 785356.9742738007 4779263.307114257
4453 1037 789016.7747725875 4779263.873703066
4575 1037 791457.1339214988 4779263.3607642
4636 1037 792676.8539819021 4779262.788948769
4697 1037 793896.4577429735 4779264.046575197
4819 1037 796336.952449629 4779263.365645736
5002 1037 799997.3811006681 4779263.125906999
5063 1037 801216.5235924567 4779263.032407485
5124 1037 802436.1834383187 4779262.142249318
5185 1037 803656.420303185 4779262.9423736585
2135 1098 742657.0881603895 4778043.148167798
2196 1098 743878.182095432 4778042.591693272
2989 1098 759737.1906680724 4778042.852104818
3050 1098 760956.6462103745 4778044.055793711
3477 1098 769497.000618167 4778043.7057967475
3538 1098 770717.0246606559 4778043.445631971
3843 1098 776817.3647687891 4778043.364505338
4148 1098 782916.629728265 4778043.095700091
4209 1098 784136.8090044806 4778044.180503457
4270 1098 785356.331117348 4778043.743358195
4514 1098 790236.6051153475 4778043.855512568
4575 1098 791456.6365329166 4778042.538917982
4636 1098 792676.912183362 4778042.673511699
4697 1098 793896.762719102 4778042.429605619
4758 1098 795116.0112499754 4778043.647419306
4819 1098 796337.4887378771 4778042.968200186
4880 1098 797556.6659597001 4778042.872711987
4941 1098 798777.2457490448 4778042.650884824
5002 1098 799997.2508565495 4778043.007263517
5185 1098 803657.6886808252 4778042.409980428
2196 1159 743876.9657823235 4776822.931908297
3050 1159 760958.6151770982 4776822.578898603
3111 1159 762177.8737252877 4776823.862329516
3172 1159 763397.6530109385 4776823.321012559
3233 1159 764618.25837885 4776823.837253805
3294 1159 765837.6112764559 4776823.721064185
3416 1159 768277.4759252706 4776823.527182963
3538 1159 770717.7654404431 4776823.2835607035
3599 1159 771937.2051302734 4776823.1456088545
3843 1159 776817.060781692 4776823.573345644
4087 1159 781696.9917238194 4776823.234194957
4270 1159 785356.500647105 4776823.415696678
4331 1159 786576.7614995233 4776823.108748709
4514 1159 790236.7035843119 4776823.319754675
4575 1159 791456.7758111041 4776823.767397088
4636 1159 792676.8866909785 4776823.335783869
4697 1159 793896.9906909944 4776822.8401444685
4758 1159 795117.1465359168 4776823.454053877
4819 1159 796336.4256693077 4776822.607492975
4941 1159 798777.5731353358 4776822.22745146
5002 1159 799996.3552966214 4776822.880337323
5124 1159 802438.0945903406 4776822.198043143
2074 1220 741436.2682574153 4775603.337485857
2501 1220 749976.2086458098 4775601.951435095
3050 1220 760956.5326662392 4775603.441481793
3172 1220 763397.6506188096 4775602.721111699
3294 1220 765837.1904981281 4775603.9359731125
3416 1220 768277.9367571933 4775603.234672171
3782 1220 775596.9361591708 4775602.8744882
3904 1220 778035.9883814049 4775603.92892948
4087 1220 781697.8485375604 4775603.129416346
4148 1220 782917.0355083102 4775603.220969762
4209 1220 784136.8449235378 4775602.948550779
4392 1220 787796.7342584343 4775604.348028434
4575 1220 791456.6171928039 4775604.043538217
4697 1220 793896.519237462 4775603.431653167
4941 1220 798778.0056907174 4775602.493440185
5002 1220 799997.498566669 4775602.906501529
5063 1220 801216.1533953008 4775602.468656415
5124 1220 802437.3673934519 4775602.43200646
2135 1281 742656.5196861117 4774383.329425409
2196 1281 743876.6534119961 4774382.682843096
2257 1281 745096.2453708425 4774383.595756987
3050 1281 760956.5799835622 4774383.008541074
3111 1281 762177.9752070697 4774382.903613367
3172 1281 763397.4058537475 4774383.139471976
3233 1281 764617.0155659963 4774383.906500184
3294 1281 765837.4976578937 4774382.612003581
3355 1281 767057.8272319994 4774382.952541869
3538 1281 770717.231074016 4774383.065696589
3782 1281 775597.3059958939 4774383.2033434855
3843 1281 776816.4898535843 4774383.354917711
4087 1281 781697.721581785 4774383.468385023
4148 1281 782917.0935226699 4774383.467647402
4331 1281 786577.4984549811 4774383.73844884
4514 1281 790236.7936792517 4774383.703393605
4697 1281 793897.1515686698 4774383.534238059
4758 1281 795116.5942841129 4774384.002902757
4819 1281 796337.663404869 4774383.143665222
4880 1281 797556.8443710087 4774383.81513293
4941 1281 798777.0953116931 4774384.18418863
5002 1281 799996.5938815826 4774383.348016486
5063 1281 801216.4542910104 4774383.433693076
5124 1281 802436.5191549609 4774382.756040433
2196 1342 743877.8125646543 4773162.341519587
2257 1342 745096.6128153146 4773163.002378567
2318 1342 746317.0723182029 4773162.50133646
2379 1342 747536.2484956828 4773163.425592054
2745 1342 754857.100521192 4773163.11947721
2928 1342 758518.3344216029 4773163.826625446
2989 1342 759738.0681857337 4773163.8352807835
3172 1342 763396.9864624309 4773163.538238327
3538 1342 770717.1365530668 4773163.3516493095
3721 1342 774377.6759895743 4773162.673481516
3782 1342 775598.2583859536 4773162.647177733
3904 1342 778037.1264322046 4773163.823859831
3965 1342 779258.7500692394 4773162.183450291
4697 1342 793896.9274943514 4773163.437141642
4758 1342 795116.7374824946 4773163.704470604
4819 1342 796336.524353402 4773163.624992983
4880 1342 797558.2816182266 4773163.470918757
4941 1342 798777.4333256546 4773163.9819047265
5002 1342 799997.4826649087 4773163.473786645
5063 1342 801217.5260101747 4773162.62034018
2196 1403 743876.7752588267 4771943.487310736
2440 1403 748756.4853418852 4771943.701129295
2989 1403 759738.0314207304 4771942.560961687
3111 1403 762177.463913419 4771943.801477703
3172 1403 763397.5768396078 4771943.10592744
3355 1403 767056.9331533725 4771941.818333671
3477 1403 769497.8589219092 4771943.160050725
3538 1403 770716.82131765 4771943.694164695
3599 1403 771937.8182775677 4771943.270113075
3660 1403 773157.7677593695 4771943.416874049
4026 1403 780476.993394654 4771943.537628132
4087 1403 781696.8361228342 4771942.710084554
4148 1403 782916.4780646167 4771942.667794398
4209 1403 784137.2591891094 4771943.174553448
4270 1403 785358.8500056356 4771942.303036642
4331 1403 786576.1915730957 4771943.559007579
4575 1403 791456.7663049537 4771944.197796814
4636 1403 792676.5063789162 4771944.200728409
4819 1403 796336.7278773556 4771942.8474656055
4880 1403 797557.4791456613 4771942.727646912
4941 1403 798776.8358384557 4771943.35977886
5002 1403 799997.7049390089 4771943.754080621
5063 1403 801217.0020933152 4771943.4371511405
2318 1464 746316.5817995509 4770722.889940736
2440 1464 748756.6633443842 4770723.56041562
2501 1464 749976.7484857535 4770723.379909504
2806 1464 756077.4072324426 4770722.720708047
2928 1464 758516.7690153489 4770723.080910055
2989 1464 759737.1894414054 4770723.1961378595
3172 1464 763397.1997242392 4770723.45120438
3233 1464 764616.7676984075 4770723.041716431
3294 1464 765837.1975017755 4770723.027125317
3355 1464 767057.549355043 4770722.646909339
3660 1464 773156.8328574854 4770723.100948962
3782 1464 775597.5521406261 4770722.677640345
4087 1464 781696.685645896 4770722.998478241
4148 1464 782916.3066149373 4770723.139603879
4270 1464 785356.9554334417 4770723.653449457
4331 1464 786577.442112732 4770723.186393404
4392 1464 787798.6568013447 4770723.839158531
4575 1464 791455.8702111793 4770724.563936562
4697 1464 793897.054773932 4770723.275433921
4880 1464 797556.5110374044 4770723.57900339
4941 1464 798777.8634861409 4770722.844326139
5063 1464 801216.8550486366 4770723.149068592
2379 1525 747536.622462214 4769503.443568844
2501 1525 749976.3210366503 4769504.031485751
2562 1525 751196.8588536837 4769503.188480287
2684 1525 753637.1309943687 4769502.6286621
3233 1525 764617.6135831046 4769502.562089016
3294 1525 765837.4700055678 4769503.680436216
3416 1525 768278.2723375228 4769501.872956164
3660 1525 773157.2453076162 4769503.2428215565
4026 1525 780476.8871868281 4769504.044213733
4148 1525 782917.4907941326 4769502.744833302
4209 1525 784136.4212906159 4769503.2986762645
4392 1525 787797.5783573487 4769503.290852385
4575 1525 791457.0466647111 4769503.959471011
4697 1525 793897.6713140147 4769504.044033984
4758 1525 795116.7877739179 4769503.945242042
4880 1525 797557.0036314944 4769504.004437233
4941 1525 798777.0901495859 4769503.5221100245
5002 1525 799997.4442051905 4769503.134295703
5063 1525 801217.2188350483 4769503.069961504
2440 1586 748757.3627293481 4768282.915152044
2623 1586 752417.2484526224 4768283.221615502
2684 1586 753637.1943410648 4768283.015441361
2745 1586 754857.2729334617 4768283.340265613
3355 1586 767058.2703571953 4768283.537303699
3843 1586 776816.8614296061 4768284.11765975
4148 1586 782917.0299000992 4768283.38022071
4209 1586 784136.1772930212 4768283.743894027
4331 1586 786576.9435479628 4768283.633316616
4453 1586 789018.0958350797 4768283.574649508
4819 1586 796336.5445855921 4768284.656810145
4880 1586 797555.452118906 4768282.299827521
4941 1586 798776.9253889949 4768283.564924263
5002 1586 799996.2956635937 4768283.829946915
2501 1647 749977.4339531771 4767063.014981557
2562 1647 751196.5554471683 4767063.090291439
2623 1647 752416.9203152447 4767062.748916401
3416 1647 768277.1410774736 4767063.002728297
3477 1647 769497.2815077931 4767063.062906654
3599 1647 771937.4729668971 4767063.203590352
3660 1647 773157.6323370757 4767062.829410995
4026 1647 780477.9238236101 4767062.680775451
4087 1647 781697.0477760889 4767063.658280494
4148 1647 782915.7417433608 4767063.898216039
4331 1647 786576.6399625331 4767062.811443476
4392 1647 787796.4686698006 4767063.681254834
4453 1647 789016.5420595681 4767063.341688193
4575 1647 791456.5304850631 4767063.574614634
4819 1647 796336.491637842 4767063.682499056
4880 1647 797556.3664866938 4767063.701833344
5002 1647 799996.2624786594 4767062.930011823
2623 1708 752417.2425797964 4765843.250295885
3477 1708 769496.7757352036 4765842.895981822
3538 1708 770717.2301628849 4765844.050701342
3660 1708 773156.4050611518 4765843.08177091
3721 1708 774376.5847086372 4765843.863524304
4026 1708 780477.6082536444 4765843.821644014
4087 1708 781697.534658198 4765843.082508389
4331 1708 786577.4657085598 4765842.500937209
4392 1708 787795.6447891294 4765843.428721685
4453 1708 789016.3267113231 4765843.664416172
4758 1708 795116.1642969156 4765844.257426913
4819 1708 796337.0836586305 4765843.682251479
5002 1708 799996.620091279 4765843.459155958
2745 1769 754857.3684495374 4764623.175723172
2806 1769 756076.002879611 4764623.1980030015
2867 1769 757296.3304613619 4764623.749034335
3538 1769 770716.3139137726 4764622.912305444
3599 1769 771937.5750506035 4764623.235256822
3660 1769 773157.9476397614 4764622.753445549
3965 1769 779257.2304268035 4764623.567471609
4026 1769 780476.693716385 4764623.827597083
4087 1769 781696.1854089084 4764623.577210369
4148 1769 782916.0541924445 4764622.853625275
4209 1769 784136.1151948497 4764622.9884915715
4270 1769 785356.3458171649 4764623.905430703
4331 1769 786577.226656079 4764623.694971665
4392 1769 787796.1773657937 4764623.824422059
4453 1769 789016.2315330675 4764622.742612695
4514 1769 790235.5685608253 4764623.694350255
4575 1769 791455.9014176712 4764624.4525412405
4636 1769 792675.4180396254 4764623.753097153
4697 1769 793897.6635596345 4764622.620434653
4758 1769 795116.1527307183 4764622.976121704
4819 1769 796336.6038634852 4764623.192231631
4880 1769 797556.4335313061 4764624.27131978
2745 1830 754856.1956536439 4763403.240868882
2806 1830 756076.5515206483 4763403.178797083
2867 1830 757296.9966596363 4763403.118892424
3538 1830 770716.2464129131 4763403.6985944575
3660 1830 773156.4302282872 4763403.519737159
3965 1830 779256.8686547732 4763403.504660254
4087 1830 781695.9023139452 4763403.642557025
4148 1830 782915.3685298099 4763402.569445401
4209 1830 784136.7127107723 4763402.372265308
4270 1830 785356.7151143509 4763403.812860397
4392 1830 787797.0164247485 4763402.436531152
4453 1830 789016.9079472938 4763403.142187172
4514 1830 790236.1025278114 4763403.316806828
4575 1830 791456.9149385776 4763403.84822075
4758 1830 795115.5466302577 4763404.122872721
4880 1830 797556.6937206914 4763403.612355202
2867 1891 757296.8869904483 4762182.84856662
2928 1891 758516.3537814892 4762183.008827971
3965 1891 779256.2730788036 4762184.1326159155
4026 1891 780476.9126105732 4762183.374984087
4087 1891 781696.152811187 4762183.645609326
4148 1891 782916.0283567609 4762183.568452986
4209 1891 784136.1706567769 4762184.229182594
4270 1891 785356.4522302146 4762183.213076429
4331 1891 786576.253994446 4762183.452446652
4392 1891 787796.0940507464 4762183.532188717
4453 1891 789016.643938386 4762183.672358524
4514 1891 790236.5414984778 4762183.195270925
4575 1891 791456.215900434 4762183.297573023
4636 1891 792676.2841904467 4762183.343673298
4758 1891 795117.7521004569 4762182.778392162
4819 1891 796336.1772954721 4762184.441626015
4880 1891 797556.346968968 4762183.776213113
5002 1891 799996.5701748508 4762182.758812239
4148 1952 782916.5892387951 4760963.845919487
4209 1952 784135.8847358149 4760963.612071875
4270 1952 785356.0856518742 4760964.498430257
4331 1952 786576.7113943829 4760963.389284717
4392 1952 787796.7607653704 4760963.594130021
4514 1952 790235.7016352696 4760963.5342431
4575 1952 791456.3122091884 4760963.824192309
4636 1952 792676.762194169 4760962.834456679
4697 1952 793895.8933532662 4760963.489920511
4758 1952 795116.3469914299 4760963.253916855
4819 1952 796336.6806827072 4760963.344287481
4880 1952 797556.0748967489 4760963.558572594
4087 2013 781698.9398459485 4759742.0805480955
4148 2013 782916.2516753819 4759743.745832682
4209 2013 784136.0620111829 4759743.760720019
4270 2013 785355.7002270836 4759743.462082368
4331 2013 786576.1660187844 4759743.480159389
4392 2013 787797.1184514423 4759742.685186957
4453 2013 789016.7383426062 4759742.618397881
4575 2013 791456.1799268966 4759743.807213381
4636 2013 792676.1003208364 4759742.957991539
4697 2013 793895.6824940376 4759743.177165984
4758 2013 795115.8159510614 4759743.674022671
4880 2013 797556.8114917866 4759743.770374571
4941 2013 798775.19205371 4759743.265842176
4148 2074 782916.632028302 4758523.187335942
4270 2074 785357.2165522639 4758523.506959065
4392 2074 787796.8181368833 4758523.704715292
4453 2074 789016.2523601734 4758522.739751275
4514 2074 790235.9878836053 4758524.072291148
4575 2074 791456.1485572197 4758523.1577689955
4636 2074 792675.6551507997 4758523.134803331
4758 2074 795116.2965245296 4758522.337693024
4819 2074 796336.0197802747 4758522.830707449
4880 2074 797556.7844632528 4758522.596326561
3721 2135 774376.6380097871 4757303.370766019
4026 2135 780476.6273087899 4757302.1383554675
4148 2135 782916.684545155 4757303.2259041155
4209 2135 784136.0202135852 4757303.299798214
4270 2135 785357.7279447325 4757302.160766239
4331 2135 786576.6948651642 4757302.86978202
4392 2135 787795.7699770503 4757304.158010262
4575 2135 791456.2198571223 4757303.160476843
4697 2135 793896.2671486333 4757303.604716693
4758 2135 795117.0198490523 4757302.767138845
4819 2135 796336.4725800788 4757302.481659881
4148 2196 782916.4016616377 4756083.505791999
4209 2196 784136.2567491939 4756082.41304355
4270 2196 785355.9387567184 4756083.175292722
4331 2196 786576.1175297322 4756083.859649153
4392 2196 787796.6603243394 4756083.630801472
4453 2196 789016.1232496535 4756083.851186374
4514 2196 790236.013704145 4756083.941642819
4575 2196 791456.0261696278 4756083.193193698
4636 2196 792676.3010464631 4756082.166517207
4697 2196 793896.2078073731 4756083.3891991535
4758 2196 795117.336671065 4756082.279858316
4819 2196 796336.6458590415 4756083.258444074
3660 2257 773157.0520094057 4754864.2924333885
3721 2257 774376.6373023043 4754864.250459021
3782 2257 775597.1666128177 4754864.148140066
4026 2257 780477.5403138887 4754862.725373118
4087 2257 781696.6016393475 4754863.604807523
4148 2257 782915.8893715687 4754864.138247912
4270 2257 785356.1783118324 4754863.259368223
4331 2257 786576.8239886324 4754863.254418079
4575 2257 791456.1303169356 4754863.84809669
4697 2257 793895.6430299226 4754863.311060349
4758 2257 795115.9303202322 4754862.717891848
4880 2257 797556.5579967676 4754862.948396877
4026 2318 780476.8344184991 4753643.521605848
4087 2318 781697.0709780392 4753642.921255682
4209 2318 784136.5490070092 4753642.752701404
4331 2318 786576.2759463423 4753643.26295879
4392 2318 787796.1436695323 4753643.708603174
4453 2318 789016.1698685776 4753644.157996089
4514 2318 790235.8177674325 4753644.012275325
4575 2318 791455.8873580055 4753643.902538816
4697 2318 793895.9851264128 4753642.920705082
4758 2318 795115.8961402578 4753643.297968021
4819 2318 796335.6341917076 4753642.882588908
4880 2318 797556.9596146257 4753643.30587102
4026 2379 780477.0574363255 4752423.6117144255
4087 2379 781696.2316794944 4752423.439446395
4148 2379 782916.2849722801 4752423.1768967025
4209 2379 784136.6229261188 4752424.00591281
4392 2379 787796.7311388869 4752423.460219082
4453 2379 789015.8558569741 4752423.657543524
4636 2379 792676.4773105092 4752424.0691465065
4758 2379 795116.9766496537 4752422.927829908
4819 2379 796336.639549807 4752422.707266575
4148 2440 782917.8841316014 4751202.018487261
4209 2440 784137.7333099567 4751203.218361948
4270 2440 785356.8020291117 4751202.837411467
4392 2440 787796.3105760105 4751204.618942085
4453 2440 789015.7340004765 4751203.979542351
4514 2440 790235.656117557 4751203.7506728275
4575 2440 791456.3193560252 4751202.994936805
4697 2440 793896.3494981764 4751203.364892677
4819 2440 796337.47018891 4751201.1903946595
4087 2501 781696.5054489912 4749983.354960315
4148 2501 782916.4928072264 4749984.026874401
4270 2501 785356.7615526889 4749983.408281285
4331 2501 786576.773286865 4749983.476886435
4392 2501 787795.8302191566 4749983.841782721
4453 2501 789016.4285091399 4749983.657092606
4514 2501 790236.5903398028 4749983.449939618
4575 2501 791456.1672658226 4749982.589232402
4636 2501 792676.453939767 4749982.952186464
4758 2501 795115.7462273892 4749982.696194416
4819 2501 796336.492877886 4749982.31698686
4087 2562 781696.2372484516 4748763.291815331
4209 2562 784136.5922352449 4748763.732567266
4270 2562 785356.7878877529 4748763.525619568
4331 2562 786577.402058348 4748763.127134612
4392 2562 787797.1110558808 4748763.766495897
4453 2562 789017.0503788439 4748762.780357946
4514 2562 790236.68446411 4748763.063605087
4575 2562 791456.2110728548 4748763.025081913
4636 2562 792676.2806218284 4748763.455907515
4697 2562 793896.4607512793 4748762.85588002
4758 2562 795115.9877165175 4748762.753067311
4148 2623 782916.3900121478 4747542.806995403
4209 2623 784137.5192249839 4747543.460196029
4270 2623 785355.8597077242 4747544.21743688
4392 2623 787796.8514781144 4747543.244048261
4453 2623 789017.8775795727 4747543.577369024
4514 2623 790236.1949566884 4747543.271492867
4575 2623 791456.2309259212 4747543.837948759
4636 2623 792676.896265181 4747542.548212855
4697 2623 793896.3988782202 4747543.186640651
4758 2623 795116.0800246708 4747542.996555943
4819 2623 796335.9711737023 4747542.886024049
4148 2684 782915.8000774488 4746323.347287409
4209 2684 784136.767043183 4746323.746542879
4392 2684 787796.4876232127 4746323.33906738
4453 2684 789018.5923072716 4746323.694997336
4514 2684 790235.9669733545 4746323.92472415
4575 2684 791456.4255133399 4746323.650997955
4636 2684 792676.8634236618 4746324.068944531
4697 2684 793896.2314304034 4746323.774279512
4148 2745 782916.4068217087 4745103.638105661
4209 2745 784135.9410801949 4745103.883424368
4270 2745 785357.2068950518 4745103.2664096225
4331 2745 786578.2530535408 4745103.7059380915
4453 2745 789016.601134226 4745103.956518418
4514 2745 790236.6432992986 4745104.189786487
4575 2745 791457.3420232174 4745103.196463428
4636 2745 792676.284063234 4745103.70925363
4697 2745 793897.021449141 4745103.501613601
4758 2745 795116.9104098107 4745103.633511453
4209 2806 784136.3417963657 4743882.501969716
4270 2806 785356.5827316799 4743883.63912167
4331 2806 786576.1224939516 4743883.885774197
4392 2806 787796.790648925 4743883.171645299
4453 2806 789016.5219184584 4743883.145499963
4514 2806 790236.9528479702 4743884.285300797
4575 2806 791455.8070705833 4743884.200675003
4636 2806 792677.6911831204 4743882.52113607
4697 2806 793896.1079783549 4743883.668975669
4758 2806 795115.7530705382 4743883.51867456
4209 2867 784137.7374783201 4742662.921132036
4270 2867 785356.5143504696 4742663.146926335
4331 2867 786576.6882948633 4742663.573242988
4392 2867 787796.2471466252 4742663.105324138
4575 2867 791457.5405483261 4742663.887117172
4636 2867 792677.17741179 4742663.598571146
4697 2867 793896.3901021795 4742662.506599252
4758 2867 795115.7366045348 4742664.250823296
4209 2928 784136.9849818683 4741443.551793117
4270 2928 785355.895801469 4741444.264050246
4636 2928 792676.5849688011 4741442.872315074
4697 2928 793896.9571551641 4741443.539715292
4209 2989 784136.4876526068 4740223.45181419
4270 2989 785356.8760576275 4740222.875993649
4331 2989 786576.3688808465 4740223.577473372
4392 2989 787796.6981759479 4740222.487688327
4453 2989 789016.1764675343 4740222.9653965235
4514 2989 790235.802206107 4740223.428174896
4575 2989 791457.24037606 4740222.531658135
4636 2989 792678.4065199052 4740223.307624231
4697 2989 793897.1670352011 4740222.996890975
4209 3050 784136.7991470051 4739002.354760345
4270 3050 785356.3311200112 4739003.30246247
4331 3050 786576.3594753512 4739003.855374313
4453 3050 789016.6427980841 4739002.909557691
4514 3050 790236.5082187487 4739002.840874984
4575 3050 791457.8833400062 4739003.104926291
4636 3050 792676.2290070477 4739002.409729324
4697 3050 793896.3970328299 4739002.938642105
4270 3111 785356.0467389245 4737783.348812574
4331 3111 786576.8299592969 4737782.987414849
4392 3111 787795.945704416 4737782.762009512
4453 3111 789016.5155646199 4737781.890900171
4514 3111 790235.9404044552 4737783.373416751
4575 3111 791456.8589389831 4737783.82247625
4636 3111 792676.9344711553 4737783.373504534
4697 3111 793896.2938190157 4737783.122134689
4270 3172 785356.322947224 4736563.552021467
4331 3172 786576.5316605138 4736563.628424948
4636 3172 792675.2604596416 4736562.742902673
4270 3233 785357.8197025515 4735342.779861591
4331 3233 786577.0303802072 4735343.260072682
4575 3233 791456.7087950861 4735343.907211811
4636 3233 792676.5662726702 4735343.451482547
4331 3294 786577.4389732046 4734123.517838176
4392 3294 787796.7021612831 4734122.083182681
4453 3294 789015.9171781769 4734122.443683257
4514 3294 790236.4324798187 4734122.487064364
4575 3294 791456.5568608784 4734122.6353399735
4331 3355 786576.4109190996 4732902.370331341
4392 3355 787797.3965115206 4732903.029702069
4453 3355 789016.5470165504 4732903.663137249
4575 3355 791456.7757281034 4732903.021270756
4636 3355 792676.7108934049 4732902.909759924
4453 3416 789016.7034930133 4731683.193152219
4392 3477 787796.231812205 4730463.549212447
4453 3477 789016.0281310147 4730462.486381212
4514 3477 790236.5650383903 4730463.235044837
4514 3538 790236.385210281 4729243.473435908
4575 3538 791456.9084859546 4729242.218967922
4514 3599 790236.5897049378 4728023.668727416
4575 3599 791457.5376851137 4728022.851936428
