7076 244 570741.7713983108 4997597.9847246865
7808 366 578058.0130109496 4996378.920696535
7076 488 570736.123109299 4995156.369110776
1830 610 518283.0316933312 4993937.454729263
2196 610 521938.4804688776 4993935.75955316
2440 610 524382.6927797585 4993935.909454939
4514 610 545116.7571493238 4993937.000818014
7564 610 575617.5542985307 4993937.386270514
8052 610 580502.3371424254 4993936.759422678
1464 732 514620.2011298298 4992719.854265893
2196 732 521942.46229691576 4992717.264555858
366 854 503638.8468857051 4991498.535673335
976 854 509737.0861296037 4991497.290009752
4758 854 547562.828184633 4991495.802117645
5978 854 559760.6691805177 4991497.739978742
6710 854 567076.8623361149 4991498.093819762
7564 854 575616.9985277561 4991501.169491701
122 976 501201.6301185819 4990278.464403261
1342 976 513397.58014336147 4990278.293798217
2562 976 525599.8076619892 4990280.101243895
3538 976 535360.8930676392 4990277.670797942
7198 976 571956.7710213828 4990276.788439266
7930 976 579277.4721940537 4990275.884766877
2562 1098 525599.8704109553 4989059.797504402
2928 1098 529258.4542983021 4989057.342112718
3416 1098 534136.508341983 4989057.551463188
4392 1098 543898.6958405937 4989057.523965256
4636 1098 546340.1606096898 4989059.89438275
5002 1098 549997.7018267923 4989056.799833893
6344 1098 563419.8471511498 4989054.82660725
2440 1220 524378.2418967155 4987837.887944288
3172 1220 531703.6408118444 4987837.402651925
3904 1220 539020.1727030966 4987836.513222769
4758 1220 547562.1077404286 4987837.529611827
5612 1220 556097.8449428477 4987838.343222559
5734 1220 557317.1961058863 4987837.010035766
5856 1220 558537.0731218383 4987838.480219767
5978 1220 559758.0638018346 4987838.328855591
244 1342 502420.2880826437 4986619.720800206
1586 1342 515838.1827368903 4986619.193425504
1708 1342 517057.03519733757 4986616.944055699
3050 1342 530478.2611128297 4986615.347766437
3416 1342 534137.1795816807 4986616.571102369
4270 1342 542677.2686363562 4986616.155946231
4636 1342 546336.882672843 4986616.266853139
5490 1342 554879.4268854068 4986617.869299653
5856 1342 558536.6987440011 4986619.242426155
854 1464 508517.21297801594 4985397.067642012
4880 1464 548777.1715309543 4985398.888368569
6588 1464 565857.512067505 4985401.961993442
7442 1464 574402.5718762545 4985396.406495828
1098 1586 510958.1550132617 4984178.22129739
1342 1586 513398.1953899921 4984176.807103068
2074 1586 520717.26647478796 4984177.074009116
2196 1586 521937.786176532 4984181.351722217
2440 1586 524376.7105363924 4984175.985032621
3172 1586 531703.2633035807 4984176.843124622
3416 1586 534141.4857257919 4984178.102046721
4026 1586 540241.7081551785 4984176.13655646
4148 1586 541459.0976290721 4984175.6339197485
4758 1586 547562.0875225654 4984177.281389048
9394 1586 593921.030392224 4984181.88065384
488 1708 504859.0198042593 4982960.496870034
610 1708 506077.48202325625 4982958.134274139
1342 1708 513397.73948739504 4982958.4336079415
3904 1708 539021.0301072921 4982955.665944829
6222 1708 562198.2253732504 4982957.829724415
6466 1708 564636.6661453864 4982956.645538954
7808 1708 578059.5129487998 4982957.695614904
8296 1708 582941.073932709 4982956.351096596
9516 1708 595138.2872784061 4982958.078230026
10004 1708 600017.7229766853 4982961.872672871
2806 1830 528038.1221101454 4981739.010842101
3416 1830 534136.0073820103 4981735.9062488945
7564 1830 575617.4888599608 4981737.557987949
9882 1830 598798.2046805313 4981740.950392527
976 1952 509738.65961335483 4980517.999284997
1342 1952 513396.3960510638 4980517.505868446
2684 1952 526817.3978938668 4980518.133080808
3172 1952 531697.4405175659 4980517.359646403
3904 1952 539022.658850024 4980519.792005058
4148 1952 541460.2559598822 4980519.516737275
4514 1952 545119.6411382311 4980518.154151388
6344 1952 563424.247908439 4980515.671749966
7808 1952 578061.1266327784 4980521.333685435
9638 1952 596356.8722935028 4980522.022268255
9882 1952 598798.2202966961 4980521.007436076
10126 1952 601237.7162386212 4980517.9731707955
10370 1952 603676.5545809272 4980518.911123345
732 2074 507299.3338884144 4979296.611694285
1220 2074 512177.0160096044 4979297.775939964
3416 2074 534142.2227961728 4979296.74507769
3538 2074 535356.002723983 4979297.215328916
9028 2074 590259.6615374533 4979301.093391901
9394 2074 593923.040766211 4979295.622563867
10004 2074 600016.1605427958 4979301.396559737
10492 2074 604901.54593704 4979301.908995342
488 2196 504860.52991658583 4978076.76829287
1464 2196 514618.3308188302 4978078.3818271905
3294 2196 532918.1791436186 4978076.126362562
3782 2196 537799.1915481233 4978078.587063956
4636 2196 546336.6551790412 4978076.774139888
5490 2196 554877.7072340974 4978078.858545564
6222 2196 562197.6976294625 4978078.790547572
7930 2196 579278.3439760839 4978078.586521273
9638 2196 596359.0037354154 4978077.430781959
10126 2196 601236.6608785219 4978080.726547532
122 2318 501199.4388596796 4976859.826933976
366 2318 503638.33624320535 4976857.056105306
732 2318 507299.1809527753 4976855.955181926
854 2318 508521.7940083311 4976855.179301731
2928 2318 529257.7689655572 4976855.490105255
3050 2318 530477.9631967638 4976856.726582813
3172 2318 531697.6376185784 4976857.515960718
3294 2318 532921.0849445525 4976855.24484381
3538 2318 535357.7860148852 4976856.681853863
4392 2318 543897.1434554766 4976855.142610745
4514 2318 545118.2967387367 4976858.310865666
5002 2318 549997.0389171592 4976858.862718064
5368 2318 553660.4499304335 4976858.399574857
5856 2318 558536.1103894754 4976857.746458927
6588 2318 565858.1484947262 4976856.634524837
8784 2318 587820.8631025809 4976862.558201241
122 2440 501198.55152201065 4975637.647441712
366 2440 503637.5147648837 4975636.840821673
3660 2440 536578.5954010633 4975636.267868588
3904 2440 539021.6429138073 4975635.631153242
4148 2440 541461.6954103995 4975635.42706281
4392 2440 543901.525904808 4975637.020612523
4636 2440 546342.571450776 4975635.283740333
6100 2440 560976.7246340932 4975637.042355664
7320 2440 573178.439943997 4975639.198895575
7564 2440 575618.3064285687 4975637.021047012
8784 2440 587817.7840624766 4975641.620508727
10126 2440 601238.6995961585 4975635.819063273
10858 2440 608559.8595337055 4975640.155468971
0 2562 499974.6597493148 4974419.517911803
2684 2562 526818.0408452298 4974417.894686725
3172 2562 531697.9143703894 4974416.363458197
3294 2562 532920.3580171375 4974419.728326682
3782 2562 537798.1745162111 4974416.209776523
3904 2562 539018.779882785 4974417.176795414
4148 2562 541458.2500858638 4974415.957525179
4636 2562 546341.1429921554 4974417.987883227
5612 2562 556098.8707343824 4974417.175838657
6100 2562 560978.407645103 4974416.12174169
6954 2562 569516.7082299162 4974417.729611078
7442 2562 574400.463869232 4974420.786594755
8540 2562 585375.5014568993 4974415.75846975
9760 2562 597577.8651047366 4974419.410889048
10004 2562 600019.3438641822 4974415.533156908
10370 2562 603677.6360630925 4974417.362769784
10614 2562 606121.6756225375 4974416.191426859
10736 2562 607342.5615886941 4974422.383780666
244 2684 502420.09471787885 4973199.92187528
366 2684 503638.33703378343 4973197.060634583
2562 2684 525601.1636989617 4973196.814113823
3904 2684 539019.1840334707 4973195.516856487
4392 2684 543897.7581088754 4973197.397093703
5002 2684 550004.0307290871 4973197.928778673
5612 2684 556096.7703442811 4973198.617175747
6344 2684 563422.046238594 4973200.594017657
6466 2684 564636.9593183694 4973197.479856357
6710 2684 567079.8974977902 4973193.555297754
6832 2684 568299.9479201145 4973199.893506242
8174 2684 581717.3645265321 4973202.040937242
10614 2684 606115.7082447456 4973198.319362834
122 2806 501198.90540165856 4971975.858604684
244 2806 502420.71126081416 4971977.792153132
488 2806 504857.71938521 4971977.608309585
2684 2806 526821.2462348008 4971976.717513373
3904 2806 539020.8084505715 4971975.686792078
4026 2806 540241.7984499561 4971976.678623798
4148 2806 541458.7751910405 4971977.09224596
4270 2806 542680.8858694849 4971976.807047594
4392 2806 543898.3015080851 4971977.584227082
4514 2806 545119.0954174236 4971975.24893746
4636 2806 546339.8621395454 4971976.8853716105
4758 2806 547560.487288543 4971975.69821707
5246 2806 552438.5251613957 4971977.120681836
5368 2806 553659.3734866236 4971976.970397288
6588 2806 565860.094885193 4971979.793855547
7930 2806 579283.2923180369 4971976.754050886
9028 2806 590257.6140650434 4971981.917855292
9394 2806 593921.528058835 4971981.618083546
9760 2806 597576.8745534548 4971980.979711939
3416 2928 534141.1705582736 4970756.838049699
3782 2928 537798.857953955 4970756.0914388485
4148 2928 541460.5833244994 4970756.8331413
4758 2928 547562.1823945825 4970758.734720016
6832 2928 568300.1499946329 4970759.779626127
7076 2928 570741.5470616007 4970758.481375723
7686 2928 576842.2398480026 4970757.551767643
7808 2928 578056.9326604514 4970757.137024689
10492 2928 604897.4256514854 4970758.661683988
244 3050 502417.3418761263 4969537.490081452
488 3050 504859.87482785946 4969536.002054269
1220 3050 512177.8214658554 4969537.178236927
3538 3050 535359.6875750391 4969536.943881161
3660 3050 536578.5050935841 4969536.767173727
4026 3050 540238.8697056819 4969536.846264392
4270 3050 542677.740449846 4969536.168189638
4514 3050 545121.1449976447 4969536.5735422
4636 3050 546338.2458628458 4969536.870032752
5002 3050 550000.433611849 4969537.598785411
5368 3050 553663.2590118478 4969536.85836012
5612 3050 556099.7320205858 4969536.277690865
6466 3050 564641.162901331 4969535.673890396
6710 3050 567079.2865911674 4969537.5947242165
7198 3050 571960.2536663939 4969540.137443976
7564 3050 575618.3539567785 4969538.15552257
9272 3050 592695.7134075647 4969536.50965925
9760 3050 597576.6381663356 4969536.282906437
9882 3050 598796.6175440344 4969537.268388875
10614 3050 606122.3671303781 4969538.858161287
244 3172 502417.7404136035 4968315.712030043
3782 3172 537798.5484290184 4968318.35165102
3904 3172 539019.2221661524 4968317.686280783
4148 3172 541458.2000667858 4968316.704103628
4270 3172 542678.0423351636 4968317.988254306
6710 3172 567082.2512865129 4968315.908869859
6954 3172 569521.5365159274 4968317.049553136
8174 3172 581716.7274453238 4968315.245496994
8296 3172 582938.2350108325 4968317.311590743
9272 3172 592697.8645638825 4968316.820894186
9760 3172 597577.3821569323 4968317.050804586
10370 3172 603677.7758838255 4968319.315084203
4026 3294 540238.220945639 4967096.754104158
5246 3294 552439.5803552674 4967097.922230229
5734 3294 557321.1023390403 4967096.141908003
6100 3294 560977.77537029 4967097.918614611
6588 3294 565859.4823784059 4967095.450879303
6710 3294 567081.4048989014 4967095.828158209
6832 3294 568297.5275109293 4967097.286674045
7198 3294 571962.4166562054 4967096.48204226
7320 3294 573178.2371767436 4967097.312042854
7564 3294 575622.6378776475 4967097.535243343
7686 3294 576838.0515255905 4967099.340531462
7930 3294 579280.8207416876 4967097.23913613
8418 3294 584161.8554263818 4967099.611591508
8906 3294 589037.9875660981 4967097.263177891
9028 3294 590258.3544407076 4967097.478207121
10370 3294 603678.9218593016 4967097.319629674
10858 3294 608557.1414062518 4967101.5179881165
3538 3416 535357.7343069954 4965876.169913937
3660 3416 536577.7494420055 4965877.125520516
3904 3416 539018.337346958 4965878.502839395
4026 3416 540236.7878735856 4965875.880197754
4148 3416 541457.8299271952 4965879.678189387
5978 3416 559758.1840680242 4965876.5341028925
6100 3416 560977.2856691381 4965876.340107894
6832 3416 568299.2234969514 4965878.25596808
7564 3416 575620.8619667744 4965875.997263107
8662 3416 586604.6106191075 4965876.745561506
10004 3416 600016.790843597 4965876.347841541
1464 3538 514617.6349117405 4964658.546596365
3294 3538 532918.3179178528 4964661.407660936
3416 3538 534137.8709709316 4964656.588717666
3538 3538 535357.5677513024 4964656.477929373
3660 3538 536578.3394329427 4964657.561540815
3904 3538 539018.4783879747 4964656.74718775
4514 3538 545121.345167757 4964655.402835837
5368 3538 553658.5533561921 4964656.859523547
5612 3538 556097.8906875781 4964657.488994539
6344 3538 563419.1708111077 4964655.929588827
7198 3538 571960.7357206778 4964655.604573591
8540 3538 585377.3002495775 4964658.728050222
10736 3538 607338.2688627539 4964658.005976193
10858 3538 608558.0675686541 4964662.155683113
976 3660 509738.04097368766 4963437.820435195
3538 3660 535361.2222991495 4963436.697164395
3660 3660 536578.7435485192 4963437.20073306
3782 3660 537800.8128284921 4963437.415075366
5002 3660 549998.1069347239 4963437.007454044
5490 3660 554879.0197735839 4963436.2839192385
5612 3660 556098.711407528 4963436.535612076
5734 3660 557318.4049188218 4963436.488240201
5856 3660 558537.915899913 4963435.798288268
6954 3660 569517.4554848294 4963435.061726664
7198 3660 571958.5054702901 4963436.023204757
7442 3660 574402.3439526065 4963436.445950674
8174 3660 581718.0371531749 4963435.938576228
8540 3660 585377.9667400012 4963435.204558853
122 3782 501201.6732061256 4962217.965431922
3172 3782 531701.4011674883 4962215.3899251
3294 3782 532919.6456589297 4962216.93603678
3904 3782 539016.4408874109 4962215.105511763
4026 3782 540237.9454620976 4962216.8953579245
5124 3782 551218.9043470639 4962215.448527226
6222 3782 562199.4117962809 4962215.492197615
6588 3782 565862.0757874385 4962215.731389232
6954 3782 569520.249575706 4962215.766185815
7076 3782 570740.4531923404 4962216.862554486
7320 3782 573178.0552701666 4962217.032984685
7564 3782 575618.3174252925 4962217.519513403
9028 3782 590259.8809126532 4962219.9399637645
3172 3904 531699.4043446104 4960996.380656109
3294 3904 532918.799114786 4960996.2821471505
3904 3904 539018.0984481302 4960996.044139693
4026 3904 540238.6973796942 4960996.846126326
4636 3904 546338.8638703711 4960996.093160429
5734 3904 557318.2257413231 4960995.821180155
5856 3904 558537.7102541614 4960995.928570435
5978 3904 559756.966282795 4960996.89966406
6100 3904 560982.2595070234 4960995.675299041
6344 3904 563418.3612232043 4960997.812800223
6466 3904 564637.7291672281 4960997.688323713
7076 3904 570740.7324959717 4960996.6937420275
7198 3904 571958.2126002824 4960995.900063952
7442 3904 574396.5379254287 4960996.191183686
7564 3904 575617.6597003884 4960996.15476489
7686 3904 576837.2944407812 4960996.3949001515
8052 3904 580498.9235983501 4960997.069134322
8418 3904 584163.7677670341 4960996.822129888
9150 3904 591478.7458804278 4960995.626486957
9638 3904 596358.6154422245 4960996.22707353
10004 3904 600021.6922409066 4961001.641458205
3172 4026 531701.8948349081 4959775.871043511
4636 4026 546337.8981869859 4959777.0817310065
4880 4026 548780.9301547303 4959776.912290472
5734 4026 557318.9335528039 4959775.767689379
6100 4026 560981.5350253988 4959775.776398237
6222 4026 562201.542793558 4959776.845845053
6344 4026 563418.2793268207 4959776.138721356
6588 4026 565857.5231153802 4959775.188230867
6954 4026 569521.200851386 4959777.03843377
7442 4026 574399.2253719666 4959777.136065035
7686 4026 576837.3843381517 4959777.051010442
8784 4026 587822.5040824038 4959775.424916019
8906 4026 589041.8362032778 4959781.252439465
10370 4026 603677.424253883 4959781.429691437
2928 4148 529258.1993085946 4958556.984415314
4880 4148 548779.2631428103 4958556.93489064
7076 4148 570739.001506567 4958556.560680963
7442 4148 574398.6172353652 4958556.863151433
8174 4148 581717.8342836942 4958557.329034322
8540 4148 585377.634068355 4958555.432641717
8906 4148 589038.8444356897 4958557.240328943
10248 4148 602459.2045413419 4958556.0357192885
6100 4270 560977.6428523547 4957337.140706297
7076 4270 570738.7556935225 4957336.394984676
9394 4270 593918.51551571 4957336.479039997
9516 4270 595141.6279340195 4957336.204354087
10248 4270 602458.3361981274 4957337.475249865
2928 4392 529261.5161464495 4956115.53171001
4636 4392 546339.3261270537 4956116.68589629
4758 4392 547561.7438526415 4956117.174678537
6100 4392 560978.9422395787 4956116.646494292
7442 4392 574398.3520266938 4956116.583383778
7564 4392 575622.712343696 4956115.206884144
9028 4392 590258.8968572603 4956117.890338985
9394 4392 593923.8287372459 4956117.754052715
10614 4392 606123.5442733751 4956115.5561803
6954 4514 569520.9741816156 4954896.5521060405
7198 4514 571962.855671873 4954896.002678945
7442 4514 574398.3100430369 4954896.2248816965
7564 4514 575616.4348487518 4954896.080932655
7686 4514 576837.7527412516 4954896.380856273
6954 4636 569522.0101031637 4953675.957966585
7808 4636 578057.7749618243 4953676.517368762
7930 4636 579282.323148261 4953675.664904564
9516 4636 595141.8439869575 4953677.220478081
10126 4636 601241.9140977865 4953676.430251875
7686 4758 576838.41484995 4952457.267214952
7808 4758 578057.1732857494 4952456.619496917
7930 4758 579280.6984811947 4952456.852351497
8052 4758 580501.5507194989 4952455.650483833
9394 4758 593919.084220855 4952455.210835754
9516 4758 595141.9698329194 4952455.134231263
9638 4758 596358.8107836649 4952456.308627775
9760 4758 597577.3024629601 4952456.372370274
2318 4880 523162.20584912656 4951236.787532937
6466 4880 564639.1092126039 4951236.99883993
6588 4880 565859.3005006083 4951236.892584067
6710 4880 567078.1767402433 4951236.454397014
6832 4880 568301.0481351422 4951235.973101674
6954 4880 569522.1607875658 4951236.941738747
7686 4880 576841.288795342 4951241.720733241
7808 4880 578059.188416647 4951231.830099036
8906 4880 589041.7858790047 4951236.503058945
9638 4880 596359.0347503055 4951235.617532435
6344 5002 563419.0119711396 4950017.978549293
6588 5002 565860.9626058928 4950015.407518711
6832 5002 568298.6330165344 4950016.231887071
6954 5002 569521.1357742175 4950016.580939188
7076 5002 570740.7702319515 4950015.93519829
7198 5002 571961.3271411516 4950015.46793946
7686 5002 576838.4974070222 4950015.865360271
7808 5002 578059.3991590273 4950017.031918147
7930 5002 579282.0994045644 4950015.377598234
8052 5002 580498.7642589819 4950017.175037799
8174 5002 581719.6214462086 4950017.525388636
8418 5002 584160.3982842604 4950015.94531379
9516 5002 595141.0406402644 4950017.464253495
9638 5002 596361.8100624233 4950016.67294033
10858 5002 608557.2021522246 4950017.716600713
2440 5124 524380.5852067819 4948796.114896274
6710 5124 567078.8393816999 4948796.043930197
6832 5124 568297.7373444812 4948796.085056596
7076 5124 570741.8114116185 4948795.562304707
7198 5124 571961.4040079461 4948796.474555735
7320 5124 573181.777736126 4948795.982128119
7442 5124 574398.4529295086 4948795.435343275
7564 5124 575618.1725964968 4948795.829040297
8174 5124 581716.716401625 4948796.278076538
8418 5124 584162.6592743341 4948797.068033241
8784 5124 587817.6937907464 4948797.01669753
9272 5124 592699.3783577775 4948795.329562359
4636 5246 546340.573959488 4947572.869695186
6588 5246 565858.9486546697 4947577.152563951
7076 5246 570737.8135423979 4947575.439665329
8906 5246 589039.8990177086 4947578.383884192
10370 5246 603676.8436508661 4947577.4746083375
6466 5368 564640.91014631 4946355.509452116
6588 5368 565860.9588836865 4946357.165402708
6954 5368 569517.7337899543 4946355.474664916
7808 5368 578058.3093718254 4946357.226685786
8906 5368 589042.13552287 4946355.258710829
9394 5368 593916.8284914839 4946355.043498541
10126 5368 601238.8392821213 4946356.395956308
6222 5490 562198.0024920456 4945137.863289685
6344 5490 563421.0898266493 4945136.189362399
8174 5490 581722.0391877535 4945135.442904905
9272 5490 592700.4986705917 4945136.975075683
6100 5612 560978.5319898166 4943916.813682217
7442 5612 574401.0134978308 4943916.049380322
8174 5612 581719.8689457345 4943919.026220049
8784 5612 587818.9006052646 4943916.727932619
8906 5612 589041.5649639193 4943916.369333425
9272 5612 592699.789137291 4943916.718373389
9394 5612 593918.0971297598 4943917.687537941
5246 5734 552440.6749961264 4942696.277289747
5490 5734 554877.5752371724 4942697.462521757
7198 5734 571961.831770489 4942697.006160678
7686 5734 576838.4118582776 4942697.489631236
7808 5734 578060.4445074021 4942696.71613582
7930 5734 579277.1188308754 4942698.753048008
8784 5734 587818.4653339367 4942695.760297106
10004 5734 600017.6900820141 4942696.389640491
10126 5734 601237.0989325435 4942697.154477221
5612 5856 556098.3303715326 4941476.437792951
7686 5856 576839.8787871343 4941475.733891342
8174 5856 581717.6642229643 4941476.806758049
10248 5856 602457.7359665434 4941475.727423819
2440 5978 524378.936440961 4940256.023255939
5124 5978 551218.4399105757 4940253.698395559
5856 5978 558538.1510953467 4940256.608531652
7564 5978 575621.5981528473 4940255.452455528
9760 5978 597577.8828188189 4940257.181726145
10126 5978 601237.5204533234 4940259.322507691
5856 6100 558540.5955421815 4939036.758791654
7198 6100 571959.4997843627 4939036.447572397
7564 6100 575621.5365577913 4939035.107294013
7808 6100 578057.6855732803 4939036.70067631
9638 6100 596359.5352079666 4939037.041569459
10736 6100 607338.1597477227 4939036.106928262
5978 6222 559758.2813928445 4937817.162739658
7198 6222 571960.8265775046 4937815.566953168
7320 6222 573178.1540754666 4937815.539025965
7442 6222 574397.8408041073 4937816.484359841
7564 6222 575619.4915477817 4937816.640275771
10614 6222 606120.5257390756 4937817.224594251
5978 6344 559759.1248303351 4936596.509326624
7564 6344 575622.3293923608 4936595.919150528
7930 6344 579283.2277321799 4936595.161607356
10736 6344 607341.260161361 4936595.063248134
10614 6466 606117.5395361505 4935375.656259599
7198 6588 571958.6637019408 4934155.462888678
7320 6588 573178.2396595377 4934156.0281448895
9394 6588 593920.9594377798 4934158.178792945
122 6710 501197.37222174543 4932935.885160267
6954 6710 569521.4452084035 4932937.345679186
732 6832 507298.54061938764 4931717.921942686
9150 6832 591481.7314623813 4931718.289177629
610 7076 506077.4199023473 4929279.537563876
4880 7076 548777.1763030929 4929275.3546045665
5002 7076 549998.222474291 4929276.297166125
5124 7076 551219.6684650574 4929277.473674278
6588 7076 565858.5781264217 4929276.5819716565
6832 7076 568297.9091726921 4929277.271748045
976 7198 509742.2725722715 4928056.110828154
4880 7198 548778.455539179 4928056.336894381
5124 7198 551223.040761587 4928056.886340822
5490 7198 554882.73257464 4928056.826517759
5612 7198 556101.5715481451 4928056.849035106
5734 7198 557322.5936084202 4928055.4590862775
5978 7198 559759.7024724055 4928055.791559771
6466 7198 564638.1922095355 4928058.451462288
5612 7320 556101.6263732687 4926837.103652183
5978 7320 559758.2900310733 4926836.698557554
5246 7442 552443.058657738 4925615.6119653145
5368 7442 553661.7163728067 4925615.549160326
5856 7442 558541.9152570873 4925616.347732609
122 7564 501199.26335361146 4924397.34532184
244 7686 502418.9565446501 4923178.079171901
2806 7808 528038.6324487303 4921957.0223165685
7076 7930 570740.7580585737 4920737.913885357
7198 7930 571959.243751634 4920736.00226242
488 8052 504858.73741658655 4919519.484784879
1586 8052 515838.69002386223 4919518.249541147
2562 8052 525597.9288162375 4919517.361015623
7320 8052 573180.8862921791 4919516.370873747
1708 8174 517057.4179021961 4918296.654859862
1952 8174 519498.46886075736 4918296.422058115
976 8296 509737.63729575055 4917077.773359768
2684 8296 526818.3646257196 4917077.427204409
4270 8296 542679.0297493476 4917078.251225439
4758 8296 547563.1374365293 4917075.3684439855
6832 8296 568298.9681020789 4917075.893211515
6954 8296 569521.3016152333 4917075.966005816
4270 8418 542681.8238596865 4915856.770512125
4514 8418 545117.4826958259 4915856.825856893
7198 8418 571957.6275723 4915858.753008804
1220 8540 512180.1148237297 4914640.082684065
1708 8540 517059.3968009908 4914637.037825484
4026 8540 540240.8013451614 4914638.446136011
6588 8540 565861.796620439 4914636.426482872
1830 8662 518278.02833663597 4913417.959805975
2684 8662 526817.7682576154 4913418.523160364
4758 8662 547557.121395322 4913416.866697348
6710 8662 567077.9619230404 4913417.669967852
6954 8662 569518.3926357988 4913417.786280899
7198 8662 571962.1175533616 4913416.407234601
1586 8784 515838.94732562854 4912198.518303885
2806 8784 528039.176884442 4912198.660170181
3050 8784 530478.2550271652 4912196.265307161
6100 8784 560977.8648609824 4912195.883939769
2806 8906 528042.4389685687 4910976.929739672
4636 8906 546336.874319754 4910977.072598373
6100 8906 560977.1637147681 4910976.406625975
7198 8906 571960.7683794082 4910979.029962277
7320 8906 573180.068475029 4910975.110761369
7442 8906 574402.3747585274 4910975.497956279
7564 8906 575621.3913617579 4910975.129971712
8052 8906 580500.5538908658 4910977.26083869
4636 9028 546337.5288740897 4909756.361432786
7320 9028 573178.0121213542 4909757.974745514
7442 9028 574398.2686016075 4909756.072497228
7930 9028 579276.7383770379 4909756.444971507
6222 9150 562198.6856184421 4908535.025270074
6344 9150 563418.1743587248 4908536.126154016
6710 9150 567077.5863180963 4908536.708379798
7076 9150 570737.840933521 4908537.613542572
7686 9150 576842.2672369957 4908536.08241254
1342 9272 513397.3921457854 4907319.13793955
3538 9272 535358.2296015878 4907317.972393139
3904 9272 539016.6558141613 4907317.593344162
5002 9272 549998.1813665924 4907316.497602959
7564 9272 575620.8166874333 4907316.311499255
8296 9272 582941.5581964052 4907318.245562315
8540 9272 585377.9494014244 4907317.066909597
8662 9272 586597.4046913354 4907315.603779719
4270 9394 542677.9921123645 4906096.311169286
5368 9394 553657.6859267158 4906098.219781011
7442 9394 574399.3642887757 4906096.760268022
3660 9516 536578.3025862105 4904878.287578899
5734 9516 557318.532029222 4904877.402997631
5856 9516 558538.2220042415 4904876.310720771
6222 9516 562195.8851415658 4904878.149506561
7808 9516 578059.182703759 4904876.879755832
8052 9516 580498.7655225239 4904875.410224877
8540 9516 585380.4714534566 4904875.362291146
8662 9516 586598.6028842868 4904875.936258867
3172 9638 531698.5216478609 4903658.622962709
4026 9638 540241.6816639504 4903656.596286567
5612 9638 556098.3381642925 4903658.323079717
5978 9638 559759.4123832132 4903655.747265337
6100 9638 560977.2047480892 4903655.309041046
7320 9638 573179.2871476836 4903659.286964589
7808 9638 578061.2017707916 4903656.515612909
7930 9638 579279.2259540097 4903656.984802993
8418 9638 584162.465972675 4903655.493905287
3294 9760 532921.4113488523 4902437.946860774
3660 9760 536578.7618435917 4902438.000091042
5978 9760 559760.8791116269 4902435.010158956
8052 9760 580499.3101519238 4902436.380534215
8174 9760 581717.5380292349 4902435.201826331
5612 9882 556097.4699599573 4901215.431964323
5978 9882 559757.8765835376 4901216.5371752065
6588 9882 565859.5364249126 4901216.429585613
7076 9882 570738.6275561883 4901216.898460262
7320 9882 573179.3465756208 4901218.340408539
7686 9882 576840.6717840848 4901215.379073669
8174 9882 581722.2159779295 4901217.0719679035
8784 9882 587817.2422418494 4901216.603731104
5978 10004 559758.3756300681 4899998.400411183
6466 10004 564637.7424821681 4899996.176815377
6832 10004 568298.6713828016 4899996.7135165855
7564 10004 575621.1021457511 4899997.418041475
7808 10004 578062.25455284 4899995.738007195
7930 10004 579278.725631253 4899995.886960091
8540 10004 585378.6563944184 4899998.151997624
8662 10004 586597.7063907238 4899995.628167624
4758 10126 547558.0443186561 4898776.52096294
7808 10126 578061.614020002 4898776.954883377
7930 10126 579276.9612612771 4898777.075675158
8052 10126 580498.2028704556 4898777.468459557
8174 10126 581721.6382901191 4898776.468776565
8784 10126 587821.5277443494 4898777.040773186
8906 10126 589042.0728905421 4898776.539582967
7686 10248 576841.8382777745 4897557.446926174
7930 10248 579276.7276560471 4897555.3753943965
8052 10248 580502.452403151 4897556.289836736
8174 10248 581721.4873439263 4897555.892634162
9028 10248 590262.4485722736 4897556.027640869
9150 10248 591478.1708038145 4897557.771160457
6344 10370 563417.3116373186 4896337.416520942
8174 10370 581721.6907686269 4896336.77855734
9272 10370 592697.9641742226 4896336.456629329
4758 10492 547559.0791233163 4895117.309237122
6344 10492 563417.6101352738 4895118.2176536145
6466 10492 564638.862449781 4895117.202118019
6588 10492 565859.4144583093 4895117.605686935
6832 10492 568297.8226665282 4895118.58945264
7320 10492 573181.6990321842 4895117.711364357
8174 10492 581717.7673380771 4895118.69797222
8662 10492 586601.0468833772 4895117.106717027
9028 10492 590258.6428830638 4895117.531817638
9638 10492 596359.3427421732 4895118.03638108
9882 10492 598797.4260863524 4895116.980667169
10248 10492 602461.0248890631 4895118.354145132
10370 10492 603679.2117629244 4895117.162572801
10492 10492 604899.4362910547 4895115.300855066
6954 10614 569518.9983029895 4893898.75116479
8296 10614 582938.4279156569 4893896.577779229
10248 10614 602460.1820675024 4893898.345972911
10370 10614 603679.4435409445 4893897.642975761
5246 10736 552437.4386119351 4892676.287465385
6832 10736 568302.7102694339 4892675.535452583
7198 10736 571958.9267014018 4892677.011033657
10370 10736 603678.7261490631 4892677.13708442
10492 10736 604898.2180707608 4892677.283378615
9882 10858 598798.8665557974 4891455.142883898
10736 10858 607340.5571263842 4891458.537123693
