2440 0 324395.91898103623 5100002.1156190615
4392 0 343917.056911902 5100002.187601662
5978 0 359777.4761883644 5100002.360110022
6954 0 369535.5687107283 5100000.899393894
7808 0 378076.46550941124 5100001.984548276
2562 122 325616.3017929762 5098782.69030381
2684 122 326836.8303116067 5098781.497977691
2806 122 328057.336474676 5098781.819999018
2928 122 329276.7974955085 5098781.614616363
3294 122 332937.555644559 5098782.992276342
3416 122 334157.8556301152 5098782.98432513
3660 122 336597.37250787235 5098783.223213108
3782 122 337815.3898690036 5098782.671572935
4026 122 340257.0610984424 5098782.06826663
4392 122 343917.3364689716 5098782.662549728
4514 122 345136.6349952172 5098783.26641792
5002 122 350016.12014192395 5098782.388375472
5246 122 352457.00282271684 5098782.135342335
5368 122 353676.7754770255 5098782.742114947
5490 122 354897.1371534035 5098782.695011258
5612 122 356116.6690051367 5098782.34474419
5734 122 357336.48875543714 5098783.369247745
5978 122 359776.24549307686 5098781.856495447
6100 122 360996.1481818836 5098784.029743442
6344 122 363436.0892065883 5098782.398861906
6832 122 368316.06949906657 5098782.833563478
6954 122 369535.85294289485 5098781.855819285
7076 122 370756.5475290429 5098784.05525692
7686 122 376855.1579040549 5098783.384455142
7808 122 378076.6709693831 5098782.707509095
7930 122 379296.27704594156 5098782.17335032
8052 122 380516.54713094304 5098782.682065598
8174 122 381736.9474178552 5098782.571007428
8296 122 382955.8983646599 5098782.548627441
2684 244 326837.3954275404 5097562.419058557
2806 244 328056.8811328962 5097561.407367406
2928 244 329278.33606950566 5097562.532857923
3538 244 335376.8310068525 5097562.261632245
3782 244 337816.3664021726 5097562.754339965
4148 244 341478.16893376823 5097561.680032595
5246 244 352456.1978016062 5097562.68088165
5368 244 353676.61651694553 5097562.914501328
5490 244 354896.67353443475 5097562.566276963
5856 244 358555.8849428778 5097561.579458293
5978 244 359776.9625715211 5097562.707897573
6100 244 360996.83162733115 5097563.165523563
6222 244 362217.3869063507 5097562.201039709
6466 244 364657.52988064865 5097561.9240583
6954 244 369536.3270810396 5097562.211632823
7076 244 370756.8744554027 5097562.910175005
7198 244 371976.64830131107 5097563.065928097
7320 244 373197.3376575343 5097562.597784681
7564 244 375636.48073915305 5097562.854649721
7686 244 376856.9426961204 5097562.44388358
7808 244 378077.84676256275 5097561.755993715
7930 244 379297.0482136 5097561.327891731
8052 244 380517.8177281391 5097561.752395285
8174 244 381736.04796025116 5097563.226796422
8296 244 382957.020720817 5097562.024756464
2684 366 326836.626930523 5096341.245022604
2806 366 328057.0805913365 5096341.340687317
3538 366 335376.05109656724 5096342.921839646
3660 366 336597.00852725847 5096343.972009915
3782 366 337816.13844901446 5096344.456324437
4148 366 341476.894685006 5096342.895841667
4270 366 342696.30773738946 5096343.048011713
4392 366 343916.135287341 5096343.839379018
4514 366 345136.5030937526 5096342.661350914
4636 366 346357.2372480003 5096343.532805067
4758 366 347576.2918627078 5096341.653334229
4880 366 348796.3076712699 5096342.23922779
5124 366 351235.1294027592 5096344.179020672
5368 366 353677.5956844467 5096342.49225123
5978 366 359777.6713967933 5096341.235622001
6588 366 365877.29727714084 5096342.369429283
6710 366 367095.8977053592 5096342.105343241
7198 366 371977.60863351467 5096343.221416875
7320 366 373197.4087603649 5096341.905748957
7442 366 374415.88725888706 5096342.443336347
7564 366 375636.8355360221 5096342.718489925
7686 366 376856.35438860336 5096343.565706944
7808 366 378077.10829909897 5096342.3464803295
7930 366 379296.19138726126 5096342.73396756
8052 366 380516.97567507415 5096342.02505635
8174 366 381736.7214141813 5096342.053998355
2806 488 328056.31980926543 5095121.681253902
3904 488 339036.79850756563 5095123.076095313
4026 488 340257.15264007426 5095122.8869035775
4148 488 341476.533017826 5095121.876898171
4270 488 342696.99183055613 5095123.333266803
4514 488 345136.2491278616 5095122.545933095
4636 488 346358.0200285275 5095123.775096377
4758 488 347576.35872982914 5095122.523845364
5002 488 350016.79416116467 5095122.740916631
5978 488 359777.6541527934 5095122.351564406
6222 488 362217.90625584085 5095121.7972858865
6344 488 363437.73204221023 5095120.862320577
6466 488 364656.91201453103 5095121.595093428
6710 488 367096.34547334793 5095122.124213082
6954 488 369535.52490235155 5095122.667293484
7320 488 373196.51521634957 5095121.862249283
7442 488 374416.2925667828 5095122.706948184
7686 488 376857.425934412 5095122.323010056
7808 488 378076.53063248785 5095122.561660566
8052 488 380516.9374779676 5095122.74061246
8174 488 381736.5995587438 5095122.898062156
2806 610 328055.8039141845 5093902.539902047
4026 610 340256.7503637152 5093902.882864027
4392 610 343916.67313450325 5093901.744446915
4514 610 345135.1742880186 5093900.951385728
4880 610 348796.5761642814 5093902.750831429
5002 610 350016.38898245187 5093902.154885189
6222 610 362218.02972099424 5093902.095409523
6344 610 363437.69201426115 5093902.190532437
7198 610 371976.57226376666 5093903.017415146
7442 610 374415.7758362672 5093903.549353284
8052 610 380516.515050065 5093902.57942838
8174 610 381736.66875251307 5093902.590040176
8296 610 382957.2764011285 5093903.418846218
2928 732 329276.7533299099 5092682.318434082
4270 732 342695.4801078842 5092683.785673563
4758 732 347576.86346961174 5092682.231073151
5856 732 358557.3778374638 5092682.719360601
5978 732 359777.86913858645 5092683.680632362
6100 732 360996.9162556188 5092682.148671561
6222 732 362216.9260475711 5092682.232752503
6710 732 367097.526607308 5092682.365380617
6832 732 368316.5753569505 5092682.267872486
6954 732 369535.78050716687 5092684.032575817
7320 732 373197.12478753075 5092682.484957645
7686 732 376856.32092455326 5092682.235830407
7930 732 379296.9169917681 5092682.715443453
8052 732 380516.7833598621 5092680.930657931
8174 732 381736.9901279714 5092681.77289068
8296 732 382956.221227689 5092681.30090708
9028 732 390277.5659664199 5092681.651581086
9150 732 391497.8629427068 5092682.194425187
9394 732 393937.2788959467 5092681.744373228
3050 854 330497.23906057136 5091463.750806009
3172 854 331717.7336514572 5091462.331547274
4026 854 340256.94664295635 5091462.09426682
4148 854 341476.2485004642 5091462.909085401
4270 854 342697.0969191364 5091461.917259757
4636 854 346356.5546297608 5091463.112687627
5612 854 356116.7574654288 5091462.502562967
6222 854 362216.06752041273 5091462.011014843
6466 854 364657.08857425366 5091462.709497982
6588 854 365877.2884273645 5091462.479378869
6832 854 368317.53592268925 5091463.066847593
7076 854 370756.99192500644 5091462.9173983345
7198 854 371977.8374987779 5091460.699344051
7320 854 373196.7512201514 5091463.1576457545
7808 854 378077.02800463524 5091462.6390196355
7930 854 379296.951630496 5091463.569957847
8174 854 381737.3093424763 5091462.631206631
8296 854 382956.79108431016 5091463.066546847
8784 854 387837.55889348953 5091462.865925485
9028 854 390277.4649556178 5091462.419670816
9150 854 391497.06246966234 5091462.096393683
9272 854 392717.67814972927 5091461.903999511
3050 976 330496.94818454765 5090242.436832521
4026 976 340258.19853056374 5090241.858222716
4148 976 341477.4715922074 5090241.823781122
4270 976 342694.2003627638 5090242.167285771
5246 976 352457.01466039725 5090241.894314873
5612 976 356116.88781119406 5090241.947553626
6344 976 363437.867233578 5090242.924469335
6588 976 365876.8975587087 5090241.95794901
6710 976 367097.377112534 5090243.048698035
6954 976 369537.26423599117 5090242.957694015
7198 976 371977.58761372603 5090241.535389026
7442 976 374417.99641974573 5090240.808349718
7564 976 375636.04458274634 5090243.333334959
7686 976 376856.8469763677 5090242.498924747
7808 976 378077.6323658049 5090242.166586973
8052 976 380517.33803427796 5090242.056871629
8296 976 382956.96212933643 5090242.399245934
8418 976 384177.80918481934 5090243.154356509
8540 976 385398.2993544289 5090242.1357786525
8784 976 387837.5975718707 5090242.551544409
8906 976 389057.6619068245 5090243.155249245
9150 976 391496.1715986212 5090241.311046483
9394 976 393937.59612175205 5090241.837440902
2196 1098 321955.7175296128 5089021.771811497
3172 1098 331716.508189945 5089022.7530078655
5490 1098 354896.9250108166 5089023.778658934
6344 1098 363437.30695033056 5089023.842477995
6466 1098 364656.5860461591 5089021.923991327
6832 1098 368315.7005400839 5089022.512418654
7442 1098 374416.21176058083 5089021.716058216
7564 1098 375636.45398833975 5089022.650048738
7686 1098 376856.3142485885 5089020.681098284
7808 1098 378077.05846622743 5089022.468949313
8784 1098 387836.522369311 5089022.791554692
9028 1098 390276.54893698846 5089022.5427477015
9150 1098 391496.2847536882 5089022.050927386
9272 1098 392716.5211860792 5089022.896458214
9394 1098 393937.2924194168 5089021.777883658
2318 1220 323176.94894716714 5087802.303734529
2562 1220 325616.6405890499 5087803.070014253
3172 1220 331716.86728954694 5087801.494335749
3416 1220 334156.4110473625 5087802.914851045
5368 1220 353677.0231842455 5087802.784818397
5490 1220 354897.76359280775 5087802.28604454
5734 1220 357338.2829406034 5087802.296015271
5978 1220 359776.2478426347 5087802.088841191
6344 1220 363436.8224564111 5087803.186776438
6832 1220 368317.3325470858 5087802.26184721
7076 1220 370756.7771755717 5087802.385184995
7564 1220 375636.8166836017 5087802.252436955
7808 1220 378075.8189121669 5087802.562438776
8052 1220 380517.20577164605 5087802.446566431
8174 1220 381737.33484432957 5087801.931653023
8296 1220 382956.8281878271 5087802.761917723
8662 1220 386617.5831524055 5087802.464677724
9394 1220 393937.1692642954 5087801.741066011
2684 1342 326836.21580976504 5086578.854515272
3660 1342 336598.1750859656 5086583.409424234
5002 1342 350016.3322885005 5086581.530551272
5612 1342 356117.2697057809 5086581.482079049
6344 1342 363437.28816624155 5086582.604896478
6466 1342 364657.92987587216 5086581.75736669
6832 1342 368317.0661591668 5086582.422467377
7198 1342 371976.94741801673 5086582.3220491465
7320 1342 373197.97831832437 5086581.822289206
7442 1342 374416.943636147 5086581.67608398
7564 1342 375636.6403670199 5086582.349497715
7930 1342 379296.7099486073 5086581.625888642
8052 1342 380516.5341136225 5086582.702264104
8174 1342 381737.6769811643 5086582.884492947
8296 1342 382957.224914854 5086581.6142663695
8418 1342 384176.87720209645 5086582.566035774
8540 1342 385395.8070396315 5086584.855752379
8662 1342 386617.6944817733 5086582.812135315
8906 1342 389057.1637870326 5086581.866791148
9028 1342 390277.43508445733 5086582.685533136
9150 1342 391497.71684228285 5086582.173688728
2440 1464 324397.4013334687 5085361.882007175
2684 1464 326836.133160025 5085362.237789371
4758 1464 347576.5670260711 5085362.683689347
4880 1464 348795.98752800433 5085362.850870097
5002 1464 350017.64147758833 5085361.996298124
5124 1464 351236.8890956697 5085360.620028042
5734 1464 357336.96945797274 5085362.053539026
5856 1464 358556.6695691454 5085361.347479595
6100 1464 360997.1995630036 5085361.859936703
6222 1464 362217.48501242563 5085361.081494088
6344 1464 363437.1755483403 5085362.023575101
6466 1464 364657.03691334045 5085362.51247734
6588 1464 365877.84248109075 5085362.173312897
6832 1464 368317.0806714985 5085362.532509476
6954 1464 369536.9792472471 5085362.909598377
7076 1464 370758.07395818474 5085363.691109199
7198 1464 371976.8391341548 5085362.381146781
7442 1464 374417.60039262456 5085363.0415820535
7686 1464 376856.9035448139 5085362.643908065
7930 1464 379296.67615547584 5085361.767726957
8662 1464 386617.5247495811 5085362.670415298
8784 1464 387837.70645033073 5085362.53333658
9028 1464 390276.8885607636 5085364.763983704
2806 1586 328056.6187162581 5084141.960351802
2928 1586 329275.5083102441 5084141.93935964
3294 1586 332937.0506377281 5084142.6947390465
4636 1586 346356.46671279846 5084142.577870666
4758 1586 347576.64871996007 5084140.985341014
5002 1586 350017.12767583336 5084142.420612623
5246 1586 352456.1267022168 5084142.526001618
5368 1586 353676.19177496305 5084141.709971276
5978 1586 359775.88851751946 5084141.86705059
6832 1586 368317.2714398706 5084142.199226074
8296 1586 382956.75976015575 5084142.632770828
8662 1586 386617.0159985377 5084143.333199672
9150 1586 391496.8820090605 5084142.618895985
2684 1708 326837.7386814992 5082922.30780527
2928 1708 329276.56490125903 5082922.909702409
3050 1708 330497.35349066503 5082923.728690035
3416 1708 334157.1678629551 5082922.918633789
4758 1708 347577.3933090533 5082922.489116718
4880 1708 348797.5164630663 5082921.404357503
5124 1708 351236.5055926646 5082923.793357132
5734 1708 357337.17937527946 5082921.768751838
6222 1708 362217.23125307134 5082921.902674555
6344 1708 363437.3697785448 5082921.618747859
6710 1708 367096.1780841514 5082921.844830932
6832 1708 368317.03843677114 5082922.709299204
6954 1708 369538.25324805867 5082922.223115557
7076 1708 370757.8567984848 5082922.584368983
7320 1708 373196.88979759853 5082922.341403876
7564 1708 375636.1296124047 5082922.072825045
8296 1708 382957.7393021789 5082922.645440049
8662 1708 386616.11785068107 5082923.299125475
8784 1708 387837.72595777997 5082922.653498291
8906 1708 389057.9855844651 5082922.930000003
9028 1708 390277.5356159511 5082922.254947899
2928 1830 329277.42341810506 5081701.720806824
3050 1830 330497.038014319 5081702.448272875
3538 1830 335376.92112001 5081698.965704304
4758 1830 347576.9696311306 5081702.13070493
5368 1830 353677.1023392368 5081701.83398218
5490 1830 354896.594412336 5081702.186340673
6466 1830 364657.96261871513 5081702.98331324
7076 1830 370756.70392963296 5081702.328436446
7320 1830 373196.8495901311 5081702.390855117
7442 1830 374417.42320229154 5081702.9404368345
8052 1830 380518.48247187684 5081702.998602991
8296 1830 382958.82775772107 5081701.787299348
8418 1830 384176.9117170768 5081703.2749681985
8540 1830 385396.6499900883 5081702.576469856
8662 1830 386616.7921602734 5081702.526567235
8784 1830 387836.84187311854 5081702.214012541
8906 1830 389057.06291259895 5081702.087429931
9028 1830 390276.6543918716 5081702.982197639
2806 1952 328056.93031630653 5080481.615546589
5734 1952 357337.0573639308 5080482.641411062
5856 1952 358556.7029936053 5080481.077077
5978 1952 359776.88799413317 5080482.246027705
6222 1952 362217.12450796197 5080482.383065529
6710 1952 367097.31400191865 5080482.598471869
6832 1952 368316.89984004846 5080483.996708344
7076 1952 370757.408748575 5080481.135152455
7564 1952 375636.5761712771 5080482.598189254
8296 1952 382957.00154659565 5080482.815195594
8418 1952 384177.4788088252 5080482.9466923075
8540 1952 385396.87516117695 5080483.138857519
8662 1952 386616.56154656305 5080482.62394863
8784 1952 387837.7847174484 5080481.825009846
8906 1952 389057.55190264294 5080481.729803782
5734 2074 357339.84047760995 5079260.183926145
5978 2074 359777.59600445424 5079262.237005932
6100 2074 360996.66720076115 5079262.414019685
6222 2074 362216.80885696685 5079262.041476097
6344 2074 363435.37926188885 5079263.04908512
6588 2074 365877.99850855535 5079260.22235382
6832 2074 368318.5784441463 5079262.018731314
6954 2074 369536.90787634195 5079262.299176666
7076 2074 370756.8384222543 5079261.560664649
7930 2074 379295.8542383959 5079264.044333894
8174 2074 381737.6189894209 5079262.374345731
8296 2074 382956.3616820931 5079263.37523418
8418 2074 384177.6045234437 5079262.600265532
8540 2074 385396.6830045178 5079262.063074778
8662 2074 386616.96909545123 5079262.315040005
8784 2074 387837.5468924264 5079262.613779272
5978 2196 359776.770538164 5078040.902965839
6222 2196 362217.4449617605 5078043.107932543
6466 2196 364657.4837231176 5078043.825152978
6710 2196 367097.01798293384 5078041.684083317
6832 2196 368316.9710043046 5078042.867168516
6954 2196 369536.5638049574 5078042.04300812
7076 2196 370757.1405686905 5078042.282759682
7198 2196 371976.248366125 5078043.133313829
7320 2196 373196.924816332 5078043.015828368
7808 2196 378075.6376234918 5078042.404426279
7930 2196 379296.7140438854 5078042.914703075
8296 2196 382957.9649919971 5078044.142746622
8418 2196 384177.0329458262 5078042.452017986
8540 2196 385396.65995552385 5078042.86374551
8784 2196 387837.013697192 5078042.473632921
8906 2196 389056.4156237979 5078042.374248973
6222 2318 362216.9880060562 5076823.494078964
6344 2318 363436.4959973962 5076821.490541765
6832 2318 368317.78948384366 5076822.347494261
7198 2318 371975.54150935233 5076822.676087917
7564 2318 375636.85355871543 5076821.27355342
8540 2318 385396.51839185884 5076822.451303411
8662 2318 386616.74395358656 5076822.521414271
8906 2318 389058.0762967594 5076821.35695479
3416 2440 334156.93653017696 5075602.201567146
3782 2440 337816.2522405419 5075601.714868396
4514 2440 345137.1381789321 5075601.271117673
6100 2440 360997.3617417813 5075602.425571022
6222 2440 362217.15153012355 5075603.733812271
6710 2440 367098.46264840383 5075602.484549679
6954 2440 369537.0228679025 5075602.603427112
7320 2440 373197.2534865688 5075603.089992937
7442 2440 374416.64496949554 5075602.331796646
7564 2440 375637.5597786169 5075601.626106818
8052 2440 380517.14236904413 5075602.447396335
8174 2440 381736.50584335974 5075604.169367058
8296 2440 382956.83938610315 5075602.370927638
8662 2440 386616.9643576116 5075602.019480187
8784 2440 387836.83488476806 5075602.303235608
8906 2440 389057.5417682953 5075601.8645424275
9028 2440 390278.2986391185 5075602.540427585
3294 2562 332937.56724241236 5074381.711401098
4148 2562 341477.05554428836 5074382.948773269
4392 2562 343917.07133581693 5074383.028402035
4514 2562 345136.7747428849 5074381.543382031
4636 2562 346355.5635104119 5074381.158343789
5368 2562 353676.48847690603 5074383.552625559
6344 2562 363437.9923281674 5074382.669305317
6466 2562 364657.67614467646 5074382.29659949
6588 2562 365878.1751251432 5074382.063563462
6954 2562 369537.4287779155 5074381.47368072
7442 2562 374417.7525684092 5074381.414830686
7564 2562 375636.9659953242 5074382.230938571
8052 2562 380516.8873181736 5074382.125596552
8296 2562 382957.3842762427 5074381.78673763
8418 2562 384177.55605172156 5074382.502353156
8662 2562 386617.71173300117 5074381.981204323
8906 2562 389056.7810964805 5074382.641787478
9028 2562 390277.361925845 5074382.237893518
3294 2684 332936.754301054 5073163.140654675
4392 2684 343916.37192081515 5073162.56694642
4514 2684 345137.290838914 5073159.106440526
5002 2684 350016.60808908567 5073162.713774143
5368 2684 353676.8318144004 5073162.719716548
5490 2684 354897.84148693725 5073162.741760102
7076 2684 370756.9428547257 5073162.9594288245
7198 2684 371977.45399501227 5073163.00996647
7320 2684 373197.7095722333 5073162.299644177
7442 2684 374417.92731793784 5073162.798009745
7564 2684 375637.816437666 5073162.863377801
7686 2684 376857.3599250415 5073162.563912057
7930 2684 379296.6780521684 5073162.72116175
8174 2684 381737.74897225393 5073161.826482261
8540 2684 385396.421828962 5073162.967246156
8906 2684 389057.184851519 5073162.384299731
4270 2806 342696.59308972064 5071943.268529258
4636 2806 346356.64574984275 5071941.628958546
5368 2806 353678.0583384127 5071940.81445398
5490 2806 354897.2277954448 5071941.992715048
6954 2806 369536.4803324581 5071942.66012394
7442 2806 374416.8646954195 5071942.400971008
7686 2806 376857.28912022064 5071942.224344502
7808 2806 378077.9204284705 5071942.513906044
8052 2806 380516.57778603677 5071942.685639419
8418 2806 384177.345067375 5071943.359201308
8906 2806 389059.5092186065 5071942.273481439
9028 2806 390277.4059272056 5071941.623213872
9150 2806 391497.4412421901 5071941.841104323
9272 2806 392716.82920242264 5071942.380860799
9394 2806 393936.76385214174 5071941.996194799
9516 2806 395157.1196449804 5071942.464830317
9638 2806 396376.63772457145 5071942.5197013095
4148 2928 341477.36733010126 5070721.980515499
4392 2928 343916.52062626556 5070722.599207178
4514 2928 345137.44616734947 5070722.752125163
4880 2928 348797.0415408538 5070722.677093822
5124 2928 351236.6151822053 5070718.803721338
5246 2928 352457.34674048494 5070721.726242844
5368 2928 353676.46936018276 5070722.106666568
5612 2928 356117.01222897414 5070721.518074192
6344 2928 363438.0252842952 5070721.600350441
6832 2928 368316.1283654132 5070722.844229967
7198 2928 371977.2538284089 5070722.931516056
7442 2928 374418.11100835854 5070721.7870572405
7564 2928 375638.0273954512 5070721.494996463
8174 2928 381736.91648713284 5070722.020741496
8296 2928 382957.5583146839 5070723.147817413
8418 2928 384177.7378043654 5070722.053479282
9150 2928 391497.5496265543 5070721.81236457
9272 2928 392716.9675813849 5070722.164776091
9394 2928 393938.0047111038 5070721.36358232
9516 2928 395156.6599100522 5070722.3020833945
9638 2928 396377.6374540673 5070721.463653787
9760 2928 397597.69524650555 5070721.639294454
4026 3050 340256.6875892671 5069501.885644142
4148 3050 341478.9761464753 5069502.627236184
4270 3050 342697.3515873751 5069502.8681569155
4392 3050 343916.8491193454 5069502.640121586
4758 3050 347577.6743130023 5069502.815834888
4880 3050 348797.4025422386 5069501.271465472
5246 3050 352457.17471161205 5069501.630692649
7320 3050 373196.15344930603 5069503.61243292
7442 3050 374416.7142410093 5069502.687183915
7564 3050 375636.8812072638 5069502.33575446
7686 3050 376857.4277440397 5069500.98952204
7808 3050 378077.8019201074 5069502.563377903
8418 3050 384176.8019861162 5069502.044357425
9516 3050 395157.0048698876 5069502.1240555085
9638 3050 396378.08977184974 5069501.740612252
9760 3050 397597.77594404825 5069501.768437538
9882 3050 398816.69015574397 5069501.329539111
3416 3172 334157.6419217881 5068281.777442632
3538 3172 335378.6155839291 5068279.390116871
4148 3172 341476.0895172474 5068281.760204903
4270 3172 342698.2420094433 5068279.380266946
4880 3172 348796.623282963 5068280.700763372
5246 3172 352457.81588923954 5068282.256870994
6588 3172 365877.8031861744 5068282.876172068
6954 3172 369537.94429329346 5068282.995554027
7076 3172 370756.9030126226 5068280.959368685
7198 3172 371976.7134051535 5068283.731800089
7320 3172 373197.1931766924 5068281.733391446
7564 3172 375637.80460981827 5068281.840746509
8174 3172 381736.2903996668 5068282.267405553
8418 3172 384176.9653004811 5068282.550273045
9516 3172 395155.93118193804 5068283.72183402
9760 3172 397597.667037431 5068281.919635018
10004 3172 400037.4136264978 5068281.080207672
10126 3172 401257.97142496164 5068281.726405466
2562 3294 325616.6602814776 5067062.012444072
2806 3294 328057.3864741247 5067061.956218628
3294 3294 332937.2348540625 5067062.497950064
3416 3294 334156.1187530155 5067061.999881507
3660 3294 336597.07679326826 5067062.71992233
4148 3294 341476.19656879513 5067062.186783475
4270 3294 342696.72826621315 5067061.597304557
4392 3294 343917.1104205903 5067062.877275277
4758 3294 347576.63713047525 5067058.492231255
4880 3294 348796.0744662831 5067059.941370559
5124 3294 351237.86011701426 5067063.306226978
5246 3294 352456.97917125054 5067060.658953442
7198 3294 371978.4486116491 5067062.882838542
7320 3294 373196.869971979 5067062.491077807
9638 3294 396377.8894122639 5067061.913330049
9882 3294 398817.10377635545 5067061.713569912
10004 3294 400037.5238700048 5067061.476833825
10126 3294 401257.5056461452 5067061.574429033
10248 3294 402476.93190671154 5067062.010653566
10370 3294 403696.40583642793 5067062.650548973
2928 3416 329277.15005686006 5065840.9789152285
3416 3416 334156.8018222675 5065841.30455949
3538 3416 335377.5468240138 5065842.288392444
4026 3416 340257.00190387573 5065842.606354227
4148 3416 341477.20989918016 5065842.2886324525
4270 3416 342698.2806917913 5065839.141751927
5002 3416 350017.32088190754 5065841.527126716
7686 3416 376857.81680929585 5065842.576627187
7808 3416 378077.8040548392 5065842.568821018
7930 3416 379296.45477924985 5065843.416992
8418 3416 384178.8447595375 5065842.17169688
9760 3416 397597.6398383265 5065841.641934595
9882 3416 398816.8734208555 5065841.927475353
10004 3416 400037.19854730874 5065841.81934103
10126 3416 401257.40388556785 5065841.386146589
10248 3416 402477.7023880534 5065841.483805857
10370 3416 403696.3977944697 5065843.02644362
2684 3538 326836.89104534045 5064617.768952295
3050 3538 330498.2073417542 5064622.37103522
3782 3538 337816.61362054653 5064621.389023085
4148 3538 341477.7339563308 5064622.239489281
4392 3538 343917.85547886166 5064621.671332531
4514 3538 345136.7967133845 5064621.4738884745
4636 3538 346357.9667173646 5064621.514948775
4880 3538 348797.90125037386 5064622.261995849
7808 3538 378077.3872809729 5064622.538986799
7930 3538 379297.276312435 5064621.713637079
9882 3538 398817.9206431659 5064621.186980754
10370 3538 403697.22983096965 5064621.601599509
10492 3538 404916.9140431726 5064621.605158424
3294 3660 332937.33123056014 5063402.453326485
3660 3660 336597.4994879689 5063401.108645109
3782 3660 337816.03852157545 5063400.954329664
4392 3660 343917.09530514944 5063401.961244555
4636 3660 346356.7338314171 5063401.230778045
10370 3660 403696.97587010136 5063401.894251873
10492 3660 404917.234897339 5063402.125900087
2806 3782 328058.0817497896 5062182.302657779
2928 3782 329277.0469102548 5062181.866940123
3050 3782 330498.51945777267 5062180.768545069
3172 3782 331717.4729524377 5062178.272431725
3660 3782 336598.2872090438 5062178.406446918
3782 3782 337817.59527709265 5062182.390444521
3904 3782 339038.3037191553 5062177.962254091
4148 3782 341477.15522924165 5062178.344009353
4514 3782 345137.68256446655 5062181.864320069
4636 3782 346356.9796098866 5062181.875957634
10126 3782 401257.7136382014 5062181.391247934
10370 3782 403696.8769266565 5062181.809669515
2806 3904 328058.5143227114 5060958.800021165
3538 3904 335377.8849672502 5060958.658628915
4514 3904 345136.69053805317 5060962.2400060315
3050 4026 330496.3046284164 5059738.942290475
4758 4026 347576.59049906605 5059741.363294194
5124 4026 351236.77810614463 5059742.089646199
10370 4026 403697.2652138658 5059741.677111609
3172 4148 331717.57249239396 5058518.891984894
3904 4148 339038.635015593 5058521.656194931
4026 4148 340257.68327187095 5058519.453515607
10370 4148 403698.649999068 5058520.691102804
3416 4270 334158.0415996276 5057300.553256439
4758 4270 347577.340688622 5057298.061051593
4880 4270 348797.52436180774 5057301.054907298
