8418 3782 484142.57906758797 5062178.06975907
9272 3782 492680.0108780062 5062179.958448183
8662 3904 486581.2407461734 5060959.625449838
9028 3904 490240.05060986476 5060959.858556167
9882 3904 498781.1202190287 5060961.6504296865
8418 4026 484142.09686718846 5059739.443995343
8784 4026 487801.272067637 5059739.57873412
9028 4026 490241.2346399614 5059738.53863836
9394 4026 493902.14085184684 5059737.398354821
9516 4026 495120.68375278986 5059738.798936814
8296 4148 482921.8348250871 5058518.371656438
9028 4270 490242.20925912366 5057298.818237802
9516 4270 495122.19084307767 5057300.674804476
9882 4270 498778.900855107 5057298.851582283
10004 4270 500001.33706429513 5057298.099632733
9272 4392 492682.3184614678 5056081.4735614285
9394 4392 493902.67808143096 5056077.64326303
9516 4392 495121.6637913496 5056078.454205339
9638 4392 496342.5564694305 5056078.697763299
9272 4514 492680.58687564376 5054858.828523396
9882 4636 498780.8491597475 5053640.417632628
9516 4758 495121.4364045818 5052418.435069835
7930 4880 479262.37271664693 5051198.343846693
9760 4880 497560.91733633453 5051198.718380794
10004 5002 499999.61666184687 5049978.61697078
10126 5002 501221.2509761997 5049980.792989927
7930 5246 479262.4080138833 5047541.21896454
8052 5368 480480.0676294106 5046320.182276526
9272 5368 492679.98826045264 5046320.026440517
7930 5490 479262.34945550613 5045101.359235963
9272 5612 492680.47865851695 5043880.400007441
9028 5856 490241.7261020065 5041439.5716086
9394 5856 493902.2140852723 5041437.698785838
9150 5978 491460.95390967926 5040220.056131485
8296 6100 482920.9436202955 5038997.625023896
10004 6100 499999.87074322515 5039000.126157147
10248 6100 502440.6272046671 5039001.028137125
9272 6344 492681.2371429921 5036557.75144976
10004 6344 500001.32957095734 5036558.266803638
8906 6466 489022.02311828564 5035341.795325606
9272 6466 492681.09219947277 5035341.302745823
9760 6466 497559.0416852576 5035338.542914495
10614 6466 506100.41854429856 5035338.815349219
7564 6588 475600.47617186204 5034118.758497898
9028 6588 490241.4409563765 5034119.1500194175
9394 6588 493902.15344436263 5034117.817662364
9638 6588 496341.6031814283 5034120.851361864
7198 6710 471940.67189310014 5032899.195505739
8906 6710 489021.1694574942 5032899.273315704
9028 6710 490239.80722185434 5032899.83436012
9150 6710 491461.7312493179 5032901.656612298
9882 6710 498779.1697160252 5032898.125110699
9882 6832 498780.9111537577 5031678.802044173
10614 6832 506102.1317793924 5031677.738003969
10858 6832 508541.39545987325 5031679.438334804
10858 6954 508539.45429450105 5030459.256180096
6710 7076 467060.3959333218 5029238.388052747
7076 7076 470718.58153809066 5029241.68137452
7198 7076 471941.70721142966 5029240.345627583
8540 7076 485361.1709109927 5029241.258123622
9272 7076 492682.12962864764 5029239.597507817
10614 7076 506101.3238492928 5029238.757072749
10858 7076 508540.9945169953 5029238.196508793
7198 7198 471941.10713010276 5028021.862476636
8418 7198 484141.42158703704 5028019.566356527
8540 7198 485361.36194287194 5028020.603020733
9272 7564 492679.22849030973 5024358.4233118715
9272 7686 492678.1162744346 5023138.349180602
9516 7686 495119.8805442541 5023141.56063499
9028 7808 490240.6697588611 5021921.066140157
8052 8052 480479.3432961523 5019482.85598176
8662 8052 486581.01189045754 5019479.006424368
8784 8296 487802.25210994657 5017041.205641542
8906 8296 489021.29570647865 5017039.329816089
9638 8662 496341.1772892627 5013380.99569328
7808 8784 478042.3606594022 5012159.272562017
9272 8784 492681.92154042283 5012161.892638992
10614 8906 506099.0166396046 5010937.960761048
9882 9150 498780.92445038364 5008500.347315125
10614 9150 506100.8613305778 5008501.036520523
8418 9272 484139.7079920399 5007281.21663199
9516 9272 495121.0846041866 5007281.050355179
10736 9272 507321.3899072134 5007277.339817401
10126 9394 501221.3165634321 5006058.613761564
7198 9516 471940.7199314482 5004839.389675837
7808 9516 478041.08028745395 5004841.93268311
9760 9516 497558.1726541807 5004841.260530953
10736 9516 507318.50962548156 5004838.679068325
8540 9638 485360.9066670994 5003621.18143407
9394 9638 493900.11345187615 5003619.736060338
10736 9638 507319.44542519015 5003618.433068661
8052 10492 480480.52405160933 4995081.550078168
7930 10614 479260.6885204209 4993860.37204219
8296 10736 482918.2638832355 4992638.284663527
