9760 6344 597578.5014720402 4636601.13446443
9760 6588 597578.1808278137 4634161.5916587105
9516 6710 595137.7756942528 4632942.345242396
9638 6710 596357.7207828433 4632942.167485868
9760 6710 597578.0591765102 4632942.203599318
9638 6832 596358.1119838753 4631722.041096958
9760 6832 597578.2008340675 4631721.65709945
9516 6954 595137.8458865597 4630502.103767014
9638 6954 596357.879805196 4630502.636903829
9882 6954 598798.1804969197 4630502.037646416
9516 7076 595138.7971032073 4629282.178230024
9638 7076 596358.096188847 4629281.835065568
9760 7076 597577.8321138652 4629282.174916209
9882 7076 598797.7236166978 4629282.2977831075
9394 7198 593918.0204976951 4628061.648569035
9516 7198 595137.7276637618 4628062.556892898
9638 7198 596357.0593164554 4628062.751322851
9760 7198 597577.9722096878 4628062.380242412
9394 7320 593917.9099862995 4626842.274772581
9516 7320 595137.7953480198 4626842.287417653
9760 7320 597578.0152896855 4626842.352115786
9394 7442 593918.2161467472 4625622.129284668
9516 7442 595137.8098873867 4625622.162212042
9638 7442 596357.8125384813 4625622.64742522
9760 7442 597578.336911063 4625622.371835922
9516 7564 595137.8111855704 4624402.366865088
9638 7564 596358.0477560628 4624402.212678577
9394 7686 593918.0645809735 4623182.116909622
9394 7808 593918.0679829383 4621962.341339433
9272 7930 592697.8439635863 4620742.383706161
