122 3111 402398.3201571418 4137778.4917385746
183 3172 403618.5928247895 4136562.0506909452
366 3172 407279.038327068 4136562.1940667704
183 3233 403617.81182403764 4135342.382814551
427 3233 408499.0660133803 4135341.815360927
427 3294 408501.3693395122 4134122.1516301483
61 3355 401180.6855485486 4132902.0207538
244 3355 404838.66028076346 4132903.316443084
305 3355 406057.72934231703 4132903.047699685
427 3355 408498.938069512 4132899.2602595445
61 3416 401177.94316661154 4131683.1780024404
244 3416 404838.0956336911 4131683.276868104
427 3477 408497.76856891357 4130457.592846032
549 3477 410938.5995586184 4130461.533015333
183 3538 403620.59136352985 4129242.733377518
549 3538 410937.4146289214 4129238.3796941703
610 3538 412159.79155710683 4129243.7200451586
671 3538 413377.1552102563 4129243.687640222
427 3599 408498.05186765967 4128021.965861706
732 3599 414601.57562062435 4128022.537753664
793 3599 415821.5800122344 4128023.250064224
854 3599 417038.87964915764 4128021.6683970764
976 3599 419481.8404335698 4128022.012664741
549 3660 410940.9078385565 4126802.3203633623
610 3660 412158.2646129903 4126802.1761724837
732 3660 414598.87623247347 4126802.3212939566
793 3660 415820.5029103178 4126801.511747333
1037 3660 420701.55265000206 4126802.8300893176
732 3721 414598.79032953706 4125581.8542708857
793 3721 415818.31377926545 4125581.972707061
854 3721 417037.8725516517 4125581.895259778
976 3721 419482.0269904822 4125579.439099284
671 3782 413377.7965924996 4124362.2021629456
793 3782 415818.85669735033 4124362.2751463735
854 3782 417038.7118924919 4124362.278157465
976 3782 419479.20632093353 4124361.1214176007
1098 3782 421921.5869895385 4124362.4597851075
1159 3782 423141.50663619296 4124362.348245386
1281 3782 425581.1202665459 4124361.745049406
61 3843 401178.37498798955 4123143.336823037
122 3843 402400.75508073997 4123141.705530268
488 3843 409721.72457068 4123141.9436241053
549 3843 410938.4928353371 4123141.9249453507
610 3843 412161.1861674546 4123142.6893141335
854 3843 417041.0651778939 4123142.585723051
915 3843 418258.5639778146 4123143.4067242322
1220 3843 424359.1018223245 4123141.6317972913
1281 3843 425578.9217317857 4123141.6968517406
305 3904 406061.52557049785 4121921.966961151
793 3904 415821.3989145947 4121922.3675760757
854 3904 417041.72591683816 4121921.92423854
915 3904 418257.7915613772 4121923.8431731835
183 3965 403618.31793945807 4120701.5973908575
244 3965 404841.55744689313 4120700.8827823764
549 3965 410938.5219885005 4120702.2483011084
1098 3965 421918.9544291832 4120701.1096969694
122 4026 402400.9907724993 4119482.646501814
183 4026 403617.8922814668 4119483.112112606
488 4026 409717.53950203606 4119482.2836242747
732 4026 414601.2224049814 4119481.8463337375
793 4026 415817.90025721677 4119481.3648938388
915 4026 418258.67074990226 4119482.1612033127
183 4087 403618.3330118728 4118264.133651604
488 4087 409718.01302175777 4118262.7180702696
793 4087 415818.19658199226 4118262.1754638692
