2745 0 354903.83111723413 4900022.588526363
3782 0 375642.1335781562 4900022.20678008
5368 0 407361.3236233837 4900024.474943097
2501 61 350022.8118752456 4898803.978907187
2745 61 354903.5228829173 4898803.4735404495
3660 61 373202.9306143273 4898802.924763746
4270 61 385401.9231863456 4898803.557011452
4331 61 386624.41346924985 4898802.775355518
4392 61 387842.5179029855 4898804.030612026
4453 61 389063.2968800133 4898804.132351207
2501 122 350021.94552819285 4897583.068174006
2989 122 359783.12069612235 4897584.245470536
3111 122 362223.7025545717 4897584.511240997
3477 122 369542.92069820006 4897583.914493237
3538 122 370762.6730630175 4897583.998074011
3660 122 373202.52189403103 4897582.15636319
3965 122 379302.515126769 4897584.10319957
4148 122 382963.20495076233 4897583.45338862
4392 122 387842.82788780367 4897583.115094423
4880 122 397603.2149918049 4897583.222284033
5124 122 402482.70693947264 4897584.26091417
5307 122 406143.95343908493 4897584.799317902
2623 183 352462.9541053526 4896363.08536479
2684 183 353683.2116030508 4896363.811326826
2867 183 357342.24903579004 4896363.951196193
2989 183 359783.4026053754 4896364.641477575
3477 183 369542.81560662156 4896364.20293511
3721 183 374423.39713400166 4896361.915324766
4148 183 382963.19271272136 4896362.615357829
4514 183 390282.72155424405 4896364.192676862
4819 183 396382.8585976899 4896364.577499571
4941 183 398822.702913929 4896364.205606135
5002 183 400042.57333868527 4896364.296414365
5429 183 408584.31344892614 4896364.176328106
3355 244 367104.0306726672 4895144.144730447
3416 244 368323.4769726828 4895144.598142935
3843 244 376863.4725515155 4895143.9643171895
3904 244 378082.29091440234 4895143.253274263
3965 244 379302.4973045018 4895143.36028903
4209 244 384182.4008992862 4895144.304951587
4941 244 398823.32217791013 4895144.144650282
3538 305 370763.85508336703 4893923.636405642
3965 305 379301.95343999576 4893923.985440369
4148 305 382962.9629284735 4893924.166198058
4209 305 384183.38229487796 4893922.375567604
4575 305 391503.13516104076 4893925.772346451
4819 305 396380.94444207946 4893924.352161316
5002 305 400042.311605606 4893924.409121858
5063 305 401262.1877972676 4893924.6661362015
3050 366 361002.13203015045 4892703.191576607
3294 366 365882.0285141268 4892704.754272969
3599 366 371982.86827006604 4892703.902074732
3660 366 373202.01193842356 4892703.929249971
3904 366 378083.99775721657 4892702.783867024
4148 366 382962.73618695646 4892704.942094259
4209 366 384182.7414251127 4892703.82778038
5002 366 400041.9083474604 4892703.99810198
5063 366 401262.8962867807 4892706.501628434
3111 427 362222.2695412656 4891483.485938217
3904 427 378082.3659953721 4891484.219889978
4148 427 382962.10600190784 4891483.4932483565
4453 427 389063.15951073356 4891484.173830749
4514 427 390282.1829384334 4891483.484043287
4758 427 395162.2451010236 4891484.4258870715
4819 427 396382.8253335038 4891483.993636338
4941 427 398822.42197571055 4891484.964820866
5490 427 409803.4113507606 4891484.273593536
3294 488 365882.37754791585 4890264.255728047
3416 488 368323.252107871 4890263.962772898
3477 488 369544.2610262468 4890264.498708991
3599 488 371983.080812082 4890263.277127592
3904 488 378082.34957336175 4890264.738300988
4758 488 395161.86199132865 4890264.412609891
4819 488 396382.15220588655 4890264.737784842
4880 488 397602.58550890157 4890264.779323041
4941 488 398822.55909373943 4890264.902192291
5002 488 400042.26789846533 4890264.771436513
5063 488 401263.0985735179 4890264.04332589
5124 488 402481.87401302106 4890266.920850264
5185 488 403702.7883656376 4890264.129684843
5246 488 404923.32041536534 4890264.906067646
5307 488 406142.6226451214 4890264.568698303
5368 488 407362.1568071839 4890264.82039881
5429 488 408582.2377554125 4890264.518891403
5002 549 400044.94704289606 4889042.795082022
5063 549 401262.94217071374 4889043.737957012
5124 549 402483.4335166116 4889043.72681469
5246 549 404921.83822803793 4889043.409673128
5307 549 406141.8262639722 4889044.4042163445
5429 549 408582.7943652951 4889044.443284733
4819 610 396383.4029767707 4887823.976317166
4880 610 397603.817513805 4887823.708411428
5246 610 404922.259955619 4887824.180040243
5307 610 406144.67530673597 4887823.952103167
5368 610 407362.698126426 4887823.579941321
5429 610 408582.3246975674 4887824.952390407
4697 671 393941.16011793533 4886602.295897227
5063 671 401262.4447401586 4886604.714562827
5307 671 406144.771497743 4886604.36644144
5429 671 408582.02029082185 4886604.532337003
4819 732 396382.37494817143 4885383.24933209
4941 732 398822.57651064754 4885383.768431245
5002 732 400044.3851456587 4885382.399608262
5124 732 402482.11611627357 4885384.243372934
5185 732 403702.7860206064 4885384.484185047
4819 793 396382.7540945175 4884162.92103149
4941 793 398823.26059398934 4884161.3854260575
5002 793 400042.8344869702 4884162.326854434
5063 793 401262.6840385774 4884164.056469562
5246 793 404922.3206654448 4884162.401571181
5368 793 407362.2886777444 4884164.0727263205
5429 793 408583.40368261666 4884162.292175415
4941 854 398823.1373802567 4882942.320578173
5124 854 402482.7545674968 4882942.705346609
5246 854 404923.65674054413 4882943.07699796
5429 854 408583.6565556913 4882943.089625343
4941 915 398822.6949355419 4881723.864193132
5307 915 406142.81339927175 4881723.9242761815
5368 915 407363.1368437374 4881724.549984178
4880 976 397603.4103104902 4880502.549621703
4941 976 398822.4730034375 4880502.488404798
5307 976 406143.5257835858 4880506.02546054
5368 976 407362.5673332894 4880504.309270111
5429 976 408581.938355304 4880504.161041374
4880 1037 397603.2780299426 4879284.51353016
5063 1037 401263.05848380557 4879284.606362013
4880 1098 397604.61987329874 4878063.160460898
4941 1098 398823.06086007087 4878063.595261758
5002 1098 400043.3006386916 4878064.565544892
5063 1098 401262.0402501722 4878063.608952631
5124 1098 402483.2601673245 4878063.629651898
4758 1159 395164.320064471 4876843.371453791
4819 1159 396383.5646020817 4876843.289413567
5124 1159 402483.56377888646 4876844.045427138
5307 1159 406142.9685446187 4876843.422635092
5368 1159 407361.6198082424 4876842.803504845
4697 1220 393944.2231506527 4875623.427979279
4758 1220 395164.032660624 4875624.054302758
4819 1220 396382.6263394682 4875624.067052546
5002 1220 400043.19307790446 4875623.402994511
5124 1220 402484.19138085435 4875623.589652004
5185 1220 403702.34757291165 4875623.240406986
5307 1220 406142.0204504991 4875624.270668193
5429 1220 408582.65525747056 4875623.437382576
4941 1281 398823.30047701794 4874403.172604595
5246 1281 404923.00050673203 4874404.488624746
5368 1281 407362.7044220403 4874403.304594514
5429 1281 408581.6208901359 4874404.366873772
4697 1342 393944.2178931752 4873183.887668013
4880 1342 397602.45230063435 4873184.487081826
5002 1342 400042.92623530026 4873182.935343353
5124 1342 402484.1280344597 4873183.381831458
5185 1342 403702.19611224125 4873184.354331004
5246 1342 404921.6010324629 4873184.200418933
5246 1403 404922.8386837971 4871964.323499589
5307 1403 406142.4623748571 4871964.494915016
5490 1403 409802.6446047302 4871963.429563747
4697 1464 393944.44811361853 4870744.2112028925
4819 1464 396383.6465879146 4870743.56634704
5246 1464 404922.80909323663 4870743.795243937
5307 1464 406142.4835352727 4870744.141060689
5368 1464 407361.6316754553 4870743.5139688095
5429 1464 408582.9236620847 4870744.394405515
4575 1525 391503.19337583653 4869523.513502922
4636 1525 392723.19912141474 4869523.769117701
4758 1525 395163.52302351024 4869524.626087447
5246 1525 404923.3913471797 4869524.858054897
5490 1525 409802.30237005133 4869524.655926851
4514 1586 390282.39398411673 4868303.747708308
4575 1586 391502.7608821646 4868303.396243915
4636 1586 392723.04214403924 4868302.91772543
4758 1586 395163.0964556952 4868303.928293503
4819 1586 396383.55085495836 4868303.78845033
4880 1586 397603.0974008865 4868303.663784936
4941 1586 398822.83432425035 4868303.750618356
5063 1586 401264.0297267001 4868304.24604284
5185 1586 403701.87595753826 4868304.087761382
5246 1586 404921.9782137375 4868303.769742474
5368 1586 407362.75826046657 4868304.643085464
5490 1586 409802.0873919799 4868304.173233249
4331 1647 386622.32679536013 4867082.209406782
4392 1647 387844.5147557298 4867082.86407383
4453 1647 389062.8518949885 4867083.576578532
4575 1647 391502.6266231723 4867083.452838025
4636 1647 392723.2655529365 4867083.693006568
4819 1647 396383.2907707898 4867083.619722237
5429 1647 408582.25816138793 4867084.600863046
4453 1708 389062.4845985792 4865863.331909529
4514 1708 390282.5470962106 4865863.416350465
4575 1708 391502.6637998187 4865864.268044714
4697 1708 393943.82202928833 4865863.320492884
5063 1708 401262.89644438395 4865863.980658375
5368 1708 407362.641898127 4865864.511329829
5429 1708 408581.6026539749 4865864.415426541
4270 1769 385401.7281159522 4864643.824506861
4453 1769 389062.88679044676 4864643.454075429
4514 1769 390282.16365721903 4864643.302741235
5002 1769 400043.7842307227 4864644.1410230575
5063 1769 401262.9588149069 4864644.499616955
5124 1769 402482.45514463715 4864643.69375624
5185 1769 403703.9185344555 4864644.651470975
5368 1769 407364.71201901685 4864643.127830278
4270 1830 385402.82731801097 4863423.4304054715
4392 1830 387842.32080091827 4863423.037319196
4453 1830 389062.70283662673 4863423.750077768
4514 1830 390282.3404698575 4863423.773941868
4575 1830 391503.8513465712 4863423.127604006
4636 1830 392723.1259319878 4863424.071946418
4758 1830 395163.09890577866 4863424.704944172
4819 1830 396383.0145903765 4863424.543391824
4880 1830 397601.9382744381 4863424.483421574
5246 1830 404922.13812564674 4863424.651786157
4270 1891 385403.32392255374 4862202.930316888
4331 1891 386622.70162680384 4862203.834600605
4392 1891 387844.4193236137 4862203.754236056
4514 1891 390284.25601687725 4862203.887808613
4697 1891 393943.04653117014 4862204.618621962
4758 1891 395163.14931287104 4862204.515934946
4819 1891 396382.3759409061 4862204.930625839
4880 1891 397601.8218085325 4862204.576506935
4941 1891 398822.81235011143 4862203.641726032
5063 1891 401263.49886093836 4862203.879900553
5307 1891 406143.07605278975 4862203.700772927
4209 1952 384183.43348398776 4860983.992561623
4270 1952 385402.561805417 4860983.637233029
4392 1952 387843.19533470203 4860983.6224565385
4453 1952 389062.8384696405 4860983.958762332
4514 1952 390281.6466381432 4860983.581145962
4575 1952 391503.0025143843 4860983.200799054
4819 1952 396382.7939563174 4860983.866266484
5002 1952 400043.0942086116 4860984.295577418
5063 1952 401262.691570186 4860984.261534244
5124 1952 402483.649699304 4860983.267619082
5490 1952 409801.2904695748 4860982.268651366
4270 2013 385403.76174485474 4859764.275428401
4331 2013 386623.12386087934 4859764.138255295
4392 2013 387844.1018651749 4859764.88560972
4453 2013 389061.8879210725 4859763.662177387
4514 2013 390283.37952478667 4859763.884663178
4575 2013 391502.96123845363 4859763.784564745
4697 2013 393942.83468090807 4859764.499315875
4758 2013 395163.3322691676 4859764.816757619
4880 2013 397602.3365572206 4859764.051601442
5124 2013 402482.4863062217 4859763.705409591
5185 2013 403703.7945346615 4859764.166952785
4087 2074 381742.017759993 4858542.376430944
4270 2074 385403.553818943 4858544.449099318
4392 2074 387842.6761984817 4858543.476017674
4697 2074 393942.49746428384 4858543.593449585
4758 2074 395164.2421833265 4858543.655703494
4819 2074 396382.42635553004 4858544.529670267
5124 2074 402482.866119917 4858544.450510628
5185 2074 403703.24735729693 4858544.501019668
5246 2074 404923.0745218333 4858544.87845462
5307 2074 406141.80364132446 4858544.658574251
5429 2074 408581.40310569806 4858543.706299056
3965 2135 379303.7841835786 4857324.596501354
4331 2135 386622.75148507644 4857323.1684526075
4392 2135 387842.19456639973 4857323.753227338
4453 2135 389061.93380307255 4857325.722783079
4514 2135 390282.34535646235 4857324.000447545
4575 2135 391502.80878317053 4857323.649303828
4636 2135 392722.6557770007 4857324.352558339
4697 2135 393942.9299597684 4857324.755246987
4758 2135 395162.8365189827 4857323.989102512
4819 2135 396381.91085609316 4857323.836602978
4880 2135 397602.13675222144 4857323.522100329
5063 2135 401262.74822615244 4857324.243910842
5124 2135 402482.4798981484 4857324.339955534
5185 2135 403702.95503648405 4857324.712436849
5246 2135 404921.43006219034 4857324.864325399
5307 2135 406142.47605381586 4857324.462459281
5368 2135 407361.82491619146 4857326.668097308
5429 2135 408582.9329583011 4857325.04587643
4148 2196 382963.7103544613 4856103.452790108
4331 2196 386622.6391643186 4856103.660096158
4392 2196 387842.53121499106 4856104.535119082
4575 2196 391502.49853796174 4856103.70878958
4636 2196 392723.11399592203 4856103.600870176
4941 2196 398822.4430421385 4856104.502428327
5002 2196 400042.6995347017 4856104.905800096
5063 2196 401262.345284091 4856104.037477488
5124 2196 402482.289222862 4856104.99223889
5185 2196 403702.1581301297 4856104.442894784
5246 2196 404921.9132526016 4856104.4735305
5429 2196 408583.50273637864 4856104.816340057
4026 2257 380523.16671452083 4854883.952090441
4209 2257 384183.5475830024 4854883.524269304
4453 2257 389062.9537158283 4854883.74515442
4514 2257 390282.19774513994 4854883.298181327
4575 2257 391502.7156062341 4854883.659852902
4636 2257 392723.1661365875 4854884.038739756
4697 2257 393942.795767962 4854884.029640774
4758 2257 395162.5808769169 4854884.290085545
4880 2257 397602.6539625565 4854884.282360642
4941 2257 398823.33461754414 4854884.867814536
5124 2257 402482.21057970566 4854884.333803411
5246 2257 404921.8008246059 4854884.809653287
5429 2257 408583.4252500381 4854885.831880598
4026 2318 380522.66837534844 4853663.290205012
4148 2318 382962.5447412776 4853663.75841972
4392 2318 387842.5623534924 4853664.285884905
4453 2318 389062.3906143453 4853663.447562149
4636 2318 392722.50843557075 4853664.096912712
4697 2318 393942.6655609554 4853664.363338115
4819 2318 396381.3563272646 4853663.506098049
4880 2318 397603.01404513203 4853664.43248999
5063 2318 401261.6350728905 4853664.836800874
5124 2318 402482.15520425286 4853666.564587925
5246 2318 404922.635254333 4853663.924177689
5307 2318 406144.29666583566 4853664.85625939
5368 2318 407361.81986763154 4853664.797416393
4087 2379 381742.6935154654 4852443.30696153
4514 2379 390284.30718766036 4852444.869627702
4819 2379 396382.106287592 4852446.181112166
4880 2379 397601.6469411469 4852445.575046869
4941 2379 398822.50597967627 4852444.656361267
4392 2440 387842.45760200714 4851223.9523439845
4514 2440 390282.9852640493 4851223.929988386
4697 2440 393942.9215646424 4851223.744149743
4880 2440 397603.1159059323 4851224.871687654
4087 2501 381742.4086733555 4850003.917944879
4148 2501 382962.4139036497 4850003.71364796
4209 2501 384183.89395298477 4850003.956517966
4270 2501 385401.90904171264 4850003.601165544
4331 2501 386622.04341521236 4850005.198864211
4453 2501 389062.5814452916 4850004.341804651
4514 2501 390283.1345325978 4850004.732373551
4575 2501 391501.8056977959 4850005.931250042
4636 2501 392722.91727502533 4850005.127632414
4697 2501 393942.7581912658 4850004.289580307
