8540 5978 385404.6907565222 5040224.810907579
7442 6466 374422.26083922526 5035346.719127605
9638 6588 396377.61993853375 5034123.517082325
9760 6588 397602.06540639873 5034121.264750141
7320 6710 373204.5410531237 5032903.0831307275
7442 6710 374427.5749486053 5032904.641850788
7686 6710 376862.5738427239 5032907.187320293
7808 6710 378082.99112908955 5032904.606749426
8052 6832 380523.65664008417 5031682.5236370955
9272 6832 392722.90462134394 5031683.840075115
9394 6832 393944.40054179286 5031681.785192981
9638 6832 396383.1703195461 5031683.067939448
8540 6954 385397.2380738413 5030464.662822923
10126 7198 401261.904441745 5028024.742411703
6588 7320 365884.028810859 5026803.323235057
8784 7320 387842.18100910156 5026803.588198016
9272 7320 392722.44325427996 5026808.273419352
9394 7320 393943.3810968768 5026807.205280065
10248 7320 402484.4268675363 5026807.611285304
7076 7442 370764.0964870546 5025584.2148091085
8662 7442 386621.03472701303 5025583.991375808
10004 7442 400044.17946147465 5025583.771369417
10858 7564 408583.504886229 5024358.158445659
8418 7686 384183.6977712197 5023138.504838582
8906 7808 389058.93354387843 5021922.703267221
9760 7808 397596.4494412429 5021924.498493039
10248 7808 402475.57198607567 5021922.880091815
6954 7930 369544.26081417897 5020703.561721695
7930 7930 379295.47078823956 5020703.945115415
8662 7930 386621.9844779018 5020704.383501937
9028 7930 390284.9216424423 5020709.768704545
9272 7930 392722.8260896968 5020708.033039899
9516 7930 395164.6967102244 5020703.36161383
9760 7930 397597.1608512312 5020706.103129116
10126 7930 401263.52404141217 5020704.843393858
10614 7930 406142.7962083224 5020708.293867773
8906 8052 389062.73685316835 5019483.269988141
10004 8052 400043.09191779885 5019487.534746505
10370 8052 403703.1789043022 5019484.106539151
8906 8174 389055.31163348217 5018263.91448264
10126 8174 401263.98064581363 5018269.740730088
10614 8174 406142.45785265276 5018268.31883358
8174 8296 381736.7449753576 5017047.965790187
9760 8296 397601.4982304187 5017044.993882408
10614 8296 406142.60572052695 5017043.74243155
9882 8418 398819.58615318773 5015824.974506083
7808 8540 378082.1498220813 5014606.534684842
8418 8540 384181.58669714036 5014607.208652346
9028 8540 390282.58572963544 5014597.691011547
9882 8540 398823.497792578 5014597.8344694
6954 8662 369542.5824332536 5013384.725598613
9882 8662 398823.9226966331 5013384.893261782
10736 8662 407363.1462767291 5013383.659154523
6466 8784 364663.74766964617 5012164.67010376
8296 8784 382962.1671677384 5012167.682433691
8906 8784 389061.7928592476 5012169.521477829
9394 8784 393942.42577572225 5012161.752177153
6710 8906 367103.26986860513 5010944.315456985
7442 8906 374421.32319668215 5010944.76260925
7564 8906 375639.1902274713 5010943.710852364
8418 8906 384177.7588358337 5010942.723311845
9516 8906 395162.167317223 5010944.980676728
6710 9028 367102.2153370675 5009724.659372381
8174 9028 381738.4194283264 5009724.25801639
8296 9028 382957.03846274083 5009722.486503578
8540 9028 385400.3469689425 5009730.921620998
8906 9028 389061.79701333167 5009723.713297291
10248 9028 402484.4530115506 5009722.144923234
10614 9150 406143.7650914766 5008504.360301254
8418 9272 384180.3586650079 5007288.024928218
9638 9272 396381.7144053223 5007282.891803024
9150 9394 391497.29389937397 5006065.039206786
9394 9394 393941.90081130696 5006069.503456399
8784 9516 387841.54765830806 5004842.354132182
10248 9516 402483.59924469393 5004842.921128975
7198 9638 371982.11223668064 5003624.925097566
8540 9638 385402.32843574457 5003623.310134391
9272 9638 392723.0515777053 5003626.905526668
9394 9638 393944.8222801389 5003627.84211023
6710 9760 367102.5816729024 5002404.1765353065
7808 9760 378082.41467921046 5002403.897434667
8418 9760 384177.94389771257 5002402.99563009
8540 9760 385399.2532768909 5002404.515427338
8662 9760 386623.2073962681 5002403.018582792
9394 9760 393942.38550200977 5002407.337278317
10126 9760 401263.98443748703 5002403.427450042
7808 9882 378081.9286381419 5001187.33994055
7930 9882 379297.75844861683 5001184.632844137
6466 10004 364661.86044914584 4999964.397909126
7320 10004 373202.05002476776 4999968.645749982
8662 10004 386622.5486776096 4999962.187003389
10248 10004 402482.1706696627 4999964.460033998
6222 10126 362226.73488110065 4998747.1158614755
6832 10126 368323.42138177546 4998743.632699426
6954 10126 369542.1506641473 4998744.499785461
7076 10126 370761.0371481799 4998746.560314375
7442 10126 374421.2059332144 4998744.194175517
7564 10126 375639.1789345755 4998744.77833826
8784 10126 387843.76068652666 4998746.374229113
10126 10126 401261.4122892536 4998742.951871911
10370 10126 403696.73130050045 4998746.778398774
6344 10248 363441.8929960045 4997526.738471756
7076 10248 370758.0196728818 4997526.5058608055
7442 10248 374422.05964337446 4997528.043644128
8052 10248 380522.4137436635 4997524.454433509
8174 10248 381741.32694392226 4997520.767649691
9760 10248 397603.7760222344 4997526.763679062
9882 10248 398823.48135037074 4997523.408469368
7442 10370 374420.8117868634 4996309.729150101
7686 10370 376863.68478910567 4996304.334329907
7808 10370 378086.010899151 4996304.197458601
9882 10370 398823.8261434504 4996304.952593657
10004 10370 400044.7437006166 4996306.459522435
7442 10492 374422.64053753373 4995087.697759573
8296 10492 382958.48065266095 4995083.33650175
9760 10492 397602.5161930114 4995084.9592996985
10004 10492 400044.60074220464 4995084.975715305
7442 10614 374424.95549193595 4993870.133377216
6222 10736 362223.6603255363 4992646.6198376855
6466 10736 364662.1956234822 4992642.950818262
6954 10736 369544.5505605039 4992645.677285177
7320 10736 373203.10123417847 4992652.0250146305
10004 10736 400043.6421720881 4992643.534331271
