2257 0 645144.1013795411 4800003.418210741
2196 61 643922.946225437 4798784.69980707
2318 61 646362.543969862 4798784.503120527
2501 61 650021.4369424803 4798782.586934207
3111 61 662217.1690439087 4798785.676854622
1891 122 637823.0023107261 4797564.705531203
2074 122 641478.4024404204 4797563.317372552
2257 122 645136.2504976097 4797564.088777714
2379 122 647576.7202023477 4797564.836150955
2440 122 648801.94642523 4797564.915514251
2501 122 650016.8769388268 4797564.107709842
2623 122 652461.5580413658 4797564.186697731
3050 122 660997.4768902675 4797562.563264932
1891 183 637821.8702967623 4796344.648983951
2135 183 642697.009948587 4796343.018529679
2257 183 645142.7477634593 4796343.082118778
1891 244 637820.8850967806 4795124.461927619
1952 244 639038.6673481517 4795123.751257313
2684 244 653680.9594513846 4795123.902011394
2074 305 641481.5905705126 4793904.955460424
2135 305 642697.2056462083 4793902.872627305
2501 305 650021.8155292914 4793904.512953063
2745 305 654902.4120314193 4793904.4812181145
1586 427 631722.1850190377 4791466.891281941
1403 488 628057.4797682095 4790242.312919813
2440 488 648797.4698821838 4790248.099637129
2867 488 657338.2345921355 4790244.663891479
2806 549 656117.4061008901 4789024.459593906
2928 549 658557.6308771977 4789022.276949068
2989 549 659777.5724271032 4789023.547777521
1525 671 630498.7593914933 4786583.995068378
1586 671 631722.7600943906 4786583.742298153
1525 732 630500.9716208898 4785364.220134417
2440 732 648796.6252879631 4785368.091252393
2501 732 650016.8957779437 4785367.995088713
1403 793 628057.0977742374 4784144.84940903
2135 793 642701.8287452655 4784144.965782997
2318 793 646358.1565544086 4784144.286845433
2135 854 642696.1294325768 4782927.832213955
2196 854 643918.9663601856 4782924.975031116
2196 915 643923.3918556083 4781704.571737793
1403 976 628057.7352472278 4780493.810183823
2257 976 645137.1739685772 4780487.080055459
2135 1098 642697.8867033428 4778051.0940265665
2318 1098 646360.9384031068 4778044.521344248
2013 1159 640257.0136450279 4776824.444973131
2135 1159 642697.6297640147 4776824.218902224
1281 1220 625621.8357686074 4775608.252137031
1464 1220 629282.4728683388 4775604.9880913375
2013 1220 640257.4764946351 4775603.982389883
2379 1220 647577.7790575402 4775604.388801288
2440 1220 648801.3585276937 4775604.83183066
1342 1281 626836.5489705224 4774382.784269294
1952 1281 639037.6251119282 4774383.597618828
1342 1342 626835.9193229821 4773173.052080634
2257 1342 645143.490559896 4773164.822834891
1769 1403 635377.5060289886 4771944.704785338
1952 1403 639037.4872949476 4771942.737058939
1647 1525 632937.5002061141 4769508.159560321
2074 1525 641477.7220564631 4769504.656469898
1464 1647 629277.350934097 4767068.672333591
1525 1769 630495.6537858129 4764634.9097830625
1647 1769 632935.1110076534 4764633.369738544
1952 2135 639038.2135953925 4757308.926928449
1159 2257 623177.3203487659 4754868.335169356
