6710 2196 667096.3050095927 5178061.905331204
8052 5246 680515.5178107498 5147561.86185244
2684 10004 626839.4682868784 5099981.114550946
6100 9394 660996.2302747569 5106083.177363141
3294 9516 632935.9032169066 5104863.571226269
7076 9516 670755.274263345 5104863.869951602
6588 3416 665874.616635325 5165861.838243296
3904 3416 639035.7385404296 5165863.459111384
6466 6710 664657.4485236743 5132924.918503538
5734 7198 657336.88389477 5128043.071335172
7442 8052 674416.4126470683 5119503.734591608
5612 6710 656115.7911224562 5132922.2373057185
2562 3538 625617.9774621788 5164642.111379455
5002 9638 650017.2242335406 5103641.922458764
2196 3172 621957.0911097727 5168303.196280994
4026 3416 640255.2059451193 5165863.452569988
6344 8906 663435.7390299573 5110963.171036163
4758 10980 647575.863067783 5090224.187354004
6222 10614 662219.3958930844 5093883.665621032
7320 5856 673197.507306881 5141463.029916893
7442 4880 674416.0442084405 5151223.224825367
3660 3416 636596.2906573272 5165862.73970374
6466 9638 664654.2403911564 5103644.635154888
366 5978 603658.124362636 5140243.804792013
7930 4026 679295.2021224393 5159764.6675730385
9882 2928 698812.49076533 5170741.857155659
6588 3050 665877.5046866037 5169519.610217053
10614 1464 706135.1623095183 5185382.696804842
7808 7686 678076.3920615054 5123162.67632844
10248 1952 702475.0530286191 5180500.085623589
10492 1586 704917.3232421894 5184163.240758922
6222 9028 662216.1542716931 5109742.501131508
7198 4392 671975.7278704047 5156102.592221009
6588 8662 665873.5519336424 5113403.393661702
5734 5246 657337.5811519858 5147563.089577483
6100 6222 660996.9201343721 5137803.300026802
7320 9028 673197.2764831966 5109742.532144012
7198 8296 671976.3030829843 5117063.301419102
6710 10858 667096.5019992553 5091444.456051946
10370 2318 703695.9235599161 5176840.866311385
6100 5734 660997.143504862 5142682.8870300995
6344 8052 663436.3051226867 5119504.2469417965
1830 2806 618298.3969683253 5171962.884873935
5734 7564 657334.7116953026 5124381.605245904
7808 4636 678076.041606367 5153662.71031473
8906 610 689057.7824715582 5193922.508562936
366 10492 603657.6234386041 5095105.938366762
6100 8906 660995.5339529065 5110963.6512783
6100 10492 660996.1275775136 5095103.430293368
3904 3538 639036.2879780196 5164644.0244907765
6832 3660 668316.0936087392 5163420.86982789
7442 5246 674416.8257069634 5147564.938835254
5368 10004 653677.4488449164 5099982.753585296
4270 6832 642696.2648612553 5131703.993516541
1586 1830 615856.7529499966 5181724.782704224
7686 6466 676856.5275728817 5135363.940471715
3538 9882 635376.2864606124 5101203.287132759
4880 6344 648794.9086883359 5136583.23707072
7198 5490 671976.8532250313 5145123.6333184345
6588 9394 665872.5079886407 5106082.81593748
9150 4148 691495.6726850643 5158541.823107682
9028 610 690276.6593984421 5193922.860271991
6344 9272 663435.786198057 5107303.58633163
8418 10004 684175.4788726834 5099984.6769985575
244 9028 602442.1488505666 5109743.017837957
4392 6710 643915.6212083887 5132922.887922557
1952 2928 619517.4568981901 5170744.721310283
5490 9394 654895.7800909291 5106083.40018955
7808 5612 678075.3157797705 5143904.2327259565
10492 1098 704915.3825507005 5189043.215434
7076 7320 670755.1997039558 5126824.215832475
10736 1098 707352.2349201092 5189042.339197438
7564 5002 675636.2643796719 5150005.476340579
7076 7442 670756.7913732358 5125602.332541638
6588 8540 665875.1486399682 5114624.492205067
9760 3538 697593.4689160379 5164644.116223074
5978 6710 659775.8908660182 5132923.84606919
8418 4758 684175.2713056204 5152443.999819848
3538 6954 635375.4560240239 5130481.91166496
5612 6344 656115.3874061519 5136583.646525395
8174 10126 681732.7163728153 5098763.750703955
7198 7076 671975.0780152581 5129262.2868494075
7076 6954 670753.589024532 5130482.109712158
6344 5978 663436.0161394472 5140243.585324622
6344 8418 663435.5460037483 5115843.552153741
5612 6588 656115.9005166834 5134144.762864417
7076 4514 670756.5448999698 5154883.5136649795
1708 2928 617076.8148112711 5170746.049314989
6344 9394 663435.1865448487 5106082.760952614
5856 9272 658558.9053510748 5107301.281662004
5856 5856 658557.1293724112 5141463.132138552
3660 9760 636597.7763666878 5102422.454036356
10126 1830 701255.2778032876 5181724.222099969
8540 4758 685396.1365331344 5152442.839488649
4026 10248 640257.0778812116 5097545.346892468
5856 2684 658556.0908219569 5173182.510216816
9760 2562 697596.1587879495 5174402.54142002
7320 6710 673195.6067743276 5132924.674440315
4026 10736 640256.6648093497 5092662.295712839
4758 10736 647576.9379195094 5092663.203923662
3416 6954 634155.5791853048 5130482.524712271
6344 7930 663437.2891764331 5120722.692863108
8418 2196 684176.0915283004 5178064.4151651105
6588 9516 665876.0456988782 5104864.683503811
7320 6344 673196.3038296887 5136583.354279921
7320 6466 673196.1695125378 5135364.053062092
6222 9150 662216.0391790122 5108523.915819791
3782 3416 637816.1150779476 5165863.054583801
5978 9394 659775.7895642914 5106082.527248844
1708 2440 617076.933780192 5175623.199458869
7686 5978 676858.0946336857 5140243.261025125
610 5124 606096.3067181545 5148784.206928479
6344 10004 663433.1211428121 5099983.4715293
10126 2684 701256.7780465219 5173183.175595669
7808 6832 678075.6838604358 5131703.667602132
5978 7442 659777.2936209788 5125602.851704459
7930 5734 679297.2678689854 5142682.801282719
5978 5612 659776.4878021497 5143903.119745943
6832 3904 668316.5425944891 5160982.1917820405
6100 7076 660996.5159649533 5129262.767283341
7198 7198 671977.5441384874 5128044.327689075
10248 2440 702475.7298162032 5175622.485440204
8662 4636 686615.735452368 5153662.956408331
9028 4514 690276.2402819886 5154882.758501047
5978 9028 659776.3866914707 5109742.849635552
6222 8296 662217.2507020268 5117063.576146724
6222 7930 662216.9385790398 5120723.628502649
6832 7564 668315.8330991848 5124384.268631816
5978 6954 659776.3803276122 5130485.5496494835
7564 3294 675637.2804115168 5167084.488118896
2684 3416 626837.0990223255 5165862.794574505
5124 10004 651236.9010446189 5099982.909687943
6100 8418 660996.9999765604 5115842.58655463
6466 7930 664656.1460637687 5120722.8048603535
6100 7808 660996.2583038487 5121943.192936041
6466 10248 664656.1403054075 5097543.36738001
6100 5612 660996.8945516772 5143903.032905634
7808 5124 678075.0490471894 5148783.682829798
6832 9028 668316.069927402 5109743.253395108
5978 2684 659776.2993345611 5173182.548141305
244 5002 602435.3560005707 5150004.543237147
5978 6832 659776.5684220662 5131703.713176616
2074 2928 620736.2188419248 5170743.016837069
6466 10126 664656.3807645092 5098762.408409945
6222 8784 662214.771111811 5112182.771383827
10126 2440 701256.4540861642 5175622.048670952
1586 7564 615855.4915037456 5124382.745511786
366 10126 603657.2341091123 5098762.728572268
5734 4026 657336.5630168259 5159761.908443525
5978 8418 659776.5745959663 5115843.873501869
10126 1464 701255.7273744019 5185383.043460268
7686 4636 676855.7224696536 5153662.661348615
6710 3782 667096.9741427521 5162202.9222331755
6100 2684 660996.1041457459 5173182.65437753
5612 6466 656116.9854409689 5135364.267029451
7320 5978 673195.7461581818 5140242.904107162
244 10858 602436.4938799307 5091443.767117097
7686 9272 676855.2452120539 5107303.548627704
7320 5124 673198.3041820448 5148784.468823163
5612 9272 656114.8616596133 5107299.720262612
8052 4270 680515.6686980008 5157322.4494614815
6222 8174 662217.1391925458 5118281.526301292
6466 2928 664654.2616702443 5170743.238558641
7930 5490 679295.6739331587 5145123.979414012
4758 10858 647576.5947942756 5091440.63090409
5734 6710 657336.1288694086 5132924.308397123
7930 4514 679295.1081185485 5154883.570458295
5734 6466 657337.6747926763 5135363.686426909
1708 2806 617078.2679249808 5171964.812029597
5002 6222 650016.0919898136 5137802.651700151
7930 5246 679295.2570519334 5147563.074707451
6100 5246 660996.1680258648 5147563.330473266
8296 4758 682955.4339273999 5152443.226671437
5856 6344 658559.0059742099 5136580.847966575
7198 9150 671975.9402120725 5108523.581729489
3172 3538 631716.1180622076 5164642.019249275
4026 6832 640255.789594763 5131702.611902916
4758 3294 647575.7962317321 5167082.175049321
7808 5368 678075.0979171068 5146344.292752823
6588 9882 665876.9703468512 5101203.335714424
7076 9272 670756.3995847908 5107301.928099129
10370 2196 703695.6426208018 5178062.987149078
122 7686 601216.1082416405 5123165.392205578
7930 5124 679295.8025654624 5148783.937096525
4026 3538 640257.1140734018 5164642.254901598
9394 3172 693934.0474220484 5168302.912080943
6466 3294 664655.8964784604 5167084.375710653
6222 10370 662215.352590977 5096323.052474233
6344 10492 663436.4313657997 5095103.73112606
4148 3538 641476.4493315856 5164642.104309535
5368 9516 653675.9028822418 5104863.968167823
7930 4880 679294.1719586774 5151224.159909462
10248 2318 702476.1589818017 5176842.75322034
8052 3294 680513.7736753551 5167082.867014345
6222 8906 662215.5507159119 5110963.142216677
6710 9150 667095.8883241012 5108521.898912963
1952 3294 619516.7951040907 5167082.208225507
6588 2440 665876.0889190099 5175622.66169937
5490 3050 654895.9754208729 5169522.8672111165
6222 5490 662216.1973789327 5145123.121437577
7442 6344 674415.261925246 5136583.270545736
6588 3538 665874.267264304 5164643.469785926
3294 3416 632936.660198794 5165863.680167194
8052 4514 680515.5727166655 5154884.167003893
10126 1708 701253.6264627605 5182943.758595396
5978 7076 659775.455667366 5129264.194773398
2196 3538 621956.1304560171 5164643.216368115
6222 9272 662215.4395608332 5107304.47511601
7442 5978 674416.5526721348 5140243.3296271125
9760 3050 697592.7232131069 5169524.904281685
9638 2928 696376.2616188277 5170743.576158291
6222 5246 662216.8542715644 5147562.904828888
5978 8540 659775.352469331 5114622.797763514
7808 5002 678075.288010125 5150004.1219755355
6466 8052 664655.3997505896 5119504.994414655
7076 1220 670756.6897370052 5187822.82529491
6222 5368 662215.724843033 5146344.568838433
6710 9028 667095.6468367032 5109742.527967854
7198 6710 671973.4301614519 5132923.819155355
4026 10126 640256.613720342 5098762.780142432
6344 2684 663435.0685836938 5173183.835025322
5246 3050 652455.492011367 5169522.443359742
7320 9638 673195.5934344529 5103644.412750023
5368 3050 653676.1242670048 5169521.379396964
7198 6222 671974.9479386036 5137802.811191492
6954 8540 669535.5399648166 5114622.538922478
7686 10370 676855.3326287424 5096324.121509034
9272 3782 692715.8714512351 5162203.981248681
6466 8906 664655.8578599674 5110965.669800322
5612 9394 656116.4527635712 5106081.991319458
5734 3782 657337.8422336241 5162205.920878468
4758 6344 647576.1196583626 5136582.235662192
488 5002 604877.6567879173 5150003.937926782
6954 10248 669535.4519314879 5097543.87984
5856 7442 658556.7487915925 5125602.638980814
6100 7930 660997.0573627941 5120723.736471621
2440 3416 624396.1870714519 5165863.215967395
8052 4392 680515.7246606417 5156102.31220231
6222 10492 662216.5989005619 5095102.593143917
3782 3538 637817.2658478903 5164643.892089303
488 7930 604876.6642907686 5120723.326071036
5978 9150 659776.5584706614 5108523.392458489
10004 2684 700035.805812797 5173182.476242402
8052 3660 680516.8371035153 5163423.85216479
7686 5490 676855.1630714168 5145122.450093546
6588 7808 665875.1752409155 5121944.560804531
9638 1220 696376.5778304911 5187822.260236188
6954 6832 669536.262306245 5131702.737743338
