4270 122 442656.9343703195 4898803.407538175
4392 122 443877.7502151244 4898803.600329875
4758 122 447536.8904655043 4898803.770164045
5002 122 449977.509050909 4898802.652421337
5124 122 451197.53192849417 4898802.735213704
5246 122 452418.17497659 4898802.581911816
5368 122 453637.92133712483 4898802.739243327
2318 244 423136.75431510294 4897583.448498433
2928 244 429238.02188535663 4897582.598337615
3904 244 438997.880630487 4897583.143897122
4148 244 441436.1424127738 4897582.743721805
4514 244 445098.3119692705 4897583.362377234
4636 244 446317.19454667653 4897583.237230611
4880 244 448758.2400824143 4897582.395327545
2074 366 420698.09619615384 4896363.495622701
3538 366 435336.5599861572 4896363.93113954
4026 366 440216.82929094834 4896362.9473649785
4148 366 441437.53833320213 4896362.317797556
4270 366 442657.76727961196 4896362.298009157
4392 366 443877.83163755015 4896363.2980042845
4514 366 445097.2774311339 4896363.051997526
4880 366 448757.05653264816 4896362.801819565
5124 366 451196.97024803155 4896363.443722258
2806 488 428017.2880436588 4895143.871307121
3050 488 430457.80569011625 4895143.103953007
3782 488 437777.8116667458 4895142.704024038
3904 488 438996.45925311913 4895142.417962683
4148 488 441438.3236854156 4895142.103842771
4270 488 442657.80815460393 4895141.737760956
4392 488 443877.51378632383 4895142.772129651
4514 488 445096.4176259904 4895143.509472701
4636 488 446318.9262947411 4895141.644601581
4758 488 447538.2211716722 4895142.500345895
4880 488 448757.2483229884 4895143.511729415
5246 488 452416.94497996476 4895142.757526879
2806 610 428017.0122229132 4893922.633049138
3050 610 430457.0557828615 4893922.4466122
3660 610 436557.50750092504 4893922.835524711
3782 610 437778.1245131509 4893922.218311621
4026 610 440218.38327570964 4893922.63594325
4270 610 442658.08615859353 4893922.484918367
4392 610 443877.0846133097 4893922.624767113
4514 610 445097.68901819957 4893922.5354448445
4758 610 447538.149205001 4893922.739768315
4880 610 448757.61240157724 4893922.7379098125
5246 610 452417.8370385508 4893922.973022393
5368 610 453636.8707551115 4893921.332688243
2684 732 426797.6053492154 4892702.210280578
3172 732 431678.9786592674 4892703.094435613
3294 732 432897.8025359608 4892702.213449316
3660 732 436557.95182388334 4892702.645342197
3904 732 438997.8840900067 4892702.483862146
4026 732 440218.0669394927 4892702.643369274
4270 732 442658.62790126336 4892701.827593326
4514 732 445098.2684842137 4892703.886716925
4636 732 446317.82645683165 4892702.405884473
4880 732 448758.55668812915 4892702.427964569
5002 732 449977.74420495186 4892702.459978435
5124 732 451197.32775956235 4892702.50804639
5246 732 452417.1982265545 4892702.8280428555
1098 854 410935.6949574227 4891483.41888085
1708 854 417037.3972278342 4891481.684622193
2318 854 423136.4761928882 4891484.767854026
2562 854 425577.77512285585 4891483.990042287
2806 854 428017.68031377724 4891484.119765236
3050 854 430458.28454461606 4891482.654865209
3172 854 431678.10414665967 4891484.108438813
3294 854 432897.8304485032 4891482.731836005
3904 854 438998.3233029436 4891483.559251148
4026 854 440218.03707609116 4891482.895964588
4270 854 442657.04628086946 4891482.681900121
4514 854 445098.42912012496 4891481.853952159
4880 854 448758.0864281789 4891482.229246375
976 976 409716.11243329576 4890264.667724812
1098 976 410937.3573494504 4890263.216327114
1952 976 419476.60639354016 4890263.569877028
2318 976 423138.04562780814 4890262.88615413
2440 976 424358.9054764078 4890263.580512223
2562 976 425578.0687989221 4890263.071563924
2684 976 426798.14591915545 4890263.247407166
2806 976 428016.67687293346 4890263.477044737
2928 976 429238.3132302767 4890263.184403229
3294 976 432896.741104541 4890263.277952432
3416 976 434118.3011032747 4890262.902809944
3538 976 435338.1780965808 4890263.240688692
3660 976 436558.6065546904 4890263.069902207
3782 976 437778.2872099407 4890263.180082578
3904 976 438998.4862027393 4890262.685812639
4026 976 440218.3101259396 4890263.455182601
4636 976 446317.9123809566 4890262.483955249
244 1098 402397.1476057377 4889043.291437679
366 1098 403617.8670169584 4889043.7057282915
976 1098 409717.3800757471 4889043.372464753
1952 1098 419477.44929392106 4889043.851304724
2684 1098 426797.85394781496 4889043.650915352
2806 1098 428016.08223446645 4889043.243705671
2928 1098 429238.1263941275 4889043.101078337
3172 1098 431677.14014724316 4889043.604591267
3294 1098 432897.6805512434 4889042.976140679
3416 1098 434117.9546922864 4889043.26501764
3538 1098 435337.7084229329 4889043.082219189
3660 1098 436557.7163606465 4889043.643552319
3782 1098 437777.72819179326 4889043.211010731
3904 1098 438998.1061468339 4889042.63448699
4026 1098 440218.1231516577 4889042.905266832
4148 1098 441437.466288592 4889042.548177088
366 1220 403617.6679617544 4887823.242064523
488 1220 404837.65004388284 4887823.781632222
1098 1220 410937.65756185143 4887822.140682988
2074 1220 420695.91472627 4887824.056011272
2440 1220 424356.94489199255 4887824.538783131
2562 1220 425576.12001815066 4887823.234050713
2684 1220 426797.35829628253 4887823.701315482
2806 1220 428017.07106086874 4887823.066258545
3050 1220 430457.1906540676 4887823.787365296
3294 1220 432897.32858310745 4887822.727145589
3538 1220 435337.7175418069 4887822.735315498
3660 1220 436557.51354018133 4887823.002132331
854 1342 408498.4589415875 4886604.039893198
1586 1342 415818.50652739115 4886603.29086624
1708 1342 417037.0983029523 4886602.840877611
1830 1342 418258.6431448356 4886602.99775088
1952 1342 419478.8592936554 4886603.14704079
2074 1342 420698.64671846264 4886603.08717326
2196 1342 421916.71696202323 4886602.726706358
2318 1342 423136.1288160502 4886603.024497305
2562 1342 425576.8563333198 4886603.891080473
2806 1342 428017.6237783872 4886602.641768532
2928 1342 429236.52868303825 4886602.824962159
3050 1342 430456.8968235519 4886602.981773343
3172 1342 431676.75205107534 4886603.69623581
3294 1342 432897.1835628411 4886602.684665675
3538 1342 435337.1564045117 4886603.263376261
3660 1342 436556.98223811865 4886603.37686232
4026 1342 440218.48180681805 4886601.814686071
122 1464 401177.7454148547 4885383.400412038
244 1464 402396.6429613198 4885384.387775642
366 1464 403616.9451371861 4885383.170785897
1952 1464 419477.6761977859 4885382.398434653
2074 1464 420697.1020091177 4885382.816852913
2318 1464 423137.7969823071 4885383.158499635
2440 1464 424358.28818468604 4885382.924977265
2562 1464 425578.2573013534 4885383.221252788
2684 1464 426796.59392718354 4885383.026948681
2806 1464 428018.2482955416 4885382.705557268
3050 1464 430457.7779872564 4885382.145098939
3172 1464 431678.3759390506 4885382.01203536
3538 1464 435336.7024974355 4885383.4002741845
3660 1464 436557.2860516126 4885383.104191955
244 1586 402396.4115872223 4884163.5885041375
610 1586 406057.8242789407 4884163.968985922
732 1586 407275.84045149863 4884163.164165002
854 1586 408497.0320067034 4884162.449226816
976 1586 409717.76852531784 4884162.50215538
1098 1586 410937.4004091589 4884163.438785631
1342 1586 413378.1197390632 4884163.116576654
1464 1586 414596.25851364806 4884162.7505553765
1830 1586 418258.1422678203 4884163.269271777
2074 1586 420698.0887132209 4884162.32535973
2318 1586 423137.33404676564 4884162.241015408
2562 1586 425576.312718869 4884162.150241382
2684 1586 426797.72943954455 4884163.007119039
2928 1586 429238.10502096254 4884162.108889726
3050 1586 430457.58195880876 4884162.293801758
3172 1586 431677.5354054164 4884162.579924517
3294 1586 432897.6939335161 4884162.905936736
3538 1586 435337.8103017472 4884162.609155949
3660 1586 436558.14522841637 4884162.3004326755
3782 1586 437777.956959834 4884162.149266174
244 1708 402397.4239526223 4882942.726708169
366 1708 403618.57832659525 4882944.167460461
488 1708 404837.69093631726 4882944.506463575
610 1708 406058.53305361565 4882943.327792492
732 1708 407278.2017693591 4882944.170656008
854 1708 408496.7275004782 4882943.411035
976 1708 409717.8126267728 4882943.026715273
1220 1708 412157.0237085593 4882943.470573645
1342 1708 413377.8889626268 4882942.271921899
1464 1708 414595.8152687678 4882942.6982040955
1586 1708 415816.73542241537 4882943.86248254
1830 1708 418257.1730195854 4882943.298684536
1952 1708 419477.14921082393 4882943.084109935
2318 1708 423136.7075712707 4882943.158404037
2440 1708 424358.08744213806 4882943.691769307
2562 1708 425577.89314047166 4882943.372469685
2684 1708 426796.45872288605 4882943.259655551
3050 1708 430457.9596540176 4882942.432163884
3172 1708 431678.16411965986 4882942.237719292
3294 1708 432898.36081347684 4882942.232004795
3416 1708 434117.7224246581 4882942.447491113
3538 1708 435337.5292642681 4882942.8823317755
732 1830 407276.588957792 4881723.191569025
854 1830 408498.3418361922 4881723.531967809
976 1830 409717.54410880146 4881723.235497284
1342 1830 413378.97497030644 4881722.585767576
1464 1830 414598.45992348 4881722.829038322
1830 1830 418258.7596160273 4881722.49346795
2074 1830 420698.5370663445 4881723.046005719
2440 1830 424357.6964516351 4881723.444961128
2684 1830 426797.44207046396 4881723.4632186545
2806 1830 428016.8085509683 4881722.90216018
2928 1830 429237.2153081617 4881723.67343723
3050 1830 430458.38700335583 4881722.916466785
3294 1830 432896.78241052845 4881721.554119263
3782 1830 437778.0636630753 4881722.832416202
488 1952 404838.706212174 4880502.747073332
854 1952 408497.1760029281 4880502.016046983
976 1952 409717.7041532383 4880502.927122358
1098 1952 410937.4582321392 4880503.317609201
1464 1952 414597.16577891714 4880503.448767194
1830 1952 418257.49643301795 4880501.655423338
1952 1952 419478.3425005963 4880502.345469334
2196 1952 421918.841820167 4880502.636784737
2318 1952 423137.30919659545 4880503.151719504
2562 1952 425577.7373342428 4880501.505404558
2684 1952 426798.562556155 4880502.568508253
2806 1952 428018.8870781079 4880501.693644208
2928 1952 429237.21775250445 4880502.979321007
3172 1952 431678.2036813071 4880501.02814547
3294 1952 432897.41694454965 4880503.622850644
610 2074 406056.53650548373 4879283.5110249
854 2074 408496.38321884733 4879283.196699222
1220 2074 412156.05521404627 4879283.8810886
1342 2074 413378.38901596924 4879282.972481676
1708 2074 417036.912650984 4879282.911885366
1830 2074 418258.68479369534 4879282.850778376
2074 2074 420698.4984377691 4879283.470140528
2318 2074 423138.42177403154 4879282.095009628
2440 2074 424358.92642188387 4879282.8576577725
2562 2074 425576.81618987233 4879281.935890599
2806 2074 428017.87309020763 4879282.888644753
2928 2074 429237.94062071084 4879281.281631713
3172 2074 431678.20036407595 4879281.657820338
3416 2074 434117.269488001 4879282.122514189
610 2196 406056.89994487556 4878064.242141284
732 2196 407276.50768564147 4878063.722036312
976 2196 409715.83818512416 4878064.272301884
1220 2196 412155.9581405415 4878064.128149864
1342 2196 413376.06130927574 4878063.1167771155
1830 2196 418258.03583557304 4878063.61163015
1952 2196 419477.91896780627 4878062.751300905
2318 2196 423137.7906396594 4878063.58714053
3660 2196 436557.7934881681 4878062.892068128
732 2318 407276.0761996575 4876844.595222315
854 2318 408495.8212991707 4876843.512107141
976 2318 409715.7763622788 4876843.768243483
1098 2318 410936.3358745053 4876842.293910266
1342 2318 413376.6215537533 4876842.726325868
1464 2318 414598.01337619184 4876843.953175806
1952 2318 419477.2903247465 4876843.0873699365
2074 2318 420697.4608604053 4876843.546484115
2196 2318 421916.70529446274 4876843.297181469
2318 2318 423138.0969140277 4876843.889520679
2440 2318 424356.6178449278 4876843.115166596
2562 2318 425577.2843327934 4876843.625300021
2684 2318 426797.26923290064 4876843.112890619
2806 2318 428017.9330813282 4876843.243231485
3416 2318 434118.3573223319 4876841.977172041
3538 2318 435336.95252505236 4876842.3420010805
244 2440 402396.78510123474 4875622.797639634
610 2440 406057.75900615705 4875622.838675247
854 2440 408497.7452467352 4875622.652887433
976 2440 409716.1547531826 4875622.462621514
1220 2440 412156.2174378966 4875624.293066423
1464 2440 414596.1971899478 4875624.095536695
1586 2440 415816.5617102869 4875622.866922831
1708 2440 417037.23636858875 4875622.220134917
2196 2440 421917.4796022778 4875623.365229383
2562 2440 425578.1095316392 4875623.306959876
2928 2440 429237.48793077294 4875622.562888502
3538 2440 435338.684223286 4875622.082149925
366 2562 403616.70770479523 4874402.1154605355
488 2562 404836.89359562454 4874402.922761757
732 2562 407276.31052159966 4874403.040346729
1464 2562 414596.9865508712 4874403.264480751
1830 2562 418256.4915873943 4874404.309392611
1952 2562 419476.18419115787 4874403.09350857
2074 2562 420696.6998175631 4874403.464910004
2318 2562 423137.91798440955 4874403.637015851
2440 2562 424355.6606377068 4874402.307760517
2562 2562 425576.7005648424 4874404.086397341
2684 2562 426797.24556715105 4874403.013872637
2806 2562 428018.42701601033 4874403.063706482
2928 2562 429238.60533742124 4874403.980832952
3172 2562 431679.0802393413 4874402.552457499
3416 2562 434118.1946876847 4874403.141804537
366 2684 403617.5063832856 4873183.344412651
1220 2684 412157.0751034383 4873184.0935900435
1342 2684 413375.71579525364 4873183.55507877
1464 2684 414597.2012902806 4873183.630122716
1586 2684 415817.4616242602 4873182.73404641
1708 2684 417039.1425833239 4873182.989873768
1830 2684 418257.2505797325 4873183.682831935
2074 2684 420697.7433693853 4873183.4935113285
2318 2684 423137.54429025325 4873183.390747952
2440 2684 424357.4053842897 4873182.290410067
2562 2684 425577.677253418 4873183.364433006
2928 2684 429235.8008944493 4873182.137163448
3172 2684 431677.34065517737 4873183.009271912
122 2806 401178.4363702361 4871962.077112599
366 2806 403618.58078789257 4871962.334060467
488 2806 404837.51895032515 4871962.581270898
1220 2806 412157.3439981835 4871962.434652391
1342 2806 413377.4056462474 4871963.530397833
1464 2806 414597.0777598671 4871963.797078531
1586 2806 415817.31143899047 4871962.8705099095
1708 2806 417037.0544871947 4871963.321327091
1830 2806 418256.88970157853 4871962.749963461
1952 2806 419476.01310152956 4871962.29490108
2196 2806 421917.79453857336 4871962.784564405
2318 2806 423137.1993083749 4871962.871481006
2440 2806 424358.3265681146 4871962.372247945
2684 2806 426798.2372210454 4871962.72190787
2928 2806 429238.0597222847 4871962.745650808
3050 2806 430457.01463040675 4871963.528944935
3172 2806 431677.52549903427 4871962.764883085
122 2928 401177.5025821014 4870742.836746075
366 2928 403616.53082315007 4870742.4660726115
488 2928 404837.08810699655 4870741.820000239
610 2928 406057.65660657204 4870743.050563169
732 2928 407276.70286950533 4870742.671117482
854 2928 408497.0213001319 4870742.549496326
976 2928 409717.02806171705 4870743.549585412
1220 2928 412157.4291944913 4870742.244133993
1342 2928 413377.2027929417 4870742.394331884
1464 2928 414597.23501385574 4870743.103518516
1586 2928 415818.4327541783 4870743.062876973
1830 2928 418257.2836935054 4870743.238732988
2074 2928 420697.28361415426 4870743.518967746
2318 2928 423136.91510399495 4870744.26339058
2440 2928 424358.4626456652 4870742.0680670515
2684 2928 426797.89194327925 4870741.785547244
2806 2928 428018.65906482685 4870741.526906958
3172 2928 431678.50283635955 4870742.119745583
488 3050 404837.4846743154 4869522.778902222
610 3050 406056.7263543513 4869522.552707065
732 3050 407276.7568489548 4869522.7378024
854 3050 408497.5174614304 4869522.518046504
976 3050 409717.4139875427 4869522.400578098
1342 3050 413377.82722717564 4869523.016152382
1464 3050 414597.7698352586 4869522.871913331
1586 3050 415818.4057977351 4869522.3059479995
1708 3050 417036.87181377853 4869522.228578545
1830 3050 418257.1045317794 4869522.754831289
1952 3050 419477.2063607695 4869522.671809452
2196 3050 421917.18509964924 4869523.114316499
2318 3050 423137.4495977826 4869522.21875763
2440 3050 424358.66810036846 4869522.687595807
2562 3050 425579.1519658528 4869522.734677579
2806 3050 428018.2241825176 4869522.180762226
2928 3050 429238.03952034016 4869522.585637252
366 3172 403618.5362496437 4868302.506042542
610 3172 406057.10727651266 4868302.3629709985
732 3172 407277.7736346444 4868302.671866312
854 3172 408499.02454951743 4868302.395690165
976 3172 409718.6008511425 4868302.910893339
1098 3172 410937.39431093016 4868301.739041377
1220 3172 412157.645387518 4868302.949863957
1708 3172 417037.0293249271 4868302.5555650825
1830 3172 418256.74543549813 4868302.328199522
1952 3172 419477.33477477985 4868302.6112153465
2318 3172 423138.53919480956 4868302.427267958
2440 3172 424357.95271230274 4868302.790706325
2562 3172 425578.28485059243 4868302.675296512
2684 3172 426798.78901447856 4868302.84748411
2928 3172 429238.7422906168 4868302.698208715
366 3294 403617.7736036812 4867082.9821927
488 3294 404837.8679134594 4867083.11083547
732 3294 407277.72223011334 4867083.515835996
854 3294 408497.7374475588 4867082.974914676
1098 3294 410937.37263210304 4867083.4679156095
1220 3294 412157.19070218096 4867082.170714932
1342 3294 413378.19605356257 4867082.245192468
1464 3294 414598.66465802793 4867081.458759219
1586 3294 415818.86450166034 4867082.73317133
1708 3294 417038.3734265754 4867081.86314623
1830 3294 418257.1648698252 4867082.882438537
1952 3294 419478.84095720423 4867083.147317336
2074 3294 420696.5761837099 4867082.475022839
2196 3294 421917.6767692253 4867081.643958845
2440 3294 424357.1858060992 4867083.735364198
2562 3294 425577.0168511297 4867083.78994818
2684 3294 426797.02002388256 4867083.324543892
2806 3294 428017.5202055943 4867083.29622056
3050 3294 430457.66631709464 4867083.087917955
244 3416 402398.5359496216 4865864.175516876
366 3416 403618.4592572016 4865863.240705496
732 3416 407278.5223694609 4865862.386959357
976 3416 409717.53033175634 4865863.961854776
1098 3416 410937.88576264854 4865863.659028281
1220 3416 412158.6692935631 4865862.989976646
1342 3416 413378.0829870195 4865862.927378407
1464 3416 414598.28047791147 4865862.644757811
1586 3416 415817.4712389731 4865862.9285090715
1708 3416 417037.9705334773 4865862.433452095
1952 3416 419478.0173496498 4865862.239048732
2196 3416 421917.9037500367 4865862.082036678
2318 3416 423138.15836358734 4865862.212010487
366 3538 403617.00120961753 4864644.710733161
488 3538 404837.10247949464 4864643.482076416
610 3538 406057.102796176 4864643.465955099
976 3538 409718.43410847435 4864643.18092408
1098 3538 410937.32873434527 4864642.4640742345
1220 3538 412158.5675882972 4864642.890625945
1342 3538 413378.2039861822 4864642.697108512
1464 3538 414598.52854730806 4864643.182170402
1586 3538 415817.1827095925 4864642.94614591
1708 3538 417037.9063988257 4864643.525409523
1830 3538 418258.1854853572 4864642.394595574
1952 3538 419478.3141316004 4864642.568804569
2074 3538 420698.0388285602 4864642.419783778
2196 3538 421917.63403455936 4864642.1127641825
2318 3538 423138.6904488625 4864642.820474531
2440 3538 424358.35270213225 4864642.0086468635
2684 3538 426797.93968328094 4864641.901920062
2928 3538 429238.2288877602 4864641.949489158
122 3660 401176.18737846555 4863422.966854747
244 3660 402395.62966076354 4863423.264304943
366 3660 403617.114347885 4863424.406107072
488 3660 404837.88205363223 4863423.552433929
610 3660 406058.2150722572 4863422.605228916
976 3660 409716.9351486 4863423.826432261
1342 3660 413378.49538507994 4863422.661580472
1464 3660 414598.54302465095 4863422.537391385
1586 3660 415818.5242751992 4863422.517105767
1708 3660 417037.7756311808 4863422.947835786
1830 3660 418257.6869045999 4863423.087689228
1952 3660 419478.3734460586 4863422.548479519
2074 3660 420697.4348156196 4863422.438361513
2318 3660 423138.18807874067 4863422.652578652
2440 3660 424358.0433755367 4863423.292299507
2562 3660 425578.7118016472 4863421.399307969
244 3782 402396.7167868332 4862202.307624313
366 3782 403615.8959637613 4862203.412933129
610 3782 406058.07793000096 4862203.203170172
854 3782 408496.6286998558 4862203.102467092
976 3782 409717.7582558459 4862203.005298252
1342 3782 413377.91566329735 4862202.9746568985
1464 3782 414596.56492216286 4862203.8399954215
1708 3782 417038.7816719054 4862202.772068445
1830 3782 418257.7643227725 4862203.523301074
2074 3782 420697.81538213714 4862202.416982065
2318 3782 423138.2019766167 4862203.482996889
122 3904 401177.5321428073 4860981.883142215
244 3904 402396.34670223424 4860983.188959786
610 3904 406056.9815933266 4860983.002780005
854 3904 408496.8784231348 4860983.349845509
976 3904 409716.75779633503 4860983.326784838
1098 3904 410936.9101843488 4860982.18805102
1220 3904 412157.0851581813 4860983.039650638
1342 3904 413378.1091447341 4860982.563602432
1464 3904 414597.9874376394 4860983.081371914
1586 3904 415817.8545224985 4860982.659278078
2562 3904 425578.872355438 4860982.1218452845
122 4026 401177.86368381744 4859762.016124438
488 4026 404837.4340103195 4859762.733448107
610 4026 406057.8918030151 4859762.675036883
854 4026 408498.5800408188 4859762.487319076
976 4026 409717.9601249148 4859762.30248452
1098 4026 410937.9005789856 4859762.624396338
1464 4026 414597.86735397246 4859763.275090575
1586 4026 415817.33362820407 4859763.201581496
1830 4026 418257.78049626027 4859762.956060225
2074 4026 420698.77239907155 4859760.979939361
2196 4026 421917.5827678796 4859762.811326399
122 4148 401175.9431951881 4858543.4305316
244 4148 402397.41129393387 4858543.399953581
366 4148 403617.5167015957 4858543.266853027
488 4148 404837.0603952516 4858542.755650436
610 4148 406058.0954495547 4858542.685057384
732 4148 407279.0812779717 4858542.1803675415
854 4148 408497.1117824192 4858542.157894585
976 4148 409717.78700974147 4858542.7837588955
1098 4148 410938.1211421226 4858542.659833102
1220 4148 412157.4362074142 4858542.759870405
1342 4148 413377.3065975411 4858542.270372484
1586 4148 415818.02824973577 4858541.736697535
122 4270 401177.3195636569 4857324.122499231
244 4270 402397.01649364183 4857323.65274653
366 4270 403617.3720957495 4857323.722928612
610 4270 406057.8449052789 4857323.3441261
732 4270 407278.63227284804 4857323.62957627
854 4270 408497.55921088025 4857322.402307313
976 4270 409717.28710146365 4857323.758768514
1098 4270 410936.8784832281 4857322.7645249255
1220 4270 412157.7094082032 4857322.674227369
1342 4270 413378.1081757945 4857322.52463036
1464 4270 414598.51280311437 4857322.412344392
1708 4270 417037.15787933173 4857323.28493773
366 4392 403617.66140340915 4856102.89123807
488 4392 404836.6647184415 4856103.124796674
732 4392 407278.21127993386 4856103.0371949775
1342 4392 413377.73540977476 4856102.955669897
1586 4392 415817.2865949528 4856101.565982185
244 4514 402397.82268736453 4854882.395211853
488 4514 404837.4094189665 4854882.162530153
610 4514 406057.82343558647 4854882.573008777
732 4514 407277.13444021676 4854882.944043396
854 4514 408496.2663405156 4854882.904279612
366 4636 403618.157974315 4853664.391512335
610 4758 406055.8688279892 4852442.30893165
