610 0 406061.5135702073 4600017.373444491
1464 0 414601.98735955363 4600017.8585259905
1708 0 417042.2459934052 4600017.893363089
1830 0 418261.5583329258 4600017.354655078
3050 0 430462.5216089923 4600016.835738953
122 122 401183.1913821495 4598797.382920394
244 122 402402.1036366759 4598797.053535972
366 122 403622.33675388107 4598796.600733979
610 122 406063.0698969463 4598797.191913131
1220 122 412161.9059478452 4598797.465187831
1464 122 414602.2690009383 4598797.776194897
1586 122 415822.87396191934 4598797.636388871
1708 122 417043.42984210706 4598796.598104523
1830 122 418262.03454491706 4598797.403739959
1952 122 419482.36917123816 4598797.589724799
2074 122 420702.4521312516 4598797.811115085
2196 122 421923.1636473784 4598797.286659192
2318 122 423140.5114848095 4598797.467022183
2440 122 424361.74663989205 4598798.081512271
2684 122 426802.3060180582 4598797.262833876
2928 122 429241.50762876327 4598796.8982667215
3050 122 430461.95404814335 4598796.444533308
3172 122 431682.11543833296 4598796.3573529115
3294 122 432902.92563959607 4598795.45188198
3416 122 434122.0642488931 4598796.403811726
3538 122 435341.60120549414 4598797.258498518
5978 122 459742.95009710995 4598798.106651897
6100 122 460962.0427824842 4598796.470205833
7930 122 479262.6787732433 4598795.599650829
8418 122 484141.85496548703 4598797.334626879
8540 122 485361.5361047713 4598796.369573884
9150 122 491461.90508673753 4598796.540428467
9394 122 493901.5626065026 4598796.332675573
9638 122 496343.3661962692 4598795.744854068
9760 122 497561.3372385601 4598798.166232449
9882 122 498780.99020312406 4598796.727261117
10004 122 500002.17493399105 4598795.880508308
10248 122 502440.437953801 4598796.967549398
10370 122 503659.1259226234 4598795.854049812
0 244 399961.8187378798 4597577.943826989
122 244 401182.6761924332 4597576.747838058
244 244 402402.84622344095 4597577.967174464
488 244 404842.41319619375 4597576.9839525055
610 244 406062.38750259735 4597577.116414785
732 244 407282.18514958763 4597577.276029748
1220 244 412162.3967040372 4597577.703889499
1342 244 413382.65023309673 4597577.764755649
1586 244 415822.26355691446 4597578.305740422
1708 244 417042.33228637755 4597577.701222111
1830 244 418262.0121969268 4597577.841037911
1952 244 419482.08453144255 4597577.221716871
2074 244 420702.7969171199 4597577.442173553
2196 244 421923.1596303124 4597576.832742526
2318 244 423142.334871794 4597577.777473014
2562 244 425582.09683344304 4597577.590892637
2928 244 429243.392369697 4597576.549365973
3050 244 430464.02627198613 4597575.257028671
3172 244 431682.7884174919 4597576.236160842
3294 244 432902.51116130885 4597575.723301439
3416 244 434121.581953996 4597576.6478384035
3538 244 435342.6344370734 4597576.797626322
4026 244 440222.14310976036 4597576.832454409
4758 244 447542.87795154465 4597575.571491908
4880 244 448763.270608502 4597576.276897787
5978 244 459743.080753849 4597577.3872230165
6222 244 462182.234162737 4597578.533550335
6344 244 463402.08534538344 4597578.411009843
7076 244 470722.1210476981 4597576.385372166
9394 244 493901.94065753475 4597576.717236711
9638 244 496343.5236541215 4597575.647987619
9760 244 497562.16921649664 4597577.270003687
9882 244 498781.7847764581 4597576.037172365
10248 244 502441.57662151987 4597576.511714376
0 366 399961.48107070866 4596357.710691202
122 366 401182.64207589027 4596356.693704295
488 366 404843.1454912324 4596356.58326544
732 366 407282.9937951992 4596356.719113006
1464 366 414602.1855566239 4596357.6019718
1586 366 415822.7133355087 4596357.619893938
1830 366 418262.1627892721 4596357.513018595
1952 366 419482.6425503197 4596357.918785343
2074 366 420702.75210096745 4596357.177037281
2196 366 421922.3319298393 4596357.545009038
2318 366 423142.36362708034 4596357.1951955035
2440 366 424363.0028494062 4596358.21124629
2928 366 429242.77914175834 4596356.348451582
3050 366 430462.363233345 4596356.403587631
3172 366 431682.40671623696 4596356.881720487
3294 366 432901.45478010445 4596357.078326156
3416 366 434121.90257322835 4596356.238845068
3660 366 436561.9099299888 4596356.603166854
3782 366 437783.5641462038 4596357.44463001
4514 366 445102.12537148345 4596357.121782971
5978 366 459743.4091035878 4596356.238053679
6100 366 460961.97202130285 4596357.555560452
6344 366 463403.951207241 4596357.023383901
6588 366 465842.9963238863 4596357.030802388
7076 366 470721.7225834892 4596356.455438847
7808 366 478042.00564435247 4596356.023678092
9638 366 496340.94346431503 4596356.784711287
9760 366 497561.6151899208 4596356.855337974
10248 366 502441.93799052085 4596355.829871019
10370 366 503661.00939910987 4596355.727298525
10858 366 508541.2967083832 4596356.899309239
0 488 399963.41931514983 4595137.052885464
122 488 401182.9829516921 4595136.583468028
366 488 403623.1332158368 4595137.110662614
610 488 406062.6098806571 4595136.978548596
854 488 408501.68538360187 4595137.175237646
1586 488 415823.046283769 4595136.861475919
1708 488 417042.96388930443 4595137.350366195
1830 488 418262.33228647104 4595137.078852804
2074 488 420702.08934787876 4595137.595266826
2196 488 421922.7927613856 4595136.614237601
3050 488 430462.8235225028 4595136.181331838
3172 488 431682.6328572496 4595136.0728300065
3294 488 432902.2632307602 4595136.721125723
3416 488 434122.5304308592 4595136.8357689185
3538 488 435342.2839492775 4595135.881869984
3660 488 436563.0588763879 4595136.0015108315
3782 488 437782.7949269595 4595135.989344889
3904 488 439003.1024699713 4595136.878910642
4148 488 441442.096652559 4595136.868137153
4514 488 445102.5603091653 4595137.135438506
5124 488 451201.98887298146 4595136.63893758
6100 488 460961.8944295663 4595136.866664593
6344 488 463402.38582227356 4595135.936530099
6588 488 465842.75162676384 4595136.112653609
9394 488 493901.8305086854 4595135.8390663015
9516 488 495122.7784033012 4595135.964782516
9638 488 496342.3758265038 4595135.987608887
9760 488 497561.59514838463 4595136.573835364
10126 488 501222.5767923613 4595137.10814969
10248 488 502441.8218801982 4595136.009428793
0 610 399961.9847112565 4593918.0374370655
122 610 401182.63700737 4593916.798202816
610 610 406063.3499753971 4593917.151056745
854 610 408503.6867447813 4593917.018918417
1220 610 412162.131050901 4593918.9347618725
1342 610 413381.0137809697 4593917.602354893
1464 610 414602.0021145122 4593917.8095118245
1586 610 415821.6661585783 4593917.718418221
1830 610 418261.88848114054 4593917.356443418
1952 610 419481.99147682963 4593917.276347872
2074 610 420701.60404919134 4593917.332592613
2684 610 426802.28276666906 4593917.892085615
2806 610 428021.74560631666 4593917.072162158
2928 610 429242.59758473444 4593917.447209583
3050 610 430462.40678549564 4593916.301237588
3172 610 431682.8411328039 4593916.08963806
3294 610 432902.50422682415 4593917.08229796
3416 610 434122.21631851804 4593916.672323208
3538 610 435342.36077563587 4593916.051574066
3660 610 436562.7319200361 4593916.073451545
3904 610 439002.5153380836 4593916.575429487
4148 610 441442.03558978543 4593916.236104416
5124 610 451203.02468400507 4593916.864203415
6588 610 465844.3791545243 4593915.672429211
6954 610 469504.17946569534 4593915.68707851
7076 610 470721.82283925876 4593916.657519606
9516 610 495121.9669934628 4593917.03700156
9760 610 497564.0746224414 4593915.613058982
10126 610 501222.4766913344 4593915.673562588
488 732 404843.67540343 4592697.927751354
854 732 408503.554646348 4592695.894565574
1220 732 412163.279471608 4592697.251676611
1342 732 413383.014925719 4592697.806883694
1586 732 415822.37717705005 4592697.396825158
1708 732 417041.9493249567 4592697.736633703
1830 732 418261.91429548524 4592697.377664892
1952 732 419481.2747917273 4592695.543438617
2684 732 426801.6099711557 4592697.650098014
2806 732 428021.46485275234 4592697.28286672
2928 732 429242.3840161024 4592697.552892741
3050 732 430462.4068650001 4592697.4485704275
3294 732 432902.0795951778 4592697.0659350585
3538 732 435343.0979353061 4592696.481117909
3660 732 436562.67935270467 4592696.222722858
3782 732 437782.44693727576 4592696.406324087
3904 732 439003.1404346608 4592696.591210708
4026 732 440223.18502395716 4592697.2766812695
4148 732 441442.8652329421 4592696.0879834425
5734 732 457302.95887379197 4592696.507449241
5856 732 458523.3791308233 4592696.849870106
5978 732 459742.55545007286 4592696.67765568
6100 732 460962.17106430925 4592696.659804656
6832 732 468282.0458377499 4592696.308854043
6954 732 469502.8475561345 4592696.453094476
7686 732 476821.3287492194 4592696.426761553
9516 732 495121.9659250657 4592696.489821496
122 854 401184.68979981396 4591476.88994279
244 854 402404.735888122 4591475.16581444
488 854 404842.3438230877 4591477.290753994
610 854 406062.2646548655 4591477.451896541
854 854 408501.96002144716 4591477.660756356
976 854 409722.79435170675 4591477.287621545
1098 854 410943.0139140996 4591477.971657528
1220 854 412163.26336862723 4591477.088416401
1342 854 413383.1147039735 4591477.874280305
1464 854 414602.69489794597 4591477.113870496
1586 854 415822.09799329535 4591477.470881011
1708 854 417042.580861065 4591477.408054251
1830 854 418262.6961984869 4591476.692204711
1952 854 419482.1103870042 4591477.027947584
3172 854 431681.8288053453 4591477.24978599
3294 854 432901.95913757896 4591477.372399755
3416 854 434122.9916027136 4591476.639640394
3538 854 435342.7389621364 4591477.181345225
3660 854 436562.37973867735 4591476.993322705
3782 854 437782.3516632284 4591476.920710338
3904 854 439002.51355373656 4591475.98254494
4026 854 440222.6450956011 4591476.069777828
5612 854 456082.22100003914 4591477.79007474
5978 854 459743.0961172354 4591476.059722077
6100 854 460961.9801109003 4591479.3926495565
6710 854 467062.9287887978 4591477.480869767
6832 854 468283.22209123685 4591477.089349214
6954 854 469502.07038546575 4591477.780446925
7076 854 470723.2489229732 4591476.807225986
7686 854 476822.7909157427 4591475.314213057
7808 854 478043.52337016026 4591476.679083457
9516 854 495121.83954105055 4591476.582362937
10858 854 508541.3921654321 4591476.884248458
122 976 401183.1876407931 4590256.527493406
244 976 402402.5823571154 4590256.685212463
488 976 404843.03986133874 4590257.0458460245
610 976 406063.1196959089 4590257.265957658
732 976 407282.18537969084 4590257.245979186
976 976 409721.77702014626 4590258.250214368
1098 976 410942.3263741636 4590257.733438354
1220 976 412161.7102603912 4590257.89013263
1342 976 413381.78055191593 4590258.241970393
1464 976 414601.8343995642 4590257.893973318
1586 976 415822.0986046102 4590257.622548368
1708 976 417042.0025295963 4590257.471413833
1830 976 418262.3781215294 4590257.404827596
2684 976 426801.7568978437 4590257.615789693
2928 976 429244.92383010127 4590255.084699463
3172 976 431682.4740221919 4590256.870089723
3294 976 432902.92500530416 4590257.587560192
3782 976 437781.9251597037 4590256.6509855045
4026 976 440222.0917958597 4590256.836427303
4270 976 442661.85095029604 4590256.446235583
4514 976 445103.44026185916 4590255.564441521
5734 976 457302.46056809125 4590257.335040411
5856 976 458522.2229871596 4590256.8687491985
5978 976 459742.06841792754 4590257.327000954
6100 976 460963.4226166632 4590257.73154989
6222 976 462181.31724558177 4590256.765403213
7808 976 478041.57418997266 4590257.39123453
9028 976 490241.4769142665 4590256.145975827
9516 976 495122.1287894943 4590257.50693983
122 1098 401183.94086594775 4589036.512594571
610 1098 406062.021658737 4589036.24968497
732 1098 407282.1791627618 4589036.901040194
976 1098 409720.6905198033 4589035.259347332
1098 1098 410942.67132503993 4589035.78472946
1220 1098 412162.99420352 4589036.798996609
1342 1098 413383.48603019863 4589037.100785034
1464 1098 414601.88227901154 4589037.778375635
1586 1098 415821.0674862728 4589037.986902711
1708 1098 417041.80619151366 4589037.794446698
1830 1098 418261.9216489499 4589038.150217419
1952 1098 419482.13701146084 4589038.382390101
2440 1098 424362.4807968879 4589038.786359669
2806 1098 428022.9051563512 4589037.189278453
2928 1098 429242.77112456656 4589036.64365036
3050 1098 430462.788307352 4589036.748616413
3172 1098 431682.8701298983 4589037.339934383
3294 1098 432903.1023647919 4589037.224444668
3416 1098 434123.56386316154 4589036.681281038
3538 1098 435343.1617718591 4589036.324258625
3660 1098 436562.39489804575 4589036.658840666
4026 1098 440222.4956031029 4589036.601989461
4148 1098 441442.331707328 4589036.209106403
4270 1098 442662.3584456942 4589037.059499166
4392 1098 443882.6992770049 4589036.098086557
4514 1098 445103.112459576 4589036.683606367
4636 1098 446322.3096500226 4589036.262589027
5734 1098 457302.7239311728 4589037.454331896
5856 1098 458523.4048996676 4589036.907240532
6832 1098 468282.837434545 4589036.419084275
7686 1098 476822.19147913164 4589036.619112198
7808 1098 478041.62225753046 4589036.61785905
7930 1098 479262.1539444474 4589036.939588979
122 1220 401182.2542944486 4587817.531233269
976 1220 409722.8973823015 4587817.062822863
1098 1220 410943.7048869604 4587816.411480246
1220 1220 412163.2982806911 4587817.061248575
1342 1220 413381.8432852509 4587816.740178158
1464 1220 414602.0087308952 4587817.455577081
1708 1220 417043.61716165673 4587817.017471909
1830 1220 418262.8589215414 4587817.720741255
1952 1220 419482.4861606934 4587817.592239855
2684 1220 426800.91976045625 4587818.853037864
2806 1220 428022.9380993393 4587816.851626872
2928 1220 429242.5767506624 4587817.268576304
3050 1220 430462.8816432431 4587816.902690634
3416 1220 434122.16223674227 4587817.317725318
3538 1220 435343.2389714612 4587816.646175463
3660 1220 436563.2223734978 4587816.6180559145
4026 1220 440223.23007718666 4587817.150129983
4148 1220 441443.10611310595 4587816.618148297
4514 1220 445101.686199868 4587816.197952481
4636 1220 446322.4286698189 4587816.343870492
4758 1220 447541.8415351332 4587816.533202786
4880 1220 448762.6936765352 4587816.69093176
5734 1220 457302.415864971 4587816.860319773
7808 1220 478041.01406093535 4587817.497038634
8784 1220 487801.85235869116 4587817.485209375
8906 1220 489023.78342316585 4587815.569098047
244 1342 402402.88711275527 4586596.061934288
366 1342 403622.980128237 4586596.863192968
854 1342 408502.9919351146 4586596.796596696
976 1342 409722.2924007314 4586597.245042007
1220 1342 412162.4138668091 4586596.725082142
1342 1342 413383.0512196471 4586596.742438999
1708 1342 417043.35815061466 4586597.157094842
1830 1342 418263.1061762597 4586597.169506475
1952 1342 419482.1995327557 4586597.450897796
2074 1342 420702.625255534 4586596.969107897
2196 1342 421922.15977414086 4586597.700351701
2684 1342 426803.1159376645 4586596.167293133
2806 1342 428022.10836350237 4586597.544841345
2928 1342 429242.7670216732 4586597.210042877
3538 1342 435343.1171213375 4586597.243098441
3660 1342 436562.8105230327 4586597.103823704
4026 1342 440222.0878644043 4586597.601744704
4270 1342 442662.6365661543 4586596.511909688
4514 1342 445102.7655220171 4586595.979142057
4758 1342 447540.87097605714 4586596.725431559
4880 1342 448762.03272074077 4586596.353870873
5856 1342 458521.48435138335 4586597.447812718
5978 1342 459742.2139093794 4586597.227217258
7320 1342 473162.90400294855 4586596.519455332
9394 1342 493902.6765603051 4586595.255656143
9638 1342 496341.9618451493 4586597.016017069
10126 1342 501223.3145392845 4586596.719222339
366 1464 403623.52300619404 4585378.0351672545
488 1464 404843.2663783442 4585377.611081385
610 1464 406063.2845241485 4585376.389654499
854 1464 408501.4309439006 4585378.4289184455
1098 1464 410941.3952617314 4585376.966758252
1220 1464 412163.2302223203 4585377.033392255
1342 1464 413383.05812365515 4585376.948741973
1586 1464 415822.3403526935 4585376.783973225
1830 1464 418262.0738441565 4585377.477297791
1952 1464 419482.677970925 4585377.292195378
2074 1464 420703.2029595453 4585377.204608521
2318 1464 423142.82440905005 4585377.324390013
2684 1464 426803.44899583416 4585375.561256376
2928 1464 429242.7754307636 4585377.081292527
3660 1464 436562.1670457737 4585377.926996461
3782 1464 437782.4741195413 4585377.80772159
4148 1464 441442.8522253785 4585377.66666061
4270 1464 442662.1667793969 4585376.945141383
4392 1464 443882.4058736952 4585376.802137515
4514 1464 445101.98783558136 4585376.829530378
4636 1464 446321.1371026144 4585376.597095781
4880 1464 448761.6997875826 4585377.798482713
5246 1464 452422.0501181855 4585377.246070194
5368 1464 453640.878997929 4585378.905613126
5490 1464 454861.48083528114 4585377.349416536
5734 1464 457302.8199465049 4585377.1834088955
5856 1464 458522.5552830858 4585376.582558037
5978 1464 459742.69880621176 4585377.627985828
6832 1464 468282.8897267057 4585376.5348376995
7198 1464 471942.79403195076 4585376.20924725
7442 1464 474382.2346742696 4585377.79987326
8052 1464 480481.5587215916 4585376.202848318
8174 1464 481703.0058836615 4585377.302441942
10614 1464 506102.16756257403 4585376.299899954
10736 1464 507322.9017639286 4585377.270278049
0 1586 399962.2951659514 4584157.764970471
244 1586 402403.90126777743 4584156.53558513
732 1586 407282.2770661503 4584157.173173766
976 1586 409722.9689406135 4584157.245538971
1342 1586 413383.095462608 4584157.752247784
1464 1586 414602.53730460093 4584157.950261634
1586 1586 415822.649957791 4584157.272644643
1708 1586 417043.3571922321 4584156.376926561
1830 1586 418262.8010348035 4584157.150029662
1952 1586 419481.9769583609 4584157.861236163
2196 1586 421921.5588011808 4584157.481735326
2318 1586 423142.33246232365 4584158.182531949
2440 1586 424361.83587527805 4584157.864173064
2684 1586 426803.30380975775 4584156.400555317
2806 1586 428023.44493422663 4584156.327188232
2928 1586 429243.9697843752 4584155.192308388
3050 1586 430462.74862949667 4584156.4744451335
3172 1586 431682.7866137946 4584158.530658324
3416 1586 434122.36880735506 4584157.157119912
3538 1586 435342.9003979718 4584156.311598129
3782 1586 437783.79024718376 4584157.286724209
3904 1586 439003.1039153177 4584157.048476214
4392 1586 443882.5248607419 4584156.228061243
4514 1586 445101.9403923487 4584156.1629587
4636 1586 446321.56176126184 4584157.026752756
4758 1586 447542.44607972173 4584156.539468432
5002 1586 449980.52195198264 4584158.316231737
5246 1586 452422.65057146235 4584158.393639311
5368 1586 453642.3527341208 4584157.771125613
5490 1586 454862.33483072725 4584157.309738316
5978 1586 459743.4408801191 4584157.257036667
6100 1586 460961.83593366796 4584157.799025285
8052 1586 480483.2148904336 4584157.185923348
9272 1586 492682.1337568821 4584156.5078164395
10126 1586 501222.4775646624 4584156.2189821005
10248 1586 502441.88963446766 4584157.539781745
10370 1586 503662.0621752827 4584158.075599654
122 1708 401182.38281165477 4582937.33359435
244 1708 402401.8786089974 4582937.083978646
732 1708 407282.6106851271 4582936.717762723
854 1708 408502.82679914334 4582936.400363524
976 1708 409723.2699760997 4582936.588842934
1098 1708 410943.07651786186 4582936.7398126675
1220 1708 412162.4920027887 4582937.131659413
1342 1708 413381.89345945744 4582936.868490295
1464 1708 414602.5743787412 4582937.649943619
1708 1708 417042.0185681924 4582937.88594865
1830 1708 418262.3143165732 4582937.365051235
1952 1708 419482.4827030099 4582937.66063203
2196 1708 421922.1394462541 4582938.341293608
2318 1708 423142.83770201 4582937.287240279
2440 1708 424361.90229274373 4582937.74349168
2806 1708 428022.25718447915 4582936.747661862
2928 1708 429243.09572541964 4582935.203690347
3050 1708 430462.73345160263 4582936.711683129
3172 1708 431682.1824503803 4582936.80814097
3294 1708 432902.98273609154 4582936.481206846
3416 1708 434123.3960704963 4582935.965027967
3538 1708 435343.76682399743 4582936.551431123
3660 1708 436562.07411461504 4582936.429688937
3782 1708 437783.0190920511 4582936.550915525
3904 1708 439004.40051258955 4582936.832025996
4026 1708 440223.4966520777 4582937.101139886
4636 1708 446322.3260416599 4582936.846196558
4758 1708 447542.30007090623 4582937.102399637
4880 1708 448761.25374999497 4582936.514574931
5368 1708 453641.71552266343 4582937.240459315
7198 1708 471940.8896646941 4582938.274434302
8662 1708 486583.09679758566 4582936.272362005
10370 1708 503662.2936602936 4582938.733657465
10736 1708 507322.9435070573 4582937.43386386
122 1830 401181.8210730338 4581717.007810249
244 1830 402402.3621396523 4581716.853723803
366 1830 403622.2561904855 4581716.797189564
488 1830 404842.250488317 4581716.284059167
732 1830 407282.79804916726 4581716.735994539
854 1830 408502.25691648887 4581717.500001987
976 1830 409722.25228243106 4581717.768765347
1098 1830 410942.1425411928 4581717.125426318
1220 1830 412161.8530399191 4581717.571414287
1342 1830 413382.49378236843 4581717.044297832
1464 1830 414602.42484955245 4581717.593319406
1586 1830 415821.7801091989 4581717.072292954
1830 1830 418262.07515080064 4581717.151401098
1952 1830 419482.2066185953 4581717.578399242
2074 1830 420703.0294500805 4581717.277114933
2196 1830 421923.4114419927 4581716.889952314
2318 1830 423142.65571459156 4581717.628635031
2928 1830 429243.2065442117 4581715.477288023
3050 1830 430463.3347796362 4581716.664181864
3172 1830 431682.84240816283 4581716.565289921
3294 1830 432902.1559493862 4581715.761304791
3416 1830 434122.22183925816 4581716.210917459
3538 1830 435343.7478697189 4581716.388107168
3904 1830 439003.0667647105 4581717.302094074
4514 1830 445102.34569194715 4581718.0438217055
4636 1830 446321.6490123222 4581716.363152102
4758 1830 447542.38487409917 4581716.900306118
4880 1830 448762.5906207359 4581715.028819953
5002 1830 449982.3004647184 4581716.35716775
5124 1830 451201.8963848733 4581716.818557851
5246 1830 452421.65983526036 4581718.060698676
5368 1830 453641.67666351487 4581717.883013323
5490 1830 454863.1638388189 4581717.05015143
5612 1830 456082.75785595714 4581717.004177666
5734 1830 457302.19625026383 4581717.442855576
5856 1830 458522.50338661025 4581717.011618786
5978 1830 459742.0720206614 4581717.317717495
6100 1830 460962.5854581429 4581717.350348788
6344 1830 463402.29481178545 4581717.709982643
7930 1830 479262.63313832204 4581716.586117101
122 1952 401182.95156536147 4580496.243966373
244 1952 402402.9789695939 4580496.167194405
366 1952 403623.33373636304 4580496.428977084
488 1952 404843.56344699307 4580496.110416578
732 1952 407281.6196964469 4580497.532868976
854 1952 408501.8188596503 4580498.093464665
1220 1952 412162.8642668513 4580497.074234983
1342 1952 413382.8365951308 4580497.081074936
1464 1952 414602.80014686077 4580498.252759231
1586 1952 415821.28982553986 4580497.642104708
1708 1952 417042.0542555228 4580497.50534374
2074 1952 420701.9200700761 4580498.162260832
2196 1952 421922.6133732837 4580498.3374702735
2928 1952 429242.62535685376 4580496.18077003
3172 1952 431681.76742452505 4580498.050163406
3416 1952 434121.926407576 4580497.225366508
3538 1952 435342.57628570707 4580495.601202505
3660 1952 436562.67196110176 4580495.893233768
3904 1952 439003.0833125214 4580495.956344574
4514 1952 445103.10553209815 4580496.676508015
4636 1952 446323.5305880423 4580496.780514885
5002 1952 449981.9949181116 4580496.720679203
5124 1952 451204.3657525869 4580496.246671883
5368 1952 453642.32636850927 4580496.876587728
5490 1952 454862.19990943663 4580497.696834243
5612 1952 456082.21220944606 4580498.141618033
5734 1952 457302.21758841473 4580497.40052102
5856 1952 458522.0865365684 4580498.179506556
5978 1952 459742.89968127845 4580497.395859195
6100 1952 460962.5934134555 4580497.049809761
6344 1952 463401.8595662777 4580497.237254748
7442 1952 474382.5244833775 4580496.186640954
7930 1952 479261.8495932131 4580496.436036631
8784 1952 487802.775660567 4580495.890117064
9760 1952 497562.7836278716 4580496.988308496
10004 1952 500003.32267800625 4580496.405596404
10614 1952 506102.6655488808 4580496.575987139
0 2074 399961.41745908494 4579277.894764594
122 2074 401182.50858383224 4579276.543966748
244 2074 402402.173112102 4579276.979983834
366 2074 403622.5497698105 4579275.918087085
488 2074 404841.9832489904 4579276.150396239
1342 2074 413382.4863157176 4579277.63170576
1464 2074 414601.95667218964 4579277.339527996
1708 2074 417041.9870763486 4579276.940336442
1830 2074 418262.4613363279 4579277.445751361
1952 2074 419483.04806948855 4579277.789392745
2074 2074 420703.56400423794 4579278.037538002
2196 2074 421923.1997196595 4579277.568674553
2318 2074 423141.74556570896 4579278.688417484
3050 2074 430461.51319820667 4579277.052588808
3294 2074 432901.28768772195 4579277.019694371
3416 2074 434122.27879703493 4579276.300370819
3538 2074 435342.50741645903 4579276.174654125
3904 2074 439003.1772615864 4579275.332879167
4026 2074 440223.94097525143 4579276.222688934
4148 2074 441442.28066216776 4579275.456883254
4270 2074 442662.32620522944 4579276.479157174
4392 2074 443881.976321375 4579277.380093439
4514 2074 445102.9379708624 4579276.650372317
4636 2074 446322.6313900789 4579276.877399405
5124 2074 451202.5234861246 4579277.683921634
5368 2074 453642.25043403974 4579277.356307905
5612 2074 456082.37361033907 4579276.954181747
6100 2074 460962.7780660516 4579277.434945182
6222 2074 462183.836861146 4579276.548990038
6466 2074 464622.86735135276 4579277.714202044
10004 2074 500002.3824712871 4579276.000176297
10736 2074 507322.11891546263 4579276.476994558
122 2196 401182.4854751646 4578057.189282541
366 2196 403622.0456577575 4578056.690277947
488 2196 404842.5492843448 4578056.999495502
732 2196 407282.357512451 4578057.323522114
854 2196 408502.4361034286 4578056.899367035
1342 2196 413382.69468137895 4578057.481674987
1708 2196 417042.8802725156 4578057.594366678
2074 2196 420702.19602473866 4578057.192385639
2196 2196 421920.7168067017 4578058.657868398
2318 2196 423143.135011048 4578058.681199466
2928 2196 429242.54129676893 4578056.028290618
3172 2196 431682.9909961366 4578056.849733543
3294 2196 432903.13965819153 4578056.709380276
3416 2196 434121.8772422926 4578057.188457594
3538 2196 435342.12852267054 4578056.415225631
4148 2196 441442.0875629381 4578057.489304981
4270 2196 442661.9765559815 4578056.403467183
4392 2196 443883.0595630839 4578055.879118509
4514 2196 445102.7995163567 4578055.568432843
5124 2196 451201.89060282987 4578057.350372726
5246 2196 452422.43469100894 4578057.625501404
5368 2196 453641.82974740985 4578057.093098502
5612 2196 456083.0819747311 4578056.156049527
6344 2196 463403.1950357337 4578057.525959582
6466 2196 464623.57992498775 4578056.5103153745
6832 2196 468282.6971938535 4578055.414832049
6954 2196 469502.64895674406 4578056.241652142
8052 2196 480484.1972967784 4578056.043860276
8784 2196 487803.6858233974 4578055.817331268
9272 2196 492681.77486547263 4578058.9048388945
9882 2196 498782.299098809 4578056.293832274
10126 2196 501222.53019481886 4578056.3945363145
10370 2196 503661.66281714884 4578056.670868611
122 2318 401182.8578804943 4576837.246256134
244 2318 402403.07731873065 4576836.922269364
488 2318 404843.1426270721 4576836.338223093
610 2318 406061.2352310228 4576838.878322088
854 2318 408502.28680294944 4576836.045184258
1220 2318 412161.91194963263 4576836.593071497
1342 2318 413383.21498487936 4576836.912487926
1586 2318 415823.59133326163 4576836.937409536
1708 2318 417042.5986936633 4576836.365010979
1830 2318 418262.31714812946 4576837.14480127
1952 2318 419481.3980086208 4576836.823575973
2074 2318 420701.83935444965 4576837.741481238
2196 2318 421921.86907692585 4576838.395601948
2684 2318 426802.39426981844 4576836.256818899
2806 2318 428023.5417011312 4576836.363764003
2928 2318 429241.86349171953 4576837.311435968
3050 2318 430462.6701816886 4576836.395934932
3172 2318 431682.1377848594 4576836.742637889
3782 2318 437782.24876322324 4576837.076473781
4026 2318 440222.0566800416 4576836.607687887
4148 2318 441442.5182357499 4576836.272313293
4392 2318 443883.46431239706 4576835.649371903
4636 2318 446321.1418774906 4576837.414847351
5612 2318 456081.90860678226 4576838.351242545
5734 2318 457301.95646617113 4576837.208846635
6344 2318 463402.6260660189 4576836.1112599615
6466 2318 464619.29261504475 4576837.084264835
6588 2318 465843.81882783165 4576835.466587951
6710 2318 467063.05351910845 4576836.639830879
7198 2318 471942.8092215229 4576836.282526524
7320 2318 473162.95348406414 4576835.659700411
9882 2318 498783.3821914465 4576837.363801056
0 2440 399963.3201744268 4575618.338800451
122 2440 401183.28066111804 4575616.5438660355
244 2440 402403.0084757405 4575617.31320893
366 2440 403622.64073215774 4575617.374631463
854 2440 408502.8647341706 4575616.188589459
1098 2440 410942.56106536515 4575616.846753167
1464 2440 414602.5375247668 4575617.769540048
1586 2440 415822.5963063322 4575617.844795617
1708 2440 417042.73551390285 4575616.355847039
1952 2440 419483.1735105228 4575617.322966471
2074 2440 420701.9494020722 4575616.771371472
2196 2440 421922.0162335492 4575617.70205305
2440 2440 424362.5179698862 4575616.483308688
2684 2440 426801.56188779103 4575616.9579758365
2806 2440 428023.1174379702 4575616.613954037
2928 2440 429242.37656776584 4575616.322844601
3050 2440 430462.6707242482 4575615.957223147
3538 2440 435341.7540057562 4575616.87559887
3660 2440 436562.02556121413 4575616.176776474
4514 2440 445103.371050149 4575616.520614796
5124 2440 451200.7560174281 4575616.49378497
5734 2440 457302.44463968783 4575616.996998444
5856 2440 458521.54271998873 4575616.9133667955
6588 2440 465843.616444613 4575616.830364904
6710 2440 467062.14157158503 4575616.697142611
7198 2440 471942.2916707706 4575616.812573751
7320 2440 473162.430326917 4575616.39511078
0 2562 399961.2324502204 4574396.270101456
122 2562 401183.0910520175 4574396.4289457025
244 2562 402402.1746128632 4574396.954008079
366 2562 403622.6832418395 4574396.309352557
732 2562 407281.6245336598 4574398.439942673
854 2562 408503.0059292884 4574397.082082431
976 2562 409723.12284859334 4574397.217896305
1464 2562 414602.6003121106 4574397.6285584895
1586 2562 415822.53471228096 4574396.8058128385
1708 2562 417042.8619045379 4574397.174428108
1830 2562 418263.2120803945 4574396.798348831
1952 2562 419482.923858162 4574396.972851203
2196 2562 421922.70608387806 4574397.557654247
2318 2562 423142.7541933691 4574397.224194855
2440 2562 424361.829107538 4574397.896950004
2684 2562 426802.7210739963 4574396.908983696
2806 2562 428022.20655118045 4574396.657701935
2928 2562 429242.18985401746 4574397.006494388
3416 2562 434120.6284620917 4574397.329175995
3538 2562 435342.10830420046 4574396.545994728
3782 2562 437782.2590489959 4574397.007363953
3904 2562 439001.58381581615 4574397.25685976
5734 2562 457302.54316632095 4574397.330780132
5978 2562 459743.59270218766 4574396.197916706
6100 2562 460962.617697643 4574396.090050681
6588 2562 465843.3289013377 4574397.132809
6710 2562 467063.69425422046 4574397.804750718
6832 2562 468284.3265049696 4574395.284261534
7320 2562 473162.6980519935 4574396.902616193
9150 2562 491462.22172411805 4574396.831805376
9638 2562 496340.20548579737 4574396.03856914
10004 2562 500002.2716223572 4574396.556236311
244 2684 402403.0589917971 4573176.2569864355
366 2684 403622.46699494746 4573176.512977989
488 2684 404842.47659932874 4573176.932259843
610 2684 406062.351607519 4573176.978305859
854 2684 408503.2011751532 4573176.022637849
976 2684 409722.1934161736 4573177.258829313
1342 2684 413382.97429007315 4573178.055704951
1464 2684 414603.3702029519 4573177.831980486
1830 2684 418263.4475771479 4573177.972314219
1952 2684 419483.3522657342 4573177.006057823
2074 2684 420702.5363528874 4573177.259914954
2318 2684 423142.16127138166 4573176.478974149
2806 2684 428023.09021674644 4573173.943119915
2928 2684 429241.05082888785 4573178.231820722
3538 2684 435343.673070744 4573175.870783149
3782 2684 437782.47742933116 4573176.109796209
4026 2684 440222.4776269902 4573175.027307438
4148 2684 441442.97824791475 4573177.571583232
4392 2684 443882.77044707065 4573175.583857296
4880 2684 448761.9174667737 4573175.876692804
5124 2684 451201.51961147285 4573176.725493599
5734 2684 457301.9770635431 4573176.769842268
5856 2684 458522.26755900064 4573176.704465544
6588 2684 465841.8033917907 4573176.363449994
6832 2684 468283.6265518675 4573176.670379731
7198 2684 471943.9038506336 4573176.023147195
7442 2684 474382.3922887631 4573176.4026690805
9394 2684 493902.921064736 4573175.854733659
122 2806 401182.5130000726 4571956.382134883
610 2806 406062.3230898923 4571956.925044529
732 2806 407283.0947848422 4571956.587568531
854 2806 408503.1047837693 4571956.262743018
1098 2806 410942.8748068252 4571956.455110404
1464 2806 414603.1900053369 4571957.411461281
1586 2806 415822.4702738645 4571957.9775231965
1708 2806 417042.05227193335 4571957.671617217
1952 2806 419482.0614697911 4571957.645861996
2074 2806 420702.9972281508 4571957.218833726
2196 2806 421923.2381354388 4571957.058121811
2318 2806 423142.6181988446 4571957.43129093
2440 2806 424361.65186724404 4571957.267949314
2562 2806 425581.9958407729 4571957.20161571
3172 2806 431682.8060465722 4571956.610354048
3294 2806 432902.1593648174 4571957.3729448775
3416 2806 434122.7268503485 4571956.329852685
3660 2806 436562.6694910518 4571956.151658138
3782 2806 437782.2370356033 4571957.311303071
4026 2806 440221.10293716076 4571957.242925774
4270 2806 442664.2601567004 4571956.187734227
4392 2806 443882.047493875 4571956.767927396
4514 2806 445101.4946165731 4571955.591784272
4758 2806 447542.1223568289 4571956.3788036
5002 2806 449982.117733771 4571957.203800171
5124 2806 451202.39643704455 4571956.288082563
5246 2806 452423.0413009465 4571955.549875125
5368 2806 453643.19124964974 4571955.8959337585
5856 2806 458523.04513532016 4571956.197228933
6344 2806 463402.8966564986 4571955.6418687925
6832 2806 468283.5074982267 4571956.331235433
7076 2806 470722.1434783384 4571956.155323316
7320 2806 473162.75568567816 4571956.140034122
7442 2806 474382.0832642888 4571956.620260296
9028 2806 490242.63966245105 4571955.760207287
122 2928 401182.6984221949 4570737.409276723
366 2928 403622.0161273918 4570737.115320104
488 2928 404842.4138857555 4570737.350290144
610 2928 406062.3952640177 4570736.868146628
732 2928 407282.50553653366 4570736.237432355
854 2928 408501.94248592417 4570736.114708233
1098 2928 410942.17300293717 4570736.368709488
1342 2928 413382.71722048265 4570736.2626117105
1586 2928 415823.1254756599 4570736.419829232
1708 2928 417042.8331857942 4570737.291744835
2074 2928 420703.04189331725 4570737.318574485
2196 2928 421922.78920675314 4570736.872461356
2318 2928 423143.05322635337 4570737.372105733
2440 2928 424362.2924549346 4570737.136253984
2562 2928 425582.11092267936 4570737.556840493
2684 2928 426801.1591064187 4570737.4577314155
3050 2928 430462.2199426996 4570737.3731815675
3416 2928 434122.26880131464 4570736.613084963
3904 2928 439002.731538261 4570736.456097313
4026 2928 440222.2199099861 4570736.245383421
4148 2928 441442.1403879669 4570736.560624189
4636 2928 446321.06448007864 4570737.348196985
4880 2928 448762.5514132015 4570736.887295437
5124 2928 451201.2203757704 4570737.136740104
5368 2928 453642.86012218456 4570736.099428685
5490 2928 454862.9112387451 4570737.220223729
5856 2928 458522.7143201037 4570736.285950271
5978 2928 459743.6495916685 4570736.116905054
7198 2928 471942.6125061569 4570737.157987811
7320 2928 473162.39588909264 4570736.7636876535
8540 2928 485361.65040271037 4570736.653291188
9028 2928 490243.4427760871 4570735.865145279
9150 2928 491462.03076131066 4570735.858057948
244 3050 402402.5361128361 4569517.217457988
366 3050 403621.92859454395 4569516.947212888
610 3050 406062.7077591923 4569516.8248557225
732 3050 407281.990371169 4569516.828289885
976 3050 409723.0466176548 4569516.16132191
1098 3050 410943.0333783279 4569516.175987598
1220 3050 412162.1949638491 4569516.676527302
1342 3050 413382.6772169723 4569516.47803573
1464 3050 414601.66522444796 4569516.357163024
1586 3050 415822.4036053807 4569516.522696632
1708 3050 417042.04327024164 4569516.500352843
1830 3050 418262.37530864385 4569517.141306822
2074 3050 420702.53160754615 4569516.893812892
2196 3050 421923.13950917637 4569517.151025013
2440 3050 424363.34862692794 4569517.010913007
2684 3050 426801.6188727177 4569516.891334716
2806 3050 428022.24098006036 4569517.360607968
2928 3050 429242.25350442604 4569517.0715899905
3050 3050 430462.39189552015 4569517.179595776
3904 3050 439002.1174024455 4569516.571500102
4026 3050 440223.61201034434 4569515.826382433
4270 3050 442663.01770942524 4569516.092658115
4514 3050 445101.18622292957 4569517.281512057
5124 3050 451202.3928014568 4569517.680864287
5246 3050 452421.76327251917 4569516.772571159
5368 3050 453641.71503718523 4569516.528412368
5490 3050 454862.19968402834 4569516.8970189495
5734 3050 457302.0603671296 4569516.43512222
5856 3050 458522.5610742365 4569516.60555323
6832 3050 468284.03919473157 4569516.316703724
7198 3050 471941.70323725394 4569516.695519994
7320 3050 473162.01410810614 4569516.946197657
7442 3050 474382.2906769837 4569516.123744112
7930 3050 479261.1472952562 4569516.5855277125
8906 3050 489021.94211332896 4569516.513041355
9028 3050 490242.0756409735 4569516.141916817
9150 3050 491462.26747729676 4569515.616303183
9882 3050 498781.63196288346 4569516.451714392
122 3172 401183.15946113586 4568296.972619971
244 3172 402402.39980519685 4568298.194597449
366 3172 403621.14522445557 4568297.830415967
488 3172 404842.2638971132 4568296.750966995
610 3172 406062.6036210358 4568297.16324087
1098 3172 410943.16692647914 4568295.979609803
1220 3172 412162.6074233937 4568296.13044955
1342 3172 413382.30217088864 4568297.41190567
1464 3172 414602.9470798306 4568296.688072639
1586 3172 415822.87171793834 4568296.269741562
1708 3172 417042.21377656 4568296.414100551
1830 3172 418262.2050939323 4568296.199223544
2074 3172 420701.8560495063 4568296.818867755
2196 3172 421922.52117492264 4568297.253762055
2562 3172 425581.54786804126 4568298.272829518
2806 3172 428022.7573125689 4568298.233920277
2928 3172 429242.2716334219 4568297.166616301
3050 3172 430461.7000203753 4568297.573657275
3538 3172 435341.57958986965 4568297.535552469
3904 3172 439001.52214931586 4568298.242707808
4026 3172 440222.181716377 4568296.945578941
4270 3172 442661.9891097716 4568296.893534671
4636 3172 446322.27716139954 4568296.917887325
4880 3172 448761.81217066624 4568297.526283761
5246 3172 452422.08477815497 4568295.841036045
5490 3172 454861.4305975084 4568296.013850311
5856 3172 458522.02468073525 4568296.349875562
7198 3172 471942.43145570264 4568297.099102288
7442 3172 474381.4945743235 4568297.154041835
9150 3172 491461.5333688594 4568296.2045072075
10492 3172 504881.70104993443 4568295.776688219
244 3294 402401.94485742843 4567078.238902385
488 3294 404842.01962249825 4567076.324105614
732 3294 407281.62181003834 4567076.7199565675
1220 3294 412163.2985713828 4567076.895952661
1342 3294 413383.23076253146 4567076.828972356
1464 3294 414602.4177894238 4567077.246477528
1586 3294 415822.4131528359 4567076.915500207
1708 3294 417043.08703093015 4567076.6346946955
1830 3294 418262.6349018607 4567076.274250133
1952 3294 419482.93536838755 4567076.2539266255
2074 3294 420703.11899797415 4567075.841483059
2318 3294 423142.32669738075 4567077.754347807
2806 3294 428022.22465547814 4567077.623406376
2928 3294 429242.3655937426 4567077.549478449
3050 3294 430461.49331129336 4567077.751058706
3294 3294 432902.2411301224 4567078.894210999
3660 3294 436563.80705732317 4567076.317098825
4026 3294 440221.7755495711 4567076.25688031
4270 3294 442663.11369830807 4567075.752429119
4392 3294 443882.7762143658 4567076.957218595
4514 3294 445103.02408966067 4567077.0044333255
5612 3294 456082.21227140934 4567076.072557828
5734 3294 457302.5266489776 4567076.431412458
5856 3294 458522.7929872495 4567075.886243055
7198 3294 471942.4346560442 4567076.076400787
488 3416 404842.4401370312 4565856.944774562
610 3416 406062.84178807825 4565856.644931083
732 3416 407282.5210793079 4565857.779939428
1220 3416 412162.1771360984 4565856.642814873
1342 3416 413381.4434856061 4565856.960239787
1464 3416 414601.6198206632 4565857.092773343
1586 3416 415822.14999835595 4565856.408708151
1708 3416 417043.18521850044 4565856.734816329
1830 3416 418263.255530201 4565856.2659157375
1952 3416 419481.8402438856 4565856.766714636
3172 3416 431682.9291862448 4565856.083721689
3294 3416 432903.0328336885 4565857.201440827
3416 3416 434122.92368372297 4565856.415743333
3660 3416 436561.50347155996 4565857.038382006
4392 3416 443882.2574214043 4565857.108269933
4758 3416 447541.3583559455 4565856.576120726
4880 3416 448762.76437001635 4565856.61612662
5002 3416 449982.78364432533 4565856.471250797
5124 3416 451203.1779159519 4565855.865651183
5612 3416 456084.4477321979 4565857.134244043
5734 3416 457302.72003072564 4565855.684039025
7564 3416 475603.0006186515 4565856.214455179
7808 3416 478039.3350508885 4565856.588497397
8662 3416 486582.0891328789 4565857.298626294
8784 3416 487803.34218952915 4565856.294100987
366 3538 403622.10471925 4564637.484480162
610 3538 406062.4136059347 4564637.290687114
1220 3538 412162.43634451966 4564636.072832763
1342 3538 413381.2399423301 4564637.398182756
1464 3538 414601.8510496496 4564637.312506958
1586 3538 415821.81004740496 4564637.045786924
1708 3538 417041.2862607585 4564636.492739098
3416 3538 434121.32238324586 4564636.768713094
3782 3538 437781.49886760826 4564637.545977863
4026 3538 440221.7886865482 4564636.036728094
4392 3538 443882.5711226764 4564635.942699693
4514 3538 445102.2087888106 4564636.264944614
4758 3538 447543.05952848436 4564636.046673496
5124 3538 451201.8690742363 4564636.663369565
5490 3538 454863.7827731561 4564635.317148394
6100 3538 460962.13364533504 4564637.221800944
7564 3538 475602.670736063 4564637.154879876
8052 3538 480482.3260416766 4564636.862029362
10126 3538 501222.04297657864 4564636.379035732
244 3660 402404.03906928253 4563416.376042341
610 3660 406062.16415769124 4563417.61232297
976 3660 409723.09461289603 4563417.552425583
1098 3660 410941.9392781383 4563416.896915665
1220 3660 412162.0618895308 4563416.643538312
1342 3660 413382.12690128584 4563415.95848812
1464 3660 414602.3556969636 4563417.140077084
1586 3660 415822.04086174344 4563416.638337325
1708 3660 417042.26679310674 4563417.3059733175
1830 3660 418262.6316089985 4563417.139522157
3172 3660 431682.3458711128 4563416.829241913
3782 3660 437782.8594820176 4563416.766301441
3904 3660 439001.63788033725 4563416.8525415035
4026 3660 440222.1227917105 4563416.720983295
4392 3660 443881.6277027747 4563416.644359261
4636 3660 446322.562769206 4563417.108326682
5124 3660 451202.7488458869 4563415.662374108
5368 3660 453643.0182552019 4563416.149811999
6222 3660 462181.7366444235 4563416.125536328
7564 3660 475602.39651156194 4563416.673185466
8052 3660 480482.1793407791 4563416.358872677
10736 3660 507321.9236922066 4563416.238206781
122 3782 401183.0086774643 4562197.07499823
366 3782 403622.8021229251 4562196.933441253
610 3782 406062.4647453987 4562197.208969931
976 3782 409721.71276946797 4562197.612853629
1098 3782 410942.4101188425 4562197.539229178
1220 3782 412161.9533421082 4562197.818535495
1342 3782 413381.8732596441 4562197.311949249
1464 3782 414603.32159796887 4562196.82655117
1586 3782 415822.43347736524 4562197.14186976
1708 3782 417042.1469630435 4562196.888545819
2074 3782 420702.3640202573 4562196.5921023805
2196 3782 421922.76550244336 4562197.71795652
2318 3782 423141.1432012051 4562196.961254052
2440 3782 424362.18193302973 4562197.294560671
2928 3782 429242.57034740364 4562198.240856841
3538 3782 435342.3947217456 4562196.986102549
3660 3782 436562.69761561364 4562197.038898908
3782 3782 437782.1277367188 4562196.911404176
3904 3782 439002.1559963404 4562197.32322445
4148 3782 441441.91687330644 4562196.572032628
4270 3782 442662.09144946485 4562196.848467415
4392 3782 443882.4332102986 4562198.315403738
4514 3782 445102.44751721254 4562196.396709172
4636 3782 446321.8477809784 4562196.052445825
5246 3782 452422.5980342631 4562196.382172604
5978 3782 459742.91019040113 4562195.461959634
8784 3782 487802.2501156251 4562196.095027412
9028 3782 490242.39740636956 4562197.149930116
10248 3782 502441.83889033966 4562197.008161199
122 3904 401183.4451063467 4560976.896822058
366 3904 403622.7444476887 4560977.983723384
732 3904 407282.3311219565 4560977.113447638
976 3904 409722.5375295509 4560977.605469923
1098 3904 410943.28053910885 4560977.761357076
1220 3904 412162.0330435306 4560977.745385992
1342 3904 413382.1062120359 4560977.565061865
1464 3904 414601.7718632926 4560977.917165076
1586 3904 415822.0496945008 4560978.116194683
1708 3904 417041.44425419683 4560977.401136806
2196 3904 421922.5160572626 4560977.304799046
2318 3904 423142.919480487 4560976.727987621
2928 3904 429242.6525466537 4560977.322929453
3050 3904 430462.7467263079 4560976.891082819
3904 3904 439001.94686659804 4560977.224551654
4026 3904 440222.007350981 4560977.081633796
4148 3904 441442.18286545627 4560976.988475576
4270 3904 442661.9263241832 4560977.380464222
4392 3904 443882.3206550366 4560977.048844285
4514 3904 445101.7726290773 4560977.692723981
4636 3904 446321.7721625444 4560976.65169938
4758 3904 447541.200804361 4560977.055335627
4880 3904 448762.4702911591 4560976.427658982
5246 3904 452422.7415216531 4560976.686367317
5612 3904 456083.2505653158 4560977.440061335
6466 3904 464621.06489433994 4560976.564349955
8052 3904 480483.3787646045 4560977.001190837
8784 3904 487802.38953093777 4560976.727273814
8906 3904 489021.68222567555 4560976.663402823
9028 3904 490242.08834892925 4560976.785549453
10004 3904 500002.34930526983 4560976.0816199435
122 4026 401182.1131661156 4559756.7086495515
610 4026 406062.2478262905 4559756.912801568
854 4026 408502.38716350106 4559757.234102191
976 4026 409722.9187956303 4559757.930028101
1098 4026 410942.9598601712 4559757.824248996
1220 4026 412162.5834725874 4559757.571094356
1342 4026 413382.16155135375 4559757.492925973
1586 4026 415822.9288897714 4559758.065432168
2074 4026 420704.1548790802 4559755.103503901
2196 4026 421922.63036614214 4559757.226810673
2562 4026 425581.004024127 4559757.103570884
2684 4026 426801.6943834591 4559758.919953689
2806 4026 428022.6454699952 4559755.520157009
3050 4026 430462.00894663506 4559757.196154988
3538 4026 435341.87295520626 4559757.566468727
3904 4026 439002.49407472234 4559757.120851227
4026 4026 440223.6138410038 4559755.997914047
4148 4026 441441.89544219914 4559757.536709885
4392 4026 443882.28519940353 4559756.716919123
4514 4026 445102.8776229646 4559756.217616259
4758 4026 447542.2327790541 4559756.695408057
5002 4026 449981.9156357999 4559757.254782619
5246 4026 452422.23978372884 4559757.139600712
5368 4026 453642.4366818279 4559756.509213717
5490 4026 454861.8354322138 4559756.657922214
5612 4026 456081.8219777577 4559758.013631096
5856 4026 458522.5097536338 4559756.880340498
7930 4026 479262.2343273505 4559756.223687648
9028 4026 490242.5724206329 4559757.697305142
9150 4026 491462.0607009152 4559757.112441433
10614 4026 506102.44797562994 4559756.602063873
244 4148 402402.7124489076 4558537.172119733
488 4148 404842.0220806038 4558537.418110268
610 4148 406062.2488041279 4558537.7515511485
854 4148 408502.8641837991 4558537.8281278005
976 4148 409722.35193839035 4558537.517987489
1098 4148 410943.04901363153 4558537.218258619
1220 4148 412162.7822147848 4558537.469877532
1708 4148 417042.2344500713 4558537.324502745
2074 4148 420702.2471609026 4558537.4111110205
2318 4148 423142.5132313084 4558537.369879122
2684 4148 426802.2015852742 4558539.129395163
3538 4148 435341.4318078796 4558537.051048092
4026 4148 440221.5058480966 4558538.283319317
4148 4148 441441.86735644605 4558536.920385249
4270 4148 442662.0169632764 4558536.754559477
4392 4148 443882.2889317839 4558536.450179712
4514 4148 445101.85709905537 4558536.928724222
4636 4148 446321.8067994154 4558536.619729418
4758 4148 447541.7177903902 4558536.84848553
5124 4148 451202.63730898785 4558536.875051523
5612 4148 456081.64669482765 4558536.833572305
5734 4148 457302.63508471847 4558536.739754625
5856 4148 458522.7876300857 4558536.815817834
7320 4148 473161.9962306843 4558537.4848139975
9028 4148 490243.24522475747 4558537.393129036
854 4270 408502.17998293374 4557317.529644276
976 4270 409723.0050326273 4557316.759549593
1098 4270 410942.41272200295 4557317.555202179
1342 4270 413380.6823790013 4557317.624366458
2562 4270 425582.04032529716 4557316.738440465
3782 4270 437782.1129758155 4557317.252364414
3904 4270 439002.183266176 4557317.259212831
4026 4270 440221.5963390277 4557317.424096915
4148 4270 441441.8238676412 4557316.851672586
4270 4270 442662.2454259288 4557317.697806886
4392 4270 443882.4310105357 4557317.245475597
4514 4270 445102.4042270763 4557316.801424989
4636 4270 446322.5317064353 4557316.769821492
4758 4270 447541.5461237334 4557317.181101019
5246 4270 452420.79989213817 4557317.240607825
5368 4270 453641.80176885455 4557317.676697511
5612 4270 456082.1608186199 4557316.667630914
5734 4270 457301.83850655967 4557316.624727786
5856 4270 458521.9034278889 4557316.523292297
6344 4270 463402.41169689293 4557316.636878723
6466 4270 464622.2324099397 4557317.676630364
6588 4270 465843.55794112163 4557317.149613071
7320 4270 473162.7850485733 4557317.375332309
9028 4270 490242.7192031363 4557316.484764736
9638 4270 496342.3293109994 4557316.442782306
366 4392 403622.77353895444 4556097.073271154
488 4392 404842.7930763736 4556097.206344738
610 4392 406062.3291646295 4556096.967418405
976 4392 409722.51329503406 4556097.540887347
1098 4392 410941.8693150778 4556097.210467511
1464 4392 414602.30267385044 4556097.076183765
1586 4392 415821.4259905851 4556097.093655874
1708 4392 417042.6091771998 4556097.133342783
2562 4392 425583.6642192158 4556097.055239821
2806 4392 428021.5867434752 4556097.3828760525
3660 4392 436562.4847794947 4556097.005341789
3782 4392 437782.36336884537 4556097.03514377
3904 4392 439002.3492030334 4556096.86281154
4758 4392 447542.7489690377 4556096.5964520415
5002 4392 449981.8477261051 4556097.252061635
5124 4392 451202.0492713855 4556097.224314273
5612 4392 456081.8391010948 4556096.710398905
5856 4392 458521.97192136967 4556097.196021437
5978 4392 459742.72726230934 4556096.4372614855
6344 4392 463402.76399609965 4556096.026751259
6466 4392 464622.9955737487 4556095.451939642
7198 4392 471942.9043417971 4556096.101280476
8906 4392 489022.80422744516 4556097.152675502
9394 4392 493904.07817834476 4556096.178843593
9638 4392 496342.23109432776 4556097.194070868
9760 4392 497563.0026803191 4556095.665295038
854 4514 408502.7191772364 4554876.948904031
976 4514 409723.5174455155 4554877.107959963
3538 4514 435342.86120195576 4554877.109304556
3782 4514 437781.90619000694 4554877.284222542
4758 4514 447542.17209668487 4554876.755981585
5978 4514 459742.97272007685 4554876.8514478635
8906 4514 489022.7051420017 4554877.712547372
9028 4514 490242.13795072434 4554876.895413376
9272 4514 492682.1294889794 4554877.428841844
488 4636 404842.6723213305 4553656.769015899
854 4636 408502.93490486144 4553656.798671362
976 4636 409723.9982578156 4553655.469183912
1220 4636 412163.33179753623 4553656.488229606
1464 4636 414601.56704819726 4553658.545469232
3050 4636 430464.5015606538 4553655.920734905
4758 4636 447541.9136160698 4553657.21895941
4880 4636 448762.65414511494 4553657.268042566
6344 4636 463402.4556345786 4553657.418593725
6466 4636 464620.8887391967 4553657.962643308
7808 4636 478043.8444161769 4553657.62928915
8662 4636 486582.98595165205 4553657.746575392
9028 4636 490243.4407719534 4553656.959625378
9272 4636 492682.1142015309 4553656.925473841
610 4758 406062.9398878135 4552435.773766176
1098 4758 410942.698613477 4552437.383779368
2074 4758 420703.18263486837 4552436.389820484
2562 4758 425582.4803124043 4552436.599342639
3416 4758 434123.5281552044 4552436.822686903
3782 4758 437782.67597024294 4552436.684574592
4636 4758 446322.60991209303 4552436.7252260195
4758 4758 447542.36610815884 4552437.5136873685
4880 4758 448763.3151534282 4552436.211452703
5002 4758 449982.64204262116 4552437.004064897
5612 4758 456082.3975011393 4552436.618340004
6710 4758 467062.3858898537 4552437.151903456
6832 4758 468282.44183011586 4552435.974867759
6954 4758 469502.7659360749 4552436.489250512
7076 4758 470722.5035714156 4552436.201832276
7808 4758 478042.09141504124 4552436.259237496
8662 4758 486582.75170284434 4552436.004549744
8784 4758 487803.3704679328 4552436.838119194
9028 4758 490241.306832073 4552436.125422229
9150 4758 491462.3680491832 4552436.694610118
2196 4880 421923.76616986736 4551215.6808886435
3782 4880 437782.16124823963 4551216.972750688
3904 4880 439002.3986242535 4551217.0708026355
4270 4880 442662.0087960814 4551218.760627065
4392 4880 443882.5300906346 4551217.084509106
4758 4880 447543.2792594066 4551216.947264673
4880 4880 448762.6147344263 4551217.5634401515
5002 4880 449982.7949607317 4551215.776895504
5612 4880 456082.45047097607 4551217.233876728
6588 4880 465841.5200326669 4551217.603811732
6710 4880 467061.4753429539 4551217.768380938
6832 4880 468282.16994281585 4551216.489921509
7076 4880 470722.687779989 4551216.022075185
7198 4880 471942.09369117056 4551217.436546529
7686 4880 476822.6888246902 4551215.729053786
7808 4880 478042.44433653593 4551215.737015837
732 5002 407282.96804806695 4549996.480168347
1464 5002 414604.2910735782 4549996.625647207
2928 5002 429243.4179749475 4549996.030257584
3782 5002 437779.3554442386 4549996.2994046025
3904 5002 439002.21837514814 4549997.395803068
4026 5002 440222.0903350619 4549996.645751029
4270 5002 442662.8689532761 4549995.795119591
4392 5002 443882.87629837653 4549997.117039842
4636 5002 446322.88613267854 4549996.828253021
4880 5002 448763.3814861307 4549995.967501362
5002 5002 449983.0568406681 4549996.6748448415
5124 5002 451202.324505743 4549996.269494192
6466 5002 464623.2282254719 4549996.718649414
6832 5002 468282.789836488 4549995.568675164
7198 5002 471942.32513342 4549996.47000214
8540 5002 485363.2427884256 4549996.603163216
854 5124 408502.6557188093 4548777.367530256
1220 5124 412164.1249203258 4548776.869329441
1708 5124 417042.73407656845 4548776.692142325
2318 5124 423143.6165844453 4548777.412659962
2440 5124 424363.40589024464 4548776.035708223
2684 5124 426802.5168977303 4548777.381493105
3904 5124 439002.2249569231 4548777.134842084
4148 5124 441442.5411266057 4548777.62282962
4270 5124 442662.8388817233 4548776.364007195
4880 5124 448763.0775460482 4548777.075595986
5002 5124 449983.49365066923 4548776.491497765
5124 5124 451202.65188285016 4548776.417142793
5368 5124 453643.40007569647 4548775.598095381
5856 5124 458522.67126831535 4548778.278775105
6100 5124 460962.77091704647 4548776.11274412
6344 5124 463402.6936346043 4548776.304060728
6832 5124 468283.1487627275 4548775.487606081
6954 5124 469503.1712141384 4548775.860416034
8418 5124 484142.75277040567 4548776.139455701
8540 5124 485362.75690515514 4548776.371821853
2196 5246 421923.41902717104 4547556.697152945
2318 5246 423142.2465118665 4547556.046635242
3050 5246 430462.6707483627 4547556.532532594
4026 5246 440224.00794870657 4547555.7629806185
4148 5246 441442.9767206811 4547556.130096028
4880 5246 448761.98715875 4547557.4870696375
5002 5246 449982.66247632407 4547556.556182263
5246 5246 452422.40572151105 4547556.824480458
5368 5246 453642.8666300251 4547556.080195551
5490 5246 454863.184886666 4547556.363719424
5856 5246 458523.11046332284 4547555.8484632755
5978 5246 459743.162371434 4547555.9153384445
6100 5246 460962.29251879995 4547556.314679335
6710 5246 467062.4010537109 4547556.479700967
6832 5246 468283.1778761243 4547555.443382435
6954 5246 469503.2723376489 4547555.475849044
7320 5246 473162.5725642133 4547555.879595352
7442 5246 474382.55970865843 4547556.003639744
8296 5246 482922.6486097033 4547556.254453989
8662 5246 486582.2641714972 4547557.083311364
976 5368 409721.9566914317 4546336.74607943
1098 5368 410942.7855928135 4546337.067254703
3050 5368 430463.6534809653 4546336.219819807
3172 5368 431681.80142890656 4546336.694684126
3294 5368 432902.72446382785 4546336.688509634
4270 5368 442661.3115371205 4546337.1962109925
4514 5368 445099.6259853856 4546336.640978501
4636 5368 446323.193243226 4546335.704490211
4880 5368 448762.40962033864 4546338.565039968
5246 5368 452422.5742212661 4546336.260499729
5490 5368 454862.54558958404 4546336.415930771
7198 5368 471942.9686023967 4546336.4406123385
7320 5368 473162.69242155034 4546336.052629529
7442 5368 474378.9896635484 4546336.527888066
7930 5368 479263.18435083004 4546335.795494838
8052 5368 480481.9951422321 4546336.042350383
8174 5368 481702.85819043114 4546335.94883116
8296 5368 482922.8273611497 4546336.364093726
8418 5368 484141.5830254141 4546337.458797957
8540 5368 485362.6164905138 4546336.396484577
976 5490 409723.53142763634 4545115.92950058
1098 5490 410943.21676414827 4545116.423573304
4392 5490 443880.5677747443 4545115.214592063
4880 5490 448763.18712097063 4545117.233561621
6344 5490 463401.6166704451 4545117.223138534
7686 5490 476822.5023926739 4545116.9217253
8174 5490 481702.58579977794 4545116.401056994
8296 5490 482922.52399105707 4545115.798117694
2928 5612 429242.67071791284 4543897.1367419
3172 5612 431682.9469107229 4543897.5246438375
4636 5612 446323.98167578765 4543895.692513617
4758 5612 447543.4309455297 4543895.6044366155
4880 5612 448763.3236859735 4543896.0256896475
7442 5612 474382.78210196795 4543895.845333803
7564 5612 475601.397847677 4543895.635760607
7686 5612 476820.9124230442 4543897.244500094
7808 5612 478042.9326512721 4543895.7770916065
8174 5612 481703.10995415965 4543895.99942969
8296 5612 482923.2642771335 4543895.481369006
8662 5612 486583.41211262194 4543896.303407652
976 5734 409724.5212979655 4542675.454483791
1098 5734 410943.6021847114 4542676.388598087
2196 5734 421923.51777882874 4542676.129238173
4514 5734 445102.1619370231 4542675.570161953
4636 5734 446321.78896123293 4542677.064703999
5002 5734 449982.99606945086 4542675.567323987
6344 5734 463401.6486318968 4542677.786642635
7808 5734 478042.19119001966 4542675.951257707
7930 5734 479262.20353590406 4542676.535597325
8052 5734 480483.00432165165 4542675.856299938
8174 5734 481702.5832842624 4542676.140268202
1098 5856 410942.7440701328 4541456.413359939
1952 5856 419483.18622865394 4541457.044295668
2684 5856 426802.9066148961 4541456.853920848
2928 5856 429243.28549413406 4541457.655692936
3782 5856 437782.49919583875 4541456.228751719
4392 5856 443881.885255752 4541457.150087751
6466 5856 464623.04391034663 4541455.327635075
7930 5856 479262.2089056189 4541457.374497653
8052 5856 480481.8779700049 4541455.778749335
1464 5978 414602.7007247361 4540237.940324519
1586 5978 415822.8254052374 4540237.128721929
1830 5978 418263.39866294025 4540235.410291633
2684 5978 426803.35434834147 4540236.860055835
5978 5978 459742.9152762481 4540236.360866827
6100 5978 460963.4638462915 4540236.6681314
7076 5978 470722.709774713 4540235.542056189
7930 5978 479262.01578040374 4540236.317390254
8052 5978 480481.3913486146 4540236.477800098
1342 6100 413384.2621898712 4539015.889922673
1586 6100 415824.27535056585 4539017.640208435
1708 6100 417042.791693416 4539016.259416947
1952 6100 419484.28211743926 4539016.838203833
2196 6100 421924.0239358033 4539016.289885198
2562 6100 425583.74467695307 4539015.655468635
2684 6100 426802.7033433113 4539016.279343202
3782 6100 437783.04022352677 4539017.329159122
4026 6100 440221.933503694 4539017.020605439
5856 6100 458522.5459941353 4539016.349144272
5978 6100 459742.82447261247 4539016.582249548
6100 6100 460962.6580169908 4539016.237420104
6222 6100 462182.48087871016 4539016.854077191
7198 6100 471943.2544080679 4539015.98984781
7808 6100 478042.76454610744 4539016.0552891465
7930 6100 479262.30328903336 4539015.810936594
8174 6100 481703.1220940029 4539016.106127368
10248 6100 502442.14628920064 4539015.911064675
10370 6100 503663.42732629937 4539015.833258676
1464 6222 414602.1353096965 4537795.537470523
2440 6222 424362.6097786647 4537797.190821464
2562 6222 425582.6234150384 4537799.360660349
2684 6222 426803.3229271133 4537795.690657192
5856 6222 458522.37978957006 4537796.20216119
6466 6222 464622.3275682374 4537796.412660701
6710 6222 467062.88123382453 4537795.43399508
6832 6222 468283.8338765869 4537795.799496071
7686 6222 476822.74783280474 4537795.705419216
7808 6222 478043.3233141855 4537795.677885855
9394 6222 493902.8932666002 4537798.221493262
10370 6222 503662.1710789602 4537796.348091473
1464 6344 414603.27093144995 4536576.366941626
2562 6344 425583.83867425355 4536576.68650945
2684 6344 426803.17320185027 4536578.0004946375
4026 6344 440223.5620654069 4536576.021739346
5856 6344 458521.76776059455 4536577.126581154
6588 6344 465842.8964004808 4536576.274373139
6832 6344 468282.9522238577 4536575.660736277
7076 6344 470721.62019825797 4536575.5434793215
7198 6344 471942.9076155715 4536575.476196872
7442 6344 474383.80240589863 4536575.829876625
8540 6344 485362.6916110988 4536576.32023843
8662 6344 486582.93560550624 4536575.543207033
8784 6344 487802.0513175452 4536577.8950194325
10248 6344 502441.74444316357 4536576.011391909
2074 6466 420703.9971252392 4535357.478307103
2318 6466 423142.9908917777 4535356.292877251
4148 6466 441442.21796117816 4535357.452947291
5856 6466 458522.82861038495 4535357.9528487595
6954 6466 469502.1182127101 4535355.925370162
7076 6466 470722.8472448711 4535355.066866829
7198 6466 471942.72178266116 4535355.594628227
8418 6466 484142.34612536145 4535354.607936497
8540 6466 485362.5810411625 4535356.065748339
9394 6466 493902.69414777675 4535357.146177483
10004 6466 500002.9005536675 4535355.697548279
1952 6588 419483.09352365835 4534136.190130314
2440 6588 424363.2489823841 4534136.261575018
5612 6588 456082.76110600674 4534136.442055901
7076 6588 470723.57125543046 4534135.632793058
7198 6588 471942.91496682307 4534135.521204427
7320 6588 473163.41478977306 4534135.240250767
7442 6588 474382.68114903045 4534137.248733128
7564 6588 475602.9254503224 4534137.017077077
7686 6588 476824.1125812397 4534136.205127282
8540 6588 485362.91711989744 4534135.6954933815
2074 6710 420701.8765017461 4532915.83338746
3660 6710 436559.81802606315 4532917.371969473
7320 6710 473163.1103160487 4532915.701398911
7564 6710 475602.1027731177 4532917.257804694
8418 6710 484143.33661419933 4532916.122599936
10492 6710 504878.9606764173 4532917.073330377
2074 6832 420703.5643599629 4531696.002419947
3050 6832 430462.8470484361 4531698.142110229
3172 6832 431680.3504427425 4531699.480783741
7442 6832 474382.5922713113 4531695.778223106
7564 6832 475603.05248229625 4531695.721649538
8418 6832 484143.4105870242 4531697.325572491
8540 6832 485364.46930821403 4531696.847139467
8662 6832 486582.67207459616 4531696.092881618
9150 6832 491461.36005422316 4531696.761497115
9394 6832 493901.89448549075 4531696.909643252
10126 6832 501222.21448651404 4531696.033669939
3416 6954 434122.605180595 4530475.187260562
5856 6954 458522.7866414608 4530476.689939639
7564 6954 475602.2031808973 4530476.203834964
9638 6954 496341.8550286738 4530476.206666497
10004 6954 500001.2422263113 4530477.125555996
2440 7076 424364.11018613825 4529256.789781339
7564 7076 475601.6700228128 4529256.53279455
7686 7076 476822.8939643265 4529258.688325341
8662 7076 486582.47148700646 4529256.717412919
8784 7076 487800.1373869137 4529255.046248344
8906 7076 489022.3321256945 4529257.613840909
9150 7076 491461.3757497409 4529257.976712613
9638 7076 496342.76525386196 4529256.223889981
9760 7076 497562.4349070306 4529256.966530402
2196 7198 421923.82946282654 4528035.361560026
3294 7198 432903.57209222834 4528038.462569807
3782 7198 437781.08911373705 4528036.730353023
5124 7198 451202.52068370354 4528036.868875965
6588 7198 465842.71769988583 4528035.445915009
8052 7198 480482.9628370899 4528035.468518401
8662 7198 486581.89681219315 4528036.862811672
8906 7198 489022.9441921883 4528036.0676599275
9516 7198 495121.87509471405 4528036.694152866
9760 7198 497561.46310053545 4528037.447412414
10370 7198 503663.19544652203 4528036.780519296
10492 7198 504883.40243151813 4528036.39075103
10614 7198 506102.86004863546 4528036.646681043
2196 7320 421924.64101950155 4526817.321185253
4880 7320 448764.5903452805 4526817.579572077
5002 7320 449979.69574055244 4526816.466718807
5734 7320 457300.20851698506 4526815.055253744
7930 7320 479263.2335085212 4526815.188363911
8174 7320 481702.8589293106 4526815.69114063
8662 7320 486581.3635897967 4526814.807912041
8784 7320 487803.09563387476 4526816.253111205
9882 7320 498781.56060292356 4526817.328255792
10248 7320 502442.5500968795 4526816.958764853
10370 7320 503662.10292242584 4526817.040010734
10492 7320 504882.46010285895 4526816.529168664
10614 7320 506102.3527406024 4526816.1859119
1952 7442 419482.45446812036 4525596.110291482
2196 7442 421922.91315488983 4525596.331826388
4880 7442 448763.81583281397 4525597.467989322
8052 7442 480480.741658531 4525594.73504836
8540 7442 485363.78039245424 4525595.561350901
10126 7442 501221.5114752385 4525597.632640566
4636 7564 446320.92474047473 4524380.2168967435
4880 7564 448763.23254303914 4524375.234256301
5124 7564 451203.6634957435 4524376.865183467
6588 7564 465842.9014910496 4524375.447658896
6954 7564 469502.4561095168 4524376.136715545
9882 7564 498780.7401820315 4524377.259704684
10004 7564 500002.7406698394 4524376.719306078
2440 7686 424363.1605529843 4523156.037061042
3538 7686 435341.3897706035 4523157.159960979
4636 7686 446323.00097458984 4523156.375499885
5002 7686 449983.0989658341 4523157.454529684
5368 7686 453642.2987004571 4523156.906514105
5490 7686 454862.7576949999 4523156.937841728
6832 7686 468282.6073754696 4523155.693957969
6954 7686 469501.48704226234 4523155.877595516
8174 7686 481701.6886526508 4523156.932011284
8296 7686 482922.89174481836 4523156.09888119
8418 7686 484140.8307847903 4523157.473785687
9882 7686 498781.5677391409 4523156.956871702
10004 7686 500001.2238678766 4523157.924890712
2440 7808 424364.1463919187 4521935.67699313
5002 7808 449983.6026486051 4521937.324201048
5124 7808 451203.4394993829 4521936.64782946
5490 7808 454862.5708386181 4521936.533619775
6588 7808 465841.9475737962 4521937.168792524
6710 7808 467062.68976662646 4521935.245427966
6832 7808 468283.07787492283 4521935.518760598
7686 7808 476823.30819102336 4521936.309958271
8418 7808 484143.55142772116 4521935.501155679
8540 7808 485362.21434900543 4521936.367221598
9028 7808 490242.17847926874 4521937.118331348
9150 7808 491461.5706986982 4521937.004537848
9760 7808 497562.0962318796 4521936.549739294
9882 7808 498783.6023295191 4521937.0017733425
2806 7930 428022.41307300807 4520717.0809608735
3538 7930 435341.9397185094 4520717.624230751
4514 7930 445103.1554408063 4520716.024724058
5124 7930 451202.7990345611 4520716.459065163
5246 7930 452423.8398897992 4520716.28052337
6588 7930 465841.6499227098 4520716.152019262
6710 7930 467061.6616642154 4520716.686370319
7686 7930 476822.73391721584 4520715.634505399
8540 7930 485363.7162657253 4520718.376468546
2806 8052 428023.0910928684 4519496.078156726
4392 8052 443883.5981288371 4519496.090563332
4636 8052 446322.2586116037 4519498.285836518
5002 8052 449983.03402430576 4519496.832372859
5368 8052 453643.02552051964 4519497.579524154
6588 8052 465842.8504916192 4519496.797511858
7686 8052 476822.7124120295 4519496.186223302
7808 8052 478042.73163523484 4519495.481406208
7930 8052 479263.68089820264 4519496.011171053
8296 8052 482922.8385317649 4519495.707787142
8906 8052 489022.1269177606 4519496.627583583
3294 8174 432902.6240186104 4518276.875659332
4636 8174 446322.8596288598 4518278.0651649935
4758 8174 447543.33101045585 4518277.19669397
5124 8174 451203.53219431057 4518276.569624262
5246 8174 452421.9927489626 4518277.122563675
5368 8174 453642.6756825483 4518276.729991321
7686 8174 476822.612936796 4518275.729161456
8052 8174 480482.6340321689 4518275.786936439
8784 8174 487802.94638269936 4518276.451106335
8906 8174 489022.8831919392 4518276.595402497
9516 8174 495122.56150056305 4518276.85715808
10370 8174 503662.7206711611 4518276.060142784
3172 8296 431683.6045793881 4517058.35530234
7442 8296 474381.66426268657 4517058.380313036
7564 8296 475602.49622685823 4517055.839820749
7686 8296 476823.32904348784 4517055.680913333
7930 8296 479262.7279100337 4517055.469127884
8540 8296 485362.0923341727 4517057.805268603
8906 8296 489022.85630397405 4517056.33123201
9028 8296 490238.9540427094 4517056.469791773
9394 8296 493901.9657519607 4517057.028521028
9882 8296 498782.37413862406 4517056.744747307
10126 8296 501223.04059144494 4517056.013612062
10248 8296 502441.99045851774 4517055.900334652
10370 8296 503663.06928208104 4517055.990811617
5002 8418 449982.3563115699 4515837.46980251
5124 8418 451202.9650183791 4515836.663415464
7198 8418 471942.7103961262 4515836.817168103
7320 8418 473162.23749330075 4515835.868681232
7564 8418 475602.3852002193 4515836.06616463
8662 8418 486582.29284003633 4515836.669247166
8784 8418 487802.61289298214 4515836.675583679
8906 8418 489021.9086901144 4515836.692094479
9028 8418 490243.40430936567 4515838.421035975
9150 8418 491462.2923285524 4515836.98168979
9394 8418 493901.2331774054 4515838.073865773
9882 8418 498782.54231215175 4515837.121190299
10004 8418 500002.7421119383 4515836.657092769
10126 8418 501222.66435423534 4515836.40121474
10248 8418 502441.28994673904 4515836.800714047
10370 8418 503662.20785559766 4515836.108988093
5002 8540 449983.72925120307 4514616.576732184
5368 8540 453642.1894445134 4514617.0925452225
7686 8540 476821.7035693137 4514617.203388686
8662 8540 486581.7261495874 4514616.3124204
8784 8540 487801.6671565545 4514617.053736496
8906 8540 489022.24355767365 4514616.977785034
9028 8540 490241.3376404201 4514617.393113118
9150 8540 491461.6066576295 4514617.252231527
9760 8540 497562.60404851276 4514616.245322313
9882 8540 498783.6169791134 4514617.961141156
10126 8540 501223.46030475816 4514617.171106658
10248 8540 502442.28202778194 4514616.340016567
10858 8540 508540.20682134904 4514615.696993551
5124 8662 451199.1588568534 4513397.137786895
5734 8662 457302.9135290697 4513397.822612934
7686 8662 476822.8068817014 4513396.244479733
7808 8662 478041.8375755775 4513396.263427621
8174 8662 481701.86332408414 4513396.326189129
9028 8662 490242.55046440597 4513396.732698276
9638 8662 496342.7176509729 4513396.732168141
9760 8662 497562.5675225334 4513396.311968155
10126 8662 501223.19879170257 4513395.565568075
10248 8662 502442.9088137212 4513396.143717313
10370 8662 503661.6585551365 4513396.234626716
10736 8662 507323.1969445496 4513395.527523049
6954 8784 469502.8085267975 4512175.234695312
7198 8784 471942.08281867474 4512176.317630915
7686 8784 476823.4101881632 4512176.439709736
8052 8784 480483.05987041444 4512177.599897116
8540 8784 485361.3425925984 4512176.84109616
9272 8784 492682.4013466548 4512175.986179006
9638 8784 496343.17483655503 4512175.494633848
9882 8784 498781.671420023 4512175.36977626
10004 8784 500002.94794030796 4512175.765165327
10248 8784 502442.67807110236 4512176.216505375
10370 8784 503661.62218654214 4512175.981911676
10492 8784 504882.6786747525 4512175.879053439
10736 8784 507322.2796274293 4512175.4897510465
6100 8906 460963.00030086783 4510957.003077876
6710 8906 467061.9055854292 4510956.669530821
6832 8906 468281.7107495527 4510957.723609272
7198 8906 471941.00560078275 4510958.909911296
7442 8906 474382.76234651275 4510956.987521846
7564 8906 475602.51966574055 4510956.117268581
7686 8906 476822.42522270716 4510955.503557034
8418 8906 484143.04240414035 4510956.335228529
8540 8906 485362.3944656541 4510955.761203962
10126 8906 501221.8937793384 4510956.393756656
10248 8906 502441.7718379884 4510955.181793761
10370 8906 503663.40016443527 4510956.515559411
6222 9028 462181.8224248371 4509736.090357618
6710 9028 467062.3660670287 4509737.538680969
8052 9028 480481.7219182063 4509736.3543650545
8174 9028 481702.5706510025 4509736.22188392
8662 9028 486582.52654477523 4509736.689583195
9638 9028 496342.88954590494 4509736.019882311
10614 9028 506101.53592585144 4509735.508319463
10858 9028 508542.77096992254 4509736.371450768
6710 9150 467063.04212856415 4508517.712865468
7442 9150 474383.3482612178 4508515.967312194
7686 9150 476822.42435977596 4508515.468344962
7808 9150 478042.2923987416 4508515.995930978
8052 9150 480482.5331137383 4508515.674144648
8296 9150 482921.7751622699 4508517.174113205
8662 9150 486583.10398890707 4508516.641424852
9760 9150 497563.09787368396 4508515.860488722
10004 9150 500002.621746383 4508515.996136923
10126 9150 501221.982163522 4508516.006713352
10492 9150 504879.0402529924 4508516.202752681
5612 9272 456079.2035304966 4507296.485535099
5856 9272 458521.20587680186 4507298.88268368
6588 9272 465842.8669184711 4507297.077628848
6710 9272 467062.43627863046 4507296.31559105
6954 9272 469502.892228301 4507295.68899778
7442 9272 474381.67773033894 4507298.874741139
7686 9272 476823.14086982736 4507295.696834245
7930 9272 479262.51029533823 4507296.601580169
8662 9272 486582.7999240722 4507297.445668822
8784 9272 487802.5511681312 4507296.675135758
9882 9272 498783.20423123304 4507295.797621467
10004 9272 500003.382709201 4507295.788528937
10126 9272 501221.4600606907 4507296.929861736
10248 9272 502442.70353150764 4507296.320384056
10614 9272 506102.30440835725 4507295.706669747
10980 9272 509760.92887999443 4507295.559374857
5856 9394 458524.24689427443 4506076.581138716
5978 9394 459742.796739807 4506075.899389597
6832 9394 468281.87779873994 4506076.317394021
6954 9394 469502.34173038445 4506076.793259188
7076 9394 470722.7382558929 4506076.118280728
8540 9394 485362.4200067468 4506076.836536632
8662 9394 486582.8932917952 4506076.492422193
8784 9394 487803.1004317279 4506076.3063055705
9882 9394 498782.4404479214 4506075.805722566
5856 9516 458522.84933119116 4504856.741998839
6100 9516 460962.547853845 4504856.72293218
6222 9516 462182.58539528644 4504856.416260068
6832 9516 468282.1779283904 4504856.596285822
7198 9516 471943.27852352307 4504856.124395996
7320 9516 473162.4778397695 4504855.737219475
7442 9516 474382.48321372207 4504856.140002888
8540 9516 485362.4049412967 4504856.880390292
8662 9516 486582.1204761396 4504856.460055001
9882 9516 498782.44093566376 4504855.635993613
10004 9516 500002.63315814367 4504855.809721173
10126 9516 501221.57929613255 4504855.794669576
10370 9516 503661.6702109174 4504855.50890938
5490 9638 454862.2167757444 4503636.880302255
5734 9638 457303.2107180677 4503636.220378928
6100 9638 460963.41548698803 4503636.496713664
6588 9638 465841.9113737784 4503636.748540442
6710 9638 467062.3863238395 4503636.78374027
6832 9638 468282.22010249575 4503636.356128743
7076 9638 470721.7285400068 4503636.071384696
7198 9638 471942.02255784237 4503636.692515502
7320 9638 473161.83174635225 4503636.179765519
8540 9638 485362.2530702574 4503636.725083863
9272 9638 492682.394273784 4503635.493200254
10248 9638 502441.81346194 4503635.887773064
5490 9760 454862.4901159495 4502416.214150222
5978 9760 459743.5310400552 4502416.697975535
6100 9760 460962.9388386179 4502416.650417145
6466 9760 464623.03806029016 4502415.871892812
6588 9760 465842.4799565261 4502416.129862982
6710 9760 467063.1492756997 4502416.808156339
6832 9760 468283.2967562398 4502417.679897469
7198 9760 471942.20090111165 4502416.349618258
7442 9760 474381.57497533463 4502416.710492048
8296 9760 482922.74825270975 4502416.380226774
8418 9760 484143.3654051091 4502416.2589766625
8540 9760 485363.42919909745 4502416.375884803
8662 9760 486583.2834371069 4502416.499320795
9028 9760 490242.3194703013 4502416.6017194465
9150 9760 491462.28035022796 4502416.7826862
10370 9760 503661.3517118609 4502416.974654274
10614 9760 506102.79403784004 4502417.200505944
5612 9882 456082.64544371766 4501195.730674997
5734 9882 457302.37906434806 4501196.304221255
5978 9882 459741.1251726999 4501198.984019419
6466 9882 464623.3853422224 4501195.898384683
6588 9882 465842.5078587924 4501196.47163657
6710 9882 467059.8988121202 4501199.764989548
6832 9882 468282.8554504741 4501196.702063585
6954 9882 469502.73633371247 4501195.951828764
7076 9882 470722.7233736058 4501197.875092848
7198 9882 471943.1089820105 4501195.823859842
8662 9882 486582.6533442601 4501196.404025669
9272 9882 492682.75339730614 4501195.791801898
5612 10004 456083.02590540826 4499976.683965466
5734 10004 457302.7943959773 4499976.550606145
5856 10004 458522.81629178143 4499976.973585097
5978 10004 459742.4727524127 4499975.666770599
6466 10004 464623.30144217744 4499976.457146433
8540 10004 485361.76011721033 4499976.059326869
8662 10004 486583.51653724886 4499979.079910683
8906 10004 489023.4940621605 4499977.348225277
9028 10004 490243.19758985593 4499975.776893134
5368 10126 453642.478026933 4498757.541843635
5856 10126 458523.5552140139 4498756.372908802
5978 10126 459742.7517152256 4498756.443111473
6222 10126 462183.2492133262 4498756.243464865
6466 10126 464622.1891672586 4498757.672737396
6588 10126 465841.3603283259 4498757.13632156
10614 10126 506102.0528414921 4498756.850301161
10736 10126 507323.0695173032 4498755.848525151
4514 10248 445102.9767905148 4497537.082164864
5368 10248 453642.81069040636 4497536.032472859
5490 10248 454863.5805104813 4497536.384363544
5856 10248 458521.8966928862 4497536.6860273965
6222 10248 462182.80073864176 4497536.389323963
6344 10248 463403.01109478704 4497536.345213214
6100 10370 460962.4157648912 4496316.947406788
4514 10492 445103.8281374855 4495096.145098291
4880 10492 448763.0208814789 4495097.017272618
5002 10492 449982.33966140385 4495097.3426074665
4514 10614 445101.9303455535 4493875.735491981
4758 10614 447541.82471309847 4493876.325712578
10492 10614 504882.42023785604 4493876.594347732
10980 10614 509762.18247015605 4493876.986295704
10980 10858 509762.6623822043 4491437.173475433
10980 10980 509761.62917303573 4490218.362845296
