976 0 419481.0016605404 4600023.759647013
1525 0 430461.6730280203 4600023.352344858
61 61 401182.5510966068 4598804.921048635
122 61 402402.1459074029 4598803.8831937695
305 61 406062.1985538534 4598803.328796293
366 61 407278.8090619722 4598804.110844482
427 61 408502.2423428556 4598804.264122269
549 61 410941.62345078826 4598804.873144014
610 61 412162.686312798 4598803.478749744
793 61 415822.92021658627 4598803.3219940895
854 61 417042.31444592506 4598802.993136842
915 61 418262.8172185237 4598803.895437002
976 61 419482.47057535953 4598801.901318073
1037 61 420701.59129747556 4598804.124260461
1220 61 424362.622104137 4598802.674915502
1342 61 426800.70000636077 4598803.85192176
1525 61 430460.866223675 4598803.710445655
1586 61 431679.14632239344 4598803.959055466
1647 61 432901.89085214096 4598803.250863097
1708 61 434123.26751449646 4598801.803118482
1830 61 436560.71372695756 4598803.393820299
1891 61 437780.7781975246 4598802.72826429
2074 61 441441.9473328661 4598804.651145386
2928 61 458523.2764645683 4598804.607971879
2989 61 459743.49427694204 4598802.886650102
3050 61 460961.79114154394 4598802.5010445835
3477 61 469499.5500502108 4598803.313905932
3599 61 471939.54918566433 4598804.8430063985
3660 61 473161.9790167741 4598803.430248474
3721 61 474381.2180049324 4598803.824191038
3782 61 475601.6117085785 4598803.291867258
4331 61 486581.2161509798 4598802.82363917
4392 61 487801.9428275418 4598802.359793604
4453 61 489022.203663221 4598802.474410005
4697 61 493902.21042292326 4598801.796063139
4880 61 497562.63032229204 4598801.76859463
5124 61 502443.00041548925 4598802.952551167
5185 61 503661.6778879688 4598803.620353215
5246 61 504882.8177321187 4598801.990442587
5368 61 507322.0426892891 4598802.23407306
5490 61 509763.0998836048 4598802.366026886
61 122 401181.18516419566 4597583.9144656025
122 122 402402.59605675424 4597583.678493399
244 122 404839.2626796611 4597584.267631719
305 122 406061.1810823442 4597584.668237379
366 122 407281.9559895923 4597584.342348608
427 122 408498.7150749356 4597584.505442428
610 122 412162.56028190645 4597580.902757146
671 122 413381.30280345876 4597583.681262726
854 122 417042.513959658 4597582.283820521
915 122 418261.9285156924 4597582.9502764465
1037 122 420699.2571805828 4597583.75666491
1098 122 421921.4579540885 4597582.288153834
1159 122 423141.2050793014 4597581.83916445
1464 122 429238.81091184664 4597583.562568591
1586 122 431681.98082333524 4597583.8064232515
1708 122 434121.74896557804 4597583.628130053
1769 122 435342.7399399402 4597582.913905255
1830 122 436562.9170637524 4597582.258582384
1952 122 439001.60379758367 4597581.8163021505
2013 122 440221.6391430959 4597582.6022456
2074 122 441442.09901220724 4597584.557582183
2135 122 442661.4819512171 4597584.945681112
2196 122 443881.71153432725 4597583.4763555005
2257 122 445102.12347926525 4597584.1247940315
2318 122 446322.59411409486 4597584.287221057
2501 122 449983.0304635089 4597581.133794783
2562 122 451201.85862401145 4597583.448085252
2684 122 453643.3348819786 4597582.797717519
3050 122 460961.4528349971 4597583.237401957
3233 122 464620.6981486831 4597583.319966426
3294 122 465841.15557701094 4597583.264344324
3416 122 468281.1957642251 4597583.098511622
3599 122 471941.2337955538 4597582.983629334
3660 122 473161.41995903075 4597583.816437115
3721 122 474381.034425688 4597582.784743043
4209 122 484142.58775371534 4597581.1630064845
4514 122 490240.43240981415 4597583.458625591
4819 122 496342.7903283933 4597581.49820442
4941 122 498781.4609061218 4597582.170489875
5002 122 500001.9242303537 4597583.320476873
5124 122 502441.3554074662 4597583.190193013
5185 122 503662.8222532378 4597582.1744398195
5246 122 504883.02394101187 4597583.779915376
5429 122 508543.15399475687 4597582.880606993
122 183 402400.2551555149 4596364.363649502
244 183 404842.73813904834 4596364.208599953
305 183 406062.25506222533 4596364.582219653
366 183 407281.76647110016 4596363.815119917
549 183 410942.7807017125 4596363.952438711
671 183 413381.53757090616 4596363.071438791
976 183 419482.72227294993 4596363.757056566
1098 183 421920.85882206896 4596364.056594691
1159 183 423139.3226065801 4596364.138446114
1525 183 430461.39685924083 4596361.64911374
1708 183 434121.6371717225 4596363.637659219
2074 183 441440.72636066185 4596363.407165592
2196 183 443881.19807781145 4596364.811483678
2318 183 446323.03229243506 4596363.747772142
2379 183 447542.07313092233 4596363.52514202
2440 183 448761.62857380084 4596363.689243758
2867 183 457301.1339957616 4596362.443454368
2928 183 458522.60824505164 4596362.20325897
2989 183 459739.2174239302 4596364.140582284
3172 183 463401.951126493 4596364.113926544
3233 183 464618.9906506018 4596363.527182344
3294 183 465842.0138765996 4596365.757220555
3416 183 468282.7814230216 4596363.313163246
3477 183 469501.5587619952 4596362.309099154
3538 183 470722.58987456956 4596362.265935558
3721 183 474381.31272143015 4596362.252171699
3965 183 479262.2329793238 4596362.19148134
4270 183 485361.93029806024 4596362.113668495
4453 183 489021.3362203735 4596362.12427082
4575 183 491462.62102636416 4596363.094114941
4636 183 492681.9331166149 4596361.543168123
5124 183 502441.3519499727 4596362.4331783345
5185 183 503662.25541129167 4596363.227686735
5429 183 508542.4474298053 4596363.298679439
0 244 399962.7650169456 4595141.661767594
61 244 401182.08211309026 4595143.085864324
183 244 403621.23953087453 4595144.635882027
305 244 406062.2383780799 4595144.136897457
366 244 407282.3763084944 4595144.714821816
427 244 408499.16850955796 4595143.9907575175
488 244 409722.6470634147 4595143.059900952
549 244 410941.778367265 4595143.496755531
610 244 412161.26158366475 4595143.693902151
671 244 413379.2361935726 4595143.468414189
732 244 414601.9881305982 4595143.08038534
793 244 415821.9336768095 4595143.463137728
854 244 417042.78357770864 4595143.916122051
1037 244 420702.13911363576 4595143.178552459
1098 244 421919.5376217129 4595143.548406374
1586 244 431681.44278537 4595142.889836715
1647 244 432902.04267768154 4595142.750017538
1708 244 434122.2541479595 4595142.9336781455
1769 244 435340.97213137586 4595144.755019167
1830 244 436560.7891330412 4595143.738361428
1891 244 437782.1843413147 4595143.063226506
1952 244 439002.4916941395 4595141.717784755
2196 244 443883.25685126963 4595144.735479263
2318 244 446322.720992361 4595144.35022276
2440 244 448762.57821973326 4595143.938142676
2562 244 451202.55782553647 4595142.762660098
3233 244 464622.9103653958 4595142.6913391445
3355 244 467061.42052746983 4595142.922502299
3477 244 469502.32123660704 4595142.06923652
3599 244 471942.371527363 4595142.607970497
3660 244 473159.372622544 4595142.948378987
3721 244 474381.2605723818 4595142.555301233
4026 244 480482.7990088935 4595140.882266056
4148 244 482920.78844284057 4595143.14350218
4209 244 484142.00853557006 4595142.701225415
4453 244 489022.2863333774 4595142.49025184
4514 244 490243.0807616946 4595142.10117655
4575 244 491461.6414155952 4595142.799730904
4697 244 493901.8334417052 4595144.462591619
5002 244 500001.84688479046 4595143.331809533
5063 244 501221.76433166454 4595142.0492909355
5368 244 507321.3196896021 4595143.128262451
61 305 401181.2560980822 4593923.5126252435
183 305 403622.9791283607 4593925.628539362
305 305 406061.34334936156 4593924.937236827
366 305 407282.25367070374 4593924.5860096095
427 305 408502.40621660533 4593924.033762575
488 305 409719.1541463363 4593923.758639757
610 305 412158.89605548925 4593923.706352593
671 305 413382.04009564634 4593921.371995579
732 305 414601.4061039631 4593923.488770467
793 305 415822.1318653121 4593923.119047589
854 305 417038.7912538966 4593924.725604964
976 305 419481.880174734 4593924.480922845
1037 305 420698.6566445843 4593924.155060169
1342 305 426801.59289061854 4593922.509201461
1464 305 429242.99968828505 4593921.939319334
1586 305 431681.23305272043 4593923.583028403
1647 305 432902.1941852337 4593922.818686828
1708 305 434121.72464516904 4593922.768076632
1769 305 435342.5498232345 4593924.197623637
1830 305 436562.43909576203 4593924.147157696
1891 305 437783.2561485583 4593924.067334935
1952 305 439002.7383970448 4593922.613667073
2074 305 441442.5461408695 4593922.862739717
2196 305 443881.2779982593 4593924.506911155
2257 305 445102.08536185935 4593924.106270668
2318 305 446318.92576094245 4593924.353070921
2562 305 451201.2494174409 4593923.453674793
2684 305 453639.8021578136 4593923.283974314
2867 305 457301.13890442916 4593923.702189158
3050 305 460962.23563907057 4593922.088918533
3172 305 463401.63695133926 4593921.429064988
3355 305 467062.30668093817 4593922.53800736
3660 305 473161.86316981446 4593922.3758689305
3965 305 479263.05855548347 4593923.077457911
4087 305 481702.42931935895 4593923.457356475
4270 305 485362.32132391765 4593922.2898031315
4331 305 486581.54845553805 4593921.993555079
4392 305 487804.0137396194 4593924.994139353
4636 305 492682.5317832953 4593923.104392271
4697 305 493902.9352951423 4593921.776279966
4819 305 496342.5989618996 4593922.566614601
4941 305 498782.3782884032 4593923.129292395
5368 305 507321.0928414344 4593922.613235076
5429 305 508541.55593985895 4593923.072117744
122 366 402401.9745953407 4592703.974196602
183 366 403620.2617055962 4592704.998984719
305 366 406059.8609723819 4592703.524434311
366 366 407279.16103059443 4592704.444644465
427 366 408502.5895970276 4592705.97907187
610 366 412161.08485457447 4592703.210736052
671 366 413378.67738910817 4592702.728562456
1037 366 420701.1648564327 4592705.260057063
1159 366 423143.27824188117 4592704.620186607
1220 366 424358.9824285686 4592703.58769408
1464 366 429241.9765810303 4592702.058327278
1525 366 430461.3848041878 4592702.18266176
1586 366 431682.2655091663 4592703.386109086
1647 366 432901.1155998446 4592701.718249876
1769 366 435342.229324684 4592702.454311443
1952 366 439003.2039344197 4592703.375221323
2318 366 446321.48925047956 4592702.479931859
2440 366 448760.36417273624 4592704.423145086
2501 366 449978.9836338441 4592704.85118035
2684 366 453642.05510919483 4592703.6165601015
2745 366 454858.7802671872 4592704.440612331
2867 366 457300.7852502788 4592705.5826142905
2928 366 458522.37095287174 4592704.275844462
3355 366 467061.9423224008 4592702.886982911
3416 366 468281.9389168714 4592704.1138167465
3721 366 474381.0135292501 4592703.378161836
4270 366 485361.2787154579 4592703.092306986
4453 366 489023.37489648646 4592703.239029529
4514 366 490242.1865168097 4592701.986346399
4575 366 491460.9985687878 4592702.847923791
4697 366 493901.1616310322 4592702.374725661
4758 366 495120.84858517296 4592702.650296623
4880 366 497562.750420396 4592701.922484902
5124 366 502443.2302478227 4592702.486817268
5307 366 506101.43933409 4592703.560235026
5429 366 508541.8648904133 4592702.541611416
305 427 406061.8555313511 4591483.41108561
366 427 407280.30940908135 4591484.991735258
427 427 408502.4605115758 4591483.841986061
488 427 409718.49706224474 4591483.442779605
549 427 410942.97159625863 4591484.136953696
610 427 412163.58410183736 4591482.894614761
671 427 413381.867707094 4591481.925604057
793 427 415821.2231384736 4591483.413023278
915 427 418258.7893128713 4591483.886107091
976 427 419479.2867416897 4591484.587121555
1159 427 423139.45417524996 4591484.166547533
1464 427 429242.3054539288 4591483.666598715
1586 427 431682.1327614847 4591483.09466983
1647 427 432901.3280273712 4591483.57342623
1708 427 434121.4940815488 4591483.691364867
1830 427 436561.7720389287 4591484.892433143
1891 427 437781.5057958465 4591483.6781878965
2623 427 452422.4344881141 4591483.26794108
2684 427 453641.58002544753 4591483.309708784
2867 427 457301.8486248842 4591483.847347612
3111 427 462182.39275160164 4591483.3225159515
3477 427 469501.781251477 4591483.206243426
3538 427 470722.57642767025 4591483.720929522
3904 427 478041.9451725991 4591482.049311758
4209 427 484142.4810255454 4591482.807169547
4392 427 487801.5302403965 4591483.215621635
4453 427 489019.6986279854 4591482.688708701
4514 427 490241.86669438536 4591482.798868519
4575 427 491461.4648999798 4591482.993831593
4697 427 493901.4363766991 4591483.019344574
4758 427 495120.4676252288 4591482.272038959
4880 427 497561.5481304628 4591483.90978748
5246 427 504882.93072085 4591483.443225224
5307 427 506102.1580974705 4591482.970377707
122 488 402401.9651235216 4590264.554060774
244 488 404842.1722067272 4590263.660413073
305 488 406061.90019281936 4590263.3875578595
366 488 407282.1632307316 4590265.969627024
488 488 409722.4899889106 4590264.307260568
549 488 410941.91511438 4590264.674710161
610 488 412162.1192978788 4590262.458128089
671 488 413382.53822355816 4590264.307648978
732 488 414602.07394663314 4590263.775034128
915 488 418261.65885477635 4590262.609766832
1098 488 421918.8572354799 4590264.663909612
1159 488 423140.35445023014 4590263.687033276
1220 488 424360.1826960888 4590262.908345709
1403 488 428021.27307992574 4590263.205964975
1586 488 431683.01064864325 4590263.982317809
1647 488 432902.96486259974 4590262.1984947715
1708 488 434120.989766699 4590262.810747064
1952 488 439003.1388036219 4590264.283032522
2745 488 454862.5956181609 4590262.107925943
2806 488 456081.9013458358 4590262.607353341
2989 488 459742.2591301538 4590264.278764034
3111 488 462182.4907565176 4590263.569725196
3660 488 473163.49056681176 4590263.462008438
3904 488 478041.48371982644 4590264.055595436
3965 488 479263.0786787392 4590260.932138173
4026 488 480483.1222008171 4590262.420659712
4148 488 482921.9856213501 4590262.357881326
4270 488 485359.3101550917 4590263.485938787
4392 488 487803.25196808344 4590262.628796713
4575 488 491462.30576924724 4590263.217129363
4819 488 496342.07139029657 4590261.931513765
5246 488 504881.438906319 4590262.5259838365
5368 488 507322.49923765386 4590264.215383599
5429 488 508541.0547253587 4590262.364847152
122 549 402402.86451812834 4589045.25706627
244 549 404842.5957017007 4589044.333068476
305 549 406061.3420804885 4589043.417898
488 549 409719.12184602814 4589042.110062988
732 549 414600.8914711159 4589043.582141324
793 549 415820.80912067 4589043.788907949
854 549 417042.19017824635 4589042.592524837
1037 549 420698.2413117551 4589043.422922124
1464 549 429241.6342502626 4589043.774322775
1525 549 430461.67554592865 4589043.630925142
1586 549 431682.31347572483 4589044.69811552
1647 549 432902.5135067439 4589043.999860569
1708 549 434122.66790794674 4589044.102599956
1952 549 439000.51426649926 4589043.280432549
2013 549 440222.82519121625 4589044.281820595
2074 549 441441.5252546868 4589046.08593068
2867 549 457301.5550374824 4589043.132853604
2928 549 458519.3676754495 4589043.033422431
3050 549 460963.1706740529 4589043.811749401
3111 549 462181.67610982596 4589042.739030075
3172 549 463399.0403272514 4589044.174279262
3477 549 469501.29509169684 4589043.440169341
3660 549 473161.40796272526 4589044.362018441
3843 549 476822.2017589499 4589044.3572836425
3965 549 479262.3796777934 4589043.39587612
4026 549 480482.21049626975 4589043.163939261
4209 549 484141.8529909462 4589042.730978711
4392 549 487799.51930675725 4589044.488395432
4514 549 490242.5851976853 4589044.288979836
4697 549 493902.2044903967 4589042.103982624
5307 549 506103.9474874771 4589044.253825059
61 610 401178.36675137613 4587824.534287755
244 610 404842.20999767643 4587824.295722829
305 610 406061.1827160165 4587823.522262251
488 610 409721.8086256185 4587822.502380261
549 610 410942.3972948111 4587822.432507273
610 610 412161.46665151586 4587818.610359971
732 610 414603.12446921854 4587824.6898406055
793 610 415821.1068863093 4587821.402795045
854 610 417041.5148300676 4587823.519316197
915 610 418259.19560626993 4587822.876307457
976 610 419481.7191564508 4587823.156409325
1403 610 428021.37994164263 4587823.089035936
1464 610 429242.6891598497 4587822.290229176
1586 610 431681.987294652 4587823.680145142
1708 610 434123.7263375565 4587823.260749927
1952 610 439002.0907401956 4587822.6481929645
2196 610 443882.21548359445 4587823.357774016
3355 610 467061.4872710045 4587822.879038873
4331 610 486581.6963114279 4587824.150518186
4392 610 487802.071665104 4587823.102865611
4514 610 490243.8160366206 4587820.860672445
4636 610 492681.51080485125 4587823.031545345
4697 610 493899.6724373864 4587823.019683527
5246 610 504881.57513304474 4587821.849946101
5429 610 508541.96610505896 4587822.090916733
122 671 402402.65267485194 4586604.544678406
183 671 403619.20031590795 4586603.081323595
244 671 404841.38254785596 4586603.984952144
427 671 408501.61892198905 4586604.32919715
549 671 410942.82422842504 4586602.307630833
610 671 412162.2392636308 4586602.586535556
671 671 413381.94491495163 4586602.958466602
854 671 417042.53186892933 4586602.4227349665
976 671 419481.48358674825 4586602.788335143
1098 671 421921.7315001153 4586601.9311714545
1159 671 423141.1217428124 4586603.7503228355
1464 671 429242.7651959842 4586599.936222839
1525 671 430462.3614564511 4586601.295497125
1830 671 436561.9943513256 4586602.978471417
1952 671 439000.2107978095 4586603.19253247
2074 671 441443.39153680345 4586604.418876047
2318 671 446321.69512334914 4586603.631648022
3111 671 462181.06479704834 4586604.0716782855
3172 671 463402.5758453033 4586603.052605704
3294 671 465842.8302873371 4586602.188428248
3782 671 475604.058823485 4586604.029022036
4087 671 481701.4409497649 4586603.702323384
4331 671 486583.2837828301 4586601.8123475425
4758 671 495121.40491759597 4586602.221066816
4819 671 496342.48240317457 4586602.300611052
5246 671 504880.6183765369 4586602.642042796
305 732 406061.54789572343 4585384.356422529
427 732 408503.53069959674 4585383.327067117
488 732 409723.3252360333 4585384.312349659
549 732 410942.16824632266 4585382.796184137
671 732 413382.48088956514 4585384.304404083
915 732 418262.9683885725 4585383.592578033
1037 732 420701.5724179859 4585382.649328257
1098 732 421921.1994186588 4585382.826825807
1159 732 423141.9415715546 4585382.964514795
1220 732 424361.4354035817 4585384.875724276
1403 732 428022.1104937956 4585382.469913394
1464 732 429241.48500252067 4585382.650751335
1830 732 436562.41660165065 4585383.819822777
1952 732 439002.60672473384 4585383.077646682
2013 732 440222.50782829546 4585382.918545312
2257 732 445102.14375173056 4585382.796082326
2440 732 448761.90175200155 4585381.925850009
3294 732 465842.3551982278 4585381.490612235
3355 732 467063.12397872 4585383.98140471
3416 732 468281.90550973784 4585383.714365429
3538 732 470722.22590863425 4585381.687032276
3660 732 473162.6194677031 4585381.104778755
3721 732 474383.95574199694 4585381.625986798
3782 732 475602.1810183433 4585383.277812839
4209 732 484141.4815264915 4585383.068054281
5124 732 502440.3480921973 4585384.351174637
366 793 407282.82976691175 4584163.19918759
427 793 408499.81482369883 4584164.880051981
488 793 409722.1004051006 4584163.477090236
549 793 410938.5016607727 4584163.597982297
610 793 412162.33156796475 4584158.950387416
671 793 413382.23626961134 4584163.459921798
732 793 414602.2330716601 4584163.640784355
854 793 417040.8789365793 4584163.93640651
976 793 419481.6345174254 4584162.982667157
1098 793 421921.2025696046 4584163.313890586
1342 793 426801.69419573265 4584163.945925992
1647 793 432902.8006186654 4584161.794335694
1708 793 434122.8992840587 4584163.721659891
2013 793 440222.36192209454 4584161.11530039
2074 793 441441.4674175411 4584159.46044665
2135 793 442662.45865975803 4584162.7026784755
2379 793 447541.7286947619 4584162.83058806
3355 793 467062.0831563118 4584162.863332911
3416 793 468281.37251730525 4584165.723353344
3538 793 470722.4829633357 4584163.25708806
3599 793 471942.2519150587 4584162.987291677
4270 793 485363.36163931695 4584162.7784320265
4331 793 486580.92574627994 4584163.236491629
4514 793 490239.35038506205 4584163.577030374
4575 793 491462.0196506325 4584162.893377818
4880 793 497561.3189248649 4584162.945412846
5124 793 502443.1513589641 4584162.626533799
5185 793 503661.8472727827 4584162.335776429
5368 793 507319.6278331616 4584162.849954422
61 854 401181.5562954373 4582942.859300424
122 854 402400.6774286538 4582943.005934981
183 854 403621.2677671104 4582942.474551944
244 854 404840.7841000166 4582944.4327911725
366 854 407281.98323362344 4582944.08134983
671 854 413381.0612482211 4582944.095369175
732 854 414602.22925007413 4582943.441067236
793 854 415821.4714898669 4582944.178312066
854 854 417040.897579558 4582942.792962276
915 854 418262.2273851602 4582943.523645855
976 854 419481.0676573056 4582943.728391714
1159 854 423142.9185655429 4582941.7025745865
1220 854 424361.84335616324 4582941.818987004
1403 854 428022.4997985326 4582943.507307094
1647 854 432901.3216257795 4582942.551779213
1708 854 434121.4610373592 4582943.215614926
1830 854 436562.12523885415 4582943.942349615
2318 854 446322.2700833331 4582944.010390522
3416 854 468281.5079616128 4582943.085453653
3477 854 469502.7625672482 4582941.215733233
3538 854 470723.210520592 4582941.581804694
3599 854 471942.27822124516 4582942.726639089
4087 854 481702.392115833 4582942.573941932
4392 854 487801.8249077339 4582942.2068973165
4575 854 491460.918245711 4582941.891219517
4697 854 493903.38837555074 4582942.164974683
5185 854 503662.17436056945 4582944.284103524
5246 854 504882.41709216987 4582944.646503521
5307 854 506102.2257750332 4582943.017059605
5368 854 507322.21997736354 4582942.232843958
61 915 401182.78938071337 4581724.000735488
183 915 403622.2097932686 4581724.072250431
244 915 404840.3449880852 4581723.523995591
366 915 407282.66038373363 4581724.261683697
427 915 408503.3774926588 4581723.817914175
549 915 410941.4527246167 4581723.888921926
610 915 412158.4193050638 4581723.823098961
671 915 413379.2327742895 4581723.755396813
732 915 414601.8289546192 4581722.630764393
915 915 418262.8967415468 4581723.31319052
976 915 419482.41867415665 4581724.229926981
1098 915 421922.92060757946 4581723.6621011915
1281 915 425579.14712847944 4581723.55946266
1525 915 430463.37042469624 4581723.302794164
1586 915 431683.0374440188 4581721.549977021
1708 915 434122.37529862707 4581723.398381692
2013 915 440221.77244232764 4581721.79492401
2074 915 441440.5236675476 4581723.080323145
2135 915 442662.9674464858 4581722.066567146
2196 915 443883.1396838576 4581722.399014314
2379 915 447542.07876989106 4581723.7987231165
3416 915 468282.2904808938 4581722.229746459
3538 915 470721.75010589097 4581724.012469783
3599 915 471942.1989607784 4581722.846303119
3904 915 478040.91670646996 4581722.051766755
3965 915 479263.83038684895 4581721.375163119
4026 915 480482.4295718031 4581721.083239953
4148 915 482922.03781171027 4581721.669173633
4331 915 486579.87606013 4581723.659359539
4758 915 495122.9399403345 4581723.421661883
4819 915 496341.20823339187 4581723.110920063
4880 915 497559.30893758306 4581724.5684485445
5185 915 503662.27339064394 4581722.898435812
61 976 401182.0579574962 4580503.324832049
122 976 402402.313518774 4580503.185274328
183 976 403622.1126754919 4580503.443559888
244 976 404841.83854506846 4580502.954143862
366 976 407281.7882192783 4580502.767233866
427 976 408502.5591047316 4580504.923919683
488 976 409722.2847426636 4580502.73148707
549 976 410943.45860021655 4580503.81171813
610 976 412162.109536887 4580504.174903998
732 976 414603.11035970214 4580501.828317452
793 976 415823.2741811702 4580500.819449807
854 976 417041.69024172885 4580502.311648645
1037 976 420698.6882189204 4580503.50271853
1769 976 435338.70091194235 4580502.746777198
1830 976 436560.9559244285 4580503.794235296
1891 976 437778.8233181824 4580503.292370889
1952 976 438997.9472974333 4580504.111297719
2013 976 440219.23749554955 4580503.126654933
2257 976 445100.66210122575 4580504.09040312
2318 976 446322.08822530677 4580503.653423771
2379 976 447542.911050096 4580502.938154945
2623 976 452422.24388131534 4580502.634526537
3477 976 469500.88467895414 4580502.505950676
3538 976 470722.77944855095 4580503.004179749
3599 976 471941.671103959 4580504.1704742415
3721 976 474379.2111532019 4580504.4820444565
3782 976 475598.45392410137 4580503.187665811
3904 976 478043.1176034472 4580502.331414468
3965 976 479262.7916617365 4580501.408477372
4758 976 495121.5730740765 4580502.138802659
5368 976 507319.63928456843 4580504.983129501
61 1037 401182.0578276134 4579283.207204754
122 1037 402402.2381186002 4579283.0170145705
183 1037 403621.1515214781 4579282.21384731
244 1037 404842.40759721707 4579283.301637115
427 1037 408501.6054443612 4579283.389389173
610 1037 412162.8448878979 4579282.901757457
671 1037 413382.3931642421 4579280.652340909
854 1037 417042.28553638037 4579282.466448852
976 1037 419482.4380744836 4579284.315819126
1159 1037 423142.6332834108 4579282.019275374
1769 1037 435341.8610031893 4579282.9985553175
1891 1037 437780.9018394441 4579283.530244472
1952 1037 438999.2853878124 4579283.606398604
2074 1037 441441.457080089 4579284.765958059
2196 1037 443879.337308328 4579284.022588797
2257 1037 445102.8694278244 4579284.372098432
2379 1037 447540.85445647594 4579282.981256545
2501 1037 449983.2312222831 4579282.973248985
2562 1037 451202.34370691824 4579282.986907754
3172 1037 463402.2054976692 4579281.195851141
3416 1037 468282.4807163772 4579281.856874346
3538 1037 470721.45742958394 4579282.412498744
3599 1037 471941.6970301374 4579283.081750624
3904 1037 478041.28851136094 4579284.654344925
4331 1037 486582.7455606627 4579284.94183177
4636 1037 492682.76777346974 4579283.520795408
4819 1037 496341.6211637617 4579283.629107534
5246 1037 504881.96938035137 4579281.483202894
122 1098 402401.872774366 4578063.034190406
244 1098 404842.47086211405 4578062.827692063
366 1098 407283.3167522728 4578062.931594183
427 1098 408502.7437154243 4578062.732154401
671 1098 413382.7883772353 4578064.071594262
793 1098 415821.9653831381 4578062.773267389
854 1098 417042.011433224 4578062.9246430965
976 1098 419479.39843813895 4578063.62804939
1037 1098 420698.14083884103 4578063.465803954
1098 1098 421923.2133722399 4578063.487558308
1220 1098 424362.7050619928 4578064.996945084
1647 1098 432900.3690728248 4578063.325013707
1830 1098 436561.9704194416 4578063.688593975
1891 1098 437782.0959007378 4578064.304215179
1952 1098 439002.42704623245 4578063.991134466
2135 1098 442658.27743177844 4578064.422619688
2196 1098 443883.3284422821 4578064.535196803
2257 1098 445102.2803883501 4578064.480117609
2501 1098 449981.8876951565 4578063.403376901
2562 1098 451202.2777690877 4578063.516907126
2684 1098 453641.36792488734 4578063.10097966
2806 1098 456080.82411074184 4578063.641191665
2867 1098 457298.91081763845 4578062.512226247
2928 1098 458518.983439404 4578063.343027525
2989 1098 459742.1565361815 4578063.09356627
3050 1098 460962.08858159086 4578063.84833336
3111 1098 462181.88888636784 4578060.92675931
3233 1098 464617.6733389971 4578064.143356271
3416 1098 468282.5355386878 4578062.656507462
4331 1098 486581.0915571048 4578062.651016661
4453 1098 489022.208667506 4578063.652063182
4758 1098 495121.87360163854 4578062.698322303
4941 1098 498781.74169825856 4578062.706168994
5063 1098 501222.9011792702 4578062.648003321
5368 1098 507322.09673151816 4578061.665963709
5429 1098 508541.83919083554 4578062.828769371
61 1159 401182.24084133137 4576843.412705952
122 1159 402401.7491501285 4576842.924367369
183 1159 403618.8231727379 4576843.780488164
244 1159 404839.43057270977 4576843.400041189
671 1159 413382.07383500744 4576842.673261214
793 1159 415821.8347718637 4576842.441431597
915 1159 418258.6964508859 4576843.359018429
976 1159 419481.4877160143 4576843.118343448
1037 1159 420702.1886271372 4576842.244009837
1098 1159 421921.8479146412 4576841.898058751
1342 1159 426800.82213148044 4576844.240742046
1403 1159 428021.83624788775 4576842.954603243
1464 1159 429242.4826983265 4576841.355511194
1586 1159 431681.34289444267 4576842.474604553
1952 1159 439002.13274255226 4576843.94179058
2135 1159 442660.8073308927 4576843.728123497
2196 1159 443882.5620376317 4576843.09627822
2257 1159 445098.4295834786 4576843.13770731
2318 1159 446318.7618074648 4576844.801315182
2684 1159 453643.0520653838 4576842.182090055
2989 1159 459738.83225973643 4576843.223230997
3050 1159 460959.3880665845 4576843.212268944
3111 1159 462182.3095741455 4576843.905451429
3294 1159 465837.76805953856 4576843.807400121
3355 1159 467062.1495779004 4576843.183682766
3416 1159 468282.00388030097 4576842.074221764
3538 1159 470722.1796062001 4576843.4001004165
3660 1159 473161.1854516312 4576843.363847159
3721 1159 474382.4287974163 4576844.12683761
4209 1159 484142.9844553627 4576843.772153397
4575 1159 491459.2457576448 4576843.623174779
4697 1159 493901.37616009405 4576842.792309945
4758 1159 495122.8059325223 4576842.445018724
4819 1159 496342.0039707928 4576841.776001732
4880 1159 497561.21959928324 4576841.849525946
4941 1159 498781.74875204917 4576841.56603635
5063 1159 501221.5431691943 4576843.505259283
5124 1159 502440.9538787681 4576842.563863377
5185 1159 503661.31475229433 4576843.364292116
5246 1159 504881.707946704 4576842.144402793
61 1220 401182.15485740727 4575624.054530366
122 1220 402401.5499939913 4575623.219725064
183 1220 403622.6241108754 4575624.229140242
244 1220 404843.8087086624 4575621.427799573
549 1220 410942.21195733093 4575622.236623622
610 1220 412161.5864427454 4575624.314552317
732 1220 414601.57014377456 4575624.210561518
793 1220 415822.84927430184 4575624.147931598
915 1220 418262.2742457969 4575621.596544036
1525 1220 430461.20334191556 4575623.293929654
1708 1220 434122.09661575564 4575621.501282309
2196 1220 443881.11161497055 4575623.824297261
2440 1220 448760.73019848205 4575623.401498486
2501 1220 449982.42203539837 4575624.53650473
2623 1220 452423.2315104524 4575622.291008987
2684 1220 453638.4642988997 4575623.996417801
2806 1220 456083.14746167534 4575621.898729749
2867 1220 457302.3284134237 4575622.236941514
2928 1220 458519.1248845234 4575623.57526395
2989 1220 459742.1595777457 4575624.011269733
3050 1220 460961.6360182426 4575623.46064691
3111 1220 462182.14961306314 4575621.249972106
3355 1220 467057.57391806453 4575624.661520886
3599 1220 471940.7635578799 4575623.5644953875
3782 1220 475602.88401299773 4575622.3824736485
4087 1220 481702.15692469326 4575623.270265616
4148 1220 482922.73163672973 4575623.742767647
4575 1220 491461.0318938033 4575623.449574934
4636 1220 492681.2049952022 4575623.004248204
4697 1220 493899.6137695884 4575623.467081379
4819 1220 496342.5216396315 4575623.813827685
5002 1220 500001.10339303303 4575624.320483671
5185 1220 503663.4884465655 4575623.118539334
5246 1220 504881.9163227228 4575623.06830908
5368 1220 507323.1968869503 4575622.613507366
5429 1220 508541.88325076137 4575623.103558697
61 1281 401181.8561822294 4574403.790862698
122 1281 402398.3041138628 4574404.735871503
183 1281 403622.2766979418 4574404.794219607
305 1281 406060.8544739879 4574403.977136209
549 1281 410941.71182917117 4574401.214653827
732 1281 414603.308590161 4574403.293447955
793 1281 415822.5142500185 4574402.222363617
976 1281 419478.8667173852 4574404.239372037
1037 1281 420699.18617787724 4574403.53009975
1098 1281 421920.5895513066 4574404.526003859
1159 1281 423142.57316813787 4574403.736231884
1342 1281 426801.5049289432 4574403.078864808
1403 1281 428019.7846287365 4574403.880249155
1464 1281 429242.03616461635 4574402.982532901
1647 1281 432901.87580427236 4574401.23140806
2135 1281 442662.48204833537 4574404.623347334
2196 1281 443881.80436260696 4574403.202412336
2501 1281 449981.422950336 4574403.064886286
2684 1281 453643.0498508665 4574401.313050718
2806 1281 456082.68201415846 4574402.39126581
2867 1281 457302.80859794543 4574402.749274137
3050 1281 460961.5362444754 4574403.494548425
3111 1281 462181.7894752865 4574401.663151049
3233 1281 464622.09112686495 4574401.22776131
3294 1281 465837.6951550683 4574403.847588258
3416 1281 468279.07870525075 4574403.966968959
3538 1281 470721.57750830706 4574402.450576925
3660 1281 473162.4042491531 4574403.556264504
3782 1281 475602.2485892568 4574400.424362752
3843 1281 476821.2512689834 4574401.732541351
4087 1281 481701.42473136674 4574401.943267278
4453 1281 489022.0671294803 4574402.314236446
4514 1281 490242.18903902767 4574402.717230639
4575 1281 491458.34654167114 4574402.7400271585
4636 1281 492678.6108204954 4574402.595783121
4941 1281 498780.52729174966 4574403.793630972
5002 1281 500001.7413847955 4574403.820007589
5063 1281 501217.86121866544 4574404.429565993
5124 1281 502442.56014903326 4574403.297116788
5185 1281 503660.71428367 4574403.491761077
5246 1281 504882.54810381064 4574403.905091107
5429 1281 508540.73734374123 4574402.8358127875
61 1342 401181.9676615974 4573186.504014847
122 1342 402402.2264701438 4573183.988879332
183 1342 403622.4963591878 4573184.36069159
244 1342 404842.79075695266 4573183.515119782
305 1342 406060.8603212252 4573182.85680671
366 1342 407283.40944208356 4573178.369976554
549 1342 410939.1917964445 4573182.232827874
1037 1342 420702.38468504 4573182.41238069
1098 1342 421921.7998628969 4573181.720239038
1403 1342 428023.88131518284 4573184.402920363
1464 1342 429238.1792832779 4573183.334213818
2013 1342 440221.4120855933 4573184.328079004
2196 1342 443881.7310213026 4573182.868981508
2501 1342 449981.71727283753 4573184.322520843
2806 1342 456082.03463696723 4573181.044972782
2867 1342 457301.9800409898 4573183.207485351
3111 1342 462182.19625448744 4573184.2148735225
3172 1342 463402.2922416932 4573182.613098748
3233 1342 464621.3983828527 4573182.333756656
3294 1342 465842.06838372024 4573184.1949725915
3355 1342 467061.66757408506 4573184.422389089
3416 1342 468282.46894682135 4573183.947655331
3477 1342 469497.99091533874 4573184.653268986
3538 1342 470722.7007737779 4573183.049887049
3782 1342 475600.68907249905 4573183.098067312
4087 1342 481702.2769950844 4573182.668674768
4392 1342 487798.8913775469 4573182.838385598
4514 1342 490239.75712953415 4573184.932534428
4941 1342 498781.81551138096 4573184.920729739
5002 1342 500000.81584798265 4573183.589980871
5124 1342 502438.14451672835 4573183.121155337
5246 1342 504882.4642951416 4573183.90938891
5307 1342 506101.8432797208 4573182.9619740015
5368 1342 507322.8959220287 4573183.640229967
5429 1342 508539.57862791547 4573184.890061195
61 1403 401179.60384643986 4571963.006242559
732 1403 414603.4254142073 4571966.241580903
793 1403 415823.1355108429 4571961.366411027
976 1403 419482.07426619023 4571962.801124156
1037 1403 420703.1991848807 4571963.349572082
1098 1403 421921.75427182065 4571963.697920196
1159 1403 423142.4451443755 4571962.482765891
1220 1403 424361.7487538175 4571963.990516285
1281 1403 425582.3261249369 4571963.601789306
1586 1403 431678.329239418 4571963.09152425
1708 1403 434121.70959801733 4571963.418853763
2562 1403 451201.3819392174 4571963.187726579
2623 1403 452421.8426622012 4571962.734028959
2867 1403 457302.1841276717 4571966.452088435
2928 1403 458517.7907828005 4571964.105074027
3111 1403 462181.797352999 4571963.68223018
3172 1403 463402.05513409217 4571963.735764919
3294 1403 465841.54721533944 4571959.54013934
3355 1403 467061.4682486126 4571964.22849245
3416 1403 468280.41069576785 4571964.050393511
3477 1403 469501.4611797279 4571963.035906112
3599 1403 471941.60840949026 4571962.26253979
3660 1403 473161.9762952822 4571964.230642954
3721 1403 474382.15812697116 4571963.839652879
3782 1403 475601.0984373623 4571962.953240561
3843 1403 476822.76239247323 4571962.75236151
4270 1403 485363.27564112656 4571962.738376904
4636 1403 492678.7404319265 4571963.047583184
5002 1403 500001.7594569536 4571963.261636352
5124 1403 502439.17430658406 4571964.177086127
5246 1403 504878.5082563599 4571963.462108778
5307 1403 506102.26640161726 4571963.344303662
61 1464 401181.2089152244 4570743.395162463
183 1464 403621.89686589077 4570744.9408527175
305 1464 406062.406220765 4570743.234187788
427 1464 408501.1476353479 4570744.271648092
488 1464 409718.77617013245 4570744.0658140695
671 1464 413381.0337753056 4570743.915253914
793 1464 415818.5481609983 4570744.526806695
976 1464 419483.7874533976 4570742.7840666175
1281 1464 425581.35356710915 4570744.51303757
1403 1464 428022.28399072075 4570744.219885466
1525 1464 430462.08720114816 4570742.235390744
1708 1464 434122.42044962145 4570742.18188405
1769 1464 435343.3430850877 4570742.558546618
1830 1464 436562.1539423786 4570744.107516332
1891 1464 437782.09157399985 4570743.855411622
2074 1464 441443.0748997674 4570742.963663196
2135 1464 442657.66421001585 4570744.232618957
2196 1464 443882.21392952907 4570743.227404659
2440 1464 448762.4238667869 4570742.994070418
2501 1464 449982.40571893065 4570744.720342692
2684 1464 453641.90491685265 4570741.752995849
2806 1464 456081.35990621086 4570742.501015268
2928 1464 458521.6377618177 4570742.26270652
3050 1464 460960.4110843291 4570743.121652456
3111 1464 462181.7668858985 4570743.814632458
3233 1464 464621.8077449316 4570743.416593791
3294 1464 465842.43660615344 4570744.447342397
3599 1464 471939.0963574614 4570743.397278475
3660 1464 473161.9744293301 4570743.550159694
3782 1464 475602.5043560374 4570743.67460644
4697 1464 493901.18779882544 4570741.683540266
5002 1464 499997.5509055264 4570744.442790974
5368 1464 507322.32742716727 4570742.552034114
183 1525 403622.69973069045 4569524.246524975
244 1525 404841.5567779162 4569523.899521046
305 1525 406058.1934836361 4569523.691412108
366 1525 407281.9074664646 4569522.831103485
549 1525 410942.1918470801 4569522.050503596
793 1525 415821.7075161903 4569523.854696358
854 1525 417041.55316270783 4569518.651388031
915 1525 418262.4444475575 4569523.324320015
1037 1525 420702.15883784316 4569523.36912216
1220 1525 424362.03161342896 4569523.305869715
1342 1525 426798.9725136697 4569523.548727687
1464 1525 429242.6925576954 4569522.555118491
1891 1525 437781.79063406587 4569523.522142198
1952 1525 439001.930568183 4569522.730686497
2013 1525 440223.1593599213 4569522.309968416
2318 1525 446323.3148673754 4569521.7984780045
2379 1525 447543.30330274283 4569522.845470391
2562 1525 451201.0005941724 4569522.555947842
3172 1525 463401.57069551013 4569523.894627168
3233 1525 464621.1421535836 4569524.03225632
3355 1525 467061.7004856101 4569523.692471892
3416 1525 468282.6076658962 4569523.3951618
3477 1525 469503.256601636 4569524.736984183
3843 1525 476821.736587013 4569523.600280402
4026 1525 480481.52054350375 4569521.89451687
4453 1525 489021.19658245327 4569524.088949302
4514 1525 490242.92202138563 4569523.110656085
4575 1525 491462.54787025874 4569524.02863504
4941 1525 498778.91045240837 4569524.121581513
5124 1525 502443.07406167145 4569523.12597856
5246 1525 504881.4074924883 4569523.956891569
61 1586 401181.445483436 4568303.552361041
305 1586 406062.00880345044 4568302.812963775
427 1586 408502.13175756595 4568303.036772756
1037 1586 420701.8198892262 4568304.427914043
1098 1586 421921.2214800043 4568302.907319834
1220 1586 424362.92474224954 4568303.8745223675
1281 1586 425581.8055959019 4568304.090078009
1464 1586 429241.1876597141 4568303.954775599
1830 1586 436562.3486770911 4568301.845252858
1891 1586 437783.4810144242 4568303.719440683
1952 1586 438999.619856546 4568301.3340020375
2013 1586 440222.0585674301 4568303.454693276
2135 1586 442662.49078208173 4568303.882905564
2196 1586 443884.4789527158 4568303.735236722
2501 1586 449983.2275116716 4568304.278064756
2684 1586 453638.6901619719 4568304.822171521
2745 1586 454861.6720118289 4568303.664102329
2928 1586 458521.23399450665 4568303.598906248
3172 1586 463402.819845514 4568304.358221884
3233 1586 464619.0905047848 4568303.857606447
3294 1586 465842.409961468 4568301.947770254
3355 1586 467061.68420438806 4568303.663037202
3416 1586 468282.3231454246 4568303.309679713
3477 1586 469502.0380483136 4568303.1508196145
3538 1586 470719.1355270391 4568303.483028563
3599 1586 471940.9152090205 4568302.421595828
4026 1586 480482.43343408057 4568302.2981606275
4087 1586 481701.5843315958 4568301.348208805
4209 1586 484142.16183287144 4568301.698463952
4697 1586 493902.6581796141 4568303.1882220665
4941 1586 498781.7712234167 4568304.168376716
5002 1586 500001.63492869696 4568303.450969583
5246 1586 504878.5653808275 4568302.385811221
244 1647 404840.8892712465 4567084.735935605
366 1647 407281.5456509048 4567082.281824622
488 1647 409721.46473637543 4567084.173634425
671 1647 413384.4937806987 4567080.941272932
793 1647 415821.63588192116 4567081.273682482
1037 1647 420702.3196272903 4567083.94599123
1159 1647 423142.8829717266 4567083.564460192
1403 1647 428018.03944073967 4567082.45542322
1464 1647 429242.2992039817 4567081.690665533
1586 1647 431683.39926615916 4567083.247714697
1952 1647 439003.28648181405 4567084.15114328
2013 1647 440221.6913705089 4567083.148207579
2440 1647 448763.11685711634 4567083.099438476
2562 1647 451198.10746580135 4567084.880442036
2623 1647 452420.6846162904 4567082.768322084
2806 1647 456082.0276997091 4567083.590236903
2867 1647 457302.3769729078 4567082.970520692
2989 1647 459738.8754274937 4567083.223452548
3172 1647 463399.53591726226 4567082.920611823
3233 1647 464623.6988811251 4567083.680624431
3416 1647 468281.261059056 4567083.991361591
3538 1647 470720.66110190516 4567083.472483215
4087 1647 481701.60216247244 4567083.61233978
4270 1647 485361.5529028826 4567082.423472017
4453 1647 489020.64879453165 4567081.595884147
4514 1647 490242.2189871356 4567081.573876758
5185 1647 503662.7022891927 4567083.565735776
5368 1647 507318.73231593467 4567082.697960809
305 1708 406061.6226597572 4565863.393986673
366 1708 407281.89691735874 4565863.085318954
488 1708 409722.5446679519 4565862.932214277
610 1708 412162.17393693613 4565863.295214913
671 1708 413382.08595861023 4565863.491842633
793 1708 415822.5363348554 4565863.272595293
915 1708 418262.16910848493 4565861.809401626
976 1708 419481.5908176695 4565863.321855166
1037 1708 420701.5740190453 4565864.087059498
1098 1708 421922.48263367394 4565863.963924247
1159 1708 423143.56789215637 4565863.995435137
1342 1708 426802.24372946203 4565863.266154059
1403 1708 428021.68591012014 4565863.127634298
1464 1708 429241.0173313071 4565863.346288366
1830 1708 436563.4913693913 4565863.5303238025
1952 1708 439001.93598117965 4565862.70746111
2074 1708 441442.27463473845 4565864.875955899
2196 1708 443882.748708312 4565863.60944812
2257 1708 445101.72276655975 4565864.194958081
2684 1708 453642.41768182913 4565864.570226914
2745 1708 454860.6011409422 4565863.452603711
2867 1708 457301.17932608625 4565864.305446102
2989 1708 459742.18791206455 4565863.055810832
3050 1708 460959.2002766516 4565862.899929409
3111 1708 462178.76684365526 4565863.962330314
3172 1708 463398.66713042586 4565863.56255212
3294 1708 465839.2685367655 4565863.611147566
3355 1708 467062.3965555868 4565864.219087298
3416 1708 468277.71559807373 4565864.01996382
3477 1708 469501.49451220443 4565864.233060473
3538 1708 470722.2082632454 4565863.861737099
3599 1708 471941.75367614435 4565863.1465527
3782 1708 475601.59939809906 4565862.684263886
3843 1708 476821.6754365884 4565863.011738109
3965 1708 479261.53073353285 4565862.373342987
4026 1708 480481.29592986096 4565863.614975549
4148 1708 482922.0009594585 4565862.343025351
4514 1708 490238.57939849887 4565864.128438451
5002 1708 499997.88883356785 4565862.948022206
5307 1708 506103.00746537896 4565864.037338678
122 1769 402402.7312524696 4564644.530181131
244 1769 404842.18909360893 4564643.37904387
305 1769 406063.20212601835 4564637.602339912
671 1769 413378.5695393381 4564644.692308096
732 1769 414602.9436397519 4564644.337891625
793 1769 415822.7748200768 4564643.11398032
854 1769 417042.6020830845 4564643.222381868
976 1769 419482.76917610946 4564637.808022796
1037 1769 420701.60379323654 4564643.076734377
1098 1769 421920.583811297 4564644.125624763
1342 1769 426801.42021967075 4564643.568036738
1403 1769 428021.2573257488 4564643.828449904
1464 1769 429240.78132213576 4564642.520573328
1525 1769 430459.2959821354 4564642.023579864
1708 1769 434118.6590116928 4564645.547418909
1769 1769 435342.01947782194 4564643.485784139
1891 1769 437782.22095217835 4564643.254629194
1952 1769 439002.80110971234 4564644.094623659
2074 1769 441439.00926391105 4564643.564039489
2257 1769 445101.32764380844 4564642.326267612
2440 1769 448761.312248731 4564642.101515015
2501 1769 449982.04263644415 4564642.9639895
2623 1769 452422.3103347863 4564642.6501020435
2684 1769 453642.63323105883 4564644.362778836
2745 1769 454862.3728053363 4564644.839105958
3050 1769 460962.7976228159 4564643.456281753
3233 1769 464619.21290926967 4564643.491225135
3294 1769 465838.4043194194 4564642.972653084
3355 1769 467062.3588745355 4564643.178862208
3538 1769 470722.20505306695 4564642.981580622
3599 1769 471943.0351053398 4564646.316343951
3660 1769 473163.1716056654 4564643.108117576
3721 1769 474377.66909152747 4564643.900894011
3843 1769 476818.0762381767 4564643.120006918
3904 1769 478043.0824736316 4564643.213609829
4026 1769 480478.19195518125 4564643.053774579
4087 1769 481701.65755123633 4564642.278051486
4270 1769 485362.32902177144 4564642.72836657
4331 1769 486581.7568098968 4564643.4069156945
4880 1769 497562.5052062438 4564643.569677084
5124 1769 502438.7411829767 4564642.5174910445
5429 1769 508540.2581183622 4564644.446123182
305 1830 406058.1056157854 4563424.391255307
427 1830 408499.42927982984 4563424.817299785
488 1830 409722.1585119934 4563423.274225579
549 1830 410941.3089750184 4563422.453461679
671 1830 413383.6484157213 4563424.4872461315
732 1830 414603.16968329175 4563423.887510392
793 1830 415822.3984602027 4563424.305429278
915 1830 418262.41954001173 4563421.65308231
1037 1830 420699.79892698454 4563423.463931477
1098 1830 421921.71893620363 4563422.952027068
1159 1830 423138.91035563144 4563422.1618130505
1281 1830 425581.4408342036 4563422.767648348
1342 1830 426798.913406565 4563423.466423316
1464 1830 429241.5586361489 4563422.389355832
1586 1830 431681.63497995253 4563423.373003258
1647 1830 432902.68967186095 4563422.147395548
1708 1830 434121.3517416956 4563424.077735313
1769 1830 435342.19252849557 4563423.4912329335
1830 1830 436561.9265397325 4563424.649430621
1891 1830 437782.43018549617 4563423.836221045
1952 1830 439002.3768299844 4563423.455827998
2013 1830 440222.44711516635 4563424.076765271
2196 1830 443882.4085104956 4563422.6635403875
2379 1830 447538.2371245941 4563424.264487943
2501 1830 449981.963796396 4563422.775412704
2684 1830 453638.96323680703 4563423.175262569
3111 1830 462180.7574913627 4563422.947002237
3172 1830 463402.3916762348 4563422.280061703
3233 1830 464620.5441610005 4563423.100145169
3294 1830 465838.5760232343 4563422.776525284
3599 1830 471940.94929501915 4563423.941196029
3660 1830 473158.3565837563 4563423.1415048875
3843 1830 476822.199364812 4563421.4900900535
3904 1830 478041.0577227014 4563422.0034664525
3965 1830 479261.2848068026 4563422.155103085
4026 1830 480478.96826863085 4563423.264006564
4270 1830 485362.0543553471 4563422.923613786
4636 1830 492683.3225282153 4563422.829218241
4697 1830 493904.09421292663 4563422.629203016
4880 1830 497560.48105960526 4563423.74891899
5002 1830 500000.9942661146 4563421.932412323
5368 1830 507321.5699898659 4563423.018914434
5429 1830 508543.59643095965 4563422.145196768
183 1891 403618.8027410172 4562204.328619486
244 1891 404838.56447229924 4562204.746435503
366 1891 407282.8338030845 4562203.651283766
427 1891 408502.84912461485 4562204.772024956
610 1891 412161.757303577 4562203.065469731
671 1891 413382.45934981346 4562198.716369102
732 1891 414600.69513261045 4562202.259514588
793 1891 415820.9460459696 4562202.706198525
854 1891 417041.0019139761 4562202.210341066
1159 1891 423141.3152619749 4562198.686081999
1220 1891 424361.8218548953 4562203.011442342
1281 1891 425582.89188948116 4562201.762306244
1342 1891 426801.3404588445 4562203.384261179
1464 1891 429242.4470771442 4562202.389462439
1525 1891 430462.13657602144 4562202.620941901
1647 1891 432901.31242394325 4562203.493644392
1769 1891 435340.6707927241 4562204.5108431075
1830 1891 436558.53643797856 4562204.713547714
1952 1891 439001.5888232679 4562203.106253294
2074 1891 441441.7113510422 4562202.919465157
2196 1891 443883.27539634047 4562202.99061219
2257 1891 445102.36563620216 4562202.944195458
2318 1891 446321.97167757835 4562202.365961147
2562 1891 451202.2332321361 4562202.276697754
2867 1891 457300.9121149237 4562204.343700564
2989 1891 459740.8460593375 4562204.100155359
3355 1891 467057.8120234679 4562203.015657534
3477 1891 469498.46885900863 4562206.386929911
3843 1891 476817.05560913536 4562202.913936278
3965 1891 479261.2290097875 4562202.041701711
4026 1891 480483.30640751834 4562201.322344859
4087 1891 481701.980344177 4562202.853181229
4148 1891 482921.86154319945 4562203.337129596
4331 1891 486582.02048653865 4562204.87659304
4392 1891 487799.38969870214 4562203.4517384665
4636 1891 492684.290713601 4562203.566611036
4697 1891 493902.54772271845 4562202.098644677
4941 1891 498782.0310415184 4562201.529851282
5124 1891 502441.5640093417 4562202.885016529
5185 1891 503662.4028928777 4562203.087245655
5307 1891 506101.32024918566 4562203.480587253
122 1952 402399.6296020099 4560984.831823795
305 1952 406061.8642807789 4560982.408341056
427 1952 408502.76206846524 4560984.784153487
549 1952 410942.3254593245 4560982.531928757
610 1952 412161.09269941435 4560982.700850443
671 1952 413380.1463832468 4560983.774931387
732 1952 414601.1569401942 4560984.425012755
793 1952 415821.6231108003 4560983.678591464
1037 1952 420701.44917532743 4560983.565390756
1098 1952 421921.61113671365 4560983.877509217
1159 1952 423142.06182250305 4560982.100517664
1281 1952 425580.82008738164 4560983.722276041
1342 1952 426802.20626221085 4560982.156265853
1464 1952 429241.04802106513 4560983.203860682
1525 1952 430461.5041757202 4560983.291098955
1708 1952 434122.45723847405 4560984.147683857
1891 1952 437782.6525601679 4560982.692682655
2074 1952 441442.5890429413 4560983.318269118
2135 1952 442663.121184587 4560981.786408197
2196 1952 443883.1329385043 4560981.650428342
2318 1952 446318.4548619082 4560982.18234993
2379 1952 447541.8481208851 4560983.969437802
2562 1952 451201.5745195622 4560983.738608366
2623 1952 452421.99798718217 4560982.854285078
2806 1952 456081.6718359409 4560982.5085387435
3111 1952 462182.6200336895 4560984.53843057
3233 1952 464622.61052204703 4560983.344715049
3660 1952 473162.06655739 4560983.819593973
3721 1952 474381.91452073003 4560982.624569956
3782 1952 475601.71732538374 4560983.457867068
3843 1952 476822.4376057128 4560983.535437229
4026 1952 480482.3404635108 4560982.671413177
4270 1952 485360.5365521364 4560984.384929827
4331 1952 486580.84994615923 4560983.8494590735
4392 1952 487802.1211411822 4560982.436940077
4636 1952 492678.6707993071 4560984.157962092
4819 1952 496344.14102549944 4560982.3393798815
5124 1952 502441.5015613062 4560982.8114435235
5185 1952 503661.0731288663 4560983.274408876
5246 1952 504883.39586171025 4560983.596026947
5307 1952 506101.5613957462 4560981.523613369
5368 1952 507320.61200174846 4560982.255192847
61 2013 401179.045543101 4559763.601299887
244 2013 404838.17623375886 4559764.324309084
305 2013 406061.1957182718 4559764.454796345
366 2013 407276.984352882 4559763.141606608
427 2013 408501.8906008057 4559763.550668089
488 2013 409721.8269813178 4559762.97418581
549 2013 410942.8035261451 4559763.624518932
610 2013 412162.6793976838 4559763.840030377
671 2013 413381.15878781833 4559761.903084405
976 2013 419482.99322662235 4559761.167039005
1281 2013 425582.3081527031 4559763.942787498
1403 2013 428021.6369190812 4559761.663426968
1464 2013 429242.8956135898 4559763.4092606455
1525 2013 430461.61200979643 4559764.918037589
1586 2013 431681.4776021595 4559763.798647157
1647 2013 432898.96334094764 4559763.772257736
1769 2013 435342.45138213685 4559763.181849023
1830 2013 436562.8971476865 4559763.822570665
1952 2013 439001.56880156323 4559763.383065848
2013 2013 440221.7099748406 4559763.597117633
2074 2013 441442.3046229924 4559762.708527889
2196 2013 443881.5590300168 4559763.333527481
2257 2013 445101.6558105929 4559763.385707559
2379 2013 447541.7289754745 4559763.298046861
2928 2013 458521.4973191082 4559762.029115184
2989 2013 459742.1736810478 4559761.690941507
3111 2013 462177.42455220653 4559764.543124426
3599 2013 471942.3059870624 4559763.247098283
3660 2013 473159.71813736524 4559764.929758721
3904 2013 478042.07048872503 4559762.918757316
4026 2013 480482.3218793131 4559762.553373718
4148 2013 482918.2485073183 4559764.023281107
4209 2013 484142.1664812039 4559763.928847326
4514 2013 490243.0474966485 4559763.047578328
4636 2013 492682.16696169873 4559764.186756262
5002 2013 500000.6950698812 4559763.71752184
5063 2013 501221.7758214696 4559762.880317357
5124 2013 502439.0447793649 4559762.844338117
5307 2013 506101.24982719874 4559762.948936194
366 2074 407282.0491838641 4558541.950150807
488 2074 409721.8714882105 4558542.733762342
549 2074 410942.8936151607 4558543.201251203
610 2074 412162.16307812766 4558544.177873647
732 2074 414597.93864614493 4558543.008702835
854 2074 417040.9566848167 4558543.618600578
1464 2074 429237.22231269954 4558544.552629903
1647 2074 432902.19997636136 4558544.629257356
1708 2074 434121.9064096555 4558543.801372035
1769 2074 435342.1092272897 4558543.644681018
2013 2074 440218.25377876207 4558543.144759251
2074 2074 441441.36183015833 4558542.536816603
2135 2074 442661.3242130431 4558543.238338718
2196 2074 443882.9802587902 4558542.577433751
2318 2074 446318.1147684535 4558542.997670215
2379 2074 447541.996041622 4558543.67414326
2440 2074 448762.14274386584 4558545.241659929
2501 2074 449978.3886269008 4558542.567011031
2684 2074 453643.0935251196 4558543.5878746165
2806 2074 456081.2883715421 4558542.281268661
2928 2074 458522.06723887235 4558541.68722014
3233 2074 464623.1432445956 4558544.047864102
3294 2074 465842.6387494145 4558543.169656941
3355 2074 467062.40238094114 4558542.117780353
3477 2074 469500.5157445102 4558542.965622147
3599 2074 471942.511091347 4558543.367935505
3660 2074 473161.6482081903 4558543.96277061
3782 2074 475601.85883061116 4558541.780329095
4087 2074 481701.5980029483 4558543.460018891
4148 2074 482918.59197523684 4558542.288333671
4392 2074 487801.69073833665 4558543.182520302
4514 2074 490239.09067269816 4558543.550570067
4819 2074 496340.58011186967 4558542.541618033
5124 2074 502441.1557125859 4558543.304137149
5246 2074 504882.0924137043 4558544.122939747
5429 2074 508541.35207897535 4558543.473196313
244 2135 404843.5583939388 4557325.376736365
366 2135 407277.9078626829 4557324.039597615
427 2135 408501.0409039244 4557323.8419036865
488 2135 409719.00945069856 4557323.728804561
549 2135 410938.78589875245 4557323.716730772
915 2135 418258.800740052 4557323.657239304
1403 2135 428022.4864370308 4557324.5462144455
1525 2135 430462.77232096123 4557323.196229602
1586 2135 431681.6745400725 4557317.74099894
1647 2135 432902.2698499208 4557322.543734686
1830 2135 436558.7344263137 4557323.952840537
2196 2135 443878.4046934824 4557323.699848842
2440 2135 448760.7724943359 4557322.522201256
2501 2135 449981.98676595284 4557323.072607816
2684 2135 453641.36697898386 4557322.023818387
2806 2135 456082.7770840659 4557323.782061477
2867 2135 457302.6567101459 4557323.337913614
2928 2135 458521.8770877877 4557322.590322556
3050 2135 460961.10666550207 4557324.063534147
3233 2135 464622.5593534816 4557321.544191007
3294 2135 465842.64719935413 4557322.840204088
3355 2135 467062.15036892844 4557324.10294122
3477 2135 469500.9520990063 4557323.086727167
3538 2135 470721.00019442936 4557324.228051802
3660 2135 473160.9739815236 4557323.664275909
3904 2135 478042.8360103271 4557324.199691384
3965 2135 479259.6425453151 4557323.5141178435
4026 2135 480479.75243446406 4557323.694153244
4087 2135 481699.3611275576 4557322.914467102
4148 2135 482918.0713349586 4557323.495243188
4331 2135 486581.88296649384 4557323.45550035
4453 2135 489018.9259023155 4557322.866701227
4697 2135 493902.51713689644 4557322.112927051
4880 2135 497558.91266666824 4557322.564496035
5002 2135 500001.56277680956 4557322.225457882
5185 2135 503658.88065672613 4557324.117643559
5246 2135 504882.0741563912 4557323.040976003
5307 2135 506101.7081253283 4557323.400304656
5429 2135 508541.947417958 4557323.774716509
244 2196 404842.89391358395 4556103.292278393
305 2196 406062.50970557705 4556103.357619301
366 2196 407281.68440302066 4556103.08116517
427 2196 408501.05509372713 4556103.849409023
488 2196 409718.30232138245 4556103.2996095745
549 2196 410942.86402111594 4556103.086266357
1220 2196 424358.15224048117 4556102.470932924
1830 2196 436561.4923036918 4556103.403588833
2257 2196 445099.19385643647 4556103.415501898
2501 2196 449979.41588943853 4556102.220074742
2562 2196 451201.27580558974 4556103.4516216
2806 2196 456082.7492619065 4556104.346966699
2867 2196 457299.75197745947 4556104.997907626
2928 2196 458523.54571159167 4556103.464044914
2989 2196 459741.83939048223 4556102.875563727
3050 2196 460961.1429664835 4556102.894433917
3111 2196 462179.42812813295 4556102.983215949
3233 2196 464622.7944880187 4556104.650591958
3294 2196 465842.14115982625 4556102.714649795
3416 2196 468282.30026264506 4556103.299284024
3477 2196 469503.3790812969 4556104.764640189
3599 2196 471942.48539538984 4556103.819254503
3721 2196 474382.1020736571 4556103.242035329
3782 2196 475602.7657983894 4556103.743228407
3904 2196 478041.1197225863 4556102.889137394
4148 2196 482920.82861490076 4556103.8528769445
4209 2196 484142.1502640867 4556103.144525772
4392 2196 487803.3558726307 4556105.984346459
4575 2196 491462.15320408135 4556103.502073191
4758 2196 495121.5485724531 4556102.149735173
5185 2196 503661.93710460124 4556102.976720595
5246 2196 504881.50455978577 4556103.9757562345
5307 2196 506101.8282410235 4556104.076346599
305 2257 406061.11340862367 4554883.454653737
366 2257 407280.5308619598 4554883.302848263
427 2257 408502.79189498455 4554883.395120117
488 2257 409722.30566649366 4554883.514630024
549 2257 410940.8950896867 4554884.292730315
976 2257 419483.6208234826 4554883.116770824
1464 2257 429242.4865897132 4554883.252537915
1769 2257 435342.1959507131 4554883.0691404715
1891 2257 437781.3053097851 4554883.353019674
1952 2257 438998.13571052626 4554883.754034151
2379 2257 447540.5954170826 4554882.772339294
2745 2257 454861.9945058374 4554884.974574939
2806 2257 456078.3065360571 4554884.412238881
2928 2257 458523.42392071086 4554884.042109297
2989 2257 459742.8015671662 4554882.22144307
3294 2257 465842.8545130739 4554882.2164655095
3355 2257 467063.13955967146 4554883.535357554
3477 2257 469502.76257330755 4554884.392639752
3599 2257 471941.93818244076 4554883.598775382
3660 2257 473163.5133973757 4554883.814975968
3721 2257 474383.3567052382 4554883.799393822
3904 2257 478041.95970530924 4554883.18984618
3965 2257 479261.5190269496 4554883.060196302
4331 2257 486583.6836778794 4554884.911021596
4514 2257 490241.131459328 4554882.417744525
4636 2257 492682.3470660111 4554882.896517268
4880 2257 497563.3653322838 4554882.762161014
4941 2257 498777.9210227739 4554882.254392513
5063 2257 501220.6313125758 4554883.206603957
5246 2257 504878.19406826876 4554883.017976427
5368 2257 507321.0388844736 4554886.338728055
244 2318 404841.69977719453 4553664.594449726
427 2318 408502.301289773 4553664.329002708
854 2318 417038.4775922874 4553664.43942181
1464 2318 429243.01745536097 4553666.454316886
1525 2318 430459.62964312587 4553662.9151737755
2196 2318 443881.58627943665 4553663.527102476
2379 2318 447541.9625735095 4553664.80231994
2867 2318 457302.92169414787 4553663.748710813
2989 2318 459741.84936802095 4553663.28650109
3050 2318 460961.7662319558 4553661.93213451
3111 2318 462181.71795299737 4553661.423029331
3172 2318 463402.391547253 4553658.692128571
3355 2318 467061.3707687118 4553663.443661725
3416 2318 468280.7920323982 4553664.223821815
3477 2318 469502.39017582155 4553663.357544944
3538 2318 470721.0637708542 4553663.611555274
3599 2318 471942.4904903747 4553664.519601252
3660 2318 473162.1051180321 4553663.617982044
3721 2318 474381.2878438826 4553662.851085336
4148 2318 482919.54380182375 4553664.95510587
4209 2318 484141.3951080186 4553663.400979048
4514 2318 490241.9193745335 4553662.873785623
4636 2318 492682.80050039594 4553662.939668717
4758 2318 495121.2166044404 4553664.20522877
4819 2318 496341.847727387 4553663.515066552
5246 2318 504881.26534350135 4553662.528462301
5429 2318 508541.47800448915 4553661.9086172925
854 2379 417041.76475306536 4552444.207567891
2196 2379 443883.7614974389 4552440.352578722
2318 2379 446321.0104374092 4552443.893058026
2562 2379 451202.79683778825 4552442.776260262
2623 2379 452423.0827114687 4552447.219234465
2867 2379 457301.5134059103 4552443.389367762
2928 2379 458518.76553942927 4552443.918533065
3111 2379 462183.1195814282 4552442.999265032
3294 2379 465840.87632340565 4552442.635862646
3416 2379 468278.62342936225 4552443.429156056
3477 2379 469501.61111789924 4552443.356173575
3538 2379 470721.33444537834 4552443.701353027
3599 2379 471941.7538721813 4552443.472130934
3660 2379 473161.4489755221 4552442.81956
3721 2379 474381.9772790892 4552442.677014375
3843 2379 476822.205910004 4552442.177102611
3904 2379 478041.34120169946 4552443.262655457
4148 2379 482922.56019519427 4552444.426027706
4453 2379 489023.17906196776 4552443.558011118
4758 2379 495122.96709824377 4552443.149798999
4819 2379 496343.1538837501 4552442.495322993
4880 2379 497561.0673883224 4552443.584983511
5307 2379 506099.0659602292 4552442.448962361
488 2440 409722.26576998277 4551224.0632924605
793 2440 415822.613835588 4551222.688509049
976 2440 419477.479888563 4551223.002081008
1586 2440 431679.23525905976 4551226.297607073
1891 2440 437781.3531158561 4551224.8670374295
1952 2440 439001.3917863302 4551224.182459464
2013 2440 440222.09104561375 4551223.989686824
2135 2440 442662.33961312217 4551222.16694198
2318 2440 446322.6009396155 4551221.763016461
2440 2440 448762.3376546701 4551218.3362037
2562 2440 451202.97491450503 4551223.4628360085
2745 2440 454861.1056239992 4551222.774547504
2867 2440 457298.368708112 4551223.588267353
2989 2440 459742.77060579875 4551223.145145656
3233 2440 464623.1653671266 4551222.084779824
3416 2440 468282.2108447497 4551223.919781431
3538 2440 470722.6066506721 4551223.334472855
3599 2440 471938.5027689319 4551223.631575168
3660 2440 473161.3170970643 4551222.737126245
3782 2440 475602.2795041033 4551221.526338395
3843 2440 476821.67896309023 4551222.915025661
3904 2440 478041.50387718197 4551223.197029282
4209 2440 484141.45318827603 4551223.118345845
4453 2440 489018.6501909325 4551223.872660987
4758 2440 495121.8894795657 4551223.249271998
4819 2440 496337.61271259346 4551224.043103727
5307 2440 506098.7384856493 4551223.173428352
5368 2440 507321.91833596246 4551226.8473800365
5429 2440 508537.495642402 4551223.39327196
366 2501 407280.5938748494 4550005.272772064
732 2501 414600.93625428557 4550002.184610744
1647 2501 432901.8658614871 4550004.38783354
1769 2501 435344.02516706864 4550006.484614588
1952 2501 439000.82365562476 4550003.318262295
2013 2501 440221.0666287355 4550002.846952281
2074 2501 441441.55909621407 4550002.794824767
2135 2501 442661.1755444109 4550003.201404357
2196 2501 443882.16642202984 4550003.098247508
2257 2501 445102.3139337509 4550004.57812052
2318 2501 446322.157044713 4550003.056159419
2440 2501 448762.5964200458 4550005.482570669
2501 2501 449982.622250331 4550002.538441693
2928 2501 458521.34529340715 4550002.763677885
3416 2501 468281.6557886117 4550003.18902577
3477 2501 469501.76511167357 4550003.940402045
3538 2501 470722.84617431014 4550003.033488921
3599 2501 471942.24888245034 4550003.400703597
3660 2501 473162.3353626025 4550002.996473066
3721 2501 474382.9302494003 4550003.54498824
3782 2501 475601.46831985895 4550003.100263748
3843 2501 476822.7417213453 4550002.87091917
3965 2501 479261.6100621903 4550003.472870492
4026 2501 480482.14402772475 4550003.99684238
4087 2501 481701.26137090405 4550004.232997166
4331 2501 486580.8992760035 4550003.977997158
4453 2501 489018.57334491 4550003.871115795
4514 2501 490242.734990784 4550003.373648595
5246 2501 504880.3861541708 4550003.457446833
610 2562 412157.4206763541 4548784.029996465
1098 2562 421921.73714446457 4548783.32211579
1220 2562 424358.009302145 4548783.880940124
2379 2562 447541.39660724427 4548784.6201777095
2440 2562 448762.1437945322 4548782.17028443
2684 2562 453640.7982445145 4548784.089407893
2745 2562 454862.0048564404 4548783.547203615
2867 2562 457301.4240997787 4548783.892660513
3294 2562 465839.2984788607 4548784.242199711
3355 2562 467057.96453305543 4548784.585669522
3416 2562 468282.56731396617 4548782.953725108
3538 2562 470722.4525840526 4548783.586659351
3599 2562 471941.9570534123 4548783.988712289
3660 2562 473161.8351647443 4548784.829768217
3721 2562 474382.15634333296 4548784.128080662
3782 2562 475603.26421597926 4548785.712927534
3965 2562 479260.6889212038 4548783.248307078
4026 2562 480481.5118345507 4548783.818566273
4148 2562 482921.11791477585 4548782.791530322
4209 2562 484142.40645606903 4548783.865705249
4392 2562 487803.3000107429 4548783.5885030525
4453 2562 489022.9135360087 4548783.041128106
4697 2562 493901.28920992016 4548783.258201916
4758 2562 495119.0519412296 4548782.772661607
5185 2562 503663.89611164347 4548783.694522544
1037 2623 420702.0065586833 4547562.878068483
1830 2623 436563.4622330891 4547564.667906052
2379 2623 447541.7825465423 4547562.861187477
2440 2623 448762.37720413686 4547562.219397361
2501 2623 449982.1330691413 4547563.411112455
2623 2623 452419.3810349563 4547562.471160993
2684 2623 453642.65429579123 4547562.612235402
2745 2623 454862.1662464152 4547563.318465748
2928 2623 458522.1073280486 4547561.757323922
3355 2623 467063.6781924917 4547564.108817757
3477 2623 469502.72709287074 4547564.086260316
3599 2623 471941.8004007299 4547562.799800157
3660 2623 473162.426025844 4547563.432804121
4148 2623 482921.85656212363 4547563.080938344
4331 2623 486581.87228383194 4547562.926124621
4453 2623 489021.02863726416 4547562.842712983
4636 2623 492682.15904114634 4547563.839668243
4880 2623 497559.05080153636 4547562.940081789
4941 2623 498780.88752525666 4547562.571206909
5002 2623 500001.64076597115 4547561.830381392
5063 2623 501222.18604054506 4547561.274925982
5246 2623 504878.87637264293 4547563.6797151975
5368 2623 507323.37380545633 4547561.99170085
488 2684 409721.0154820823 4546344.272057075
1647 2684 432900.563684914 4546342.8428597525
2135 2684 442662.5200028191 4546344.678523793
2257 2684 445100.3638362352 4546340.459512334
2440 2684 448763.6519550891 4546342.484434503
2562 2684 451200.53416885214 4546343.054100661
2745 2684 454861.638514584 4546343.001247677
2867 2684 457301.8310149453 4546341.8817059295
3416 2684 468282.7767401994 4546346.318796383
3599 2684 471942.8162204615 4546342.80566328
3660 2684 473163.30630754225 4546343.000867798
3721 2684 474382.04141559766 4546343.797810168
3965 2684 479261.3965350686 4546343.001570287
4270 2684 485362.40737855807 4546343.203016352
4331 2684 486581.3963105668 4546343.321792123
4514 2684 490238.5091414162 4546343.409149122
4697 2684 493900.62256259104 4546343.189270059
4819 2684 496340.84405969485 4546343.541742111
4880 2684 497562.7495229082 4546341.031938408
488 2745 409721.1899188327 4545124.164544045
1098 2745 421921.17112407787 4545123.782526856
1952 2745 439001.57288285415 4545122.0522967
2196 2745 443878.6107529014 4545124.122030961
2501 2745 449981.76202889055 4545122.574582717
2745 2745 454863.54575105524 4545121.487296181
3416 2745 468279.62436277885 4545122.95159092
3538 2745 470716.72146272624 4545122.22656467
3599 2745 471942.9977302767 4545123.58309174
3660 2745 473162.12027642614 4545123.468179143
3721 2745 474382.5086246653 4545122.9426096175
3843 2745 476822.95609217614 4545122.01109732
3904 2745 478038.9517595169 4545123.251361272
3965 2745 479260.39816973143 4545123.163918917
4026 2745 480483.18557124847 4545122.7132295985
4087 2745 481701.40370262496 4545122.178377808
4209 2745 484139.20183643943 4545123.65064513
4331 2745 486581.1462217482 4545123.803468514
4392 2745 487801.02758297324 4545122.998185042
4453 2745 489022.26208072226 4545122.0907196235
4514 2745 490242.3631311235 4545122.434964585
4758 2745 495120.6170730956 4545123.890793515
4941 2745 498779.3139289223 4545123.458888307
5002 2745 500002.99409653636 4545122.445081282
1403 2806 428020.342307415 4543898.808398986
2379 2806 447542.3213210371 4543903.991803407
2440 2806 448759.55044917844 4543904.224169349
2501 2806 449980.9409308023 4543902.728874437
2623 2806 452422.4273054358 4543902.965685129
2684 2806 453642.2442371996 4543903.064694343
2745 2806 454862.4369332162 4543901.039581853
2806 2806 456081.8762934303 4543898.76537728
2867 2806 457302.02767814056 4543901.387583949
2928 2806 458521.9970091931 4543902.118726909
3355 2806 467062.5682966328 4543904.326806336
3416 2806 468279.07917901315 4543902.751332929
3538 2806 470722.4662360173 4543903.492389454
3843 2806 476817.5212279417 4543902.413201854
3904 2806 478039.26400129806 4543903.254423684
4026 2806 480477.4831674235 4543901.408998852
4087 2806 481701.15513180813 4543902.78563672
4453 2806 489022.94339928066 4543903.983113394
4514 2806 490241.51602395927 4543904.437055943
4758 2806 495123.20600245683 4543903.194300321
4880 2806 497562.02786272526 4543904.261893468
5063 2806 501221.93518771447 4543903.970322935
488 2867 409722.09302042087 4542684.602865833
1464 2867 429238.6730034466 4542683.944571148
2562 2867 451202.5535767888 4542683.005245966
2806 2867 456081.2821084008 4542682.417338313
2867 2867 457302.9508025739 4542684.657444557
2928 2867 458523.1107276179 4542682.6796200415
3538 2867 470720.2257580221 4542684.830107499
3721 2867 474380.3376769747 4542683.54286222
3782 2867 475601.6058247545 4542684.92696191
3904 2867 478041.4983793434 4542683.670496731
4148 2867 482922.5743442787 4542683.66885034
4209 2867 484142.9817664401 4542684.623355476
4270 2867 485362.4401289482 4542684.776768959
4392 2867 487802.27445668215 4542684.355261346
4453 2867 489022.7586393092 4542683.755575266
4697 2867 493901.63640285394 4542681.450648588
4819 2867 496342.49926659383 4542681.853940774
4941 2867 498781.9505263708 4542683.201793089
5124 2867 502441.7049755897 4542682.90933153
5429 2867 508541.5889470641 4542682.196146596
1281 2928 425581.6234602423 4541464.949313031
1342 2928 426801.36394055275 4541464.187807394
1464 2928 429238.3488631455 4541463.500870887
1891 2928 437782.6279882141 4541463.406328131
2562 2928 451200.8822727099 4541463.698847367
3538 2928 470721.56638425763 4541461.565079645
3660 2928 473161.3224835454 4541461.881057301
3782 2928 475602.8490835907 4541462.56105187
4087 2928 481702.2611288287 4541462.175751627
4148 2928 482922.4882190761 4541463.745357053
4331 2928 486583.22595615446 4541463.539494165
4453 2928 489023.50698811904 4541462.545611964
4514 2928 490241.9634693383 4541463.325217194
4575 2928 491460.7850112749 4541462.632130096
4636 2928 492683.8445924036 4541463.017492323
4819 2928 496341.22132381104 4541462.918705446
4880 2928 497561.18702954554 4541462.995169451
5063 2928 501220.98726637993 4541463.494240307
5124 2928 502438.9396345319 4541464.419963936
5307 2928 506098.8035820136 4541462.912940076
5429 2928 508542.598077119 4541461.940645967
1281 2989 425582.62648806977 4540244.585759063
1342 2989 426802.5411233915 4540244.802920502
2440 2989 448761.41398290667 4540244.545759421
2745 2989 454858.29055310594 4540244.426332638
2867 2989 457301.7381818727 4540242.654619268
3721 2989 474381.16277500254 4540243.689739645
3843 2989 476822.1173892674 4540242.7281900775
3904 2989 478041.01082190196 4540244.20068182
3965 2989 479262.3590444323 4540243.7783748675
4026 2989 480481.7588004189 4540243.731474508
4209 2989 484137.050740911 4540242.825700977
4331 2989 486582.05999541876 4540243.815998415
4453 2989 489022.17516817787 4540244.942368206
4514 2989 490242.1588773054 4540243.844312009
4941 2989 498781.9860950131 4540239.549846708
5063 2989 501217.38686125155 4540243.546882905
5307 2989 506101.73207541846 4540243.944096193
2257 3050 445102.6624817912 4539024.117717384
2379 3050 447541.3725677464 4539023.70228222
2562 3050 451201.94470757275 4539022.704277929
4209 3050 484143.5733234114 4539023.153179813
4331 3050 486581.78684415686 4539023.411034984
4392 3050 487799.2937191746 4539022.753589452
4453 3050 489021.56689293 4539022.349569127
4514 3050 490241.8094294828 4539022.348562365
4758 3050 495122.0225725394 4539022.490971623
4819 3050 496338.25870532345 4539022.7111833505
4880 3050 497561.8936681384 4539023.411062861
5124 3050 502440.5204344033 4539022.938713634
5307 3050 506101.3649127501 4539024.421563456
5429 3050 508541.3003178503 4539024.263456996
1220 3111 424361.91576329386 4537802.418670455
1952 3111 439003.5014060038 4537803.370858786
2623 3111 452422.7618625024 4537803.451106358
2684 3111 453638.43164982804 4537803.934802845
2806 3111 456080.70744300284 4537801.565066199
3843 3111 476821.705460122 4537804.318663684
3904 3111 478041.8928448982 4537803.449210064
3965 3111 479262.34085059684 4537803.9178995285
4087 3111 481702.0293207337 4537802.645186356
4209 3111 484141.9291997134 4537801.582547577
4270 3111 485362.3440285909 4537802.559449705
4331 3111 486581.97453354823 4537801.596074535
4514 3111 490241.96271087846 4537802.981647784
4575 3111 491460.9807302805 4537803.821542216
4636 3111 492680.16819994745 4537800.171181431
4697 3111 493902.28710480285 4537802.303150961
4758 3111 495120.671226459 4537802.631544637
5063 3111 501222.0750920937 4537803.1162626445
5246 3111 504881.93641838885 4537801.359600208
5429 3111 508541.2777549116 4537803.870425759
1525 3172 430462.22527092934 4536582.856497352
1769 3172 435340.75400956976 4536582.681378409
2623 3172 452422.0967144466 4536583.775346027
2745 3172 454863.27376202797 4536583.657706928
3965 3172 479261.40757823724 4536583.068320554
4270 3172 485362.0459142453 4536581.368204747
4392 3172 487801.94062382827 4536582.22505045
4453 3172 489023.3456565062 4536580.35269747
4514 3172 490240.6398942582 4536583.373437824
4575 3172 491461.61193619575 4536582.928036835
4636 3172 492682.7980889634 4536580.709604717
4819 3172 496342.72304853104 4536582.082292984
4880 3172 497562.41405984876 4536582.984688412
5124 3172 502439.0210981834 4536583.576585485
5368 3172 507322.47764000687 4536584.37490543
5429 3172 508539.14705646795 4536584.305267943
1586 3233 431681.9631219212 4535364.860788172
2074 3233 441438.38972058677 4535364.602365022
3965 3233 479262.97800337337 4535363.027182135
4026 3233 480482.96540207206 4535361.820763211
4148 3233 482921.0923708248 4535362.890560457
4270 3233 485362.30342568347 4535362.311977012
4331 3233 486582.7117180662 4535359.557868302
4636 3233 492683.19478463114 4535362.337047748
4758 3233 495122.29784926184 4535362.61041759
4819 3233 496341.1442471895 4535362.917137781
5002 3233 499999.25691789784 4535363.810790738
5063 3233 501222.1306189714 4535362.063592454
5246 3233 504883.2759257297 4535363.560745848
1708 3294 434122.2004196651 4534137.804389106
1769 3294 435343.0105262192 4534144.499126491
2562 3294 451201.85332702304 4534144.397883002
3965 3294 479262.6638847784 4534143.285613308
4026 3294 480479.34707591875 4534143.604249457
4148 3294 482921.1375940173 4534143.217027861
4697 3294 493901.94060711376 4534142.86883289
4758 3294 495122.5853583199 4534143.107613378
4880 3294 497559.74082608335 4534144.992493573
4941 3294 498780.52266517695 4534143.1429688465
5124 3294 502438.6692856686 4534144.049664193
1525 3355 430461.9023179478 4532925.456010668
1952 3355 438998.69029486575 4532924.993036293
2013 3355 440219.08378460945 4532921.865990527
3965 3355 479262.7028609026 4532923.904490446
4026 3355 480483.1581932737 4532925.610095861
4087 3355 481701.47266916366 4532924.169713292
4148 3355 482922.25205222866 4532924.064953895
4209 3355 484142.09691746696 4532924.1258612
4270 3355 485363.4098905103 4532923.797560014
4880 3355 497561.93657624227 4532923.892785822
4941 3355 498782.2637014654 4532923.264093437
5002 3355 500001.33844439074 4532924.525959087
5063 3355 501221.7558179179 4532923.785298154
5124 3355 502443.3321180558 4532924.486513947
5307 3355 506101.9834461191 4532923.589763674
5368 3355 507322.22816043027 4532924.1542517515
1891 3416 437782.33201294375 4531703.837637483
1952 3416 438997.5495127275 4531702.546182179
2806 3416 456083.14359997574 4531703.258249746
3965 3416 479263.0457589259 4531705.021510253
4087 3416 481702.1960446168 4531703.409673495
4148 3416 482918.4459622809 4531705.408654776
4270 3416 485363.72099621873 4531703.575807184
4331 3416 486581.06316433905 4531702.603483846
4392 3416 487802.3269029104 4531702.6315713385
4453 3416 489020.94867561257 4531703.207457559
5002 3416 500001.84398715675 4531703.547375552
5246 3416 504880.71316569886 4531702.692181249
1525 3477 430460.0906344572 4530483.639987185
1647 3477 432902.5859225422 4530482.823208648
1769 3477 435342.82753506175 4530483.280759071
1952 3477 438998.37613550486 4530483.1772354515
2501 3477 449982.99559619365 4530484.093337957
2928 3477 458523.4178152877 4530484.759005682
4392 3477 487801.3480574794 4530482.448882073
4697 3477 493902.21174825996 4530483.735081674
4880 3477 497561.09467009944 4530483.776925857
5002 3477 499999.41161431774 4530483.653385661
5063 3477 501222.06866946816 4530484.45818239
5185 3477 503661.8678982934 4530483.421790269
5246 3477 504881.16058992606 4530483.856187317
5307 3477 506102.32005018846 4530483.135185164
1220 3538 424361.7611142461 4529264.0487416405
1281 3538 425581.79892116203 4529263.852373948
1525 3538 430462.11290078214 4529262.448484914
2806 3538 456077.32435561274 4529264.094073875
2928 3538 458524.4101989718 4529262.3541609235
3904 3538 478042.2121159094 4529262.835692533
4331 3538 486582.2707788474 4529263.371165313
4453 3538 489022.9799021868 4529262.766230834
4514 3538 490242.8341289091 4529264.998350628
4575 3538 491462.39793946454 4529261.3478612825
5002 3538 500002.03134793945 4529265.3523548925
5185 3538 503657.81957627804 4529263.367293934
5246 3538 504881.95755253546 4529263.257151796
5307 3538 506101.23076237005 4529263.44630488
5368 3538 507321.785252531 4529263.528367259
1220 3599 424362.1796110435 4528043.564260702
1403 3599 428023.3503846663 4528043.648948703
1647 3599 432904.09338032105 4528044.198379868
2013 3599 440222.3738731558 4528043.557050066
2501 3599 449982.3828857254 4528044.023678284
2562 3599 451201.9112535595 4528043.940194242
3904 3599 478043.504189564 4528044.931931208
4026 3599 480481.6883129476 4528042.973846035
4331 3599 486582.13196894206 4528043.06261041
4392 3599 487803.3170234227 4528044.171153014
4453 3599 489022.5687959435 4528044.197325451
4514 3599 490242.19422765175 4528041.332652871
4636 3599 492681.70383823366 4528042.90198848
5063 3599 501221.87569192844 4528043.314353575
5124 3599 502442.13333297335 4528043.042445192
5307 3599 506101.48963155976 4528043.112238552
1525 3660 430462.0197467882 4526821.240177161
1708 3660 434118.6745424661 4526821.754175727
3965 3660 479261.4701788412 4526824.374306573
4026 3660 480481.5563094584 4526823.86162615
4087 3660 481702.0639733278 4526823.661276493
4148 3660 482922.6906028043 4526825.858595848
4209 3660 484143.15535791835 4526826.299641852
4392 3660 487801.0981207317 4526822.804373992
4453 3660 489022.0725709291 4526825.030956117
4697 3660 493898.64953460824 4526823.707457604
5124 3660 502440.73161207483 4526823.240028731
5185 3660 503660.5340114409 4526823.824456306
5246 3660 504878.8677821068 4526823.829298095
5307 3660 506101.38314260653 4526822.163714911
5429 3660 508539.65100219374 4526823.416215093
1281 3721 425582.0070023691 4525604.046127107
1342 3721 426802.37634534674 4525604.617866135
1586 3721 431682.65974677633 4525602.796599281
1952 3721 439001.9871219197 4525603.711136293
2013 3721 440218.9635183746 4525602.67816785
4148 3721 482922.5749985468 4525604.514382802
4209 3721 484142.92834174325 4525604.456061875
4270 3721 485363.14788291266 4525604.241303476
4392 3721 487801.41355335497 4525603.757936866
4453 3721 489021.7574041426 4525603.088275885
4514 3721 490241.42222171 4525603.741818715
4636 3721 492678.9999837187 4525603.610059972
4819 3721 496339.53910366853 4525602.954700556
4941 3721 498780.9048588514 4525603.840280131
5246 3721 504879.30622680904 4525603.195999048
5307 3721 506099.3357734914 4525603.400549038
5368 3721 507322.02740111004 4525603.303549552
1159 3782 423139.76926465373 4524384.888196048
1647 3782 432902.42163753044 4524384.3604162475
1891 3782 437780.77998312184 4524384.858796388
1952 3782 439002.838651668 4524384.535323333
2074 3782 441437.9677215458 4524384.665545239
2562 3782 451198.59705889097 4524383.612226812
2623 3782 452419.2347672298 4524383.177265886
2867 3782 457303.5488663563 4524382.970703008
2928 3782 458518.7363386857 4524381.927253594
3904 3782 478042.2452007397 4524383.527552547
3965 3782 479261.6856204873 4524383.2030271385
4026 3782 480482.20076134085 4524383.5438808985
4514 3782 490241.7007964167 4524383.563241726
4575 3782 491458.7989020675 4524383.093927129
4819 3782 496342.56835993694 4524381.890837694
5063 3782 501222.501379147 4524383.0210060375
5246 3782 504882.3667713817 4524380.831829048
5429 3782 508539.29116131034 4524383.6260735765
1159 3843 423142.18016062275 4523164.139494786
1220 3843 424362.2873428169 4523163.278651617
1281 3843 425583.6303657204 4523163.482001468
1464 3843 429243.6408064893 4523161.869885861
1647 3843 432901.50712362817 4523161.53595164
1952 3843 439001.9639353293 4523164.657636935
2501 3843 449981.7234319546 4523163.281479863
2562 3843 451202.1753438926 4523162.846671622
2684 3843 453641.13403513335 4523162.758259398
2806 3843 456082.7105211659 4523164.121741019
4087 3843 481701.8355354146 4523162.854836053
4148 3843 482921.82619155536 4523162.567110634
4392 3843 487798.36555030313 4523163.994031338
4514 3843 490242.1578255978 4523167.2628386235
4575 3843 491463.1448557046 4523162.4099271055
5002 3843 500001.8863891302 4523162.322976761
5307 3843 506103.2182338865 4523162.439429961
5429 3843 508542.30576013867 4523164.316744565
1220 3904 424358.66833213414 4521943.681643877
2623 3904 452423.03580452484 4521942.19369122
2745 3904 454861.8987906579 4521942.150253087
2867 3904 457297.84306868364 4521944.781206805
2928 3904 458516.9938642399 4521941.998748893
4087 3904 481702.97287112364 4521943.322217133
4270 3904 485361.58296654775 4521943.7386591565
4392 3904 487801.1501653827 4521942.78034885
4514 3904 490242.3717685083 4521943.052474815
5063 3904 501221.47835784423 4521943.19632867
5307 3904 506101.8520846987 4521942.280962362
1464 3965 429242.4444975842 4520724.605791435
1525 3965 430460.37960294064 4520720.503555066
4270 3965 485363.4996653407 4520723.646306237
4331 3965 486583.1756896186 4520724.262929029
4575 3965 491461.9213673103 4520723.164553446
5185 3965 503662.2467390839 4520721.139473249
5307 3965 506101.43451617646 4520722.992932901
5368 3965 507317.6144857699 4520723.529434091
1403 4026 428021.1849493329 4519504.564283342
1525 4026 430463.02503019007 4519503.215858674
2440 4026 448763.00804703834 4519502.846420273
4392 4026 487799.20525315567 4519503.908924948
5063 4026 501221.81570119545 4519504.422342591
1647 4087 432902.51270585944 4518283.830395478
2684 4087 453643.93148408656 4518282.613324954
2806 4087 456082.42217467894 4518283.921811406
2928 4087 458519.47414380684 4518284.7955316175
3477 4087 469502.49279118906 4518282.962157005
5002 4087 499998.4585014468 4518283.824764568
5185 4087 503662.09620100283 4518283.148832952
5246 4087 504881.82812898135 4518282.748614094
1586 4148 431681.9832168939 4517061.6547139585
2562 4148 451200.73009979125 4517063.599008042
3477 4148 469497.84740075096 4517063.171985987
3599 4148 471941.8690864635 4517061.978748393
3660 4148 473159.78889032535 4517064.908966697
5124 4148 502442.75937074365 4517062.166328065
2623 4209 452422.0045733686 4515844.244295225
3843 4209 476821.73731525603 4515842.609333628
5185 4209 503661.50570780615 4515843.712395218
2806 4331 456082.12397908606 4513403.487482579
2867 4331 457297.0076833227 4513403.747517199
3050 4331 460961.76187280955 4513404.25062226
4941 4331 498778.97763639875 4513404.580599319
2867 4392 457303.7413806058 4512183.45340405
2989 4392 459742.29356268706 4512184.640930379
3477 4392 469500.174722318 4512185.110206918
3538 4392 470721.00605805777 4512183.35773292
3599 4392 471942.4477154351 4512183.487883028
3050 4453 460961.0364144501 4510963.925090547
3355 4453 467062.0613498469 4510963.991904686
3599 4453 471939.41559284285 4510964.398470456
5002 4453 499998.42315992987 4510962.810420214
5246 4453 504878.9437678947 4510962.8355401065
2928 4514 458518.1568960247 4509742.428636821
3111 4514 462182.0427455403 4509744.142958967
3172 4514 463402.4267237562 4509744.867902734
3355 4514 467060.89689473296 4509744.626285878
3355 4575 467063.05478752265 4508523.610864446
5063 4575 501222.34605555335 4508523.23962615
5185 4575 503661.1950420144 4508522.938452147
2928 4636 458517.8137628554 4507304.756591057
2989 4636 459737.4470705533 4507302.93983803
3477 4636 469502.3816522026 4507304.771919427
3660 4636 473162.0106109461 4507304.689524543
3721 4636 474377.24707936466 4507304.495226861
5124 4636 502441.43660622323 4507301.990207752
5185 4636 503661.9212284631 4507301.903177503
2928 4697 458517.98359027354 4506083.411909558
2989 4697 459740.1652908764 4506080.268008059
3111 4697 462182.320644128 4506084.62486981
3172 4697 463401.6989935489 4506082.75062006
3355 4697 467058.14260920545 4506083.886490495
3416 4697 468281.5977675724 4506083.918665253
5063 4697 501221.09150834347 4506083.633915842
5307 4697 506103.3214125413 4506082.163584074
2928 4758 458522.47392639547 4504864.688200138
3599 4758 471941.7008804097 4504863.724740931
3660 4758 473160.7612776283 4504863.887955062
3721 4758 474382.4559626721 4504863.596525161
5124 4758 502442.3969726056 4504862.681063585
5185 4758 503660.9895292711 4504863.684491484
5307 4758 506101.2908202993 4504862.283833736
3050 4819 460962.2538674603 4503643.863617039
3416 4819 468280.67297248245 4503643.106673105
3660 4819 473161.2295832182 4503644.201406957
5307 4819 506098.5338278682 4503643.853525324
3599 4880 471942.42807980935 4502424.4891205
3721 4880 474378.533930508 4502424.067299246
3782 4880 475601.2862686229 4502423.805871495
5124 4880 502441.93580850714 4502422.945336011
5429 4880 508542.683529515 4502423.508655431
3660 4941 473161.90901821473 4501204.332081495
5124 4941 502440.6358419907 4501202.48251113
5185 4941 503658.6980693139 4501202.934902526
5246 4941 504878.842651316 4501203.123316922
5368 4941 507322.7477222464 4501203.612707967
3050 5002 460962.49452464073 4499984.221456394
3355 5002 467062.4219895794 4499983.775442791
3660 5002 473162.1626537068 4499984.175297435
5246 5002 504881.684699131 4499983.672838494
5429 5002 508541.0827230511 4499982.255056209
2867 5063 457302.3179723783 4498763.293396931
2928 5063 458521.24809023173 4498763.953548697
5307 5063 506101.7819585649 4498764.076624253
5368 5063 507321.6077802316 4498763.72992474
5429 5063 508538.20942825626 4498764.156316219
2745 5124 454861.6012536366 4497544.5486284485
2928 5124 458521.19585348136 4497544.168600178
5185 5124 503662.57174821326 4497543.784257363
5246 5124 504882.4917334641 4497542.885578781
5307 5124 506101.8683488355 4497542.615213261
5185 5185 503661.1755048191 4496323.191915706
5368 5307 507321.3139130568 4493881.56534283
5429 5307 508541.63429892634 4493882.701882045
5429 5429 508541.51142262266 4491442.511469312
