122 0 401180.4831425968 4600018.291354499
854 0 408499.32803232723 4600019.181793343
4026 0 440220.7912341457 4600018.685284497
6832 0 468279.3095827829 4600020.316760558
122 122 401182.07257010025 4598798.958112447
366 122 403621.7656571401 4598798.409917017
610 122 406062.1707159211 4598798.298278411
732 122 407279.7272887129 4598798.51748864
854 122 408500.39210759645 4598798.598639885
976 122 409719.23973100004 4598797.780919693
2074 122 420699.6990216324 4598798.76894252
3050 122 430460.28679536516 4598799.115167716
4026 122 440219.0361535995 4598798.466771385
5246 122 452420.7629648234 4598797.659183922
6222 122 462178.88464984327 4598798.4428167185
6466 122 464622.53707812 4598797.220561325
6710 122 467061.45600775286 4598797.928460266
6954 122 469499.58303406823 4598798.248346814
7198 122 471940.0420616658 4598799.951726769
7442 122 474381.7650640551 4598796.583093847
7564 122 475600.4368153838 4598798.133577419
122 244 401181.5375252415 4597578.401122119
244 244 402401.4884538871 4597578.776875127
732 244 407280.4887529788 4597579.456592736
854 244 408501.32899272535 4597578.146981401
976 244 409721.842802312 4597578.225451543
1708 244 417041.27186937426 4597578.45765559
2074 244 420701.61654806643 4597578.118791713
5368 244 453639.3081670581 4597578.089062011
5734 244 457301.11016284226 4597577.975984572
6710 244 467061.6323035071 4597577.414606261
7076 244 470720.8008690475 4597578.1842926545
7320 244 473161.6006012388 4597577.3866979685
0 366 399960.56557443185 4596358.815937696
122 366 401180.84211428487 4596358.720807325
610 366 406060.88318177825 4596359.115149821
732 366 407281.9736409789 4596358.69461886
1220 366 412161.32621566736 4596358.965159518
1708 366 417038.19836890267 4596360.79289343
2196 366 421920.95586980856 4596358.243260116
3782 366 437779.89356684877 4596360.084688202
4148 366 441440.47938341275 4596358.759699618
6710 366 467061.3107128676 4596358.184343879
7686 366 476820.75452645123 4596357.840237766
7808 366 478040.1316704175 4596357.5355986105
0 488 399962.5172931529 4595137.71806872
122 488 401181.6655517727 4595138.288775248
732 488 407281.39425092924 4595138.359584923
854 488 408498.80191471253 4595138.58542987
976 488 409722.48345497344 4595137.430167961
1708 488 417038.1660690788 4595138.572837691
1830 488 418260.9975891272 4595137.794435091
2074 488 420699.22068410914 4595138.40494194
4270 488 442661.5782899333 4595138.376100517
4758 488 447542.5122372732 4595138.031714551
6222 488 462181.94454924384 4595137.653223223
6588 488 465840.85664825095 4595137.286246675
6710 488 467060.5086651497 4595138.038582652
6832 488 468280.3863692443 4595138.688149895
0 610 399961.8824863191 4593918.294648439
122 610 401182.13244490436 4593917.842472252
610 610 406061.1227042621 4593921.161142198
854 610 408501.815472162 4593918.40586961
976 610 409720.39356327406 4593917.915005637
2074 610 420698.77896448836 4593918.002628284
4148 610 441441.6751301619 4593917.580985052
4270 610 442661.7436009498 4593918.421094133
4514 610 445101.2753424264 4593918.202654237
4636 610 446320.5274507899 4593917.938649169
4758 610 447541.4626204237 4593917.949885953
6588 610 465841.3297296687 4593917.68588391
6710 610 467061.9075285485 4593918.547734503
6954 610 469501.7521348514 4593918.465276727
244 732 402400.96613204846 4592698.343906833
610 732 406060.0994785895 4592699.916022311
732 732 407282.004090648 4592698.243277103
976 732 409719.51678654354 4592698.735334627
1098 732 410939.3245768997 4592698.2927895645
1586 732 415820.8397988088 4592699.029828749
1708 732 417038.1230164762 4592698.6367735835
1830 732 418258.20864286425 4592697.868305019
2074 732 420699.83220119256 4592699.873526463
2440 732 424361.18721216527 4592700.468996704
4026 732 440222.37517843104 4592697.358206128
4148 732 441442.53442828864 4592697.848673848
4636 732 446321.732747839 4592698.292656375
5246 732 452422.19373429706 4592698.121376117
6710 732 467061.533590743 4592698.108011804
6832 732 468281.0811391759 4592698.40155538
610 854 406061.74356221437 4591478.089725353
854 854 408502.2153256751 4591478.832455381
976 854 409721.99308797636 4591479.240560763
1098 854 410942.2677416844 4591478.139859288
1586 854 415820.86803605 4591478.741634847
1830 854 418259.431070529 4591478.966527743
3782 854 437781.19628530904 4591478.880937778
3904 854 438999.3671723467 4591478.441507418
4026 854 440221.7829458216 4591477.658872339
4148 854 441442.42032110126 4591478.246511534
4880 854 448761.48654265393 4591478.029038434
5246 854 452421.3661250366 4591477.267976485
5490 854 454860.0731091501 4591478.081992188
6832 854 468281.4509637061 4591478.541793113
6954 854 469500.72929002345 4591478.829219576
7076 854 470721.8134329999 4591477.868810048
7320 854 473161.5169414578 4591477.97716555
7442 854 474380.3520522902 4591477.8640167415
7564 854 475599.52126159053 4591477.821996877
488 976 404841.2818223474 4590258.638225654
1830 976 418261.75713081117 4590259.193619453
2196 976 421919.08042404643 4590258.262351698
4270 976 442659.2637122667 4590258.006803456
4514 976 445101.4143054817 4590257.916437205
5124 976 451199.27279419784 4590259.1674271105
5246 976 452422.44896203803 4590257.628510714
5734 976 457302.3307740407 4590258.278883484
6710 976 467059.3371342792 4590258.331846456
6832 976 468281.50661352405 4590257.490256259
7076 976 470720.5494901182 4590258.482413606
488 1098 404841.5294316637 4589038.635811932
610 1098 406059.4693598302 4589038.504520803
1220 1098 412160.605232703 4589038.822907453
1342 1098 413380.62892492657 4589038.323491916
1586 1098 415820.24851002387 4589038.298621544
3538 1098 435341.50151864835 4589037.392409018
4514 1098 445102.08372586785 4589037.927122848
4636 1098 446321.77846046415 4589038.188136191
5124 1098 451201.1540692011 4589036.305278391
5246 1098 452421.3690732975 4589037.07721707
5612 1098 456081.07299140666 4589037.450929387
5856 1098 458521.43684552296 4589038.632656763
5978 1098 459740.86824047705 4589038.473122269
6954 1098 469501.2703617937 4589037.810172562
7076 1098 470721.6577831123 4589037.878146974
7320 1098 473159.2284057681 4589038.762680488
7930 1098 479261.7572621949 4589037.301472196
488 1220 404841.03033982834 4587818.981660536
1098 1220 410942.79490936437 4587818.446760473
1220 1220 412161.5058010711 4587818.589782771
1342 1220 413380.5513717124 4587818.590285604
1708 1220 417041.83429204323 4587817.948752972
2074 1220 420700.83010164637 4587818.889464426
2196 1220 421920.41155510064 4587819.1153491745
3660 1220 436561.8112884868 4587817.512291707
4148 1220 441441.79187960137 4587818.312804178
4636 1220 446321.36326501815 4587817.979156697
4880 1220 448761.6618529384 4587818.118659361
5002 1220 449981.8550740103 4587818.359678789
5246 1220 452418.83944037283 4587818.201757684
5490 1220 454859.0169765028 4587817.721803171
5612 1220 456081.5480458335 4587818.264039293
6710 1220 467061.7035406047 4587817.267533872
6954 1220 469501.5244451862 4587817.320093822
7076 1220 470721.32248115074 4587818.351865413
8052 1220 480481.1066469905 4587817.07707806
122 1342 401179.2318090442 4586599.140887447
366 1342 403621.7317868941 4586599.714987416
1830 1342 418261.20184499887 4586598.330643225
2562 1342 425578.77989732014 4586597.453951312
2684 1342 426801.3847457887 4586598.78767331
4026 1342 440221.17046589864 4586598.235564953
4270 1342 442661.074779513 4586598.304134268
4392 1342 443881.012248865 4586600.580040994
4758 1342 447538.62804472505 4586597.508519631
4880 1342 448761.4873685295 4586597.503234758
5124 1342 451201.26374610484 4586598.688152846
5246 1342 452421.21345942764 4586597.975976849
5490 1342 454861.4574039374 4586596.842015546
5856 1342 458521.6616370853 4586598.029282336
6100 1342 460961.5848299382 4586597.908330582
6222 1342 462180.6266413484 4586598.337344606
6344 1342 463399.66519883386 4586598.40442149
7320 1342 473161.7875480649 4586599.1765348
7442 1342 474381.8285289078 4586599.343612497
7686 1342 476822.0424233446 4586597.481993205
610 1464 406060.35044778406 4585379.049142289
1098 1464 410939.48150066426 4585378.602984234
1342 1464 413381.5277723019 4585378.95617905
2074 1464 420701.03800978296 4585378.9212747505
2318 1464 423141.6825419507 4585378.741849303
2806 1464 428018.2440862515 4585377.472758815
3172 1464 431681.88130083 4585377.607290798
4270 1464 442659.5624610531 4585378.348308873
4392 1464 443880.8483418822 4585378.655846443
4880 1464 448760.0028087046 4585380.002518247
5368 1464 453639.02393740206 4585377.742748697
5856 1464 458521.27416812174 4585377.215801017
5978 1464 459742.5657553839 4585378.315960579
6466 1464 464620.5647550746 4585379.121891711
6832 1464 468282.47608202416 4585377.299690746
7442 1464 474380.9830192424 4585378.815558249
7564 1464 475602.05492621777 4585381.299224613
122 1586 401178.4647565823 4584158.570948121
1098 1586 410941.18478378246 4584158.717295409
1464 1586 414601.42639255064 4584158.837678789
1708 1586 417039.0635727784 4584157.968146484
1952 1586 419481.14678381634 4584158.592621932
2440 1586 424361.2745984306 4584158.566630343
2562 1586 425578.1368111234 4584158.946446895
2684 1586 426801.33186875907 4584158.793832951
3660 1586 436559.29708078795 4584158.111938014
4514 1586 445100.6015394579 4584158.16178149
4636 1586 446319.00146775413 4584158.184467197
5612 1586 456080.96446237713 4584157.077520498
6222 1586 462180.9286202752 4584157.91158646
6344 1586 463401.4499189467 4584158.104940037
7076 1586 470720.82038874604 4584156.86616877
7320 1586 473160.8396443525 4584158.9543654295
7564 1586 475598.853688022 4584158.347298602
7686 1586 476819.37919530016 4584157.410108213
7930 1586 479260.9996676952 4584158.122247243
8052 1586 480481.0427744355 4584157.796163215
732 1708 407279.26502565877 4582938.983577829
854 1708 408501.1607929196 4582938.007702179
976 1708 409721.7279360236 4582937.670005959
2196 1708 421920.2822295097 4582940.683993594
2440 1708 424361.3747243592 4582938.657739933
2684 1708 426801.23267612286 4582938.0955162
2928 1708 429241.0404792517 4582938.71094783
3294 1708 432901.9223882604 4582937.77291244
3538 1708 435342.619255902 4582937.490661089
4026 1708 440222.89389888407 4582937.4556305865
5124 1708 451201.8945955312 4582937.121270886
6344 1708 463402.4042095055 4582937.532395497
6466 1708 464621.186961883 4582938.452875066
6710 1708 467059.0196305114 4582937.386902664
6832 1708 468281.12145199836 4582937.836260777
7076 1708 470721.9580773106 4582937.4145004535
7320 1708 473160.47554110567 4582938.466570978
7442 1708 474380.4971913932 4582938.470884705
7686 1708 476821.65940239513 4582936.945425151
7808 1708 478041.33961924765 4582936.8848935235
7930 1708 479261.2103002203 4582938.071288809
8174 1708 481699.381880673 4582938.854679865
488 1830 404841.06721425394 4581718.032704916
1342 1830 413381.32510439685 4581718.829698455
1708 1830 417040.3085954206 4581719.223039488
1952 1830 419478.1058605649 4581718.05988831
2074 1830 420701.92609985435 4581718.862007956
2318 1830 423141.6712142901 4581718.829720564
2440 1830 424361.0159513941 4581718.188236298
3660 1830 436559.7582156957 4581717.553270612
4148 1830 441438.72607127536 4581718.461467919
4270 1830 442661.95136511006 4581717.580113844
6588 1830 465839.7171779597 4581718.35676934
6710 1830 467058.72669317195 4581717.845447566
7076 1830 470720.81901263585 4581717.310396237
7198 1830 471939.24923740147 4581718.231393063
7442 1830 474381.6381712618 4581718.22488565
7564 1830 475601.10965015885 4581718.5334916655
7686 1830 476821.5131312894 4581717.526733
7808 1830 478041.8344871695 4581716.561046352
7930 1830 479261.6399891917 4581717.641743354
8052 1830 480481.68693500705 4581717.727916906
8174 1830 481701.1339736599 4581718.281286198
8296 1830 482920.45658776513 4581718.449092408
122 1952 401180.9506509862 4580498.8904536
854 1952 408502.6707152494 4580498.364118515
1220 1952 412160.7351456577 4580498.012587738
1464 1952 414600.69839238457 4580499.062522632
1586 1952 415819.2997932702 4580498.335756983
1708 1952 417040.902739898 4580499.107066479
2074 1952 420701.4262789877 4580498.234536622
2196 1952 421921.825433759 4580498.320365673
3904 1952 439001.66213732114 4580498.122132923
5246 1952 452421.2823221999 4580497.794405489
5368 1952 453640.72244487813 4580498.358397013
6710 1952 467059.26106476586 4580498.337409107
6832 1952 468278.5848418607 4580498.1058988515
7198 1952 471941.94391003513 4580496.780991306
7320 1952 473161.3101177431 4580497.994567322
7442 1952 474380.99196409003 4580497.935388748
7564 1952 475601.45358619886 4580497.798302791
7686 1952 476821.3027086683 4580498.218307969
7930 1952 479261.3406248104 4580496.626490362
8540 1952 485359.5829657711 4580498.094989707
0 2074 399961.2899019052 4579278.514531413
122 2074 401181.3179831204 4579279.052897059
854 2074 408501.63746514183 4579278.520206197
1586 2074 415821.4233823096 4579277.913624471
1708 2074 417040.89795382327 4579278.245559264
1830 2074 418259.4081849549 4579278.813982018
2196 2074 421918.2940039447 4579277.933137439
2318 2074 423140.82616369624 4579279.1029255
2928 2074 429240.58289027185 4579278.291266116
3782 2074 437781.8907136522 4579277.337260733
3904 2074 439001.36495691695 4579277.69834171
4026 2074 440221.73632664495 4579276.788531779
4758 2074 447541.3351548366 4579277.576141376
5246 2074 452422.0954417691 4579277.673049304
5368 2074 453640.7722263953 4579278.130542285
6832 2074 468281.6663377536 4579278.463317467
7442 2074 474381.9618802807 4579277.643864322
7564 2074 475601.61456245655 4579277.611616639
8052 2074 480479.0060516835 4579278.087798052
8174 2074 481701.95132510894 4579277.866351447
488 2196 404838.95182513184 4578058.899231061
854 2196 408501.8147023909 4578058.994230814
1342 2196 413381.348628311 4578058.478207605
2074 2196 420698.6439511287 4578057.968901175
2318 2196 423142.82245306246 4578057.530467615
2928 2196 429240.5962544618 4578057.79480084
4026 2196 440222.45505898754 4578057.523518854
4636 2196 446321.3127103696 4578057.641438628
6832 2196 468280.6305492289 4578058.819123273
6954 2196 469499.110551099 4578058.735856999
7076 2196 470719.7077689634 4578057.885053886
7198 2196 471939.52478578617 4578058.09248695
7320 2196 473160.681149616 4578057.523449837
7686 2196 476821.43001185526 4578057.599361659
8052 2196 480481.0970581852 4578057.657111268
8174 2196 481699.48341153096 4578056.96055232
8296 2196 482919.2791467147 4578057.599835806
854 2318 408501.83198045805 4576838.611382388
1464 2318 414598.20865064557 4576837.082608203
2684 2318 426798.6873596929 4576838.923716704
3172 2318 431681.4023209089 4576837.584968943
4026 2318 440220.773434519 4576837.525294112
4392 2318 443881.0057925177 4576838.972236846
6710 2318 467061.71748580114 4576838.073869458
6832 2318 468280.8167439701 4576838.195678194
7076 2318 470720.99203971215 4576838.117688524
7686 2318 476821.1454673318 4576837.445268743
7808 2318 478041.79619701026 4576838.367829526
8296 2318 482920.7852114256 4576837.272830461
8418 2318 484142.145524259 4576836.937975292
244 2440 402401.0292929856 4575619.187228308
366 2440 403620.89431265567 4575618.951181172
2684 2440 426801.1312036065 4575618.3965533525
3538 2440 435341.4432934051 4575616.933747523
4026 2440 440218.64669835736 4575620.392511865
4758 2440 447540.82483734033 4575617.818239152
4880 2440 448758.9363200138 4575617.488711101
5124 2440 451201.3115194195 4575618.285267831
7198 2440 471939.19029749505 4575619.0295022195
7930 2440 479261.6389370086 4575618.024940093
8052 2440 480478.9767288144 4575618.139385895
8174 2440 481701.65404754685 4575618.760161341
8540 2440 485362.07077534474 4575616.925705911
8784 2440 487801.4834681551 4575618.0878723655
0 2562 399960.43073485204 4574398.175791542
366 2562 403621.5500580058 4574398.6677404195
1220 2562 412161.63783627644 4574400.8246181905
1952 2562 419481.2723806717 4574398.428718681
2684 2562 426801.27419400547 4574398.9222745085
3416 2562 434121.8643222027 4574397.761916818
4148 2562 441439.1934131201 4574396.978445614
4392 2562 443879.4096487334 4574398.036269482
5368 2562 453640.3857205582 4574398.713206399
5734 2562 457302.9440860813 4574398.441887859
7442 2562 474379.27765660186 4574398.42506572
8174 2562 481700.90184132947 4574398.793322117
8418 2562 484140.5716760914 4574397.142796206
8784 2562 487802.22345079045 4574397.369745202
244 2684 402401.4572094915 4573177.7923699925
610 2684 406060.5250245358 4573179.688799575
1098 2684 410938.32411576284 4573177.957945139
2806 2684 428020.5513124838 4573178.658553909
3050 2684 430458.935390743 4573177.597784156
3782 2684 437780.3384836506 4573179.278035469
5368 2684 453639.0885454911 4573178.4277517665
5490 2684 454858.8984498721 4573178.691518514
7076 2684 470720.97664350347 4573178.757113777
7564 2684 475601.39397542714 4573177.80422126
7686 2684 476820.7667659913 4573178.7264246605
7930 2684 479261.268064445 4573177.018424593
8052 2684 480482.2049655496 4573177.664926167
8174 2684 481701.32030805864 4573177.8395312335
8418 2684 484141.81212223065 4573178.302430792
8662 2684 486581.74751917005 4573177.528171958
10736 2684 507321.6959521884 4573178.444702026
854 2806 408500.9233757892 4571958.492024734
3294 2806 432900.7844984364 4571958.171261896
3660 2806 436561.6232274595 4571958.887239634
4636 2806 446321.8057121207 4571958.815415092
4758 2806 447540.7434527419 4571958.435921973
5002 2806 449981.88101791264 4571958.024495391
5368 2806 453641.7214322796 4571957.963621125
5490 2806 454861.1466243692 4571958.884117571
5612 2806 456081.1668375877 4571957.585215553
6710 2806 467061.41180217976 4571957.206806896
6954 2806 469500.966336906 4571958.1049165055
7076 2806 470720.6153288846 4571958.270710721
7198 2806 471942.33861989935 4571959.362019865
7320 2806 473162.1072412849 4571957.686800846
7442 2806 474381.10944168095 4571957.757932844
7564 2806 475601.67211733066 4571958.615868947
7686 2806 476820.59693887056 4571958.128634729
7930 2806 479260.785521812 4571957.018843311
8174 2806 481701.5489801027 4571957.05784814
8418 2806 484140.6586764159 4571958.035365361
8540 2806 485361.1744557945 4571958.501137306
488 2928 404841.6755036803 4570738.7595458925
610 2928 406059.9057268654 4570737.990460908
732 2928 407282.0847911136 4570739.274921699
1098 2928 410938.401945131 4570738.05716332
1830 2928 418258.8191037749 4570737.464905419
2562 2928 425578.63074340206 4570738.203590244
3416 2928 434119.09115643875 4570738.02441236
3538 2928 435338.12940707046 4570737.717952196
5368 2928 453640.97431961494 4570738.17790632
5490 2928 454858.12968865293 4570738.779889527
5612 2928 456078.14126435225 4570738.600122838
5734 2928 457298.5651016796 4570738.578064329
5856 2928 458518.5534315118 4570737.616874584
7198 2928 471941.3137756666 4570738.493756837
7320 2928 473161.1478258027 4570738.301686143
7564 2928 475599.3478450296 4570737.355002523
7686 2928 476820.468726717 4570737.824695754
8052 2928 480481.5613953117 4570737.552148868
8296 2928 482921.54644575896 4570737.461409663
8418 2928 484141.6623439958 4570737.684209085
8540 2928 485361.92225809174 4570738.10045311
854 3050 408501.5577380861 4569518.96970945
976 3050 409721.04471588274 4569519.130650458
1220 3050 412160.91411355423 4569518.335919623
2806 3050 428022.0074374528 4569518.206703239
5246 3050 452421.5676971406 4569517.213762839
5490 3050 454860.61264933675 4569518.585462204
5734 3050 457298.359100958 4569518.096083156
7564 3050 475600.8430750608 4569518.076365786
7686 3050 476821.72416954837 4569517.8708977215
7930 3050 479261.2374061689 4569518.019246638
8052 3050 480482.0846824308 4569518.036695379
8174 3050 481702.155571437 4569516.908561479
8418 3050 484141.4466330964 4569517.929470098
8662 3050 486581.9552282662 4569518.16359966
8906 3050 489021.41430217266 4569518.400438783
9028 3050 490241.29363081144 4569517.756207603
10614 3050 506099.6253001343 4569518.314257839
854 3172 408501.4769667658 4568299.0717359185
976 3172 409722.0968826433 4568298.3551585665
1220 3172 412161.60498321766 4568298.136919887
3660 3172 436558.49288430304 4568298.913251463
3782 3172 437781.1407917365 4568297.6728408495
3904 3172 439001.4580557735 4568299.29184601
4026 3172 440219.0811821916 4568298.784850998
4270 3172 442659.23152766 4568298.786692824
4392 3172 443881.5138285973 4568298.424099528
4880 3172 448762.14094728936 4568299.123528086
5490 3172 454861.2527433295 4568297.498136289
5612 3172 456078.1933312417 4568297.621125107
7076 3172 470718.53696512466 4568297.633777796
7320 3172 473161.08445607463 4568297.2253587805
7442 3172 474381.79323257064 4568296.930041576
7686 3172 476821.13696582447 4568298.009433019
7808 3172 478041.09639078303 4568298.255975282
7930 3172 479261.3645356938 4568298.363271024
8052 3172 480478.8315393019 4568298.087775901
8174 3172 481698.827212727 4568298.228565852
8296 3172 482919.6807418736 4568297.50744744
8540 3172 485361.45183897426 4568297.290474598
8784 3172 487801.5116488533 4568297.485456654
8906 3172 489021.5929182735 4568298.105998662
9150 3172 491459.248551251 4568297.859814459
9516 3172 495121.9381145725 4568297.970112319
10736 3172 507321.3647493087 4568296.71990628
854 3294 408502.01416406425 4567079.217275076
1342 3294 413381.74993516353 4567078.33708759
1586 3294 415821.4317873359 4567077.397255354
4026 3294 440218.9293943623 4567078.292089087
4514 3294 445101.13389590965 4567078.612538925
5612 3294 456081.459189383 4567077.620626805
5856 3294 458521.3463518503 4567078.643285741
6466 3294 464622.56904900086 4567076.570928091
7198 3294 471941.36350426 4567078.069075066
7564 3294 475602.12201932544 4567076.953507843
7930 3294 479260.7209035882 4567078.403709209
8052 3294 480481.63201852195 4567078.181942851
8174 3294 481701.13012898987 4567077.856955433
8296 3294 482921.0253661027 4567077.361260118
8540 3294 485360.56194088847 4567077.274780334
8784 3294 487799.3339745529 4567077.904183096
9028 3294 490241.15085888084 4567078.517043648
9150 3294 491460.4768947882 4567078.659653529
9272 3294 492681.3837214362 4567078.67012806
9394 3294 493901.29526287963 4567077.3533666
9516 3294 495121.31048455223 4567077.990125958
9638 3294 496342.0035286115 4567077.784815197
10614 3294 506102.5964964357 4567077.676666953
10736 3294 507321.1782942474 4567077.901878349
10858 3294 508541.59017947025 4567077.629734975
0 3416 399960.7275661784 4565859.308701557
1220 3416 412161.6431443404 4565858.656119187
1342 3416 413381.60893335624 4565858.543038789
3294 3416 432902.2369206173 4565858.38002926
3416 3416 434121.7576528066 4565857.100671304
4026 3416 440219.8393567363 4565858.540199638
4514 3416 445099.93820006493 4565858.527564032
5002 3416 449981.4840506428 4565858.522269515
5368 3416 453641.9710801185 4565858.091357613
5978 3416 459741.6796618531 4565857.571338666
6100 3416 460961.4380096723 4565858.716260942
6954 3416 469501.499150654 4565857.764731815
7442 3416 474378.8271120804 4565857.870312689
7564 3416 475601.8781725682 4565856.714222361
7686 3416 476820.86049387034 4565857.440833647
7930 3416 479260.793155849 4565858.159866516
8052 3416 480481.14742230636 4565858.255263322
8174 3416 481699.0735498171 4565858.087585574
8540 3416 485358.97613038536 4565857.4851796115
8784 3416 487801.77433198993 4565857.620363456
9150 3416 491461.04471939174 4565858.264539007
9516 3416 495121.5520483782 4565857.800703891
9638 3416 496341.18182310514 4565856.838367289
9760 3416 497561.40175518545 4565857.670294045
10614 3416 506101.4276439523 4565857.280352609
122 3538 401179.46718926367 4564638.070935374
610 3538 406061.57672117266 4564638.651990102
4026 3538 440220.332235359 4564637.952530427
4148 3538 441439.25184861734 4564638.67196392
4636 3538 446317.8444169866 4564637.658274239
5368 3538 453638.83024081204 4564638.767621927
5490 3538 454861.104289596 4564637.687562996
6344 3538 463401.2327353996 4564637.983104423
6588 3538 465841.4051573053 4564638.582066307
6832 3538 468278.9199372166 4564638.078722147
6954 3538 469498.44422896183 4564638.337614347
7198 3538 471941.2420060397 4564638.377448469
7564 3538 475601.89549868146 4564637.278824362
7808 3538 478041.1288507362 4564636.939665214
7930 3538 479262.09764903964 4564637.459809713
8052 3538 480480.5821778418 4564639.056066432
9028 3538 490240.9555008332 4564637.547138376
9272 3538 492681.0190530951 4564638.8080144925
9394 3538 493901.2748296267 4564638.003873595
10004 3538 500001.58462786424 4564637.183818124
10736 3538 507321.389160537 4564638.012735233
244 3660 402398.3578708521 4563417.544738887
1342 3660 413381.5877266212 4563417.876250806
4636 3660 446321.3988990352 4563418.31720729
5978 3660 459740.2709220627 4563419.733752665
6466 3660 464620.9070003898 4563418.051112962
6588 3660 465839.3879528483 4563417.546199413
7076 3660 470718.36153524136 4563418.518249073
7198 3660 471941.90150082053 4563417.747460877
7320 3660 473160.8690730379 4563417.9704163885
7686 3660 476821.1747004043 4563417.696017835
7808 3660 478041.87122946477 4563417.493321528
7930 3660 479261.413380983 4563417.275168351
8052 3660 480481.4727891968 4563417.639442656
8174 3660 481699.10134887835 4563417.67331631
8296 3660 482920.82133505563 4563418.09086376
8418 3660 484140.2032621149 4563418.34014507
9150 3660 491461.5297381879 4563418.114501561
9272 3660 492681.2817961283 4563417.723533015
10492 3660 504881.0142836562 4563416.824826806
10858 3660 508542.4753631011 4563417.633378289
1586 3782 415821.2872714963 4562198.930268188
1708 3782 417039.02079173794 4562198.737596289
3904 3782 439001.2007867233 4562198.218964042
4758 3782 447539.459191256 4562198.5968767125
5734 3782 457300.8289823705 4562198.952131882
5978 3782 459741.38231311855 4562197.439648673
6710 3782 467061.483132148 4562197.899734648
7320 3782 473158.6480462354 4562198.35621663
7808 3782 478040.8879511677 4562197.741649969
8296 3782 482920.67689278326 4562198.111859872
8418 3782 484140.9303569931 4562197.633584579
8540 3782 485361.22451078286 4562198.275927936
8784 3782 487801.04451731953 4562197.753661737
9272 3782 492680.78422823583 4562198.018319488
9394 3782 493899.8619944574 4562198.518424653
9516 3782 495118.98216640763 4562197.6226258
9760 3782 497561.3602804496 4562198.133069356
9882 3782 498781.3686681368 4562198.392361846
10492 3782 504882.18477173 4562197.122837246
366 3904 403621.2655097958 4560978.914388289
1586 3904 415821.082267023 4560978.551808905
5612 3904 456081.73961149715 4560978.553670202
5856 3904 458521.0731701853 4560978.130111844
5978 3904 459741.11500555003 4560977.437319979
6344 3904 463402.58449299855 4560977.704674238
6832 3904 468281.0981685939 4560978.103689574
7198 3904 471941.2294145553 4560977.376032066
7320 3904 473161.1844548429 4560978.116204476
7442 3904 474381.4709914729 4560978.492683109
7564 3904 475601.76569830166 4560977.788839699
7686 3904 476818.96382931806 4560978.371307733
8052 3904 480481.8480606092 4560976.803520497
8174 3904 481702.9701981661 4560976.863623146
8418 3904 484138.74691964855 4560977.707017579
8662 3904 486582.2281383754 4560977.511929885
8784 3904 487798.5990267872 4560978.290321999
8906 3904 489020.9448398342 4560977.566453295
9394 3904 493901.03266653896 4560978.129692437
9638 3904 496340.7757287378 4560977.913487011
9760 3904 497561.07225677255 4560978.776682769
9882 3904 498780.81154681445 4560978.178227603
10248 3904 502440.5771524989 4560978.131529702
1586 4026 415821.40064145345 4559758.24979363
5002 4026 449978.69016755064 4559758.56447817
5978 4026 459741.36652809393 4559757.952737688
6100 4026 460959.08349110605 4559757.839591366
7076 4026 470722.1407986111 4559757.514469201
7198 4026 471940.7862255256 4559757.213794109
7808 4026 478041.33301350573 4559758.092545999
7930 4026 479261.298573181 4559757.379858112
8052 4026 480481.1287689803 4559757.3895494295
8296 4026 482921.8186637911 4559756.0921847755
8418 4026 484141.4134237562 4559758.088010259
8662 4026 486580.54617240815 4559758.4060190655
8906 4026 489021.6014232819 4559758.11621762
9638 4026 496339.2466612959 4559757.888609858
9760 4026 497559.05521121505 4559757.517213269
10004 4026 500001.7035874195 4559757.809855209
1708 4148 417040.7175216847 4558537.9664389035
5124 4148 451200.5415141936 4558538.696311793
5612 4148 456082.1207856124 4558537.7431619605
5734 4148 457301.09456278913 4558537.803417672
5856 4148 458522.06680670334 4558538.43674347
6222 4148 462182.09069037583 4558538.301451868
6710 4148 467060.1838466551 4558539.208387411
7198 4148 471942.25386576966 4558537.3905597
7564 4148 475602.0183862412 4558538.66011501
7686 4148 476821.17886575824 4558538.766321842
8174 4148 481701.1590755656 4558537.633275586
8296 4148 482922.15249099286 4558537.357754228
8418 4148 484141.7921998125 4558537.435229929
8784 4148 487800.82078028284 4558538.702051889
8906 4148 489020.3459427429 4558538.499023374
9028 4148 490240.6699472954 4558538.640705316
9638 4148 496339.1118478613 4558537.486052209
9760 4148 497562.0629522204 4558537.401019407
10126 4148 501221.9900068597 4558538.061270098
10248 4148 502441.1238546393 4558538.150912906
10492 4148 504880.8444344976 4558538.645128608
1708 4270 417041.1478433024 4557318.387831652
5002 4270 449981.6441661567 4557318.454485611
5124 4270 451200.2097567071 4557319.675683234
5856 4270 458521.09243165434 4557317.745298647
5978 4270 459741.64701781375 4557318.189901749
6100 4270 460961.1495524749 4557318.580540172
6466 4270 464621.57448588265 4557317.781933852
6710 4270 467060.8753588679 4557318.226679896
7076 4270 470721.4733198724 4557317.357351635
7320 4270 473161.83787172986 4557317.835038656
7442 4270 474381.5806614262 4557318.007513092
7930 4270 479259.46317076107 4557317.968523947
8052 4270 480480.8280225767 4557317.578214893
8418 4270 484139.6819215155 4557317.989508963
8784 4270 487801.2992863861 4557318.862559486
8906 4270 489020.3104217776 4557318.663955858
9028 4270 490240.73963275814 4557317.904528512
9638 4270 496338.74465272494 4557318.303036228
9760 4270 497561.4986278269 4557318.196342735
9882 4270 498781.73783680255 4557317.721381472
10004 4270 499999.6864803698 4557317.930459386
10614 4270 506101.0637652519 4557318.746945906
1586 4392 415818.22763040254 4556098.0421987455
1708 4392 417040.97476857924 4556096.722014792
5002 4392 449978.74238535465 4556097.522425995
5734 4392 457299.936313956 4556099.859445906
5978 4392 459740.985542259 4556098.015218366
6100 4392 460960.4583954452 4556098.462541533
6222 4392 462181.9527948479 4556097.92549836
6344 4392 463401.43787655514 4556097.31231669
6466 4392 464621.2641904856 4556097.186900812
6588 4392 465842.1144396283 4556097.436940449
6954 4392 469501.50107285444 4556097.65992564
7076 4392 470721.9266640957 4556097.206442721
7198 4392 471941.407212468 4556097.277776882
7320 4392 473161.7678461979 4556097.221225579
7442 4392 474382.2260080485 4556097.956021041
7808 4392 478041.7435647719 4556098.317619873
7930 4392 479260.6900559027 4556098.440719404
8540 4392 485361.22252845496 4556097.917705732
8906 4392 489021.0480896998 4556098.41818642
9028 4392 490241.0073275358 4556098.46882536
9150 4392 491460.95765086636 4556098.2064515725
9272 4392 492681.0174402973 4556097.588682083
9394 4392 493901.9841163923 4556097.408808992
9760 4392 497561.24330885627 4556098.201084155
9882 4392 498780.8440432467 4556098.0580305
10004 4392 500000.3456243253 4556097.540224922
10614 4392 506101.0864110237 4556098.663138112
1830 4514 418261.37989762163 4554878.102617191
1952 4514 419479.8641861637 4554879.818703714
5978 4514 459741.3679953458 4554877.960956375
6100 4514 460958.8426524322 4554877.875691121
6344 4514 463401.35784130596 4554878.475798321
6954 4514 469502.19802417286 4554877.470403038
7076 4514 470720.559840135 4554877.14876776
7198 4514 471941.37777876557 4554877.366589746
7320 4514 473162.0014202098 4554877.673254967
7686 4514 476821.28504148236 4554878.839917267
7930 4514 479261.23152572144 4554878.411405655
8174 4514 481701.5718893586 4554877.70669833
8784 4514 487802.4471969038 4554876.278849369
8906 4514 489021.40416273347 4554878.486103287
9028 4514 490241.27605186 4554877.876464612
9150 4514 491461.7186819518 4554877.946042592
9516 4514 495118.8801831024 4554878.089904531
9638 4514 496341.4928652787 4554878.698644014
9760 4514 497561.20679256733 4554878.231905495
9882 4514 498779.525708969 4554878.1789768925
10004 4514 500001.2950461638 4554878.035276105
10126 4514 501218.774613721 4554877.778649205
10248 4514 502439.91954703245 4554877.018580864
2440 4636 424360.9667246423 4553658.469254099
5978 4636 459738.44726947683 4553657.06543307
6222 4636 462180.8411137347 4553657.914882328
6466 4636 464619.36634337605 4553658.892941633
6588 4636 465841.16792685876 4553658.577915302
6832 4636 468281.4605553584 4553657.322688477
7076 4636 470720.9706766302 4553657.550093054
7320 4636 473160.79930972215 4553657.371383362
7442 4636 474381.3468716205 4553657.772651884
7808 4636 478042.09540810686 4553659.219778443
8296 4636 482919.8495106435 4553659.812120504
8418 4636 484138.9803973546 4553657.15273064
8540 4636 485361.9394656502 4553657.110110227
8662 4636 486582.30906661274 4553658.235323889
9272 4636 492680.7080122413 4553658.72071291
9882 4636 498781.83344099886 4553658.319620577
10126 4636 501219.64738262707 4553658.094705103
10370 4636 503659.0663794929 4553657.33490106
10492 4636 504879.03941515676 4553658.310479211
1830 4758 418261.66958413844 4552437.669868759
2318 4758 423138.3560486617 4552437.857683835
6954 4758 469500.9209741184 4552437.59332044
7198 4758 471941.06424599845 4552437.404906888
7442 4758 474381.40094475285 4552437.540959762
7564 4758 475601.5649355412 4552437.956382045
8662 4758 486581.3994930089 4552437.62396103
8784 4758 487802.16077317076 4552438.65067932
9028 4758 490241.05204265687 4552437.886842308
9150 4758 491459.0498536757 4552438.407630365
9882 4758 498781.9077544337 4552437.798480076
10004 4758 500002.1441354012 4552437.965929515
10248 4758 502439.10488747817 4552438.183290071
10370 4758 503661.0788788474 4552438.078653901
1708 4880 417038.8402598431 4551218.473233428
2196 4880 421918.88279943314 4551218.291616713
6954 4880 469500.9379128373 4551218.5675964365
7564 4880 475601.87516235554 4551217.759154498
8174 4880 481700.5385221105 4551218.013726336
8906 4880 489021.4024349338 4551218.025656103
9272 4880 492680.8034797529 4551218.273638508
10126 4880 501221.4898939926 4551217.5252080355
10248 4880 502438.836221328 4551218.022569764
10370 4880 503660.57624051784 4551218.247863648
10614 4880 506098.8547846156 4551217.992816379
1586 5002 415821.6197240892 4549998.0929837795
2318 5002 423138.70018424996 4549998.111487674
7564 5002 475601.56028785504 4549996.97025728
7686 5002 476821.1319595045 4549997.59095251
8052 5002 480481.1200818199 4549998.49502256
8174 5002 481699.2317738775 4549998.2521971995
8906 5002 489021.9332463647 4549997.825450111
9028 5002 490238.73563808226 4549998.018629651
9272 5002 492680.8593914505 4549996.922918389
10004 5002 500000.6261245422 4549997.102073083
10126 5002 501222.13025166385 4549997.080630051
10370 5002 503660.79511352023 4549997.870459326
10492 5002 504880.9164643458 4549998.28753935
10614 5002 506100.5896873511 4549997.472069924
2318 5124 423141.7807927213 4548777.6774918195
2440 5124 424361.25966767076 4548777.3425398925
2684 5124 426801.3184860838 4548778.30422414
7320 5124 473161.9536413952 4548776.718154116
8174 5124 481701.2315204423 4548777.951842258
8540 5124 485361.78418207675 4548776.923348437
8784 5124 487802.01508703036 4548777.980928779
8906 5124 489018.42428124475 4548777.987394138
9028 5124 490240.2606220473 4548778.749735951
9516 5124 495121.1610735124 4548778.125995191
10248 5124 502438.92211988923 4548777.586913406
10370 5124 503661.4241868051 4548778.084463044
1708 5246 417042.1319649211 4547558.9528641775
2196 5246 421922.10860844486 4547557.593444661
2684 5246 426800.117673196 4547560.097726368
7686 5246 476821.95590022986 4547558.273342451
7808 5246 478041.53195730166 4547558.470246457
8174 5246 481701.7707114756 4547557.756406779
8296 5246 482921.51602135156 4547557.398062356
8662 5246 486581.3724665914 4547557.595601163
9150 5246 491460.9632235289 4547558.264955094
9516 5246 495120.5736242731 4547558.499226985
9638 5246 496338.5323997978 4547558.487134117
9760 5246 497561.13657508057 4547558.753286327
10370 5246 503660.8077705811 4547557.5232443195
10492 5246 504881.294824403 4547556.91188289
10614 5246 506099.03117152787 4547557.668583483
1708 5368 417042.0392596388 4546338.991754956
2318 5368 423139.05353589146 4546337.205809046
4636 5368 446318.6029545145 4546337.612584485
7930 5368 479261.0803445613 4546338.3786693625
8174 5368 481700.83703636704 4546337.776769784
8296 5368 482921.29593760235 4546337.984024536
8540 5368 485361.6273322513 4546337.144221654
8906 5368 489021.38829262875 4546337.912163273
9028 5368 490240.6951994261 4546337.82200748
9272 5368 492678.7617995153 4546337.952354201
9394 5368 493901.5266735648 4546338.054182492
9516 5368 495118.64912186965 4546337.795459626
9638 5368 496341.1014080556 4546338.756435406
10370 5368 503659.01241015183 4546337.429447135
1952 5490 419479.5530579082 4545117.195645924
3416 5490 434121.84783358016 4545116.556019792
3660 5490 436561.20176207705 4545118.044507168
5978 5490 459740.9326116442 4545118.085981054
8296 5490 482920.90836586425 4545117.89077344
8418 5490 484141.1500447409 4545117.0988316
8540 5490 485359.0226293424 4545117.534824397
8906 5490 489021.121416948 4545118.233158285
9028 5490 490240.37880030734 4545118.385445671
9150 5490 491461.14986428665 4545118.470500525
9394 5490 493900.66440131824 4545117.144425679
9516 5490 495121.23883509915 4545117.400199194
9638 5490 496338.43631263764 4545117.830139466
9882 5490 498780.87835612334 4545117.890382005
10614 5490 506099.40724943747 4545116.785195171
10736 5490 507320.86012078536 4545117.650707496
3050 5612 430460.3661040865 4543897.463072561
3172 5612 431679.26513503253 4543897.556622993
3294 5612 432902.06260858907 4543896.633781489
4880 5612 448758.7375616556 4543897.692308688
5002 5612 449979.22210262064 4543897.197062992
5978 5612 459738.31550536363 4543897.592852507
6222 5612 462182.47668569797 4543898.171923603
8662 5612 486581.1715264562 4543897.36053632
9028 5612 490240.9305210313 4543898.147262867
9150 5612 491461.3076167154 4543897.070237485
9394 5612 493899.87163814745 4543899.879414915
9760 5612 497561.6334691766 4543897.230046296
10126 5612 501218.778736703 4543897.977244848
10736 5612 507319.576878423 4543897.714332912
10858 5612 508541.1293704393 4543897.557258797
4514 5734 445099.0476356388 4542678.253277896
5002 5734 449978.00293195806 4542677.096775657
5124 5734 451201.692809085 4542677.096082011
6588 5734 465841.3110961667 4542678.105283336
8540 5734 485361.54741831723 4542676.60037129
9028 5734 490239.3380468663 4542678.045190926
9638 5734 496340.6047271474 4542678.132541393
9760 5734 497558.88098456134 4542677.806890553
10736 5734 507319.3836146547 4542678.25009264
10858 5734 508541.65677677497 4542677.718269068
4636 5856 446322.1614979932 4541456.995289022
4880 5856 448761.5784751811 4541458.412615903
5124 5856 451199.3517938419 4541458.056661626
6100 5856 460960.4061903906 4541457.945088879
8174 5856 481700.8385605736 4541458.457240822
8296 5856 482921.1178197825 4541457.9351834515
8540 5856 485360.8472354039 4541458.013096446
8906 5856 489021.1906212813 4541457.814494385
9028 5856 490240.66863626346 4541457.798871981
9760 5856 497559.4481822107 4541458.385133862
9882 5856 498780.6822138033 4541458.212598009
10004 5856 499998.93043931376 4541457.910343739
10248 5856 502442.25708258245 4541457.450227566
10980 5856 509761.64900047856 4541457.743208252
3172 5978 431681.47041361453 4540236.52515889
4880 5978 448759.0088230969 4540238.022458023
5002 5978 449981.48169900937 4540238.446817012
7320 5978 473160.3725746676 4540237.513359149
7442 5978 474381.7579871706 4540237.868055574
7564 5978 475598.5176679555 4540238.753155186
8052 5978 480478.5494459585 4540237.506778337
8906 5978 489020.17700030166 4540239.883268638
9028 5978 490238.8223855023 4540237.219523465
9394 5978 493901.24054265505 4540237.887265675
9516 5978 495118.65003610466 4540238.538321289
9760 5978 497561.08148847584 4540238.687464691
9882 5978 498781.3798013035 4540238.413435484
10004 5978 499998.9859390493 4540238.505928845
10126 5978 501221.0721780983 4540237.672092843
10248 5978 502438.95103673753 4540237.862514745
3294 6100 432901.82470819587 4539017.861858537
4270 6100 442660.8540246966 4539018.152683414
5124 6100 451201.6829618193 4539018.420247853
5612 6100 456081.54454712995 4539018.066934458
5978 6100 459741.4785900534 4539018.698193213
6100 6100 460961.2201521804 4539018.622062974
7564 6100 475600.9490089357 4539018.156610749
7686 6100 476821.87457694585 4539017.689052719
8174 6100 481701.8097142134 4539017.361752488
9028 6100 490241.5263821592 4539017.455602928
9150 6100 491460.66233923624 4539018.428503174
9394 6100 493901.54327288637 4539017.22809299
9516 6100 495122.65688092686 4539017.239923971
9638 6100 496341.35518416343 4539017.391698505
9760 6100 497560.9196909977 4539017.9382006815
9882 6100 498781.0305828378 4539018.182067916
10004 6100 500001.21009791945 4539018.224618293
10126 6100 501219.05358278984 4539018.106443576
10248 6100 502441.07833443227 4539017.732406453
3538 6222 435342.2723973745 4537798.105538167
3904 6222 438999.0145792598 4537798.295428387
5246 6222 452421.25670941174 4537798.5427201595
5612 6222 456081.47020414285 4537797.4851485565
5734 6222 457300.90511598205 4537798.308052524
5856 6222 458521.7429387369 4537797.956770311
5978 6222 459741.70329898363 4537797.957537358
6100 6222 460962.37818417745 4537797.494845913
6222 6222 462182.50512688706 4537798.319982935
6344 6222 463401.273984441 4537797.790015681
6466 6222 464621.78659044084 4537797.655492015
6710 6222 467061.7396257934 4537796.882609631
6832 6222 468281.6107584412 4537797.498044166
7564 6222 475603.0785982005 4537796.998427821
7686 6222 476821.6061189292 4537797.953150236
7808 6222 478041.7498186917 4537797.785970472
7930 6222 479261.436596107 4537798.562836963
8052 6222 480478.71740183356 4537798.734542389
8296 6222 482919.3127135823 4537797.3435977865
8540 6222 485360.5905635345 4537797.679592985
9028 6222 490238.35538201994 4537797.145224606
9394 6222 493898.802828322 4537797.875227831
9516 6222 495118.9839877518 4537797.133258598
9638 6222 496341.0889649981 4537797.091560656
9760 6222 497561.71552011237 4537797.07462471
10004 6222 500001.0531866027 4537797.48262067
10126 6222 501220.8056060137 4537798.331829685
10370 6222 503658.97833010106 4537798.302370982
3782 6344 437781.49448268535 4536578.112421239
4392 6344 443879.04865619016 4536577.58036829
4758 6344 447541.30497427244 4536578.9708155785
5734 6344 457302.05934163724 4536577.830501239
5978 6344 459742.04913266766 4536577.904164628
6588 6344 465839.66170484445 4536578.458149378
7320 6344 473162.4759770157 4536577.515455636
7686 6344 476823.0287872596 4536578.470561454
8540 6344 485361.9180386328 4536577.286507103
9028 6344 490238.8315877335 4536578.285153676
9150 6344 491458.8865745442 4536578.04175536
9272 6344 492681.6785018885 4536578.393258865
9638 6344 496341.47501880006 4536577.7002033405
10004 6344 500001.0456562813 4536577.407944354
10248 6344 502440.8124395636 4536578.30208739
10370 6344 503660.78435498883 4536577.2890670085
10492 6344 504880.9816400801 4536578.015780143
10858 6344 508540.3597119811 4536577.615766538
3660 6466 436561.1648640246 4535358.958526918
5734 6466 457300.8359540149 4535357.496433187
5856 6466 458518.13620655483 4535357.760862775
7808 6466 478039.45357791014 4535357.9867043365
8174 6466 481701.33466030244 4535357.922808539
9150 6466 491460.37005946663 4535358.392115734
9760 6466 497558.3596628755 4535357.811902342
9882 6466 498781.4068384238 4535357.2725351015
10126 6466 501221.79604858946 4535358.137416667
10370 6466 503660.83746381575 4535358.486989237
10492 6466 504882.1152756105 4535358.226716705
10736 6466 507321.14645211113 4535358.317725451
10858 6466 508541.16586216504 4535358.41944353
1952 6588 419481.5598011814 4534138.229970841
3904 6588 438999.6501534428 4534137.105232069
4636 6588 446322.10047948005 4534137.6191492425
6466 6588 464621.27951277356 4534137.0648241555
6832 6588 468281.3108831993 4534136.695309861
6954 6588 469501.3853380367 4534137.859360252
7198 6588 471941.34249932785 4534137.975547823
7320 6588 473161.73562661704 4534137.505164897
7442 6588 474381.4253725549 4534138.846762302
7930 6588 479261.19834146614 4534137.6669133175
8052 6588 480481.19660514797 4534137.159736065
8174 6588 481700.8780227819 4534137.103346061
8296 6588 482921.3237505701 4534136.981435628
8784 6588 487801.3092159194 4534137.965475452
8906 6588 489021.9900508438 4534137.661186246
9394 6588 493899.45211111597 4534138.184886039
9760 6588 497559.8733429675 4534140.104487239
9882 6588 498781.56721516885 4534137.471229116
10004 6588 499998.3906602134 4534137.411336358
10492 6588 504881.7427144306 4534138.488353935
10614 6588 506102.0133034652 4534137.906788438
10736 6588 507319.2211717673 4534138.046321414
10858 6588 508538.81636599376 4534138.037915439
1830 6710 418257.37038127345 4532918.815511203
5246 6710 452419.4033696814 4532918.317754248
7198 6710 471941.2238242923 4532917.589511799
7320 6710 473161.51092855155 4532918.201555998
7564 6710 475598.07466821495 4532917.689634343
7686 6710 476822.8146068795 4532916.3884094665
8418 6710 484141.47037572437 4532917.63386115
8784 6710 487801.4780018206 4532918.176910759
9150 6710 491460.6715698442 4532918.348959728
9272 6710 492681.4208975019 4532918.437596373
9394 6710 493900.98380763293 4532918.305881728
9760 6710 497559.2154738778 4532917.822587527
10004 6710 500001.94413561496 4532916.614300539
10736 6710 507318.9777840559 4532918.498155882
10858 6710 508538.6774893476 4532918.2064974755
7442 6832 474381.9503999095 4531697.3780364115
8296 6832 482918.9715554959 4531697.690331819
8540 6832 485362.27189229924 4531696.989890957
8662 6832 486581.6364012309 4531697.696880113
8784 6832 487802.04467898485 4531697.889461548
9394 6832 493901.3590466682 4531698.839901402
9882 6832 498779.0958074163 4531697.880161134
10858 6832 508539.693057601 4531699.789126108
5124 6954 451202.49119413353 4530477.80680486
8662 6954 486581.1502305346 4530478.0874913335
8784 6954 487801.7087449999 4530477.850353073
9150 6954 491458.5644806163 4530478.6128627425
9272 6954 492682.04474747344 4530477.6915862495
9394 6954 493901.64263774443 4530477.840391122
9516 6954 495121.86382628017 4530477.7693596715
9760 6954 497558.7363642274 4530478.836905552
10126 6954 501221.2862736124 4530477.17817434
10858 6954 508540.4962325304 4530478.332850788
4392 7076 443880.53316182236 4529257.721565525
8662 7076 486580.94596389454 4529257.940891995
8906 7076 489021.01961170655 4529258.598181131
9272 7076 492679.66464180575 4529257.940141737
9516 7076 495119.21000076155 4529257.485238369
9882 7076 498781.67732195766 4529258.489018606
10736 7076 507321.2413575397 4529257.429010357
4514 7198 445101.3677993512 4528038.363212173
4880 7198 448760.86141177395 4528039.285863293
5002 7198 449978.93189951696 4528037.291133703
5856 7198 458520.6884550545 4528039.352136418
8662 7198 486581.89430361666 4528038.065164329
9028 7198 490238.15193449584 4528037.687637736
9150 7198 491458.50490576494 4528038.025701995
9394 7198 493898.31606568507 4528037.489255949
9516 7198 495121.6481406951 4528038.019137255
9760 7198 497561.1160518789 4528038.81247532
10126 7198 501219.52842944476 4528038.168249822
10248 7198 502440.68819303904 4528038.264783348
10492 7198 504878.93790993345 4528037.903021161
10736 7198 507318.82989990234 4528037.394055673
2074 7320 420701.1209715136 4526818.7148687905
4148 7320 441441.8022587128 4526818.035906639
5490 7320 454859.5840915518 4526819.518133087
8052 7320 480481.88788623636 4526818.194002944
8784 7320 487801.90204992535 4526818.102095919
9150 7320 491461.0083580937 4526818.206055932
9272 7320 492681.1312984366 4526817.369365301
9394 7320 493902.0965120711 4526817.16296028
9760 7320 497561.0781307885 4526817.89649255
9882 7320 498781.95154012943 4526817.720435917
10004 7320 500001.72901695606 4526818.458218212
10126 7320 501221.45676571614 4526818.006854432
10248 7320 502438.5010725671 4526818.199754932
10370 7320 503658.9222091644 4526818.662097411
10614 7320 506099.11189604626 4526818.122578024
10858 7320 508538.3269531773 4526817.440146527
1952 7442 419481.67898490356 4525598.640969676
5734 7442 457300.8409901687 4525598.36867195
5978 7442 459739.91536341596 4525599.889102364
6222 7442 462179.5179270203 4525596.770317771
8784 7442 487798.5632835396 4525598.814145176
9272 7442 492679.6931506256 4525597.844357144
9760 7442 497558.75997238234 4525598.4111113595
9882 7442 498781.33495746535 4525598.0214713
10004 7442 500000.82382282964 4525598.358633997
10126 7442 501221.323068735 4525598.4458366195
10370 7442 503661.4566410013 4525598.269029424
10492 7442 504879.09156557865 4525598.106386074
10736 7442 507319.02704183833 4525597.721063044
2440 7564 424360.4582274985 4524378.65790546
6344 7564 463402.18471051415 4524376.432775825
6832 7564 468280.7271207317 4524377.761762261
9150 7564 491458.3966267819 4524377.3402902465
9516 7564 495119.26820265205 4524377.832443411
9760 7564 497558.4308185739 4524378.87175388
10004 7564 500001.9881926577 4524377.788570819
10858 7564 508539.0484670169 4524377.420848797
4270 7686 442661.717692553 4523157.237491406
4514 7686 445100.8689848102 4523160.042862695
4636 7686 446321.1252359757 4523157.488719519
5002 7686 449982.327670096 4523158.262653555
9516 7686 495118.26592241856 4523156.860687257
9638 7686 496341.4778283278 4523157.817217931
9882 7686 498780.7865862893 4523158.10626821
10004 7686 500001.30172275845 4523158.672930065
10126 7686 501218.72730776435 4523158.355364814
10248 7686 502441.29781309696 4523157.436391686
4392 7808 443878.1066955042 4521937.180697608
4758 7808 447538.4326970827 4521938.605297207
5490 7808 454861.1513181565 4521938.185578592
5612 7808 456082.0974480546 4521936.486003326
6222 7808 462181.3627117991 4521937.840403021
6344 7808 463402.0176592141 4521937.683775811
6466 7808 464620.89552520565 4521938.296743215
6588 7808 465841.64943779435 4521937.966446149
6710 7808 467061.8910747604 4521936.546407127
6832 7808 468282.7600948441 4521936.578000604
7076 7808 470722.7351959209 4521938.438805097
8906 7808 489021.2278637188 4521938.414915801
9394 7808 493901.3432949945 4521937.384420264
9760 7808 497561.1831122456 4521937.150173191
9882 7808 498778.37038499734 4521937.778593582
10004 7808 500000.8515239763 4521937.218970549
10126 7808 501221.96371700516 4521937.830948501
10248 7808 502440.74164401577 4521938.69140708
5124 7930 451201.262064261 4520718.569627822
5978 7930 459741.29593373294 4520718.700519291
6588 7930 465841.7683517305 4520716.743866757
6710 7930 467061.61185747373 4520716.961320139
6832 7930 468282.34634699475 4520716.958913268
6954 7930 469501.79737729835 4520717.08611414
7076 7930 470721.49034919473 4520717.764287609
8906 7930 489019.0760264793 4520718.14565734
9882 7930 498778.2750870695 4520718.193906598
10126 7930 501221.42592394666 4520717.545337205
10248 7930 502441.1321473876 4520718.098332585
2806 8052 428021.4783809054 4519498.306851853
4758 8052 447542.4618644891 4519497.068103206
5002 8052 449981.60743261356 4519498.495886138
5124 8052 451202.2623363353 4519497.853656803
5246 8052 452421.48777061293 4519497.781677087
5368 8052 453641.32733256696 4519498.679935834
6954 8052 469501.7310947545 4519497.775487655
7076 8052 470721.13894122245 4519499.08505173
7686 8052 476818.72062069137 4519496.898054223
8906 8052 489018.8801193072 4519498.76793352
9516 8052 495118.46654347604 4519498.122206216
9882 8052 498780.98100252723 4519498.169925206
10004 8052 499999.00308336335 4519498.427930135
10126 8052 501221.04466159805 4519497.63696
10248 8052 502440.6995549513 4519497.945786454
10370 8052 503661.18680626416 4519498.055694391
10858 8052 508539.20732656383 4519498.135841758
3294 8174 432901.662899931 4518278.511740409
4758 8174 447542.07746587455 4518277.0972272195
4880 8174 448761.9956439686 4518277.181618011
5124 8174 451201.520728943 4518278.002185137
5246 8174 452421.08664677956 4518278.496922232
6954 8174 469501.3915810433 4518278.028467544
7686 8174 476821.99672315177 4518277.718619134
8296 8174 482921.5777248402 4518277.367164982
8418 8174 484141.46092585946 4518277.681768026
8540 8174 485358.0725563106 4518277.56846598
8784 8174 487800.42278849555 4518278.499556251
9516 8174 495122.10557593993 4518276.791329251
10126 8174 501218.7021257552 4518276.953397666
10248 8174 502442.6170241154 4518277.908059444
2074 8296 420698.67319570784 4517057.7861787025
3050 8296 430461.34029917995 4517057.825090806
4880 8296 448762.5395945701 4517057.633966221
5002 8296 449980.9071724768 4517058.592838713
5612 8296 456078.1096272676 4517058.416712935
5856 8296 458518.262587309 4517058.104083465
6710 8296 467062.9561943029 4517056.995076976
7564 8296 475601.10538564075 4517057.807257479
7686 8296 476818.942309729 4517057.6110968655
8174 8296 481700.97314896685 4517057.492945041
8418 8296 484137.77113105956 4517057.8459865935
9028 8296 490239.4702992361 4517057.943466852
9150 8296 491459.0802663044 4517057.971988102
9394 8296 493898.4842261864 4517058.012804795
9638 8296 496342.5006117424 4517058.069543211
9760 8296 497558.3513240904 4517057.251210425
9882 8296 498778.6518542951 4517057.210146647
10248 8296 502439.03677537525 4517057.373803574
2074 8418 420701.2459596254 4515838.308575492
5246 8418 452421.44847340457 4515838.213772392
5368 8418 453638.9147114529 4515838.5756863495
7686 8418 476821.7600934896 4515836.926107613
7930 8418 479262.7004267464 4515837.716171001
8174 8418 481700.35766388406 4515839.014608943
8540 8418 485361.11609240045 4515838.394002013
8662 8418 486581.6116772675 4515838.434613995
8784 8418 487801.49276182946 4515838.251750267
8906 8418 489021.76545213326 4515837.425020389
9028 8418 490242.4922682493 4515839.022086144
9150 8418 491458.3513108599 4515837.98047937
9272 8418 492678.24988721224 4515837.836293237
9516 8418 495120.6542341722 4515837.59813649
10248 8418 502440.76345810026 4515837.118171505
5368 8540 453640.3994846404 4514619.6173821185
5856 8540 458518.3295565471 4514618.372171917
8418 8540 484142.1218490158 4514617.474397809
8662 8540 486580.92747419025 4514618.455790521
8784 8540 487801.00689095526 4514618.270032647
8906 8540 489021.55447687616 4514618.011300808
9028 8540 490238.03911447263 4514617.876087
9394 8540 493898.81283728185 4514617.433827698
9516 8540 495117.865192022 4514617.831452878
9638 8540 496338.33564040565 4514617.505018824
9882 8540 498782.2204503148 4514618.361668139
10004 8540 500001.9781659787 4514618.066237041
10126 8540 501221.8675135991 4514618.697868039
10248 8540 502440.9867514596 4514618.188313734
10492 8540 504881.00339154655 4514618.2994038155
5612 8662 456082.24026459263 4513397.561503847
8174 8662 481698.8717134316 4513398.671528419
8418 8662 484139.03412288876 4513399.313647713
8662 8662 486580.91212849686 4513398.077918975
8784 8662 487800.7115335794 4513398.126504051
9638 8662 496338.2093595194 4513397.325076395
9882 8662 498780.8067744061 4513397.264036884
10126 8662 501221.5910518859 4513397.03881698
10370 8662 503658.6289940889 4513397.72370386
5612 8784 456082.00637844874 4512177.106761851
7320 8784 473160.92068051605 4512178.948524186
8662 8784 486582.03575268044 4512177.738904306
8784 8784 487800.8817064634 4512178.467294741
9638 8784 496337.940347475 4512177.7690601265
10370 8784 503661.6595662042 4512177.07627709
10492 8784 504881.6853805302 4512177.655528038
10614 8784 506101.6552663466 4512177.926776607
10858 8784 508542.0009833819 4512177.365794034
8540 8906 485361.4554768738 4510957.488284687
8784 8906 487797.9979024137 4510958.317987781
8906 8906 489019.21998679073 4510958.744770824
9028 8906 490241.13214038283 4510958.048291595
9638 8906 496341.4345783304 4510957.310334758
9760 8906 497558.23596936004 4510958.539593061
10126 8906 501218.1817183118 4510957.192133436
10248 8906 502438.72583379364 4510956.411098269
10614 8906 506101.22548636043 4510957.830064172
10736 8906 507319.0725145612 4510957.681954002
5612 9028 456081.8324290811 4509737.418855654
9028 9028 490239.401746848 4509737.868049031
9638 9028 496338.9211156939 4509737.376608488
10248 9028 502438.97827672487 4509737.124953516
10492 9028 504881.55820942105 4509736.995367895
10614 9028 506100.63324107206 4509737.432931731
5978 9150 459738.72149735724 4508515.358511321
7198 9150 471941.4765026432 4508519.087582646
8906 9150 489021.1027719269 4508518.769364696
9028 9150 490238.56080099347 4508518.595744148
9394 9150 493898.36570936657 4508517.535724685
9516 9150 495118.8116763635 4508517.681100166
9638 9150 496339.0974714174 4508518.097818469
10370 9150 503658.9554899493 4508518.131826455
10492 9150 504878.502052461 4508517.349556597
10858 9150 508541.6524238908 4508516.956981435
6710 9272 467061.4843320116 4507297.411890809
8418 9272 484141.0777925461 4507298.116217708
8662 9272 486578.7661912304 4507298.822055928
9150 9272 491459.0727240505 4507297.6544698775
9394 9272 493898.0417089169 4507298.134622215
10492 9272 504878.4367025137 4507297.937897592
10858 9272 508538.80311985756 4507297.703869598
6344 9394 463401.4766369248 4506078.362066722
6832 9394 468280.77439757023 4506077.408064072
8418 9394 484140.9553596189 4506078.101205065
9638 9394 496338.3179528934 4506077.67726449
9760 9394 497558.2639443162 4506076.7366882255
10614 9394 506101.7384325585 4506078.618060621
10736 9394 507321.1405160731 4506077.807954206
5612 9516 456080.94034175354 4504858.321105317
5856 9516 458521.9573972926 4504857.436843717
6222 9516 462182.31776168704 4504857.282465406
7076 9516 470719.3806221217 4504856.641639866
7198 9516 471941.5984440128 4504857.624786982
9272 9516 492680.7640319756 4504857.929721283
9638 9516 496341.2148094588 4504857.389042758
9760 9516 497559.0078247117 4504856.348347993
10370 9516 503659.1563565261 4504856.919486609
10492 9516 504878.3867384291 4504857.895143202
5734 9638 457301.2521879979 4503637.373888589
6588 9638 465841.3632097597 4503637.129837984
6710 9638 467061.7796688662 4503637.719698536
6832 9638 468281.843431513 4503636.918422753
7198 9638 471941.9004780151 4503637.750632016
9272 9638 492677.7631670922 4503637.024805178
9394 9638 493898.8096193573 4503638.516353558
9516 9638 495121.48264072964 4503637.599596305
10248 9638 502438.842228874 4503636.766799387
10370 9638 503660.4487381666 4503635.850455198
10492 9638 504881.4160579831 4503637.487617474
5734 9760 457297.80438348046 4502417.165513698
5978 9760 459741.4592780391 4502417.768449398
6222 9760 462178.03584093857 4502416.3560805805
6466 9760 464621.5146201555 4502417.235929263
6832 9760 468281.4654802414 4502418.576777804
6954 9760 469501.4013051542 4502417.721127824
7076 9760 470721.0591391184 4502418.095309606
7198 9760 471941.8834788393 4502417.6691025505
7442 9760 474381.26580180926 4502417.509615924
7564 9760 475601.2523153357 4502417.68867037
8784 9760 487798.94774407236 4502417.33487727
9028 9760 490238.99740764056 4502417.637596775
9394 9760 493899.1974273991 4502417.7149235355
9516 9760 495121.0137318521 4502418.009605962
9638 9760 496341.0876226204 4502417.09564078
9760 9760 497560.6447652985 4502416.971213956
10248 9760 502441.9440370425 4502417.551904479
10736 9760 507322.0338075771 4502417.927126345
10858 9760 508538.5045906598 4502418.098717195
5612 9882 456081.4230813316 4501197.297714409
5734 9882 457301.7013817392 4501197.322702694
5856 9882 458521.99330368574 4501196.774332251
6466 9882 464622.0774637292 4501197.376746923
6954 9882 469500.80902257346 4501197.794720254
7076 9882 470720.9403026836 4501199.18989519
7442 9882 474381.64313905215 4501197.488834067
8662 9882 486578.6219429049 4501198.479080024
9272 9882 492681.7942540173 4501196.865046941
9394 9882 493898.9001833793 4501197.1576120155
10248 9882 502438.9905864522 4501197.40093234
10370 9882 503661.23676054267 4501197.6673386935
10492 9882 504881.7026513836 4501198.358740201
10614 9882 506100.6249658489 4501197.879959689
10736 9882 507319.40884305094 4501197.981509552
10980 9882 509760.1936607074 4501196.297568284
5612 10004 456081.87851070915 4499977.343915742
5734 10004 457301.30023250787 4499977.401814828
5978 10004 459741.3813809493 4499977.764500013
6222 10004 462178.90696505207 4499977.647461039
6344 10004 463401.0994390407 4499977.5199107565
6832 10004 468281.1429720601 4499977.246217276
7076 10004 470720.2782495835 4499977.640470878
7198 10004 471938.91282472794 4499977.84786457
7442 10004 474378.0187325402 4499977.345289228
8906 10004 489017.67640190024 4499977.535599325
9028 10004 490241.5170814923 4499977.518209169
9760 10004 497561.61033665296 4499977.1378198415
10370 10004 503662.08959693473 4499977.840231468
10492 10004 504878.4389065133 4499977.251615057
10614 10004 506099.2119840975 4499977.2580086775
10736 10004 507320.36023643037 4499977.652090432
10858 10004 508540.52195990714 4499977.328576864
5002 10126 449978.93685081555 4498758.3991777515
5368 10126 453641.59216816997 4498758.2950006
5734 10126 457301.79606517125 4498757.513584221
5856 10126 458521.37723753636 4498758.3418643465
5978 10126 459740.6287456747 4498758.131757992
7198 10126 471939.221992225 4498757.995537246
7320 10126 473161.0320112966 4498757.543063316
10004 10126 500002.01364770933 4498757.748906814
10126 10126 501220.8927155726 4498758.195261018
10248 10126 502440.71720569115 4498758.304241474
10370 10126 503660.57928074634 4498758.601840302
10492 10126 504880.7242265494 4498757.4488702975
10614 10126 506098.12737373053 4498756.562819786
10736 10126 507319.15686536446 4498756.820671439
5368 10248 453638.3903416756 4497537.442135071
5490 10248 454861.87075424794 4497538.347378464
9028 10248 490238.68648012064 4497537.7717229845
10248 10248 502441.4081707405 4497538.667434682
10370 10248 503661.33600787673 4497538.176186255
10492 10248 504881.8294695725 4497536.666895901
10614 10248 506100.5110512124 4497536.984387359
5002 10370 449980.38902699837 4496317.199918814
5246 10370 452418.28564380296 4496318.052612012
10004 10370 499999.1227637474 4496318.209563103
10370 10370 503662.3852929831 4496317.434515078
5002 10492 449981.2921403002 4495097.9664062
8906 10492 489017.6262252318 4495097.370641144
9150 10492 491457.3573882113 4495097.284134741
9882 10492 498779.7732490333 4495096.878865884
4758 10614 447538.6118672772 4493878.249355394
9516 10614 495121.4479861573 4493877.329293963
9882 10614 498779.3641060149 4493877.929419064
10370 10614 503661.2849656186 4493878.413657321
10614 10614 506100.7833061306 4493878.519200294
9394 10736 493901.1826789395 4492656.8935863385
9882 10736 498778.16305150476 4492657.768236613
10004 10736 499998.08423178206 4492655.978957534
10492 10736 504881.5770610008 4492658.146948162
10614 10736 506099.1567992742 4492657.403558863
10370 10858 503657.5900842911 4491436.496912467
10858 10858 508541.1181263888 4491436.511507265
10980 10858 509761.61164864106 4491438.632679703
