1464 122 414600.694158494 4998824.307264253
2074 122 420693.9669300363 4998833.949895906
2196 122 421917.5612271778 4998828.924367681
2684 122 426793.3150771699 4998833.06568138
4026 122 440217.32543103694 4998832.933863136
4148 122 441435.771269276 4998832.367062121
4270 122 442661.20079201343 4998823.952289845
4514 122 445095.81629208237 4998829.537059221
4758 122 447533.64162772085 4998833.481096195
1098 244 410932.53484649555 4997608.799719713
1220 244 412156.6272932485 4997607.7805707855
1464 244 414595.4622601018 4997612.539559385
3294 244 432896.43474833464 4997613.113107692
3660 244 436556.0325988964 4997612.392923126
3782 244 437776.3267567382 4997603.953526031
3904 244 438997.23079316237 4997604.938023321
4148 244 441442.196466763 4997604.950415763
4270 244 442661.24894890946 4997604.915409842
4514 244 445099.3811242081 4997604.664907465
4880 244 448753.5959329993 4997611.839430298
5490 244 454853.9255903204 4997612.759059802
976 366 409712.6972509287 4996391.934117101
1464 366 414595.26400570944 4996387.492399538
2684 366 426792.4032870522 4996393.426515286
3538 366 435336.93117058335 4996393.751564322
3660 366 436556.0623489205 4996393.384299251
4148 366 441433.2781542984 4996392.937777115
5612 366 456074.227537201 4996395.2530365335
488 488 404833.2425179393 4995172.579715165
1342 488 413376.7275102416 4995173.411867843
1952 488 419475.5801211525 4995171.575516055
2074 488 420695.18632192264 4995168.535503336
3294 488 432894.3502373097 4995173.188873226
3416 488 434115.23171002156 4995173.192184294
3660 488 436558.40025774547 4995170.508460644
5246 488 452416.45183940476 4995161.863880487
244 610 402389.36099439266 4993944.905414583
976 610 409715.5633789579 4993951.610269233
1586 610 415817.0110241539 4993941.337420371
2074 610 420693.1589614391 4993953.018278733
3172 610 431682.0415130245 4993952.061824463
3294 610 432896.56938297726 4993948.781726091
4636 610 446317.75574834173 4993942.858180685
4880 610 448758.46014061687 4993943.953886058
122 732 401176.62134142296 4992726.508873492
976 732 409718.226742305 4992727.041179531
1098 732 410936.6521156128 4992731.709061468
1464 732 414596.2077219782 4992724.214982919
2074 732 420700.9788887271 4992722.0532055
2196 732 421913.89137201844 4992732.88871119
2806 732 428013.59898522834 4992733.616276853
3904 732 438996.17410174554 4992733.266603192
4026 732 440222.9855933054 4992724.984944754
4514 732 445096.53524516616 4992732.042982923
5124 732 451196.33103661425 4992730.424538149
5612 732 456076.6272749189 4992735.161786029
5734 732 457298.7680767079 4992723.699925962
1220 854 412156.026457358 4991512.527937076
1708 854 417035.44894869905 4991507.476457533
1830 854 418258.69122129324 4991504.928547244
1952 854 419473.8092046017 4991512.801437405
2196 854 421917.6427309884 4991504.683449216
2562 854 425576.71729806904 4991504.472101026
2806 854 428016.3680208664 4991507.471543343
3050 854 430457.27554455074 4991510.108196087
3172 854 431673.667866846 4991513.209154312
3294 854 432898.40072466293 4991508.228164776
3782 854 437775.1435624286 4991511.448786177
4026 854 440214.0254199356 4991514.683797349
4148 854 441435.67075552716 4991513.54995622
4270 854 442657.5351962373 4991504.29299766
4514 854 445095.61950366205 4991512.849385005
4758 854 447534.7877533557 4991513.5662980685
5734 854 457297.32648745377 4991504.927332292
976 976 409715.1940084104 4990286.923335727
1464 976 414592.9765100812 4990287.450142736
1708 976 417038.6146953451 4990284.6520912
1830 976 418255.44735341653 4990292.8363920655
1952 976 419475.1678112528 4990287.160658336
2074 976 420696.09166942706 4990291.886394787
2318 976 423134.02132003085 4990292.211130505
2440 976 424358.1117311301 4990284.437448963
2562 976 425575.65831929643 4990293.0412788
3172 976 431676.8714618239 4990289.646204091
3416 976 434112.6960790419 4990290.779036372
3538 976 435337.36212872557 4990292.406926868
3782 976 437781.90760892676 4990283.462576704
4026 976 440215.8809401095 4990290.950674602
4270 976 442650.72657148034 4990293.026359005
5002 976 449976.26793645887 4990288.121743706
5246 976 452413.6102569241 4990291.958076902
5856 976 458516.2903011152 4990284.179545981
1342 1098 413376.6595804361 4989064.722553877
1952 1098 419475.12198074005 4989067.140500845
2074 1098 420692.9532376714 4989073.43674943
2196 1098 421913.6498237793 4989072.084902621
2318 1098 423133.3620438197 4989072.077521366
2928 1098 429242.801935526 4989064.933866399
3172 1098 431677.7349226145 4989063.814295716
3416 1098 434112.3910785749 4989073.9075544635
3538 1098 435333.02751745674 4989072.87083681
4026 1098 440214.56545631314 4989067.473611958
4514 1098 445097.66819092794 4989064.48724511
5246 1098 452415.93127756054 4989064.36518995
732 1220 407276.9656313213 4987848.067981621
1220 1220 412153.06430389936 4987848.074226141
1342 1220 413375.7157787158 4987852.257804621
1830 1220 418253.3061967559 4987853.349564138
1952 1220 419473.2512256886 4987848.253408209
2562 1220 425578.87817796646 4987844.014417234
2684 1220 426796.5505740279 4987843.621028558
2806 1220 428017.42736957513 4987844.89039398
3294 1220 432901.6876097451 4987843.902307018
3416 1220 434115.8675700776 4987843.986991766
4148 1220 441435.7120334316 4987853.677401426
4270 1220 442661.8785745154 4987848.248202198
4392 1220 443875.0134446793 4987849.107271281
4514 1220 445097.20686142996 4987855.628817975
5002 1220 449976.2660720751 4987851.884496733
5490 1220 454852.6777899014 4987851.663298461
5612 1220 456076.0965887797 4987844.768860571
854 1342 408494.20784416137 4986632.649525041
1220 1342 412153.5628536637 4986631.270025607
1952 1342 419477.03562662523 4986624.187558442
2196 1342 421915.26383109577 4986623.72719784
2318 1342 423135.68842450535 4986624.623221865
2562 1342 425573.32493067795 4986631.929394256
2684 1342 426792.44890173327 4986632.151545781
2806 1342 428016.60759458755 4986622.733084037
3538 1342 435337.3209540762 4986633.368114879
3904 1342 438996.90131291235 4986632.148964093
4148 1342 441436.0468017181 4986635.405033588
5002 1342 449978.53561210464 4986627.860204821
5368 1342 453640.50186463085 4986623.542481231
122 1464 401174.241805371 4985412.8490168005
732 1464 407275.1799912694 4985404.549100503
854 1464 408492.53307234775 4985412.058898757
2196 1464 421921.8644738946 4985404.010081585
3172 1464 431676.105717167 4985402.694298716
3294 1464 432896.7605910392 4985404.759396647
3416 1464 434118.8593403409 4985404.5546235535
3782 1464 437777.9008460993 4985407.518028289
4026 1464 440216.66987583344 4985411.099599359
4148 1464 441437.5063480837 4985404.448902706
4514 1464 445097.88464106596 4985411.407229702
4758 1464 447532.1638381803 4985412.555047161
5002 1464 449975.06687858177 4985414.06005678
5490 1464 454852.40512075933 4985413.338157946
5612 1464 456073.92137954745 4985413.37104147
1952 1586 419473.2516070271 4984192.05692035
2196 1586 421918.49238090095 4984182.484098224
2318 1586 423136.62207279966 4984192.377092451
2684 1586 426796.7818599093 4984182.663897371
2806 1586 428022.1486583065 4984184.8682733625
4026 1586 440216.2301750745 4984187.110366908
5124 1586 451194.24073632533 4984192.649439544
5246 1586 452413.6523534132 4984192.800633725
5612 1586 456081.71554254205 4984192.6747340895
2074 1708 420696.34682144155 4982963.643522092
2684 1708 426797.16931442556 4982964.32102065
3416 1708 434115.4195913112 4982974.230123339
3904 1708 438995.7752817878 4982971.353368678
4026 1708 440215.75660490216 4982976.529983877
4514 1708 445093.1252883534 4982973.125594796
4880 1708 448755.2933702425 4982967.920081583
5002 1708 449976.16878721816 4982964.394209448
5124 1708 451201.9479216301 4982964.554700243
5612 1708 456077.65556686884 4982964.033197652
1830 1830 418256.7272294841 4981752.507851364
2074 1830 420695.34144770267 4981752.262279395
2440 1830 424352.8545474341 4981754.130449756
2928 1830 429237.3308839574 4981744.25130167
3416 1830 434121.96816346655 4981744.365440669
4270 1830 442653.61778735986 4981746.308562806
4636 1830 446315.3630538494 4981752.222881496
5490 1830 454856.2067986424 4981743.426791104
854 1952 408493.0061853377 4980532.153663944
2074 1952 420692.95546459476 4980532.588027155
2196 1952 421916.27906643174 4980522.89571455
2318 1952 423140.4313814663 4980522.709812906
2440 1952 424348.7512605903 4980532.413255056
2806 1952 428020.51933170867 4980523.973246291
2928 1952 429233.4030071687 4980528.096170264
3050 1952 430457.0833435097 4980522.960392982
3538 1952 435332.3847605446 4980533.284131065
4270 1952 442653.5333105117 4980528.936501975
4514 1952 445096.64969077875 4980523.272791073
4880 1952 448757.4641513881 4980524.981343344
5124 1952 451202.6746326644 4980524.774823726
5246 1952 452415.81112253625 4980523.100862653
5490 1952 454855.8997696163 4980533.98786711
1952 2074 419476.53508051287 4979304.655062132
2440 2074 424352.9951337655 4979308.287787998
2928 2074 429240.36140768044 4979304.228842666
3050 2074 430457.2364248171 4979307.09029006
3172 2074 431674.0827584094 4979308.011107551
4026 2074 440216.4701384796 4979308.033959444
4270 2074 442653.6105510584 4979313.284527936
4880 2074 448757.8250922107 4979304.606688844
5002 2074 449976.127400252 4979308.093237924
5124 2074 451193.1328694884 4979307.810303759
5368 2074 453637.1043430733 4979308.589771389
5490 2074 454855.7872748229 4979312.787433951
1098 2196 410936.78575619747 4978086.951702464
2074 2196 420697.14605574077 4978088.158323576
2562 2196 425575.69736892486 4978087.755675682
2806 2196 428016.6490208729 4978084.078104985
2928 2196 429237.8574945277 4978084.321550923
3416 2196 434116.7613758433 4978083.689195645
3660 2196 436555.9551922368 4978092.29637813
3782 2196 437775.0531540537 4978092.394396503
4270 2196 442656.2172884797 4978093.1151284985
4758 2196 447535.4267981038 4978093.451546387
5124 2196 451197.22604585165 4978084.796685797
5368 2196 453636.9667129495 4978086.471059494
1464 2318 414592.4230662973 4976873.172607127
2074 2318 420697.547993704 4976864.611702968
2196 2318 421914.043126578 4976872.471431635
2562 2318 425576.0379664087 4976863.447305618
2684 2318 426792.9771664859 4976872.0922204945
2806 2318 428015.1233009428 4976873.096443659
3172 2318 431677.1014753435 4976867.407108828
3294 2318 432891.71658250235 4976874.09343693
3416 2318 434121.6505959449 4976866.06224537
4270 2318 442662.3970375918 4976864.098252293
5124 2318 451197.891306383 4976864.996759342
1952 2440 419476.1097578292 4975646.469347105
2196 2440 421915.8008689067 4975653.795903224
2806 2440 428016.3375836531 4975644.495746234
3050 2440 430456.1041696117 4975644.679298391
3660 2440 436553.1664544832 4975653.3283879375
4026 2440 440216.0113067656 4975654.025436597
4148 2440 441432.3303501664 4975652.284091666
4514 2440 445097.4658577741 4975643.570699097
4636 2440 446316.5295526635 4975651.6189875975
5246 2440 452416.1262916776 4975645.889276488
488 2562 404837.71715961787 4974427.691489568
2562 2562 425577.95317712886 4974423.415969112
2684 2562 426795.2325577921 4974433.668586248
2928 2562 429236.7402473616 4974424.117858114
3660 2562 436555.04509247903 4974431.603157312
3782 2562 437772.8525356426 4974434.05759007
4758 2562 447533.7254187206 4974432.531410726
5002 2562 449976.2014396073 4974423.550986058
5246 2562 452416.0302599375 4974427.739191774
122 2684 401174.17313826364 4973213.315027472
1342 2684 413373.6399537233 4973212.157542515
2318 2684 423133.7745674101 4973213.103799667
2562 2684 425575.8234541857 4973213.038115103
2806 2684 428019.7706198569 4973214.952184013
3172 2684 431675.4584640915 4973207.6775013255
3294 2684 432902.9355239855 4973210.548729725
3538 2684 435334.13750431465 4973215.072398829
3904 2684 438993.6580635972 4973215.094553703
4148 2684 441434.89900768123 4973214.099153281
4514 2684 445096.3292073734 4973206.641410727
4880 2684 448757.321446248 4973204.635127174
5002 2684 449977.2540270145 4973204.5272189295
5246 2684 452422.00877782924 4973204.035636334
1830 2806 418255.3555904122 4971992.255441828
2440 2806 424354.3901507793 4971991.83963031
2562 2806 425576.6971125941 4971987.714328526
2928 2806 429237.25230089366 4971984.119568586
3172 2806 431673.2714746723 4971991.953671534
3294 2806 432893.57677400875 4971993.349735106
4514 2806 445097.944587283 4971984.251548404
5124 2806 451197.70366597443 4971984.985557992
366 2928 403621.1673029371 4970763.842900174
2074 2928 420696.9490818143 4970772.055843538
2318 2928 423136.0455411665 4970769.339404809
2562 2928 425571.62597530574 4970772.053501755
2806 2928 428018.74640876026 4970769.304863976
2928 2928 429233.1706503201 4970773.129514363
3050 2928 430462.1108844032 4970767.775430302
4514 2928 445097.9978250663 4970764.8782828525
1464 3050 414596.6364147865 4969544.025782567
2440 3050 424358.4085511284 4969542.894047045
2684 3050 426802.4114829841 4969544.72032257
4148 3050 441428.3150847742 4969551.572912112
4270 3050 442657.6622640095 4969553.339609713
4758 3050 447537.30530128034 4969557.235527266
5124 3050 451195.9389413006 4969546.293683432
5246 3050 452417.98474520724 4969557.206636868
1708 3172 417033.71762856224 4968332.291044977
1830 3172 418256.0235510354 4968331.9098182535
1952 3172 419477.37143019703 4968324.781464878
2562 3172 425575.4471144523 4968331.500070133
3172 3172 431677.03655137296 4968324.739242565
3538 3172 435338.4317634117 4968322.040668911
4026 3172 440216.92147876235 4968337.443797453
4148 3172 441436.0700900649 4968332.164227744
732 3294 407274.6755145064 4967106.76023874
1586 3294 415817.2380032645 4967104.142877296
1708 3294 417039.2706003345 4967104.225683212
3294 3294 432896.0525781524 4967108.358464104
3538 3294 435338.02336347 4967103.268918365
4026 3294 440223.19166831416 4967104.944201959
4392 3294 443871.70546395273 4967113.175545547
4514 3294 445093.05872663745 4967113.68811069
4636 3294 446317.555048577 4967111.946858264
854 3416 408498.2259793423 4965884.1730735265
1586 3416 415816.6509117454 4965892.709746313
1708 3416 417035.35246714146 4965891.417711148
2074 3416 420696.2837496554 4965884.7725442145
2928 3416 429237.47110269073 4965884.046687516
4148 3416 441436.3528323643 4965883.752064643
4758 3416 447532.1082518389 4965893.03852174
5002 3416 449972.11788055376 4965891.963336307
1220 3538 412156.33670350816 4964663.86782573
1830 3538 418256.38179712364 4964669.032541097
3172 3538 431675.8180958665 4964673.650830415
4026 3538 440217.73553753697 4964663.835867391
4392 3538 443875.19672909984 4964672.122040857
4514 3538 445096.3387458157 4964676.673123932
488 3660 404841.89486639143 4963447.860754234
1342 3660 413375.48728321854 4963447.777097762
1464 3660 414597.428704845 4963451.027778215
1586 3660 415817.0978382925 4963443.887432792
1830 3660 418255.7117972421 4963452.105190417
2074 3660 420696.3454520615 4963451.1585856285
2318 3660 423132.97876401007 4963453.033497925
2440 3660 424357.76701099676 4963456.599385298
2562 3660 425576.1500559242 4963446.324427348
2684 3660 426794.71304652595 4963447.110758241
2928 3660 429235.4190404801 4963452.266667002
3538 3660 435339.520561316 4963443.14336972
4148 3660 441435.7764716557 4963456.045028602
4758 3660 447536.5715961603 4963443.854593088
1220 3782 412157.59209019144 4962228.860182923
1464 3782 414595.8616350019 4962233.296276827
1830 3782 418256.63493660564 4962228.523237495
1952 3782 419475.8647201991 4962228.191649162
2074 3782 420692.8166081231 4962232.272716331
3050 3782 430455.1273388291 4962234.51294373
3294 3782 432893.4724760485 4962236.890986334
3782 3782 437783.23321294325 4962233.606825924
3904 3782 438993.84706984187 4962232.790795833
4514 3782 445095.9184756636 4962232.051684923
4636 3782 446312.75994208 4962233.486927227
5002 3782 449976.70489467005 4962231.722402524
1098 3904 410935.7104125576 4961013.387755393
1708 3904 417036.51593839115 4961011.379880302
2074 3904 420695.15102776844 4961013.187037479
2440 3904 424356.67065708956 4961011.761519171
2562 3904 425574.36470493855 4961012.4925582325
3050 3904 430457.691662889 4961003.425203534
3416 3904 434115.941842361 4961001.3898801515
3660 3904 436555.88241109456 4961011.793670705
4392 3904 443879.0278634494 4961002.602809929
4880 3904 448758.12793005793 4961004.163810041
366 4026 403621.07521966635 4959784.254489953
2562 4026 425579.71746485826 4959784.778533938
2806 4026 428013.4201972643 4959792.113494777
3416 4026 434115.11882239307 4959794.761095628
3660 4026 436553.77116116975 4959792.505190697
3782 4026 437775.829826398 4959792.2058028625
4270 4026 442652.7933118608 4959792.22606243
1220 4148 412162.7361791629 4958570.937478506
1342 4148 413382.6775046156 4958562.90121864
1952 4148 419472.7439586363 4958571.767377647
3416 4148 434115.67708296014 4958572.930909548
4026 4148 440217.5112370518 4958568.867109319
4148 4148 441435.3137511998 4958572.820502495
4270 4148 442654.99751751055 4958575.786040793
4758 4148 447533.4331047046 4958572.959384655
976 4270 409717.2893525565 4957344.535949325
1220 4270 412157.3944744621 4957344.118308392
1586 4270 415814.40085932973 4957352.047264979
1830 4270 418258.77275374846 4957342.218910368
2196 4270 421915.45532889926 4957351.206080122
2562 4270 425576.414178699 4957348.025370259
3538 4270 435333.74732790963 4957353.892324435
3660 4270 436555.7948544786 4957352.598693058
4026 4270 440222.4211079906 4957352.7765713
854 4392 408497.8165646074 4956123.220347775
976 4392 409717.76422669523 4956124.685948174
1098 4392 410932.2195367725 4956126.906465282
1342 4392 413377.0092653949 4956127.294860379
2318 4392 423136.15211293544 4956133.361872499
2440 4392 424355.1924095378 4956132.499919921
2562 4392 425573.0130534103 4956132.300652159
4392 4392 443874.0723412478 4956133.47956728
4636 4392 446317.4162259793 4956135.466179336
4758 4392 447532.63188583637 4956136.811218246
122 4514 401175.073047184 4954912.356656511
854 4514 408501.36720210436 4954902.887106337
1830 4514 418255.2685832394 4954912.614504907
2074 4514 420692.9266792611 4954911.61601612
2196 4514 421914.30034372624 4954907.610013971
2440 4514 424353.30562072416 4954916.840791507
2928 4514 429233.8890194665 4954913.655549188
3172 4514 431672.0343994712 4954908.775059512
3294 4514 432893.72195279616 4954913.901294495
3416 4514 434115.50650467194 4954913.96409675
3538 4514 435335.48835110734 4954913.412223243
3660 4514 436555.44954812585 4954913.133717095
3782 4514 437776.4304664065 4954912.459458475
3904 4514 438996.08198517933 4954911.896811709
4026 4514 440212.5159471799 4954913.083501596
4148 4514 441433.5911629337 4954914.89929776
4514 4514 445093.3434784918 4954914.38060413
854 4636 408498.1487395744 4953684.530293894
1098 4636 410936.3044973906 4953691.560742314
1342 4636 413376.01963397075 4953690.5472331075
1464 4636 414593.84104469913 4953693.181144828
1586 4636 415812.68704764324 4953690.554674105
2074 4636 420697.13305186265 4953695.210962145
2196 4636 421914.389250777 4953692.038203895
2562 4636 425576.76288284647 4953696.582579554
2684 4636 426794.35878635105 4953687.855171736
2806 4636 428015.9134160751 4953693.488643845
2928 4636 429235.98857412074 4953692.20609496
3294 4636 432896.02923986624 4953687.857018602
3416 4636 434115.81567682145 4953692.911326765
3660 4636 436553.47905665153 4953693.148047163
3782 4636 437772.98427620507 4953692.653811974
4026 4636 440218.1334313242 4953688.828593738
4148 4636 441433.0905824367 4953692.568929776
732 4758 407275.9907822589 4952473.021191504
854 4758 408496.9974308924 4952472.159106744
1098 4758 410931.8344670581 4952473.489845178
1342 4758 413372.0819697319 4952471.869561816
1464 4758 414597.371967256 4952468.642217201
2684 4758 426797.7279933133 4952462.711960917
3172 4758 431673.6153427712 4952472.493548565
3294 4758 432897.26289022114 4952473.079114185
3416 4758 434115.490707665 4952473.50232742
3904 4758 438993.1395353128 4952467.542997753
4026 4758 440214.33140165865 4952472.6150963865
4148 4758 441435.0062587324 4952472.780370491
4270 4758 442656.0625478109 4952467.693919084
4392 4758 443871.8748143235 4952468.118565777
1098 4880 410933.80616360146 4951252.572607535
1708 4880 417035.8579354827 4951250.7459651325
1830 4880 418253.7136045992 4951256.45828764
1952 4880 419475.80983215536 4951247.703443059
2318 4880 423136.8408299725 4951256.428717499
2684 4880 426795.9053294884 4951253.542172804
3050 4880 430455.65567026223 4951253.5734461425
3172 4880 431676.35681758006 4951251.67731208
3294 4880 432895.84435409954 4951251.828544761
3416 4880 434115.92384909926 4951253.3134692
4148 4880 441435.1158743532 4951246.74201551
4514 4880 445097.19450532267 4951247.892656468
854 5002 408491.59765766154 4950031.319392853
2074 5002 420700.7151095629 4950021.623830487
2684 5002 426795.8405178383 4950034.296549648
3050 5002 430456.11027546145 4950032.535590039
3294 5002 432896.43851264135 4950032.468686547
3660 5002 436557.0022948885 4950030.424895502
3904 5002 438997.80833190115 4950029.027087248
4026 5002 440216.2960408401 4950030.691743557
4636 5002 446316.27786963555 4950032.824645511
2440 5124 424354.1718173527 4948813.328278523
2562 5124 425577.3533959673 4948812.840178216
2684 5124 426793.3922760195 4948811.295475455
2806 5124 428015.3611747934 4948813.361335398
3050 5124 430453.1770786544 4948813.420768767
3172 5124 431673.4876455303 4948813.182509681
3416 5124 434113.1545105829 4948812.742196651
4636 5124 446313.9748745163 4948813.095581622
976 5246 409713.9198252491 4947592.815983754
1708 5246 417035.1659755879 4947587.33412338
1830 5246 418253.5136725823 4947592.895351535
2196 5246 421913.5340277896 4947593.009112625
2440 5246 424355.4143078468 4947588.332044681
2562 5246 425575.1295632808 4947591.762390526
2928 5246 429233.99321861437 4947593.066764366
3294 5246 432895.7511207731 4947591.619706622
3904 5246 438997.7155801158 4947584.635907932
4270 5246 442656.2354960038 4947590.34972566
4514 5246 445096.9170401522 4947584.233194712
122 5368 401172.9031744468 4946372.895444807
1464 5368 414597.02104529436 4946367.251799578
1586 5368 415815.8234252752 4946368.5824122615
1708 5368 417036.40407838946 4946372.856171959
1830 5368 418255.18207470287 4946366.348125343
2074 5368 420702.3037457535 4946364.957212493
2196 5368 421916.70339863194 4946368.677883146
2440 5368 424354.23272833705 4946373.443679661
2684 5368 426796.3072329285 4946372.4435693305
2806 5368 428016.1049287939 4946372.569865941
3172 5368 431675.3610487829 4946373.228954518
3294 5368 432895.78061439027 4946372.155216709
3416 5368 434116.5271370604 4946368.800648562
4148 5368 441431.24200221617 4946375.730368564
4270 5368 442655.45817725046 4946372.640800126
4392 5368 443876.3922439383 4946371.524858206
4514 5368 445095.35380978906 4946374.002920474
610 5490 406052.77611536806 4945151.534387769
1464 5490 414597.2895132519 4945148.809164678
1708 5490 417036.8111839944 4945148.207862038
1830 5490 418256.0039527408 4945150.43857753
1952 5490 419476.1496242048 4945151.654297138
2196 5490 421912.59468471014 4945152.465948519
2440 5490 424356.8915924058 4945155.623000324
2562 5490 425574.1921676126 4945156.046871613
2928 5490 429237.4312179513 4945152.371317753
3050 5490 430453.198680671 4945148.790651193
3172 5490 431675.77004300157 4945148.060124437
3294 5490 432897.5643341217 4945152.477507501
3782 5490 437776.3233172065 4945157.52956286
4514 5490 445095.3303827989 4945153.105488225
1220 5612 412156.4885291924 4943927.119376793
1342 5612 413375.81362749153 4943932.920402964
1464 5612 414593.53260254266 4943932.996356662
1586 5612 415816.5609733625 4943927.684822426
1708 5612 417036.7762861088 4943927.758768777
2196 5612 421916.0061704973 4943932.79013456
2318 5612 423137.77188881475 4943930.813132056
3172 5612 431675.07247238467 4943927.4465963505
3294 5612 432897.1051184465 4943932.452862214
3416 5612 434116.2935330016 4943931.767932292
3538 5612 435337.31560690317 4943924.1135987425
3782 5612 437782.2539921458 4943924.518550185
4148 5612 441436.0186021971 4943932.462390457
122 5734 401172.8614128513 4942711.401910583
244 5734 402397.3040596283 4942712.329028587
1220 5734 412156.7724576407 4942711.292440532
1342 5734 413377.57856600307 4942704.496351149
1586 5734 415816.38132045994 4942712.089176932
1708 5734 417036.58723744017 4942711.386074047
2074 5734 420697.26113303244 4942708.143625851
2196 5734 421915.86855388654 4942712.573289988
2318 5734 423136.0424207336 4942712.545509901
2440 5734 424352.98954078584 4942707.95016542
2684 5734 426796.41008547274 4942706.873553967
4026 5734 440213.8870909868 4942712.632649196
4148 5734 441436.1587584779 4942708.683337964
1342 5856 413377.6758564118 4941488.000007253
1464 5856 414595.90191160806 4941491.792016109
1586 5856 415816.2623435347 4941491.881848039
1952 5856 419481.1877303125 4941484.9639551975
2074 5856 420695.7399263747 4941491.718335055
2196 5856 421913.1032513201 4941491.705905869
2318 5856 423136.2024021067 4941491.453992493
3538 5856 435336.46200505976 4941492.665757373
4392 5856 443876.3914489102 4941487.031561667
122 5978 401177.56543629494 4940267.386236371
1342 5978 413376.948159611 4940264.078658862
1464 5978 414594.1615096134 4940273.609359109
1952 5978 419476.11989344034 4940268.002257136
2440 5978 424355.2596989458 4940269.405773306
3050 5978 430453.747847413 4940273.376222524
1586 6100 415816.19227813004 4939052.301226474
2318 6100 423135.919901742 4939052.376969719
2684 6100 426796.08590219147 4939046.966874748
2928 6100 429236.5331186624 4939052.766780499
3782 6100 437773.1413273987 4939051.722594094
0 6222 399957.4402872036 4937833.42679766
1220 6222 412158.50726436684 4937824.418076314
1464 6222 414595.2906642538 4937833.119195114
1952 6222 419475.44768834446 4937832.190205287
2318 6222 423133.0228760664 4937828.657231954
2806 6222 428022.72065210267 4937824.5583537705
3294 6222 432896.94425313454 4937823.558343101
3538 6222 435335.7453337023 4937835.087025732
610 6344 406061.6507328973 4936602.621757392
1464 6344 414595.24986407714 4936613.332967139
1586 6344 415823.47573287954 4936607.068749984
1830 6344 418256.35167673527 4936613.47181709
2074 6344 420696.9354164846 4936607.623451568
2318 6344 423135.7758421202 4936612.745656324
3172 6344 431676.1250504567 4936612.873525747
3538 6344 435335.84146310727 4936607.626646653
3904 6344 438998.6055180147 4936604.701557974
1220 6466 412149.1833928025 4935389.038738482
1708 6466 417036.02242386166 4935392.625650892
1830 6466 418256.3521360625 4935393.171670674
2074 6466 420698.02506355883 4935384.680118475
2196 6466 421921.8990686287 4935383.586165095
2440 6466 424356.7129842016 4935386.936103032
2684 6466 426796.78952684836 4935392.12205006
3050 6466 430456.36633766897 4935392.636388779
3416 6466 434116.3179756678 4935391.791471002
854 6588 408492.9931536739 4934172.119978065
1464 6588 414603.0978688508 4934168.078981801
1830 6588 418257.0524307456 4934171.076283271
1952 6588 419477.31590990385 4934172.47864042
2074 6588 420697.58555429714 4934164.598295203
2196 6588 421918.3599707286 4934164.886225071
2440 6588 424357.3585599186 4934170.923101979
2562 6588 425576.1460028309 4934171.285785054
732 6710 407275.0071644992 4932953.346827579
1098 6710 410937.614306496 4932946.891754607
1464 6710 414596.15143059916 4932948.975480472
1586 6710 415815.4615682785 4932951.321689988
1952 6710 419477.35354172636 4932944.638206572
2074 6710 420701.36131337815 4932942.9593676925
2196 6710 421922.2410536205 4932946.701286543
2440 6710 424356.3586927468 4932947.621126194
366 6832 403617.67937234027 4931722.988777032
1098 6832 410935.765303845 4931731.330161026
1952 6832 419471.9560674078 4931731.365279001
2440 6832 424356.0283843785 4931731.964936045
2562 6832 425576.64685342583 4931724.985664084
2684 6832 426796.57164570526 4931731.253031802
3294 6832 432895.0960056081 4931728.48958252
1464 6954 414596.44828270585 4930512.103155863
1708 6954 417035.466510834 4930507.05288704
1830 6954 418256.06143565103 4930511.656737703
2196 6954 421915.49954054184 4930504.724474577
3538 6954 435337.0253068884 4930511.247743718
4026 6954 440216.66946374916 4930512.946288353
1098 7076 410935.1243788399 4929295.090750739
1586 7076 415815.27095005644 4929292.293317996
1708 7076 417036.896886968 4929291.187945821
1830 7076 418259.33173778 4929283.115031728
2440 7076 424353.0015505542 4929292.312004706
3782 7076 437777.2563996823 4929283.218956433
122 7198 401172.8563426371 4928068.34083299
1952 7198 419478.1575118571 4928064.874981398
2684 7198 426795.317118143 4928072.503789028
1830 7320 418255.96846719726 4926851.069397133
2684 7320 426795.67303015897 4926852.581130151
2928 7320 429237.6360414027 4926846.5131114535
610 7442 406056.1779436959 4925627.11093981
732 7442 407276.5723382462 4925632.03833092
976 7442 409715.60793163715 4925628.106469153
1586 7442 415816.24422916357 4925626.860413154
1708 7442 417034.77528515476 4925633.680998871
1952 7442 419475.63742917543 4925628.193869226
2074 7442 420692.7693363942 4925631.39352863
2440 7442 424353.443498636 4925631.473754028
976 7564 409717.03725353733 4924412.826861022
1342 7564 413375.0672232266 4924412.444261331
1708 7564 417037.20778639126 4924403.909289406
2196 7564 421916.8757351322 4924404.922515556
2318 7564 423134.1465124565 4924411.113666804
3294 7564 432898.82011841435 4924404.321842645
3782 7564 437775.3642920654 4924412.3814693745
244 7686 402396.832605642 4923184.5012844745
366 7686 403615.164744103 4923193.977782379
854 7686 408496.96044175606 4923187.608088053
1098 7686 410941.47344997636 4923184.217355898
1464 7686 414596.17970319337 4923183.710109108
1586 7686 415815.12895994954 4923192.3888533795
1708 7686 417035.7434691453 4923192.792733813
2318 7686 423136.1606629238 4923192.694161373
2440 7686 424362.5203033904 4923184.9412442325
3294 7686 432893.78797762474 4923192.288230408
122 7808 401172.7695487633 4921972.454813511
1708 7808 417039.4162808305 4921962.916209143
2562 7808 425576.0773201209 4921973.602089478
2806 7808 428016.18951914844 4921964.6527965255
976 7930 409716.3907332947 4920753.649776179
1098 7930 410937.4151291382 4920744.273989444
1220 7930 412157.4533350647 4920743.595459527
1708 7930 417036.00398446975 4920751.911612892
2196 7930 421918.68629153457 4920744.899413535
2440 7930 424355.9609723255 4920744.915686609
2806 7930 428015.80566594185 4920744.0278755445
3538 7930 435336.67957053444 4920744.223188611
488 8052 404834.00687143335 4919532.513798614
610 8052 406056.52098523435 4919533.236560611
854 8052 408497.15427328716 4919535.53654164
976 8052 409716.1542979953 4919524.853822794
1464 8052 414597.5806161662 4919536.421724083
1952 8052 419475.97408990806 4919531.246259278
3050 8052 430457.1597843806 4919524.671207828
3294 8052 432900.64409995166 4919537.058662195
3538 8052 435335.72181610425 4919534.3128104955
610 8174 406056.50830139266 4918314.044289622
2318 8174 423133.79936463543 4918313.204144556
3050 8174 430457.9137969026 4918304.33185161
3416 8174 434115.363118384 4918314.607614066
3538 8174 435336.43044811586 4918304.199768805
122 8296 401175.7200110496 4917091.571302463
244 8296 402397.8522504283 4917084.40911627
488 8296 404835.04263742216 4917092.977731919
610 8296 406053.81116646307 4917096.361358969
976 8296 409713.8344321681 4917092.578814187
1342 8296 413377.27514830884 4917083.134099435
1586 8296 415812.15955157793 4917092.627473367
1830 8296 418258.5831405358 4917091.24679892
2074 8296 420696.5228587607 4917095.494647649
2196 8296 421917.4154312593 4917084.51171832
2318 8296 423135.8955228511 4917094.201464442
3050 8296 430457.081531876 4917084.426857369
3172 8296 431676.33832299866 4917083.502777687
3416 8296 434116.1229353099 4917093.457800988
854 8418 408493.42607606895 4915872.947784952
1098 8418 410935.697169068 4915872.244599361
1342 8418 413376.2837680359 4915863.3357479125
1830 8418 418256.51068530214 4915862.596759184
2806 8418 428016.59503964754 4915864.5025244085
2928 8418 429236.53829765 4915864.417442173
244 8540 402395.84554307646 4914652.72712676
610 8540 406059.8150485928 4914649.633357109
1220 8540 412161.8681907109 4914644.654691175
1464 8540 414595.821006672 4914653.199698576
2440 8540 424355.1758910645 4914654.032126952
2684 8540 426793.4290234363 4914653.844089823
3172 8540 431676.4830160431 4914644.471087283
3294 8540 432896.3466970402 4914643.925872582
122 8662 401174.5987520002 4913434.089852223
732 8662 407273.98893701594 4913427.603415395
1098 8662 410936.41427391337 4913427.87002149
1952 8662 419476.1649729985 4913427.6353395
2074 8662 420698.225483008 4913424.741449774
2928 8662 429236.96783536597 4913424.512479957
122 8784 401178.3335791565 4912208.778488067
366 8784 403615.86660831317 4912214.00001434
732 8784 407279.9308637835 4912214.954213434
854 8784 408496.01123210066 4912211.565601313
488 8906 404837.75497731275 4910983.2911467105
732 8906 407277.4611756708 4910984.374319312
2806 8906 428016.51475117356 4910984.708907985
3416 8906 434114.40724790853 4910991.915940201
366 9028 403613.7606600222 4909773.780137972
488 9028 404835.55573752854 4909764.516310951
2562 9028 425576.87994610943 4909771.981069117
488 9150 404836.12538153527 4908554.180166744
2074 9150 420696.1607908574 4908551.154987792
2684 9150 426796.96500184963 4908548.022129001
1586 9272 415818.6377300377 4907324.47359475
2562 9272 425577.74739766226 4907324.8479384575
2928 9272 429236.5065878567 4907327.735214364
3172 9272 431677.4756857208 4907331.185583074
2440 9394 424356.50450315344 4906116.818614678
1220 9516 412156.2005722356 4904886.784699436
1342 9516 413376.2472998678 4904888.761027593
2074 9638 420695.90356628713 4903666.4595431015
2806 9760 428014.2067083586 4902451.673748974
732 10004 407272.4428381617 4900017.2011664715
2074 10004 420696.33835199696 4900004.458816517
2318 10004 423133.7301060984 4900012.730556358
2928 10004 429236.9461980727 4900004.143272911
2196 10248 421917.40566917794 4897564.706823344
2928 10492 429237.69308269944 4895124.8136224635
1586 10614 415817.41757759853 4893913.387961145
2562 10614 425576.062478774 4893903.841993312
1708 10858 417033.04660532967 4891472.326273529
2684 10858 426797.564691756 4891473.8905844875
