976 61 419482.7682569118 4998818.513933731
2013 61 440221.64292520547 4998819.144610965
2257 61 445101.63079518476 4998820.6464570975
2318 61 446322.12930628995 4998818.415824863
61 122 401179.46962804033 4997600.49312259
610 122 412162.11847142444 4997598.732106289
1403 122 428019.3294113856 4997599.163770521
2623 122 452418.7349783093 4997598.90418708
427 183 408498.79483814846 4996378.795612564
488 183 409721.2418953541 4996378.606417444
915 183 418258.6093147922 4996378.33399499
1464 183 429241.40556446457 4996378.252451219
1525 183 430461.17256307235 4996377.987555471
2318 183 446320.7410278859 4996380.071294228
2440 183 448760.36700513016 4996380.17001301
2745 183 454858.71713023284 4996382.015100272
2806 183 456080.60418478603 4996381.460515625
244 244 404838.61212194763 4995158.542633604
305 244 406061.12862457935 4995160.963064481
366 244 407282.19852059096 4995158.533759292
549 244 410938.8583400848 4995161.412954216
610 244 412158.9335155573 4995158.9568885835
793 244 415818.354271695 4995157.759683976
2379 244 447540.69055940444 4995161.012878397
2928 244 458521.144341724 4995161.339837566
183 305 403618.0045383259 4993938.068697465
305 305 406061.46134979115 4993939.593572207
610 305 412161.1111803089 4993941.414611701
671 305 413381.51730078255 4993938.804243852
732 305 414601.26136219234 4993937.816585776
1403 305 428020.5027981476 4993938.5757775
1586 305 431681.78229942854 4993938.284538963
2074 305 441441.9580343654 4993940.687509289
2257 305 445101.19813791156 4993940.259305783
2440 305 448761.97110862494 4993941.282054941
2501 305 449978.599408437 4993941.557602842
2745 305 454860.1256017607 4993939.9199039545
122 366 402402.04014970065 4992718.498021537
366 366 407278.37017818575 4992718.910846763
488 366 409719.46508543426 4992718.097049761
671 366 413382.7652125599 4992718.638327638
854 366 417042.3308670787 4992718.8421441335
2074 366 441441.51567663223 4992718.82042254
2196 366 443881.428013823 4992721.735307212
2257 366 445101.9647225059 4992718.870178234
2623 366 452422.4780956143 4992718.379805205
2684 366 453640.4568085124 4992719.0400411
61 427 401182.2295706461 4991498.644880662
244 427 404842.1346931696 4991498.3866064595
549 427 410941.23805592384 4991498.243600014
671 427 413381.11729702994 4991498.956679032
2135 427 442662.1742880957 4991498.7741525825
2379 427 447541.8560213409 4991501.482367221
2623 427 452421.4725332641 4991499.452803584
2684 427 453641.32994674006 4991500.7762284605
61 488 401181.7767043627 4990278.316502993
549 488 410940.6165716682 4990278.307773631
610 488 412161.5707946948 4990278.780663399
732 488 414599.2668765437 4990280.699480895
1586 488 431678.3386991965 4990278.038898859
1647 488 432901.3549766659 4990279.632974431
2257 488 445101.6294715702 4990278.712154062
2318 488 446321.4411274853 4990280.769577195
2379 488 447541.0551438799 4990278.975437883
2440 488 448761.8028324978 4990281.455598202
2501 488 449981.28687121044 4990281.313271255
366 549 407279.8984944266 4989059.131074366
793 549 415817.8688151431 4989058.887605126
854 549 417041.35303670896 4989058.088269601
2135 549 442661.5776693109 4989059.592926015
2440 549 448762.3943000332 4989058.423128282
2623 549 452421.9582288901 4989059.025877914
2806 549 456079.27173696295 4989061.383433538
61 610 401178.2223695984 4987837.425169927
244 610 404841.4871529404 4987838.776765785
305 610 406061.2206374653 4987839.327580277
366 610 407278.50125880924 4987838.776200175
732 610 414600.50830927567 4987839.485011429
793 610 415820.295923731 4987841.521311501
854 610 417041.17509478185 4987841.213029805
1403 610 428021.5258276833 4987839.578964267
2867 610 457301.850681085 4987840.867158144
366 671 407281.16254115064 4986618.680476747
671 671 413381.312411679 4986618.298358174
1403 671 428022.31687150965 4986618.049659976
2318 671 446321.42935923033 4986620.671957614
2501 671 449981.1766020368 4986620.830638547
2745 671 454861.10253971996 4986618.695265438
244 732 404839.2750343075 4985399.2259418825
366 732 407277.21805433265 4985399.768971669
915 732 418259.50236668583 4985399.035815101
1281 732 425581.561170465 4985398.247050505
1403 732 428022.3354466021 4985399.784038424
2257 732 445102.4845283341 4985398.048412308
2684 732 453638.96515162435 4985398.385175002
671 793 413377.9550521113 4984178.802226797
1037 793 420700.92099207727 4984180.47595822
1281 793 425581.72007164365 4984178.257557619
1342 793 426800.7913257539 4984177.569247281
1403 793 428021.8135597063 4984178.284345231
2440 793 448762.4092437965 4984181.857598041
2501 793 449979.94792958203 4984179.888216266
2623 793 452418.5738275948 4984181.283952231
854 854 417038.4469787845 4982958.022518257
2379 854 447541.1893087113 4982962.322065921
2562 854 451200.72656605154 4982961.135966354
2684 854 453641.4066515841 4982961.2728164205
671 915 413378.528729154 4981741.433592587
1098 915 421920.95232294785 4981740.238052166
1159 915 423141.8404757417 4981738.996297598
549 976 410941.63932567765 4980520.401019669
671 976 413378.5237156292 4980519.203273101
915 976 418262.5789004265 4980517.874700648
1159 976 423139.2788673542 4980520.550615826
1342 976 426799.042574367 4980518.483908326
2379 976 447541.2762232673 4980518.839054272
2562 976 451202.4857225234 4980518.724803675
2623 976 452422.18969906576 4980518.890640463
1037 1037 420701.63505021 4979298.884892661
1098 1037 421921.8639277347 4979300.769061246
2501 1037 449978.2023201445 4979299.422030358
1037 1098 420701.71487813204 4978078.428340969
1281 1098 425580.52540317626 4978078.110739902
1403 1098 428022.09634843597 4978078.294723969
1769 1098 435341.4685962959 4978078.716986896
2501 1098 449981.1724120194 4978078.3495678995
2562 1098 451201.7248225719 4978078.144528506
2623 1098 452422.39005954406 4978078.159920234
549 1159 410938.1077809493 4976858.914820976
671 1159 413380.8576249875 4976860.758830102
854 1159 417040.7975433657 4976860.466523148
976 1159 419481.07646318834 4976857.6312766755
1037 1159 420701.28813387663 4976856.893136189
1098 1159 421918.4563800935 4976858.874844913
1220 1159 424361.20828923816 4976859.226803471
1403 1159 428021.58685124095 4976858.338001104
1464 1159 429241.31335064326 4976858.3552309275
2440 1159 448758.9108301016 4976861.302593145
2562 1159 451199.1004507363 4976858.782022827
61 1220 401181.1661709868 4975637.332966781
915 1220 418258.2805459259 4975641.3837742
1220 1220 424361.55527665006 4975638.56520145
1464 1220 429241.1658412884 4975638.305665161
1525 1220 430462.28187367524 4975639.038677822
1708 1220 434121.63278685574 4975642.275483247
1830 1220 436558.8621951416 4975638.710810361
2196 1281 443878.29770899186 4974420.869099211
610 1342 412158.8439781242 4973201.337569956
1037 1342 420700.5411820646 4973197.863678628
1098 1342 421921.58689898916 4973198.085425839
1525 1342 430461.95672337833 4973197.985757584
2257 1342 445101.78193371283 4973202.654065068
2379 1342 447541.63732767146 4973198.5072289575
2501 1342 449978.9940040925 4973198.059679254
2623 1342 452421.14704027533 4973199.149608137
915 1403 418261.698806342 4971980.884666313
1037 1403 420701.6106279519 4971979.014351656
1220 1403 424359.9335882633 4971980.0620595515
1830 1403 436558.5257300373 4971981.568734506
2135 1403 442660.6003958106 4971981.180160307
2257 1403 445099.47312866966 4971978.934055952
2379 1403 447541.31948060344 4971977.521737318
1159 1464 423137.7299472995 4970758.957810284
1281 1464 425578.19929108757 4970758.476461029
854 1525 417037.6320496887 4969540.081135992
915 1525 418261.07513847423 4969537.807656701
976 1525 419481.6148200434 4969538.400287344
1159 1525 423138.4343836052 4969538.161823336
793 1586 415821.0152896128 4968318.21513381
976 1586 419482.30549703294 4968318.629098803
1281 1586 425581.93884445 4968318.9757731175
2135 1586 442661.52395545674 4968321.140142427
2196 1586 443880.9924474251 4968319.227155531
2318 1586 446321.59570956795 4968318.594811011
2379 1586 447541.1388499537 4968321.361093474
854 1647 417042.2691308171 4967100.756300156
915 1647 418260.92619147437 4967098.34222472
976 1647 419482.2958367015 4967098.614823887
2257 1647 445098.4108423783 4967101.374815952
2562 1647 451201.00210656284 4967101.476045542
244 1708 404838.58411105734 4965877.697224773
793 1708 415821.16407885245 4965878.161241555
854 1708 417041.6472644635 4965878.841024817
976 1708 419481.56840295764 4965878.633544599
1037 1708 420700.8500408583 4965877.564277805
1098 1708 421921.65224225447 4965878.381762504
1708 1708 434118.7968396298 4965878.067445476
1769 1708 435342.4876584807 4965877.852016751
1891 1708 437782.2238877363 4965880.571617968
2501 1708 449979.2487931922 4965881.394881033
793 1769 415821.49104057864 4964658.812572812
915 1769 418262.0377703242 4964657.669039528
976 1769 419478.1171269724 4964658.461955336
1769 1769 435341.47744431504 4964661.193140399
2318 1769 446321.1765529372 4964658.33763581
2379 1769 447538.65165637975 4964659.278353334
671 1830 413381.5741472102 4963437.994338728
915 1830 418261.8114184128 4963437.97429872
1159 1830 423138.88653721666 4963439.165340671
1220 1830 424360.0830401493 4963440.036259567
793 1891 415819.283522667 4962219.047511212
915 1891 418261.4949601242 4962218.182755922
976 1891 419481.7166052331 4962217.878779261
2501 1891 449981.7419696723 4962218.423595449
549 1952 410940.53894104564 4960998.391247255
793 1952 415821.72597070533 4960998.958917727
915 1952 418262.3263305779 4960998.70717527
1464 1952 429242.39337559184 4960999.1983507825
2196 1952 443878.64889522205 4960998.894738887
122 2013 402399.5512282908 4959778.711987715
427 2013 408501.67814114015 4959778.286329792
488 2013 409718.2051722221 4959778.683529789
793 2013 415818.7661574524 4959778.403857492
610 2074 412160.87253368757 4958558.994086636
671 2074 413382.65606944665 4958558.58319447
1037 2074 420701.75736998627 4958557.784964722
1098 2074 421921.9859127502 4958557.943681996
610 2135 412160.7829040768 4957337.8271291
915 2135 418258.82777260576 4957338.867371292
976 2135 419481.48815682426 4957337.522781524
1037 2135 420698.7213821935 4957339.110075148
1098 2135 421921.49738113786 4957337.791467892
1464 2135 429240.92473825434 4957339.43009527
366 2196 407279.0008138449 4956121.5405535
488 2196 409721.57550751074 4956117.777291964
549 2196 410941.8453621871 4956118.7037145
976 2196 419480.9251289412 4956118.385970981
2257 2196 445101.14200525655 4956121.929398767
2379 2196 447541.1548062793 4956121.7609854685
366 2257 407278.9246217458 4954898.294584194
488 2257 409721.46938278177 4954897.685093259
610 2257 412161.22318837576 4954898.8098062705
1159 2257 423140.0984471328 4954899.895678416
2013 2257 440221.2367991586 4954901.609342636
2135 2257 442661.2095513735 4954901.154431798
488 2318 409720.47323094134 4953678.1620309595
1159 2318 423141.11281031894 4953678.383887373
427 2379 408501.6249635045 4952458.130206184
549 2379 410938.1967583057 4952461.292929117
610 2379 412160.06581528834 4952459.941719394
732 2379 414601.99250899855 4952458.1486204
1037 2379 420699.06628549844 4952459.125911575
1403 2379 428018.57253958535 4952461.370590227
1891 2379 437781.5592619743 4952458.906304444
1952 2379 438998.3416206412 4952460.783178035
2135 2379 442658.4678189151 4952458.579820037
183 2440 403619.07250312663 4951241.231371775
488 2440 409718.66113697435 4951238.327195922
1342 2440 426800.6849286176 4951238.995946179
1891 2440 437781.7299601892 4951238.990167307
1159 2501 423139.46060263546 4950021.353471906
1281 2501 425579.85099906597 4950020.074289971
2135 2501 442660.9785329403 4950020.941806957
2196 2501 443878.5709801643 4950021.315441709
610 2562 412160.72066572064 4948798.705529777
1342 2562 426798.8181349263 4948798.367337605
1525 2562 430459.7439118017 4948801.23607514
122 2623 402399.587486841 4947581.532850208
305 2623 406062.10320693994 4947579.179096103
427 2623 408502.0525158376 4947579.146221523
488 2623 409719.3933518175 4947578.777739186
793 2623 415821.6262972577 4947578.286784218
1586 2623 431679.11975262035 4947580.969007425
2196 2623 443881.66983428603 4947578.9054130595
732 2684 414598.73270406824 4946358.928198898
976 2684 419478.8039049328 4946360.61179193
1098 2684 421921.3339264568 4946358.52034316
2257 2684 445100.75353212445 4946361.887912583
671 2745 413381.5846415658 4945137.669094046
732 2745 414600.996089765 4945139.0137880575
1342 2745 426799.099532701 4945140.76739027
305 2806 406060.57718509104 4943918.713905653
793 2806 415821.2514084783 4943918.724436694
1098 2806 421921.0400463939 4943920.965373878
1159 2806 423138.4874515435 4943921.167556121
2196 2806 443879.4579564873 4943917.614587117
610 2867 412161.51029666455 4942698.376903048
671 2867 413381.2930386823 4942698.907815918
976 2867 419481.7517767626 4942698.381863719
1098 2867 421920.94017898076 4942699.297564782
1769 2867 435341.2198826061 4942699.108005773
427 2928 408501.66079364653 4941478.33781687
610 2928 412161.09298229223 4941478.272872706
1037 2928 420701.8820157099 4941479.392833522
1098 2928 421921.1072773654 4941478.39576459
1220 2928 424358.65276123706 4941481.536522831
2013 2928 440221.3640616669 4941481.349508895
2074 2928 441441.46626020037 4941481.447751446
305 2989 406062.06052105967 4940260.489797324
427 2989 408498.4191650321 4940260.719945062
915 2989 418258.70673797146 4940260.932365573
976 2989 419481.3200246823 4940261.311675287
1281 2989 425580.39480479516 4940260.690572606
1647 2989 432901.92916295864 4940258.597519179
488 3050 409718.0188801082 4939040.941193834
366 3111 407278.2593404869 4937818.625583707
610 3111 412161.2324199268 4937819.336162174
732 3111 414602.65484260675 4937818.177560972
61 3172 401181.4398976675 4936598.253868258
549 3172 410941.97908413 4936599.041546024
732 3172 414599.3604893413 4936597.950265952
793 3172 415819.2477625667 4936599.230624208
976 3172 419481.60868664284 4936600.724832776
1464 3233 429241.4970601836 4935378.076026921
1525 3233 430462.0388809672 4935381.679439179
1708 3233 434121.87207635073 4935378.687321297
305 3294 406061.30050476897 4934159.67917804
427 3294 408500.55277324334 4934158.224486666
610 3294 412158.71913238004 4934161.392242544
793 3294 415820.8085360156 4934159.824971337
1403 3294 428018.7345387485 4934160.687694119
1464 3294 429242.016827185 4934157.7295923745
1525 3294 430462.32044908556 4934158.953282976
1586 3294 431682.0609937276 4934158.620059397
1647 3294 432902.03417329385 4934158.638390358
549 3355 410939.04289191443 4932938.342662829
732 3355 414601.176106802 4932939.120479823
793 3355 415818.54020984535 4932938.563891913
1403 3355 428021.290061176 4932938.938287012
1586 3355 431682.2092267391 4932941.177182231
1647 3355 432901.849384484 4932938.595299514
1708 3355 434122.2456118245 4932941.174377857
183 3416 403618.6482648378 4931718.195642738
366 3416 407280.9727285554 4931719.021924806
427 3416 408499.4444039159 4931718.385845582
732 3416 414601.8151939749 4931719.155621945
1342 3416 426802.26752698334 4931718.303850472
1586 3416 431681.95450299047 4931719.307462086
1769 3416 435342.61835789983 4931720.625373666
915 3477 418261.6846093822 4930501.158765069
1098 3477 421921.64264110755 4930498.8617419815
1342 3477 426801.72315374826 4930498.488962385
1586 3477 431682.102436292 4930498.800588203
244 3538 404841.4031985024 4929278.207771907
610 3538 412159.059795274 4929279.1104099555
732 3538 414600.3537524783 4929279.650921886
1098 3538 421918.06778153713 4929278.262061571
427 3599 408498.87375852914 4928059.669392448
488 3599 409720.91861159354 4928058.493990715
1037 3599 420702.67289034516 4928058.968468285
1098 3599 421922.1194488595 4928058.735509615
1220 3599 424361.49394485133 4928058.366621887
1281 3599 425581.33017385955 4928058.907983702
1586 3599 431681.0309485914 4928058.55556001
1098 3660 421918.5133143066 4926838.773121937
1281 3660 425582.09840135585 4926838.687114204
1342 3660 426801.72550557135 4926839.226381088
1647 3660 432902.46817414777 4926837.354999069
488 3721 409718.79711754783 4925621.028029576
1159 3721 423141.91174467985 4925618.495333114
488 3782 409719.2380560199 4924397.877466273
549 3782 410940.7688141441 4924398.513129238
671 3843 413380.92854772444 4923178.322371264
1281 3843 425578.3471545845 4923179.481025261
1342 3843 426802.3330546412 4923178.354604695
1464 3843 429242.452620302 4923178.716752214
305 3904 406060.7319546884 4921957.109625515
427 3904 408499.1920389453 4921960.633916794
1342 3904 426802.0530991973 4921958.19442916
122 3965 402402.1119164815 4920736.986924823
488 3965 409721.525665732 4920740.621005456
549 3965 410941.26245398534 4920737.803721673
488 4026 409718.7805541818 4919517.022738827
610 4026 412159.56499814906 4919519.723711518
1098 4026 421922.1668505801 4919518.234312336
61 4087 401179.0613242321 4918298.886416892
488 4087 409719.067689403 4918298.180284459
1281 4087 425581.96604012453 4918299.029119773
1342 4087 426801.50225643726 4918300.950585574
1403 4087 428020.7184652865 4918301.053545752
1586 4087 431681.55505578575 4918300.3249293305
366 4148 407279.18863042316 4917077.883186397
488 4148 409717.85381158366 4917078.506149244
244 4209 404840.1878964116 4915860.17071547
549 4209 410940.7930948726 4915859.262083955
610 4209 412161.7220323332 4915860.784819888
671 4209 413382.3495521264 4915857.013249646
732 4209 414602.6322534538 4915857.302180192
1281 4209 425581.5652360674 4915858.02898797
1342 4209 426801.52006571024 4915861.3166092
1403 4209 428018.08915300615 4915858.220961742
427 4270 408500.8674071138 4914639.05602448
488 4270 409717.59808551037 4914639.251754086
732 4270 414601.077936074 4914639.712381711
1342 4270 426801.11918161256 4914639.010864687
1403 4270 428021.8754778965 4914641.389280484
1464 4270 429242.9700535425 4914637.589287956
366 4331 407281.51217706746 4913418.741918651
854 4331 417040.0852211351 4913419.936659615
1464 4331 429241.6316919854 4913417.898055499
244 4392 404841.36081693805 4912197.416537225
427 4392 408498.39816977305 4912198.662960186
488 4392 409721.68150752713 4912198.441405618
549 4392 410943.0044285949 4912199.476371527
61 4453 401177.3073489689 4910978.627667859
183 4453 403621.15033746196 4910979.414950153
305 4453 406061.897045347 4910978.892630829
366 4453 407280.9121646164 4910978.051881907
427 4453 408502.9719711339 4910978.904056074
488 4453 409718.14983532083 4910980.732023208
793 4453 415821.0908762391 4910978.383863509
1098 4453 421923.42825460987 4910978.538011591
61 4514 401179.57857180294 4909758.309610156
244 4514 404841.5522189502 4909759.296333213
366 4514 407280.5573977891 4909757.823566172
427 4514 408501.9810630925 4909757.981870362
549 4514 410938.5604662127 4909757.9366879705
610 4514 412162.0672563224 4909758.72162311
671 4514 413378.3085868544 4909757.993660693
1098 4514 421922.2369518766 4909758.085613741
1220 4514 424360.772083148 4909758.355389925
1403 4514 428022.44413358724 4909759.696898328
61 4575 401182.05775236356 4908537.722035571
183 4575 403622.8854231609 4908537.892049665
244 4575 404840.9321990429 4908537.815338745
427 4575 408501.8364647991 4908538.393193698
1464 4575 429242.6824579439 4908538.543208415
366 4636 407282.0400327623 4907318.205521016
122 4697 402402.5252884263 4906097.8968425775
183 4697 403621.7687165041 4906097.486797009
244 4697 404841.39718904276 4906097.753741443
244 4758 404838.97646795894 4904878.463048672
305 4758 406061.97785687103 4904879.172563413
488 4758 409722.1793729979 4904877.538584844
610 4758 412160.7170843579 4904878.36544438
1098 4758 421922.03175343975 4904877.93543832
305 4819 406061.9905412327 4903658.428338659
366 4819 407282.2497653229 4903658.815620807
549 4819 410942.019676013 4903658.317140828
671 4819 413382.9386481665 4903657.4350147005
488 4941 409721.16681832826 4901218.379353322
1159 5002 423140.8843530876 4899999.3146490045
427 5063 408502.8043305903 4898778.231340262
