5246 0 352458.29153674515 4600020.264384012
9150 0 391497.281630434 4600018.11079691
9882 0 398816.49917024164 4600021.310947844
10004 0 400036.4748761188 4600018.348008456
10248 0 402477.96886536607 4600019.782377464
488 122 304877.0190145985 4598799.263395951
610 122 306097.37464524823 4598798.607133677
1952 122 319517.2530050139 4598798.048454756
2196 122 321956.9307676862 4598798.010464398
5246 122 352457.9304315481 4598798.457023441
5368 122 353678.03478426964 4598799.032719364
5734 122 357338.1035900585 4598799.218233397
5856 122 358557.71537428605 4598801.11098094
6344 122 363437.34625806636 4598800.787287006
6466 122 364657.6141963111 4598799.4086766485
6588 122 365877.4661531641 4598799.209420421
6710 122 367097.051149163 4598799.644311637
6832 122 368317.25631354656 4598801.00958481
6954 122 369536.79462095397 4598797.922394771
7076 122 370757.6233103906 4598798.329368567
7198 122 371977.02379158663 4598799.4527599765
8418 122 384176.77572456736 4598798.980788035
8540 122 385396.8888765902 4598798.384297122
8662 122 386617.15834338317 4598798.441706739
9882 122 398816.91065104195 4598797.739089951
10370 122 403696.8154160751 4598798.012570828
366 244 303658.05025357107 4597579.457548851
610 244 306096.8468785737 4597578.733159205
2440 244 324397.98637672095 4597581.028567268
2806 244 328058.3092534283 4597581.807746632
5490 244 354896.5345267635 4597578.11944412
5734 244 357337.47072024376 4597578.331608689
6588 244 365876.9689009029 4597580.938931089
6832 244 368317.3539205619 4597579.3546404
6954 244 369537.95368849905 4597581.626325792
7076 244 370757.77859435626 4597578.684391378
7198 244 371977.30552852154 4597581.805534284
7442 244 374417.3864949633 4597581.5065304
8174 244 381737.3075603249 4597578.003790389
8296 244 382956.89775276557 4597581.947971723
8418 244 384177.7061791759 4597580.934482709
8906 244 389056.8544635997 4597581.589571767
9028 244 390277.9994237531 4597578.213507243
9150 244 391498.332716143 4597578.669774864
9272 244 392718.0941861041 4597578.371524523
9638 244 396377.4673411472 4597580.436859597
9882 244 398817.149518183 4597577.877266816
10004 244 400036.55899503676 4597581.8028128445
122 366 301217.1881951699 4596357.50639681
1464 366 314637.9231305775 4596361.300368456
1586 366 315856.760222725 4596362.4374116445
1830 366 318297.2487603177 4596358.398320606
2074 366 320738.5013031223 4596358.581843348
2318 366 323177.09864766715 4596360.296739066
2440 366 324397.44534239493 4596359.836971885
2562 366 325617.9978378915 4596360.523990784
4514 366 345137.00500767067 4596362.1054808535
5368 366 353677.684581437 4596360.2684871955
5490 366 354896.0903066479 4596362.326960189
5612 366 356116.6801112689 4596357.996274584
5856 366 358556.4542719262 4596361.896590909
5978 366 359776.38657817146 4596357.992760651
6100 366 360997.13533717504 4596357.8769493615
6710 366 367096.52187437826 4596357.962203934
6954 366 369537.2174411569 4596357.986575994
7076 366 370756.92105138366 4596358.357036085
7198 366 371978.0760966524 4596358.198876639
7320 366 373198.1211486845 4596359.077540611
7442 366 374417.9927356407 4596360.451660673
7564 366 375638.13237799564 4596358.823059577
7686 366 376856.8849424996 4596360.74674917
7930 366 379296.92729739036 4596358.237368777
8540 366 385397.464309697 4596360.974739503
8906 366 389058.36660910776 4596360.879728862
9028 366 390277.8191292792 4596360.657530659
9394 366 393936.89610506286 4596358.750185017
9516 366 395157.1360927058 4596358.558605553
9638 366 396378.12008074817 4596358.531219393
9760 366 397597.4235383986 4596358.31903156
10004 366 400037.6553665717 4596358.961914612
10126 366 401257.6465798814 4596358.628569496
0 488 299996.7870244193 4595138.340917977
732 488 307317.2525103602 4595138.805460284
2074 488 320735.03817103687 4595139.367199911
2318 488 323176.9874373097 4595139.283765021
2684 488 326837.2276022468 4595140.388011636
2806 488 328057.03832076624 4595138.841249497
3050 488 330498.57276054577 4595138.941053906
5368 488 353676.85998651874 4595138.313348172
5490 488 354897.17467273306 4595141.153445616
5612 488 356116.6828786826 4595140.992993563
5734 488 357337.2233898246 4595141.947932533
5856 488 358557.3645533999 4595141.310813062
5978 488 359777.46942132263 4595141.1572726825
6100 488 360997.51944467594 4595141.20195015
7076 488 370757.1733438047 4595140.993998574
7198 488 371976.9989048939 4595138.07300594
7320 488 373197.6900843544 4595138.398036841
7442 488 374417.3907227367 4595138.626751706
7564 488 375637.3382482012 4595138.875298751
7808 488 378077.79447026865 4595139.384524692
7930 488 379298.08697006595 4595139.0979260625
8052 488 380517.5660445604 4595138.900966042
8540 488 385398.35937747784 4595138.913352745
8662 488 386616.17079444835 4595141.1458661165
9760 488 397597.79554705875 4595138.627618378
10004 488 400038.2321075331 4595137.540521169
10126 488 401256.1978930963 4595137.001580288
610 610 306099.1587580854 4593919.610377645
732 610 307316.56777024677 4593919.315559234
854 610 308536.46906563814 4593919.007733927
1830 610 318296.6303972426 4593918.103003727
2318 610 323177.29788920743 4593918.354462808
4270 610 342696.83762265043 4593919.175867226
5978 610 359776.8407128673 4593919.253654526
6100 610 360997.720708125 4593921.01015254
7198 610 371977.66746215144 4593919.3708322635
7564 610 375637.3647260129 4593918.501542479
7808 610 378076.7871948879 4593918.491447081
8174 610 381738.6588294454 4593918.2690972295
8540 610 385397.8805723772 4593918.391721276
8662 610 386616.49353840644 4593921.576299133
8906 610 389056.8496230978 4593918.073149081
9028 610 390276.9553526958 4593921.745423212
9272 610 392717.0928024556 4593918.049246796
9760 610 397598.4988994283 4593920.93099017
10004 610 400038.1432946808 4593918.824896163
10126 610 401258.1506969795 4593918.961901243
10492 610 404918.1013340276 4593918.966618113
732 732 307315.8337413228 4592698.426530284
1830 732 318295.3529041512 4592700.617937868
2196 732 321957.6884523673 4592697.624162969
2440 732 324396.6384627365 4592701.3325981265
7442 732 374416.62367822876 4592698.605650409
7564 732 375637.10792673123 4592697.867527467
7686 732 376857.55396400875 4592698.273758995
7808 732 378076.56131307094 4592698.226155523
7930 732 379296.83671942994 4592698.552950562
8052 732 380517.1432207601 4592701.319141176
8174 732 381736.618675131 4592698.458801578
8540 732 385396.41748954525 4592697.925471764
8662 732 386618.7648673615 4592698.470736622
8784 732 387837.4544408747 4592698.122272363
9028 732 390277.9802039726 4592701.114845516
9150 732 391497.65872233355 4592699.293818682
9272 732 392717.78498069267 4592701.010992757
9394 732 393937.5321071926 4592700.107459125
9638 732 396376.32855411916 4592697.356680611
9760 732 397597.209009448 4592699.1103165
732 854 307317.62175573054 4591480.985715739
976 854 309758.02266313235 4591480.611808138
1098 854 310977.4068706556 4591479.687920133
1830 854 318296.6769563945 4591482.360335748
1952 854 319515.1711443153 4591480.03966774
2074 854 320737.3192251084 4591480.937576594
3050 854 330498.55435302574 4591479.705936201
4758 854 347577.269223395 4591478.64464137
7686 854 376857.3702764475 4591477.620632907
7808 854 378077.1245815843 4591478.120672722
7930 854 379297.59595062124 4591481.650736412
8174 854 381737.10918611503 4591478.136870394
8296 854 382956.8643193247 4591481.3284485135
9272 854 392716.98349864065 4591477.234057039
9394 854 393937.19546659343 4591478.988950949
976 976 309756.9267251501 4590261.418981592
1952 976 319518.32613580057 4590258.862653702
2318 976 323178.3462052857 4590261.00329744
2806 976 328056.6172862539 4590256.903460405
3050 976 330498.6354266556 4590258.482964642
4514 976 345139.6751286172 4590258.964614798
4758 976 347576.7065554205 4590258.653640526
4880 976 348797.84103505826 4590262.266792046
5002 976 350016.72510543955 4590261.225469862
7564 976 375637.3039924884 4590261.7263954105
7808 976 378077.2397410193 4590261.60529744
7930 976 379297.81299343205 4590258.896531929
8052 976 380517.75264168566 4590258.729730203
8174 976 381737.6362204632 4590259.160585944
8296 976 382957.4701645611 4590258.748813229
8418 976 384177.68461943284 4590260.879267962
8662 976 386617.33174274856 4590260.84376681
9028 976 390278.8908649425 4590261.119532927
9150 976 391498.51082582615 4590258.262960892
9272 976 392718.48505820107 4590258.148247065
9882 976 398817.51549768564 4590260.375469077
10126 976 401257.7059193352 4590258.169463583
1098 1098 310977.23105369764 4589038.741758014
1464 1098 314636.7189056367 4589038.56256333
1586 1098 315857.4354240273 4589041.728415235
4392 1098 343916.78503147006 4589038.35172187
4636 1098 346357.2885899184 4589038.4784330595
4758 1098 347577.91563644045 4589041.53980328
5002 1098 350016.8559738098 4589038.656340869
7686 1098 376857.5606714058 4589038.783745139
7808 1098 378077.8719040096 4589039.188116178
7930 1098 379296.84058629634 4589040.325283559
8052 1098 380516.5318253734 4589038.580704411
8174 1098 381737.6924453998 4589039.411050504
8296 1098 382957.76843071275 4589039.475432577
8418 1098 384177.46388476185 4589040.977436756
8540 1098 385397.1642148232 4589040.916097358
8662 1098 386618.5493343268 4589038.683974919
8784 1098 387837.1858964356 4589039.469848682
8906 1098 389057.53324419906 4589039.156754411
9394 1098 393937.77534882154 4589040.968003459
9760 1098 397597.92890143226 4589038.555007037
10004 1098 400038.6723864677 4589040.645436975
10126 1098 401258.79696727946 4589039.098316749
10248 1098 402477.63317130064 4589038.399933701
10492 1098 404917.45768784033 4589038.252918262
1220 1220 312197.43117786647 4587821.623925547
1342 1220 313416.85721283866 4587822.147191671
1464 1220 314637.84399112884 4587821.322974417
1586 1220 315856.55915781355 4587821.169952759
1708 1220 317076.36830730276 4587819.901489147
1952 1220 319517.28421953315 4587819.428090074
3294 1220 332937.0834895488 4587818.554470648
4026 1220 340256.53173304436 4587820.874641748
7808 1220 378076.86371347896 4587818.783179859
7930 1220 379296.40524036164 4587818.06113926
8052 1220 380516.3553082399 4587818.131343074
8174 1220 381736.7803942993 4587818.343004491
8296 1220 382956.39319219807 4587817.993569096
8418 1220 384176.6470405185 4587821.6278929375
8540 1220 385397.2933855152 4587818.99420211
9272 1220 392717.42458019743 4587818.613092096
9394 1220 393937.3068885845 4587818.376370266
9638 1220 396376.6470035173 4587818.998498497
9882 1220 398818.1238207928 4587818.625015904
10004 1220 400037.18729305477 4587819.330231298
10126 1220 401257.20146384474 4587820.942470557
2196 1342 321958.4920015776 4586597.63717551
2440 1342 324399.21829367726 4586601.603188229
3172 1342 331718.3763720661 4586598.099904656
3294 1342 332938.92319007823 4586598.277730409
3416 1342 334157.4068013501 4586600.90499578
3904 1342 339037.60801158904 4586599.745070546
5002 1342 350017.88237233256 4586601.118198854
6588 1342 365877.5922719348 4586598.538351611
7930 1342 379297.24664242676 4586597.885966101
8052 1342 380517.41030642105 4586598.132998613
8174 1342 381737.280124016 4586598.344169814
8418 1342 384177.03519756783 4586597.7872872045
8540 1342 385396.62433313386 4586598.481743743
8784 1342 387836.8603183801 4586601.655657812
8906 1342 389057.9894911689 4586598.216683562
9150 1342 391496.61682813556 4586599.124401945
9272 1342 392716.25109103264 4586598.517441784
9394 1342 393936.35639496904 4586598.335694696
9882 1342 398816.61440997047 4586598.770574892
10004 1342 400037.1366284406 4586599.136257705
10126 1342 401258.2394145486 4586598.758304959
10248 1342 402477.8447435501 4586597.819908093
10370 1342 403696.61961256573 4586598.279523916
2684 1464 326835.0351315494 4585377.926634607
3904 1464 339037.24113687355 4585378.873675646
4270 1464 342696.2232123528 4585381.790110719
4758 1464 347577.8020267018 4585379.242384344
5124 1464 351237.60429926746 4585379.729825111
6588 1464 365877.41254105914 4585379.526599814
7076 1464 370756.78471760586 4585378.872075937
8052 1464 380517.3337108091 4585378.461760424
8174 1464 381737.3477278779 4585381.848404654
8296 1464 382957.8135476279 4585381.992727419
8662 1464 386618.2841052003 4585379.247565018
8784 1464 387837.7001503157 4585381.270055709
8906 1464 389057.7023749629 4585381.769145183
9028 1464 390277.6170855715 4585378.601051564
9638 1464 396377.6599109023 4585378.147658148
10370 1464 403697.7489421378 4585381.181026514
10614 1464 406137.06858402066 4585377.644051537
2562 1586 325618.0564812379 4584161.629680986
2684 1586 326837.9023194519 4584158.553519677
3904 1586 339037.87500761996 4584159.327562099
4026 1586 340258.44047316833 4584157.774398766
5002 1586 350017.482323858 4584159.279702161
5124 1586 351237.8394258873 4584159.077489626
6466 1586 364656.9550100005 4584159.164627326
6588 1586 365876.4771890026 4584158.264351181
8174 1586 381736.3969684431 4584157.800320468
8296 1586 382956.9145327272 4584161.653372933
8540 1586 385398.2281682712 4584158.889453032
8784 1586 387837.4169219825 4584161.132772413
8906 1586 389057.33342468494 4584159.024727562
9028 1586 390277.28940500546 4584158.776830274
9150 1586 391497.3897599092 4584159.802426739
9394 1586 393938.8059829653 4584159.146143815
9882 1586 398817.3021139941 4584158.608676862
10858 1586 408575.02578626375 4584160.085629912
10980 1586 409798.18622144696 4584158.787376808
2806 1708 328058.28206156334 4582938.712020024
2928 1708 329277.87057881855 4582941.585233865
3538 1708 335377.4019223589 4582936.666117438
4880 1708 348797.31745376595 4582941.289316468
5124 1708 351236.2999160984 4582938.628515742
6344 1708 363437.1349308327 4582937.419785258
6466 1708 364657.3204514771 4582938.0530985845
6588 1708 365877.3297915822 4582938.196012307
6710 1708 367097.5327770509 4582938.274836619
6954 1708 369536.5310569939 4582938.338326696
8052 1708 380517.4527767467 4582941.770705029
8174 1708 381736.848852262 4582941.661722689
8296 1708 382957.17846080184 4582941.874419436
8418 1708 384177.7878992125 4582941.505279516
8540 1708 385397.2512477007 4582941.192976882
8662 1708 386617.26095634856 4582941.639324124
8784 1708 387838.0019185282 4582940.83139895
8906 1708 389057.2828157757 4582938.993070128
9028 1708 390277.18241806934 4582938.568411741
9150 1708 391496.9206672135 4582937.982041727
9272 1708 392716.47013136675 4582938.8406315455
9516 1708 395157.8069277507 4582939.18729149
9638 1708 396377.4173263075 4582938.673540293
9760 1708 397598.37742875615 4582938.596641577
10004 1708 400037.540741738 4582938.545210179
10126 1708 401257.9182956746 4582938.802738453
10248 1708 402478.11326045514 4582938.627083468
10370 1708 403698.4928496553 4582939.620769496
10492 1708 404918.4152708778 4582939.353962446
10858 1708 408578.2811632464 4582939.080195723
3416 1830 334159.31499885663 4581720.1806351915
3538 1830 335377.6867505315 4581718.475781007
3782 1830 337817.69663530984 4581718.031484724
3904 1830 339037.5239342599 4581719.326885257
4392 1830 343916.81417134 4581719.582392383
5002 1830 350016.63031955954 4581718.783930928
6222 1830 362217.0869628129 4581718.29727198
6344 1830 363437.5711536871 4581717.782434465
6832 1830 368316.878839464 4581718.359022552
6954 1830 369537.69888671587 4581721.859027954
7076 1830 370757.67385767 4581721.9135414045
7198 1830 371977.1950739102 4581721.565487229
8174 1830 381737.89642138645 4581719.125868436
8296 1830 382957.8662977223 4581719.021752832
8418 1830 384177.7474026691 4581718.897404283
8540 1830 385397.1361902795 4581721.158397119
8662 1830 386617.7095559223 4581720.811688
8784 1830 387837.976965421 4581719.5057911845
8906 1830 389057.50188019924 4581719.088584531
9150 1830 391497.571498644 4581718.0777114425
9272 1830 392717.7434363051 4581717.904741017
9394 1830 393940.07640252245 4581719.686647907
9882 1830 398817.75534405693 4581718.368139448
10004 1830 400037.4710211819 4581718.086297326
10126 1830 401257.2032121604 4581716.832660539
10248 1830 402476.50749587314 4581717.80920531
10370 1830 403696.42030267423 4581717.507729446
10492 1830 404916.95638041757 4581717.719536599
10736 1830 407358.13115362247 4581718.600841996
10858 1830 408577.58276029263 4581717.8440383775
10980 1830 409798.625576742 4581720.750867757
3294 1952 332936.4400142216 4580501.522298224
3416 1952 334156.0254200118 4580501.455900209
3538 1952 335377.0995934657 4580501.545848463
3660 1952 336597.18795531895 4580501.018234736
4880 1952 348796.17623713345 4580498.183381353
5002 1952 350017.78879459604 4580498.480587135
5612 1952 356116.39370979404 4580498.214890574
5734 1952 357336.8569538658 4580498.454589721
5978 1952 359777.03923594713 4580501.889857087
6344 1952 363437.03871561086 4580498.0076210005
7320 1952 373198.3996423805 4580498.996999956
7442 1952 374418.05333631026 4580500.799935437
8296 1952 382957.37840862636 4580498.740102075
8662 1952 386617.8742355913 4580499.231803011
8784 1952 387836.63721261086 4580498.2329242835
9272 1952 392717.9119673242 4580499.112384395
10126 1952 401257.73606951605 4580498.705812982
10248 1952 402476.91238854954 4580497.269243371
10370 1952 403696.8926692219 4580497.642055404
3294 2074 332938.35950123187 4579281.010342604
3660 2074 336595.8562163748 4579281.12721545
3782 2074 337816.2535079832 4579281.512997516
5124 2074 351236.5434652049 4579277.775835591
5246 2074 352456.6029779726 4579278.252673526
5368 2074 353677.5862016195 4579278.495484787
5978 2074 359777.25179783994 4579278.352640298
6100 2074 360998.34513165575 4579279.390041129
6588 2074 365878.06100387604 4579277.2018252285
6832 2074 368316.73829510633 4579281.203127724
7076 2074 370757.43597164145 4579278.3119314695
8296 2074 382957.8947872352 4579278.643151297
8662 2074 386618.05851873016 4579281.279680823
10126 2074 401256.75164432876 4579280.936436361
10248 2074 402478.1902866058 4579278.743872035
10492 2074 404918.06331183086 4579278.260180769
10614 2074 406137.1131755173 4579278.336943938
3172 2196 331718.1670489421 4578058.401217897
3416 2196 334157.45471263083 4578060.781633673
3538 2196 335376.9353594489 4578061.754738587
5124 2196 351237.9820474843 4578058.565708837
5246 2196 352458.4914876038 4578058.726825977
5368 2196 353677.66479890666 4578058.367731594
5734 2196 357337.73022781126 4578058.104102258
5978 2196 359777.3950534279 4578058.632824396
6710 2196 367097.90679012245 4578059.016153063
7198 2196 371978.44968247524 4578060.940580549
10126 2196 401256.4577771719 4578058.1699050665
10370 2196 403696.6026007736 4578058.734628903
10492 2196 404917.53040971287 4578059.491910155
10736 2196 407357.77353565826 4578058.530085307
3294 2318 332937.603426712 4576842.3555149045
3538 2318 335378.18397189013 4576838.093445137
4026 2318 340257.3843654456 4576839.327469951
5002 2318 350017.4579174547 4576838.704247149
5124 2318 351237.8172777184 4576839.000721631
5246 2318 352458.307667713 4576839.185494214
5368 2318 353678.3903162544 4576840.809328387
5490 2318 354898.4682316543 4576839.017712666
5734 2318 357337.5596250795 4576840.64843733
5856 2318 358556.35099383537 4576838.004624496
9150 2318 391497.3908555626 4576839.031101941
9272 2318 392717.77863198327 4576837.78119419
9516 2318 395156.84966493706 4576837.901482645
10248 2318 402476.66623286257 4576837.435921608
10370 2318 403696.59422146564 4576837.247063002
10492 2318 404916.5506573185 4576837.116821717
3416 2440 334159.09213925176 4575620.432068086
3660 2440 336597.128642754 4575622.153482325
4148 2440 341476.9993402213 4575618.0662163375
4392 2440 343917.5164428635 4575620.701144413
4636 2440 346357.2684458358 4575621.876241876
5002 2440 350017.7286879658 4575619.09000207
5490 2440 354897.0872261823 4575617.701326073
5612 2440 356117.1473415481 4575618.234612256
5734 2440 357338.142917036 4575618.272320827
5856 2440 358558.94464882184 4575618.963451441
7076 2440 370757.5595402535 4575618.902495171
9150 2440 391497.18313776294 4575621.3285507
9272 2440 392717.6624078438 4575618.972592425
9394 2440 393938.16086248384 4575618.472861527
10370 2440 403696.9167136699 4575617.961640154
10492 2440 404917.1435835819 4575618.019641832
3660 2562 336598.5566088972 4574401.621179854
3782 2562 337816.3533566151 4574397.254023385
4514 2562 345137.13464031724 4574398.517754836
4636 2562 346357.52806551656 4574399.51330481
5002 2562 350016.61572110857 4574399.019890981
5612 2562 356117.33681486885 4574398.4573235465
7198 2562 371977.4442850668 4574399.389079184
7808 2562 378076.6884332961 4574398.373736468
9150 2562 391497.3717770583 4574398.131930004
9516 2562 395158.3656333017 4574400.635448132
10370 2562 403696.924707099 4574398.432954663
10614 2562 406137.6987323154 4574398.6325275935
5856 2684 358558.9233753786 4573178.833173423
5978 2684 359778.7580828414 4573179.299393821
6466 2684 364657.4146541389 4573179.357273007
6710 2684 367097.4974079955 4573181.639930228
7076 2684 370757.6337145624 4573179.262944432
7198 2684 371976.88392982003 4573178.70154719
7320 2684 373196.75441825914 4573181.024718335
7442 2684 374417.1239010372 4573179.03049197
7686 2684 376856.8559312604 4573178.028840877
8296 2684 382957.25122400955 4573179.607403306
9150 2684 391497.4302412727 4573178.053961644
9272 2684 392717.71944783535 4573178.031812686
9516 2684 395157.1178528049 4573178.303502771
9760 2684 397597.89167050255 4573178.970457349
10248 2684 402476.4701245757 4573177.937401152
10370 2684 403696.78686667525 4573178.478009373
10492 2684 404917.26540823147 4573180.332889384
10858 2684 408578.75452206784 4573179.47788339
3660 2806 336596.66398100194 4571957.579437279
4880 2806 348797.8535593365 4571957.472752608
5124 2806 351236.2203032168 4571957.758152973
6832 2806 368317.98405627784 4571958.9393421365
7076 2806 370757.9573803517 4571958.519264164
7198 2806 371977.75543115236 4571959.177651788
7320 2806 373196.8529550805 4571957.120861772
7442 2806 374417.28344992595 4571959.01624689
7808 2806 378077.484475115 4571959.245585775
8418 2806 384177.7865463422 4571957.962620394
9150 2806 391496.27550197614 4571957.4966258295
9516 2806 395156.7049563802 4571957.287843952
9882 2806 398816.9208816017 4571958.0415326115
10370 2806 403698.45797370013 4571958.572624667
10736 2806 407357.55010856554 4571958.986856877
10858 2806 408577.5875316124 4571958.57143297
6832 2928 368317.7884544166 4570738.5047404915
6954 2928 369537.2643493307 4570741.246419596
7198 2928 371977.67101126444 4570739.238194854
7320 2928 373198.02536066266 4570739.196006732
7442 2928 374417.0796662924 4570738.619007019
7564 2928 375637.10372310557 4570737.361480104
7686 2928 376857.2083268463 4570737.878719751
7808 2928 378077.74832105916 4570738.16004438
7930 2928 379297.9672897953 4570738.77726793
8174 2928 381738.37051754404 4570738.527922494
8296 2928 382958.47309353686 4570738.340236448
8418 2928 384180.24563720386 4570739.765201291
8906 2928 389057.25206183805 4570737.578429532
9028 2928 390278.1617202132 4570738.439835501
9394 2928 393937.512826905 4570738.403915041
9516 2928 395157.3593401301 4570738.24088289
9638 2928 396377.35757445364 4570737.872267034
9760 2928 397597.10845009715 4570738.783237836
9882 2928 398816.9763244184 4570738.881319265
10004 2928 400037.0675064429 4570738.466229846
4270 3050 342697.5187026804 4569521.294222164
4392 3050 343917.8240746206 4569520.692582235
6954 3050 369537.87332055584 4569519.132982761
7076 3050 370758.14572347247 4569521.115932119
7198 3050 371978.35334973317 4569518.849755929
7320 3050 373198.0893105111 4569519.52519221
7442 3050 374418.1463488435 4569517.141409435
7564 3050 375636.9283832336 4569519.136568395
7686 3050 376857.6598297398 4569518.443943138
7808 3050 378077.96996938414 4569518.302823356
8052 3050 380517.1847371397 4569518.026567119
8174 3050 381738.0752117455 4569517.719148358
8296 3050 382957.5857589894 4569519.154793128
9272 3050 392718.1867835374 4569518.572399129
9394 3050 393938.1393747229 4569518.679627384
9638 3050 396378.364382595 4569519.543005219
9760 3050 397598.29481052543 4569519.647456006
7076 3172 370758.0312828126 4568299.412707247
7198 3172 371978.0715408205 4568299.161199015
7320 3172 373197.2103520318 4568298.882367173
7564 3172 375637.3381170154 4568298.553292339
7686 3172 376857.63559803995 4568298.517899185
7808 3172 378077.46761292935 4568298.791686664
8052 3172 380517.24368844106 4568297.655742804
8174 3172 381738.4128637341 4568298.253262941
9516 3172 395158.650669363 4568296.756191808
9760 3172 397597.67648133915 4568299.1426246185
10004 3172 400037.857335359 4568298.756351229
3904 3294 339036.99765698425 4567080.318725718
7320 3294 373197.64206964715 4567078.610837296
7442 3294 374417.4203599638 4567078.739939141
7564 3294 375637.15836879436 4567078.333973441
7686 3294 376857.1952803629 4567078.986171897
7808 3294 378076.2819496676 4567078.880040645
7930 3294 379296.4619046473 4567077.827583783
3782 3416 337817.88287705975 4565860.181538865
3904 3416 339037.22834613646 4565857.6187161505
4026 3416 340259.01832838194 4565859.009147059
7442 3416 374417.7459885897 4565859.1246449305
7564 3416 375637.3633050515 4565858.462804298
7686 3538 376857.7411726838 4564638.912523526
9882 3538 398817.2182089244 4564637.825634704
10248 3660 402478.42639867426 4563417.731871705
10126 3782 401258.82996887213 4562198.239859454
10492 4026 404917.112245599 4559757.998862222
