9394 122 393944.1329692919 4198783.081640265
6588 244 365883.6282939441 4197562.590895989
9028 244 390284.0323692011 4197562.0570369745
9272 244 392722.9124247415 4197563.181433087
7198 366 371983.6961332858 4196341.505393208
7320 366 373203.24537938274 4196342.134865415
8784 366 387843.4406522421 4196342.977093134
9028 366 390283.74087638233 4196343.395600265
9150 366 391504.1297641202 4196342.994995423
6344 488 363443.495659904 4195122.799321372
6832 488 368324.3009894104 4195123.857050261
6954 488 369543.5242707147 4195122.508182839
7198 488 371983.46195802395 4195122.157376053
8662 488 386623.9648127514 4195122.89379416
8906 488 389064.28345523507 4195123.961306516
9028 488 390283.8294171643 4195122.942578639
6466 610 364663.3350825973 4193902.043903987
7076 610 370762.7594443656 4193902.079584116
8784 610 387844.0378892567 4193902.9097021855
8906 610 389064.24552243436 4193902.7400987875
9028 610 390284.59320134023 4193903.543169435
5856 732 358563.09675074177 4192681.7301107347
6588 732 365883.5280307262 4192682.8895622417
8784 732 387844.11153185205 4192681.7415167857
5246 854 352462.86240599916 4191461.1630394813
5124 976 351243.48692635953 4190242.4223324675
5246 976 352462.62803872686 4190241.5740563395
8418 976 384183.6494658775 4190241.7072114255
8906 976 389063.8260555877 4190242.2637243476
9028 976 390283.8590345851 4190242.205285458
5002 1098 350023.63225276314 4189022.838021213
5124 1098 351243.6637313005 4189023.3707470624
5612 1098 356122.8499676416 4189021.6312245196
6100 1098 361003.30701543554 4189023.2523360224
6222 1098 362224.34600910306 4189020.812916169
6344 1098 363443.0271546491 4189023.097422704
7076 1098 370763.64311948046 4189023.1797086922
8540 1098 385403.7515132885 4189022.675175286
5124 1220 351243.9786436578 4187802.996810736
5246 1220 352463.662870207 4187802.558601264
5368 1220 353682.9817197829 4187801.8194819894
5490 1220 354906.6061993965 4187804.263029515
6222 1220 362223.8014447415 4187803.078793389
6344 1220 363443.5160777504 4187803.2487937417
7076 1220 370763.5100166071 4187801.841292915
8662 1220 386623.60571656015 4187802.7097391905
9150 1220 391504.3020100834 4187802.761926527
10614 1220 406143.7761660375 4187802.962441724
4880 1342 348803.6911814369 4186582.8646967364
5002 1342 350022.8881609116 4186582.864466547
5124 1342 351243.2099420353 4186583.3054140937
5368 1342 353684.11464931426 4186582.9330698857
5490 1342 354903.9353993153 4186582.217075249
6588 1342 365883.82990562293 4186583.0977068096
6832 1342 368323.61807129555 4186583.5229261545
7198 1342 371984.39313954645 4186583.137042552
8906 1342 389064.1072032614 4186582.2685118727
5002 1464 350023.9514607355 4185362.942295229
5246 1464 352463.6966825887 4185362.622517647
5490 1464 354904.9696702772 4185363.466169604
6344 1464 363443.6732490596 4185361.4325975133
6466 1464 364664.0696865285 4185363.3135645194
9150 1464 391503.4700298159 4185362.930589717
9272 1464 392723.8221110751 4185362.03968596
10370 1464 403703.90623369423 4185362.431120814
10858 1464 408584.0945052891 4185364.091320118
4880 1586 348803.28829791176 4184143.0583454
5002 1586 350023.94709242985 4184141.449330326
5124 1586 351243.2437829543 4184142.3301764755
5490 1586 354904.11714603426 4184143.748851178
6466 1586 364662.56136446627 4184142.821241306
6588 1586 365882.21835193934 4184142.4637752436
7808 1586 378082.66045813996 4184142.3211942744
7930 1586 379303.67237468663 4184142.07156305
8418 1586 384182.9735444023 4184141.9377838923
8540 1586 385402.4185640159 4184143.292411831
8662 1586 386623.6005992315 4184143.3857061258
8784 1586 387844.6789345673 4184141.5535319485
9150 1586 391502.6641849491 4184143.0195572264
9272 1586 392723.370206285 4184143.147102927
9394 1586 393942.9240450681 4184142.330248381
10736 1586 407363.15735477343 4184143.5443758294
4636 1708 346364.11431426037 4182922.12390526
4758 1708 347583.9642933953 4182921.804767537
4880 1708 348802.8930475694 4182922.3534337655
5002 1708 350023.45717767236 4182923.5582182817
5490 1708 354904.7071110621 4182922.6025445983
6344 1708 363442.6868456241 4182923.947917752
6466 1708 364662.577418231 4182921.344828519
7808 1708 378083.29188567045 4182922.8056183783
8418 1708 384183.6022206077 4182922.3297831556
9150 1708 391503.7631185948 4182923.089062172
9760 1708 397604.14186585735 4182922.6317593865
10614 1708 406143.66777158953 4182922.4598810263
4514 1830 345143.4271677773 4181701.9304730827
4636 1830 346364.25508864276 4181703.5986406794
4758 1830 347582.9633499445 4181702.5909587685
9028 1830 390283.4115843352 4181703.397350558
9882 1830 398824.4050233453 4181704.0274127284
10004 1830 400043.8135124841 4181702.256254632
10126 1830 401263.4968441813 4181702.0547602093
10370 1830 403704.0436849989 4181703.052507367
10492 1830 404923.00278866384 4181702.379343237
10614 1830 406143.26493914216 4181702.8107650457
10736 1830 407364.04523020756 4181702.9412520416
4514 1952 345143.4219287947 4180482.217780331
5856 1952 358563.18131766026 4180481.328930512
6344 1952 363442.79288133624 4180481.8754665805
6466 1952 364662.7218478111 4180482.057945123
7320 1952 373203.9566079992 4180481.9032253316
8784 1952 387843.70981934114 4180482.0227758745
9028 1952 390283.1620244982 4180483.6808763333
9882 1952 398823.6201197093 4180482.683913267
10126 1952 401263.98175158433 4180483.023207576
10248 1952 402484.569612289 4180484.793819868
10370 1952 403703.5417045776 4180482.2885229522
10492 1952 404922.5084000291 4180483.024980556
4392 2074 343923.87412338186 4179262.769516088
4514 2074 345143.5321863724 4179262.6021754965
4636 2074 346364.2721711295 4179261.372546006
5978 2074 359782.9598772431 4179262.912444425
6222 2074 362224.4557834285 4179262.6486225436
6344 2074 363444.29141246516 4179262.1248363266
6466 2074 364664.24381654477 4179262.2156886095
6832 2074 368324.07074808225 4179261.4153706534
6954 2074 369541.65877767873 4179263.0797000267
7320 2074 373203.71413392056 4179261.653048559
7442 2074 374424.16913456586 4179262.355332492
7564 2074 375643.8050111767 4179262.5526431426
9028 2074 390284.2825545148 4179261.3768744366
9638 2074 396384.1493974805 4179262.8361984026
10126 2074 401263.09464735066 4179262.0649667494
10492 2074 404923.20880473807 4179264.0850534793
10614 2074 406144.5118328673 4179262.1121844817
5002 2196 350024.5749998946 4178043.415750553
6100 2196 361003.84643217403 4178041.0941877086
6222 2196 362223.0725645031 4178041.116766069
6344 2196 363444.7207204392 4178042.690905938
6710 2196 367103.7039452238 4178040.873815505
7198 2196 371984.2204787038 4178041.311051107
7320 2196 373203.2294102395 4178041.511607251
7564 2196 375643.7551683614 4178041.735529757
8540 2196 385403.16473649343 4178043.121831147
9150 2196 391504.11124208686 4178042.470432478
9882 2196 398823.24239779526 4178043.087409932
10004 2196 400043.8968542702 4178043.285263148
10126 2196 401263.92680423916 4178042.86773773
10248 2196 402484.32134513796 4178042.78590372
10492 2196 404924.3344606997 4178044.722789974
4270 2318 342703.73790897493 4176821.9066901384
4392 2318 343923.2966373666 4176822.867815314
5734 2318 357342.73500968976 4176821.7353901183
6100 2318 361003.9461204796 4176822.713828399
6222 2318 362222.3963553184 4176823.3286735695
6344 2318 363443.56002142245 4176822.5692242356
7198 2318 371982.520480043 4176822.96760369
7320 2318 373203.74807311984 4176820.8040664047
8418 2318 384183.6652521543 4176821.543916662
8540 2318 385403.7465939315 4176822.42540891
8784 2318 387843.820073361 4176823.818298499
9150 2318 391503.61247764307 4176823.6559754387
9516 2318 395164.3736340581 4176822.7561469134
9882 2318 398824.02194225654 4176822.6436223434
10004 2318 400044.5121455266 4176823.698019066
10126 2318 401263.5271933954 4176821.6875240104
10248 2318 402483.9164277498 4176822.345390794
10736 2318 407363.9681194304 4176822.3695401493
10858 2318 408584.0069206814 4176823.7455011355
4148 2440 341484.33004702796 4175602.13366834
4270 2440 342704.04678169434 4175602.6865939917
4392 2440 343923.1087135651 4175602.2668877877
5734 2440 357343.0876040311 4175601.903604527
5856 2440 358562.88429383875 4175601.890800409
5978 2440 359782.9490694146 4175601.6241943436
6100 2440 361002.7013139231 4175601.95647337
6588 2440 365884.46530017204 4175602.5789099718
7320 2440 373203.92978928617 4175601.7246298585
8296 2440 382962.53218909854 4175602.5962287486
8418 2440 384182.99151377403 4175602.547616265
8540 2440 385403.3667155658 4175602.780265158
8784 2440 387842.2575719658 4175602.1107498053
9882 2440 398823.1810013922 4175602.7073680293
10004 2440 400044.11742410273 4175602.6902803723
10126 2440 401263.9687755257 4175602.4730227133
10248 2440 402484.0932287649 4175602.919257489
10736 2440 407363.29747825826 4175602.624986152
2196 2562 321964.36610447906 4174382.783516499
4148 2562 341483.9261426477 4174382.6542771775
4270 2562 342704.261399916 4174382.5384226963
4392 2562 343923.6991877118 4174382.3316501733
4514 2562 345143.6089074416 4174382.4799022973
4880 2562 348803.261365927 4174381.8248227825
5002 2562 350023.3582469411 4174382.833903148
5612 2562 356123.19576892053 4174381.5959797697
5856 2562 358563.45908739755 4174381.641086383
5978 2562 359783.16350751487 4174380.8190798843
6100 2562 361003.06086725905 4174381.749299002
6344 2562 363443.300063286 4174382.481785194
6466 2562 364664.12971061247 4174383.412997324
6588 2562 365885.881242137 4174383.5457160715
6710 2562 367104.2087892971 4174382.525311035
7076 2562 370763.0421207971 4174381.993887514
7442 2562 374422.92118664243 4174382.0733180298
8296 2562 382963.2307068531 4174382.3982929653
9638 2562 396382.69475789636 4174383.235827091
9760 2562 397604.384943149 4174383.570709791
9882 2562 398824.9737853245 4174383.935351989
10126 2562 401264.3345915274 4174381.9622579683
10248 2562 402483.98069169995 4174383.0425016973
10492 2562 404924.0764068806 4174382.7340169996
2196 2684 321963.98399443936 4173163.0973900193
2318 2684 323183.4296217731 4173161.9970123507
4148 2684 341483.7893936603 4173162.2018187856
4270 2684 342703.6452843878 4173161.985864374
4758 2684 347584.1772931318 4173161.8977824636
4880 2684 348803.56479327177 4173162.2710287645
5002 2684 350023.2987625991 4173162.928418369
5612 2684 356124.1308136969 4173162.067104426
6466 2684 364663.80046651774 4173162.52302559
6710 2684 367104.6746073494 4173162.643126498
6832 2684 368324.2595129937 4173162.541129172
6954 2684 369544.00739778805 4173162.131434977
7076 2684 370764.51431884436 4173163.813800784
7442 2684 374423.15683911426 4173161.8501841445
7564 2684 375643.5788209446 4173162.12518517
8296 2684 382964.32642762456 4173162.5089600356
8418 2684 384184.3222393998 4173162.3083861675
9638 2684 396382.834370181 4173164.1934779743
10126 2684 401264.5484624895 4173162.5320557067
10248 2684 402483.4170280847 4173163.0904350346
10370 2684 403703.1468242817 4173162.09401624
10614 2684 406143.0797625202 4173162.5905931853
10736 2684 407362.5697770609 4173162.321343514
1952 2806 319524.6167761623 4171943.1579806935
3782 2806 337824.30858234444 4171942.402854626
3904 2806 339044.06455559185 4171941.568664586
4026 2806 340264.08852636005 4171942.50515858
4148 2806 341483.74650793144 4171943.045654536
4270 2806 342703.9938597931 4171942.8013583273
4392 2806 343924.2802711537 4171942.373611722
4636 2806 346363.75534375926 4171942.422900145
4758 2806 347583.1758233396 4171941.6490778932
5490 2806 354902.84823677514 4171942.6826211037
5612 2806 356124.5961817924 4171942.5961993653
6466 2806 364662.5948053249 4171942.887219256
6710 2806 367103.0642104913 4171942.4234559955
6832 2806 368323.0659265455 4171941.8012567107
6954 2806 369543.24968000094 4171941.758391278
7076 2806 370763.4818013507 4171941.2678174265
7442 2806 374424.47017513454 4171943.2285965066
7564 2806 375643.1550593497 4171941.2392298738
7686 2806 376863.89419534133 4171941.7965432713
8296 2806 382964.0070343738 4171942.4737828784
8418 2806 384184.27835605433 4171944.191079679
8662 2806 386624.24728123203 4171943.8180699376
9638 2806 396384.44520118664 4171943.0178045863
10248 2806 402484.19131303136 4171942.2122082943
10370 2806 403704.2889841961 4171941.900703585
10614 2806 406144.2148781823 4171941.8900602963
1708 2928 317083.7995042731 4170721.3080077413
1830 2928 318302.9647950695 4170722.425216348
2806 2928 328063.0423690718 4170722.2542085573
3538 2928 335384.3374260271 4170722.494008044
3660 2928 336603.940436141 4170723.098852951
3782 2928 337823.36559400265 4170722.984679904
3904 2928 339042.6133723007 4170721.5339843733
4026 2928 340261.60450383043 4170722.010589243
4148 2928 341484.35036614916 4170722.5083084665
4270 2928 342703.281490441 4170721.8995824186
4392 2928 343923.1554452437 4170721.5991559755
4514 2928 345143.36267970287 4170722.2040549796
4636 2928 346362.94941161457 4170721.472894351
4758 2928 347584.0789366039 4170722.4600748485
5490 2928 354903.8880566764 4170722.5305042695
5612 2928 356124.19935245364 4170721.450573191
5856 2928 358564.54906779435 4170723.305814781
5978 2928 359784.8034668555 4170722.8594270293
6100 2928 361003.9566586155 4170721.951309259
6832 2928 368322.3035108322 4170722.4561329633
6954 2928 369542.80255662533 4170722.7636625366
7076 2928 370764.14487467095 4170722.1130129173
7442 2928 374423.6967288489 4170723.3343384415
8296 2928 382963.4696787864 4170722.761324173
8418 2928 384183.08555673313 4170722.153866739
8540 2928 385402.78343343764 4170722.1599476766
8662 2928 386622.5026678324 4170722.700602414
8784 2928 387844.3374975619 4170723.5088714035
8906 2928 389064.2964109756 4170724.2462257845
9028 2928 390284.3893375793 4170722.7992055733
10126 2928 401263.3956447566 4170722.036780161
10248 2928 402484.15483632527 4170722.891684008
10370 2928 403703.1461384337 4170722.39710794
10492 2928 404923.1636027318 4170723.3770067925
1708 3050 317084.1563324851 4169502.252167592
2196 3050 321963.7696691434 4169502.756997213
2928 3050 329283.35848957085 4169503.1708346885
3538 3050 335384.0697655113 4169501.38574076
3660 3050 336603.4510602906 4169501.974624957
3782 3050 337822.56742938113 4169502.0410800874
4270 3050 342703.0957944347 4169501.946381161
4392 3050 343923.5469453336 4169502.1259433264
4514 3050 345143.7504252122 4169502.7252840893
5490 3050 354903.1357783178 4169502.44983795
5612 3050 356123.64246505534 4169502.955625576
5978 3050 359783.97780966316 4169501.408202431
6100 3050 361003.76195320964 4169502.806991474
6466 3050 364663.9092524919 4169502.3586690323
6954 3050 369543.72159139876 4169502.202903538
7076 3050 370764.20288200135 4169503.212366104
7320 3050 373202.78371298814 4169502.5370782698
8174 3050 381743.3218776746 4169501.9478042573
8418 3050 384183.09578467807 4169502.4792048605
8540 3050 385402.6669957057 4169503.021906143
8662 3050 386624.3895008022 4169503.2632152494
8784 3050 387843.3538127174 4169503.6356579177
8906 3050 389063.11398694845 4169502.1532244133
9028 3050 390283.82106981514 4169503.78329661
10004 3050 400044.026154827 4169502.3228216013
10126 3050 401264.19786326936 4169503.271317132
10370 3050 403703.7467588737 4169502.0895276126
1464 3172 314643.73946655565 4168282.768842607
1586 3172 315863.572495805 4168282.2886054246
1708 3172 317083.3552327919 4168281.989143584
1952 3172 319523.6468076826 4168282.1786528314
2074 3172 320743.25673811114 4168282.0095974216
3050 3172 330503.36429801234 4168283.22821074
3172 3172 331724.7149429657 4168283.3740345407
3294 3172 332943.792416394 4168284.250081688
3904 3172 339042.8112715485 4168282.0339234797
4392 3172 343922.8163545547 4168282.3723333413
4514 3172 345142.8498986645 4168282.671821911
5490 3172 354904.07262328826 4168282.0949395085
5734 3172 357343.4844497456 4168282.1228085486
5856 3172 358563.41348635254 4168283.151907935
5978 3172 359783.6604074457 4168283.026788732
6100 3172 361004.00103710004 4168282.493802093
6222 3172 362224.34064300265 4168282.0474513853
6466 3172 364664.1603197661 4168282.4633011874
6588 3172 365884.1658780066 4168282.9577036966
6710 3172 367103.5918245601 4168281.894347067
6954 3172 369543.3433479007 4168281.828685425
7076 3172 370763.89835489995 4168282.436171784
7442 3172 374422.9623989031 4168282.616104983
7564 3172 375643.0422318398 4168283.1544581223
7808 3172 378083.54182088986 4168282.7366315527
7930 3172 379302.725360808 4168283.035191236
8052 3172 380522.951950648 4168281.585125353
8540 3172 385403.4446963351 4168281.31340144
8662 3172 386623.3658382737 4168281.8748350125
8784 3172 387843.0109104141 4168282.4647558304
8906 3172 389063.3552927238 4168283.234348112
9028 3172 390283.2555463052 4168283.815391116
10004 3172 400043.7590897539 4168282.5161250755
10248 3172 402483.0012667425 4168283.7395934826
10370 3172 403702.914783889 4168284.0653896695
1464 3294 314644.24605961156 4167062.6605404075
1586 3294 315863.5935675612 4167061.9986989647
3172 3294 331724.1601504496 4167063.3061191877
3294 3294 332944.2294873645 4167062.5226300526
4148 3294 341483.05506986013 4167062.0004692804
5246 3294 352463.7169015673 4167060.668560816
5490 3294 354903.1908580786 4167061.852253764
5612 3294 356123.8083272083 4167061.3205364877
5734 3294 357343.2270740803 4167061.5607663235
5856 3294 358563.43722934526 4167061.323344171
5978 3294 359783.06313691207 4167061.38382415
6100 3294 361002.9948633128 4167061.628921612
6222 3294 362223.89810501167 4167062.8415847206
6344 3294 363443.98227559373 4167063.218403372
6466 3294 364664.49311014294 4167062.9575973013
6588 3294 365884.2404583944 4167062.1317526083
6954 3294 369544.05723592185 4167062.516725857
7198 3294 371982.83466514084 4167062.77511447
7564 3294 375643.20922429854 4167063.3454910386
7686 3294 376864.2769123298 4167063.232094448
7808 3294 378084.1336133961 4167062.46455455
7930 3294 379303.4571648818 4167063.0120252045
8052 3294 380523.363259598 4167063.443371281
8174 3294 381743.20450824144 4167063.2337706275
8662 3294 386622.9725994229 4167062.743797579
8784 3294 387843.39892793575 4167062.6500820722
9150 3294 391502.8927550926 4167064.1104037315
10126 3294 401263.8793675255 4167062.159870401
10248 3294 402483.3937785931 4167062.9663083777
1464 3416 314643.13572541944 4165842.0353419892
1952 3416 319524.2867335549 4165841.472489991
3050 3416 330503.1049912951 4165841.6170880552
3172 3416 331723.1012678181 4165841.766955685
3294 3416 332943.0214462267 4165841.8202404752
4148 3416 341483.8057134399 4165842.4116635127
5124 3416 351244.77247336524 4165842.278486504
5368 3416 353683.41358620295 4165842.0959285395
5490 3416 354903.1349450166 4165841.974648387
5612 3416 356123.1006929546 4165841.8661556933
5734 3416 357342.5618895681 4165842.0767879523
5856 3416 358563.1524991153 4165842.169286279
5978 3416 359782.9581509829 4165842.474124508
6100 3416 361002.7397062529 4165841.574170077
6222 3416 362222.9737792339 4165841.6916927677
6344 3416 363443.07602252945 4165842.862193414
6466 3416 364663.87851238024 4165843.5429244936
6588 3416 365883.9915418362 4165843.245808021
6710 3416 367104.7934752898 4165842.6433161283
6832 3416 368324.45168573223 4165842.7612369275
6954 3416 369544.2900187129 4165842.8007799275
7076 3416 370763.6947227049 4165842.621053471
7564 3416 375642.86389092676 4165841.621231065
7686 3416 376864.06327953155 4165842.274485818
7930 3416 379304.44398267055 4165843.64055265
8174 3416 381743.31763542304 4165843.494222506
9760 3416 397603.47957151884 4165842.4354666453
10858 3416 408583.92801442405 4165842.797648133
1464 3538 314643.22452423064 4164621.081456694
1586 3538 315863.79175384936 4164622.7527975235
1830 3538 318304.17607125 4164622.2485573925
1952 3538 319523.119723352 4164622.4390370045
2562 3538 325622.76422518695 4164621.9833273543
2684 3538 326843.6182271165 4164622.290393331
3050 3538 330503.65953780443 4164623.9133840445
3172 3538 331723.0536255938 4164622.773638487
3294 3538 332943.6004136055 4164623.4987078123
3416 3538 334164.10978114774 4164622.878472261
3538 3538 335384.0576869943 4164622.5122987675
3660 3538 336604.1552633683 4164622.694445952
3904 3538 339044.1080446312 4164622.488990872
4026 3538 340263.2124750134 4164621.825707834
4148 3538 341483.43779767846 4164623.0439042943
4270 3538 342703.77111555386 4164622.3657950573
5002 3538 350023.90429100365 4164622.5830055317
5124 3538 351243.9305696386 4164622.8168421993
5246 3538 352463.8986315525 4164622.26944266
5368 3538 353683.97948313656 4164622.175637246
5490 3538 354903.5495701308 4164621.9293701295
5734 3538 357343.7416719638 4164623.340818842
5856 3538 358563.85649851355 4164622.2466329737
5978 3538 359785.53567650035 4164622.7495506722
6100 3538 361002.9944977695 4164622.104773716
6222 3538 362223.2724449187 4164621.9130334817
6344 3538 363443.7510653635 4164622.6894365465
6588 3538 365884.04522866313 4164622.3240996553
6832 3538 368323.69496156834 4164623.361425291
7808 3538 378082.6570665925 4164621.558438367
7930 3538 379302.6837576639 4164622.898080456
8052 3538 380523.8078426558 4164623.0395284183
8174 3538 381744.14800122834 4164622.508165135
10248 3538 402482.6433258882 4164622.9974172777
1342 3660 313423.3783922299 4163402.4744684296
1464 3660 314643.27317699016 4163398.689467117
1586 3660 315862.75026190956 4163401.6078242846
1830 3660 318303.2345124814 4163403.021917629
2684 3660 326844.3764491841 4163402.8664382324
2806 3660 328063.7054082152 4163401.7100333106
2928 3660 329284.5238902256 4163402.1044413345
3050 3660 330503.1803401271 4163402.2697121855
3172 3660 331722.9391865802 4163402.649961776
3294 3660 332942.9279089147 4163401.558747649
3416 3660 334163.621632139 4163401.222474628
3538 3660 335383.35949761636 4163401.7086321358
3660 3660 336603.37262798846 4163401.8876628727
3782 3660 337823.8004685223 4163402.8980962727
3904 3660 339043.8200326875 4163403.0220074477
4026 3660 340264.13489767286 4163401.8766938206
4148 3660 341483.7862513474 4163401.546968608
4270 3660 342703.56442201615 4163402.2959272377
4392 3660 343923.0883312873 4163402.556069907
4514 3660 345143.94973709877 4163401.9288855083
4636 3660 346363.64830809337 4163402.11950632
5002 3660 350023.7875969625 4163402.8052662844
5246 3660 352464.3713053142 4163402.788482924
5368 3660 353684.38839527237 4163401.4311193703
5490 3660 354903.54388969863 4163403.1753571043
5612 3660 356123.15255927003 4163402.5320253
5734 3660 357343.7669076244 4163402.5346925594
5856 3660 358563.8467964862 4163402.6799564
5978 3660 359783.70881860616 4163402.3690217594
6344 3660 363444.1577119719 4163401.926618726
6466 3660 364663.8589318656 4163402.770548382
6588 3660 365883.63443319977 4163402.602916549
6710 3660 367103.625809045 4163401.5029825484
6954 3660 369543.2185671062 4163402.524080691
7076 3660 370762.48006800073 4163402.215190281
7198 3660 371982.60964042984 4163401.428436055
7320 3660 373202.24770239077 4163403.464960276
7442 3660 374423.79618986987 4163402.0583323147
7564 3660 375643.6461850696 4163402.197849729
7808 3660 378083.81856346445 4163401.742713322
7930 3660 379304.03544638265 4163401.872496276
8052 3660 380523.11710330966 4163401.3541056057
8174 3660 381743.09255941364 4163401.238884164
8296 3660 382962.5551904534 4163402.1378024872
9394 3660 393944.17998607043 4163403.0303193517
10248 3660 402484.792406131 4163403.555218651
10370 3660 403703.1284201792 4163401.503631955
10614 3660 406143.84097553807 4163402.396655474
1342 3782 313422.77193622984 4162181.3686850527
2074 3782 320742.0274136167 4162182.3714544773
2196 3782 321963.80451571377 4162182.5128743425
2684 3782 326843.6124475965 4162182.2444934696
2928 3782 329283.7390648355 4162181.7833227115
3050 3782 330502.63737389026 4162181.705789784
3172 3782 331722.9621336663 4162181.42926074
3294 3782 332942.8664692319 4162181.904170001
3416 3782 334163.6309879085 4162181.93702225
3538 3782 335383.00528714893 4162180.902572303
3660 3782 336604.1111639486 4162182.2049273774
3782 3782 337822.9797330242 4162182.861627749
3904 3782 339044.11081380694 4162183.3925199397
4026 3782 340263.30457323225 4162183.548426344
4148 3782 341483.5128721134 4162182.4642000115
4270 3782 342703.6249195355 4162183.0737934355
4392 3782 343922.8462286723 4162182.633439242
4514 3782 345143.71101895644 4162182.310390927
4636 3782 346363.6212732831 4162181.534573081
4880 3782 348803.05171937926 4162182.2883351725
5002 3782 350023.3136340687 4162182.447897638
5246 3782 352464.39608279587 4162182.3044004207
5368 3782 353684.1546136531 4162182.46688745
5490 3782 354903.09374610987 4162182.7650281414
5612 3782 356124.3391991023 4162182.157697119
5734 3782 357343.41293211957 4162182.91140713
5856 3782 358563.3602316277 4162183.025145079
5978 3782 359783.3770069531 4162182.6771344887
6100 3782 361004.5008409134 4162182.6536261346
6222 3782 362224.042433047 4162181.5700651957
6344 3782 363443.9909561744 4162182.524013916
6466 3782 364663.6664169973 4162182.4901461145
6588 3782 365884.5624249492 4162182.222102085
6710 3782 367103.9576930297 4162184.480336084
6832 3782 368322.93225801503 4162183.2371990196
6954 3782 369543.0643956161 4162182.62153532
7076 3782 370763.96990746644 4162182.2169680307
7198 3782 371984.06614179764 4162181.9221471203
7320 3782 373203.66255084 4162182.6981013855
7442 3782 374423.67798307905 4162183.297155057
7564 3782 375643.43382376875 4162182.4901837306
7686 3782 376862.9948366967 4162182.2258580653
7930 3782 379303.0748552923 4162181.5785103505
8052 3782 380523.1055944482 4162182.1042433176
8174 3782 381742.85873854434 4162182.255850643
8296 3782 382962.28780085867 4162181.568169658
8418 3782 384183.09779747867 4162181.872306329
8540 3782 385403.2224609889 4162181.5504921805
9394 3782 393944.28960462974 4162182.4511268847
9516 3782 395164.0663853393 4162182.80473537
9638 3782 396383.29359732027 4162183.1946791653
10736 3782 407364.96073209203 4162183.6306718187
1708 3904 317083.68327135564 4160961.919053131
2684 3904 326843.1970266959 4160961.3125125226
2806 3904 328062.65651644685 4160962.408600691
3050 3904 330503.9722303958 4160962.853258676
3172 3904 331723.63681632717 4160962.787587218
3294 3904 332943.6519225878 4160961.844810494
3538 3904 335383.4331036783 4160963.1936633186
3660 3904 336602.79595718224 4160963.7478262177
3782 3904 337823.41546566034 4160963.4121795036
3904 3904 339043.54456465563 4160962.821908755
4392 3904 343921.85056745703 4160961.6590377213
4514 3904 345143.36979104066 4160962.4392332407
4636 3904 346363.0268962141 4160963.2663001483
4758 3904 347582.7578765414 4160962.3045958653
4880 3904 348803.87529537233 4160962.124858751
5002 3904 350024.7039350076 4160962.1034791265
5124 3904 351243.97179885773 4160961.8602073034
5246 3904 352463.6058734711 4160962.2207724806
5490 3904 354903.7913170418 4160962.489755745
5612 3904 356123.55445650785 4160962.015655605
5856 3904 358563.5955055322 4160963.378776313
6222 3904 362222.6927612787 4160962.136732636
6344 3904 363443.9134926192 4160962.8280972242
6466 3904 364664.7694978073 4160962.8917357447
6588 3904 365884.3292233686 4160962.2126816716
6710 3904 367102.8817248976 4160962.725655772
6832 3904 368323.96214368264 4160962.5068438705
6954 3904 369543.16520611645 4160962.0033667125
7076 3904 370763.5433955273 4160962.231220953
7198 3904 371982.46818211995 4160962.0603445955
7320 3904 373202.97154622903 4160962.346124986
7930 3904 379303.26347071066 4160962.1629798096
8296 3904 382962.9067319068 4160963.1932613803
8540 3904 385403.1886191766 4160963.3782835994
9272 3904 392724.0983402829 4160963.3080507927
9394 3904 393942.7623207045 4160962.293494557
9516 3904 395162.99021881114 4160961.6536808014
10370 3904 403703.05468168715 4160962.9061968643
2318 4026 323182.7874014751 4159742.2338658525
2440 4026 324402.93827645277 4159741.9350076346
2562 4026 325624.20779251464 4159742.7066580355
2684 4026 326843.5847352288 4159742.6118150344
2806 4026 328064.0142384236 4159743.101197036
2928 4026 329284.21337476786 4159742.434965642
3050 4026 330503.18133170763 4159742.007815728
3294 4026 332943.14652502054 4159742.573262471
3416 4026 334164.31481857185 4159742.3733950686
3538 4026 335383.6109310703 4159742.8280900028
3660 4026 336603.5556758259 4159743.04600532
3782 4026 337824.376796917 4159744.720905775
3904 4026 339043.7064091789 4159742.9007051503
4026 4026 340264.41361557593 4159742.6427497035
4148 4026 341483.79615901795 4159744.19916135
4270 4026 342704.1096169526 4159743.4872737164
4392 4026 343923.63447639113 4159742.428614378
4514 4026 345143.31123126624 4159743.5253416253
4636 4026 346363.86866425216 4159743.0608592546
4758 4026 347583.75149786985 4159743.5413025385
4880 4026 348804.5906926779 4159744.204710571
5002 4026 350024.70221216214 4159743.1025746604
5124 4026 351244.4741026527 4159743.1359377634
5246 4026 352464.26537449105 4159742.6934458613
5368 4026 353684.6296636407 4159742.107064505
5734 4026 357343.2749893456 4159742.5434211483
5856 4026 358563.39298751566 4159743.374277439
6100 4026 361004.3332871297 4159742.8135314006
6222 4026 362223.24576056143 4159742.715457525
6344 4026 363444.1426066004 4159742.5716168927
6466 4026 364663.76667648845 4159742.5904166577
6588 4026 365884.03882988344 4159741.8964632284
6710 4026 367103.71685300214 4159743.063448081
6832 4026 368323.918218156 4159743.274168251
7198 4026 371983.76020261843 4159743.023853574
7320 4026 373203.3645847037 4159742.437411259
7442 4026 374423.30023783655 4159743.2724221274
7564 4026 375643.3842296148 4159742.48067977
7686 4026 376864.0918845755 4159743.450302571
7808 4026 378082.5604678298 4159741.5700933365
7930 4026 379303.22333288897 4159742.044397588
8052 4026 380521.90933353297 4159741.9077371294
8174 4026 381743.1418869012 4159743.1041835705
8296 4026 382963.10845587193 4159742.819390402
8418 4026 384184.17635933904 4159744.722788496
8540 4026 385403.7183704878 4159743.1181098567
9150 4026 391503.29747519497 4159743.8133211713
9272 4026 392723.30074290227 4159743.055224266
9516 4026 395164.05548903195 4159742.040775148
10492 4026 404924.10715497745 4159743.1149227293
2562 4148 325623.1441127769 4158522.279730891
2684 4148 326843.93933578464 4158522.756504466
2806 4148 328064.55367097555 4158522.963535348
2928 4148 329283.5647579608 4158522.290867204
3050 4148 330503.60762893 4158521.996650664
3538 4148 335383.70392295875 4158521.5659658154
3660 4148 336603.691690631 4158523.117806429
3782 4148 337824.02080634714 4158522.0281905066
3904 4148 339043.38261354604 4158521.6942400634
4026 4148 340263.0646371546 4158523.339356131
4148 4148 341484.8686480971 4158524.207769069
4270 4148 342703.70411823393 4158522.5861687474
4514 4148 345143.8389817346 4158522.4828199297
4636 4148 346363.8875890805 4158522.5943483002
4880 4148 348803.9396484927 4158522.5417060535
5124 4148 351244.7345028772 4158522.574462884
5246 4148 352464.99709855026 4158522.963361238
5368 4148 353683.9586558803 4158522.6436934713
5734 4148 357343.3680036211 4158522.0760032125
5856 4148 358562.90671902394 4158522.5041300245
5978 4148 359783.13830159133 4158522.1898197504
6100 4148 361003.36335382424 4158522.947182671
6222 4148 362224.34687259654 4158522.6776399817
6344 4148 363444.2254368923 4158523.0805885606
6466 4148 364663.92464058555 4158522.6555507276
6588 4148 365883.44343397336 4158521.7213665964
6710 4148 367103.575424078 4158523.3113646703
6832 4148 368324.1104143779 4158522.5092135835
6954 4148 369543.05399193877 4158523.438278635
7076 4148 370763.9401302627 4158523.296071822
7198 4148 371983.92877075274 4158523.5471930867
7320 4148 373203.7016492073 4158521.907864251
7442 4148 374423.45628743956 4158523.144736385
7564 4148 375643.6772995324 4158522.7981741047
7686 4148 376862.71140128345 4158522.286558792
7930 4148 379303.317334655 4158522.9070833875
8052 4148 380523.5691028026 4158521.9759141393
8296 4148 382964.002377536 4158522.8422983624
8418 4148 384182.8449738069 4158522.7891870076
8540 4148 385402.8175232621 4158522.844762236
8784 4148 387843.38554756856 4158522.9394766623
9028 4148 390282.90947720635 4158522.650836096
9150 4148 391503.8600759227 4158522.1629979294
9394 4148 393944.50388909865 4158522.7298429823
9516 4148 395163.1121962646 4158522.8113942686
10126 4148 401264.06938742235 4158523.41580436
2196 4270 321962.759593585 4157301.560513637
2562 4270 325623.3645630836 4157302.6474344563
2684 4270 326843.47252849676 4157302.1037120344
2806 4270 328063.6392391109 4157302.5602342812
2928 4270 329283.50401096226 4157302.8292389633
3050 4270 330504.75680751976 4157303.0058377516
3660 4270 336604.47842046747 4157301.634410288
3782 4270 337822.8352789555 4157301.3223047275
3904 4270 339043.0309503834 4157301.635546812
4026 4270 340264.01744745363 4157302.9864193974
4270 4270 342703.4939300339 4157302.9511586083
4392 4270 343923.0820853373 4157302.179891588
4514 4270 345143.36321012146 4157302.858022684
4636 4270 346363.9522307501 4157303.8954271916
4758 4270 347583.16262167785 4157303.0103806714
5002 4270 350023.2222430244 4157302.957133149
5124 4270 351243.47333139763 4157301.532137851
5246 4270 352463.15170295327 4157302.6275165994
5368 4270 353683.6982793088 4157302.2184716994
5734 4270 357342.9065319559 4157301.872318588
5856 4270 358563.6221525443 4157302.3577642906
6100 4270 361002.64193904406 4157301.6602125317
6222 4270 362222.70735314826 4157302.8042702815
6466 4270 364664.1094471578 4157303.1987687666
6588 4270 365884.2690565186 4157303.1424703225
6710 4270 367104.5187951031 4157303.299473323
6832 4270 368323.32447442895 4157302.583004372
6954 4270 369543.68906413665 4157302.242546348
7076 4270 370763.75265623286 4157302.2167619374
7320 4270 373202.670598494 4157303.0922093447
7442 4270 374424.224852654 4157302.9557663174
7686 4270 376863.5199786398 4157303.513070737
7808 4270 378083.56804637244 4157302.850833553
8052 4270 380523.1522181313 4157301.7428176254
8296 4270 382962.95621592214 4157302.4630704084
8418 4270 384184.2395949191 4157303.8507814445
8540 4270 385402.77786869445 4157301.40838065
8662 4270 386622.1476594874 4157301.263905325
8784 4270 387843.50240170665 4157302.7568885786
9394 4270 393943.916095651 4157302.371873555
9516 4270 395163.3258129587 4157303.2305521807
2318 4392 323183.5935880827 4156082.448504527
2440 4392 324403.79965505947 4156082.6704358505
2562 4392 325622.76845753455 4156082.9630073644
2684 4392 326843.0433458359 4156082.352574393
2806 4392 328062.83166799915 4156081.9171487624
2928 4392 329283.9100924302 4156082.568307071
3050 4392 330503.09625838965 4156082.7502878746
3416 4392 334164.0034554021 4156081.8109176597
3660 4392 336603.7699970685 4156082.509846514
3782 4392 337822.8936245769 4156082.2441742476
4270 4392 342704.95084935846 4156082.6521850387
4758 4392 347583.66033682984 4156082.3454153007
5124 4392 351242.8677727131 4156082.07046037
5246 4392 352464.5135472228 4156083.159482794
5490 4392 354904.7933939221 4156082.8209796418
5612 4392 356123.85897503386 4156082.1147957444
5734 4392 357343.4503038209 4156082.2393461214
6100 4392 361002.7072956381 4156082.6459310995
6222 4392 362222.75760740717 4156083.280540646
6344 4392 363442.4918931711 4156082.1839454304
6588 4392 365883.5777676949 4156082.524433025
6710 4392 367103.6194865301 4156083.0040036505
6832 4392 368323.32133591577 4156083.3713988094
6954 4392 369544.3219743727 4156082.949987828
7076 4392 370764.7066026719 4156084.288605108
7686 4392 376863.16531634243 4156083.2674497217
7808 4392 378083.85963208263 4156083.908837242
7930 4392 379303.79762598185 4156083.090019119
8174 4392 381743.23664010834 4156082.527882559
8296 4392 382963.6763993314 4156083.081489941
8418 4392 384183.95608058 4156082.4334508386
8540 4392 385402.6731939267 4156082.8335025683
10004 4392 400044.33557693445 4156083.5825877013
10492 4392 404923.97126257897 4156081.6821198342
2440 4514 324403.4641294419 4154861.8264433993
2562 4514 325623.288677182 4154861.987155888
2684 4514 326843.4946857091 4154862.2387013445
2806 4514 328063.94742487144 4154862.2290735487
2928 4514 329284.03393828927 4154862.5425031297
3050 4514 330503.6138908283 4154862.031638463
3172 4514 331724.31788128364 4154862.942854316
3294 4514 332943.3638732449 4154862.5575464964
3416 4514 334163.1160137658 4154861.8178054905
3538 4514 335382.84151606663 4154863.1685493644
3660 4514 336603.254614195 4154862.7570902584
3782 4514 337823.0604262689 4154862.7274115942
4758 4514 347583.1527119122 4154861.120935264
5124 4514 351243.63814803347 4154862.6050619194
5368 4514 353683.2568065151 4154862.7590821357
5490 4514 354903.42964058043 4154862.5891609667
5612 4514 356123.4864051663 4154862.945075526
5734 4514 357343.4259173997 4154862.6169249564
6100 4514 361003.9183143306 4154862.5331580676
6222 4514 362223.7730862607 4154862.3306360217
6344 4514 363443.34518218593 4154862.0074657258
6588 4514 365883.49892339436 4154862.5116880992
6832 4514 368323.4561104103 4154862.732912272
6954 4514 369542.9105966593 4154862.1042348957
7442 4514 374423.4399940987 4154864.566970952
7686 4514 376863.21258993726 4154863.0483731152
7808 4514 378083.56485939113 4154862.528128376
7930 4514 379303.01380741014 4154863.1424457002
8052 4514 380523.38136764546 4154863.275269746
8174 4514 381743.45458828926 4154863.501790655
8296 4514 382964.125199462 4154864.0254441677
9516 4514 395163.2598441443 4154861.498818063
2562 4636 325622.8566868318 4153641.240291478
2684 4636 326843.4792080222 4153642.0128332255
2806 4636 328063.28308869986 4153642.3615323305
3050 4636 330504.4056652391 4153643.8577232836
3294 4636 332943.41949132667 4153642.68804166
3416 4636 334163.3214876722 4153642.284372337
3538 4636 335383.07209718786 4153642.104967301
3660 4636 336603.5321247744 4153641.876481359
3782 4636 337822.7106325177 4153641.7399418578
3904 4636 339044.0346024586 4153643.1717000343
4270 4636 342703.24830960704 4153641.434068392
4758 4636 347584.14145939914 4153641.9075522404
5002 4636 350022.8873957882 4153641.7387164934
5124 4636 351243.6701875983 4153642.9530794853
5246 4636 352462.95462443854 4153642.9866268747
5368 4636 353683.373460788 4153642.2978638858
5490 4636 354904.3862005496 4153642.4556992706
5612 4636 356122.97573701764 4153642.655209529
5734 4636 357342.9248439252 4153643.0783359045
6344 4636 363443.5714431214 4153642.5936137075
7442 4636 374423.8543521237 4153643.162982868
7564 4636 375643.0459995193 4153643.5971089015
7686 4636 376863.1599717772 4153642.7901036786
7808 4636 378082.96870297554 4153643.4257669505
7930 4636 379302.7515655898 4153643.097016629
8052 4636 380523.20016118564 4153643.219634965
8174 4636 381742.9140906635 4153642.472724242
8296 4636 382962.1028494022 4153643.7989035295
8418 4636 384183.0378028918 4153643.4442262975
9516 4636 395163.16403828136 4153641.504296723
9882 4636 398822.75473965635 4153641.9217956457
10614 4636 406144.007256482 4153642.352203166
2562 4758 325624.1836568969 4152423.0220323103
3172 4758 331723.57654226053 4152423.2554424703
3294 4758 332943.83370332787 4152422.5224220874
3416 4758 334164.728437431 4152422.561737433
3538 4758 335384.41155494517 4152421.864427712
3660 4758 336603.60430205107 4152421.5952534564
3782 4758 337823.539301473 4152421.8160820184
3904 4758 339043.7241209664 4152422.286780278
4026 4758 340263.73901932745 4152422.244293742
4270 4758 342704.1735670615 4152423.808943025
4514 4758 345143.67604609625 4152423.2798016006
4636 4758 346363.01417113264 4152422.652445781
4758 4758 347583.65431660955 4152422.9560538633
5002 4758 350024.93252492335 4152423.2282582447
5246 4758 352462.8649789517 4152422.270300082
5368 4758 353683.99623798847 4152422.7235988276
5490 4758 354903.94311347883 4152422.631232174
5612 4758 356123.2359843596 4152422.532160326
5734 4758 357343.1191605064 4152422.840347577
5856 4758 358563.6630746547 4152424.640365378
5978 4758 359784.14796641585 4152423.460145659
6466 4758 364663.83470545255 4152423.753471109
7198 4758 371983.0744190355 4152423.0612166533
7320 4758 373203.3086465902 4152423.097045183
7442 4758 374422.9381816214 4152422.5036531417
7564 4758 375643.24516636215 4152422.526135619
7686 4758 376862.5028371119 4152421.7520147096
7808 4758 378082.7493327646 4152422.5919225123
7930 4758 379302.9467441694 4152422.3785239626
8052 4758 380524.4078247116 4152423.795434648
8174 4758 381743.11874265934 4152423.643008488
8296 4758 382963.3457625316 4152423.7944433847
9638 4758 396383.21152397105 4152420.9898642115
9760 4758 397603.2441915889 4152421.1313302396
9882 4758 398822.8241812537 4152421.798786373
10492 4758 404922.9834036599 4152421.8654764453
4026 4880 340262.79878370964 4151201.437217571
4148 4880 341483.7027265107 4151202.6048075343
4270 4880 342703.6082409577 4151203.4417223884
4514 4880 345142.8422025288 4151201.976084524
4758 4880 347583.3384612003 4151202.1130084842
4880 4880 348802.8036725396 4151202.687347322
5002 4880 350022.955185234 4151203.171208443
5124 4880 351243.02239447384 4151201.6818213444
5246 4880 352463.1310156189 4151202.655406357
5490 4880 354902.81316003087 4151202.3057544706
5612 4880 356122.1559894493 4151202.3716216693
5734 4880 357342.74501811445 4151202.4994543754
5856 4880 358563.4544571058 4151202.9035761748
5978 4880 359783.80253902543 4151202.73332912
6100 4880 361002.7847296553 4151202.2249715775
6222 4880 362224.1097791301 4151203.742467303
6710 4880 367102.01388512395 4151202.56650667
6954 4880 369543.3076540423 4151201.7593040373
7076 4880 370763.55539756233 4151201.828013898
7198 4880 371982.87622729636 4151202.4076233804
7320 4880 373203.22554374643 4151202.935861836
7442 4880 374422.9007632505 4151202.7721147593
7564 4880 375643.84628788877 4151202.9959928924
7686 4880 376863.54936974816 4151202.6108653834
7930 4880 379303.07956484635 4151201.5415824987
8052 4880 380524.17306368076 4151203.152446015
8174 4880 381744.2983378677 4151204.525075036
8296 4880 382961.5974837348 4151202.953389884
8418 4880 384183.168439489 4151202.714787634
9272 4880 392723.7398287187 4151201.7489672666
9638 4880 396384.0487373199 4151202.458637175
9760 4880 397603.46410182206 4151201.990167835
10126 4880 401262.7724992503 4151202.643263718
10370 4880 403702.95268879127 4151202.729445994
10492 4880 404923.69452662027 4151202.593229711
10858 4880 408584.1810691172 4151202.805535958
4026 5002 340262.67014383554 4149982.879805796
4148 5002 341483.6087450135 4149983.0637739785
4392 5002 343923.10374214686 4149982.464209064
4514 5002 345143.5042075622 4149982.334652734
4880 5002 348803.6602403651 4149983.234204294
5002 5002 350023.9751624583 4149983.0068394225
5124 5002 351243.4944188132 4149983.135760838
5612 5002 356123.56626528455 4149983.126920766
5734 5002 357343.94648870797 4149981.6557000447
5856 5002 358563.1126910171 4149981.7268788926
5978 5002 359782.2559635785 4149980.8836721666
6100 5002 361003.3191968558 4149982.182959401
6222 5002 362223.8849569121 4149982.6735851895
7198 5002 371982.70339263364 4149982.7185350033
7320 5002 373202.76036686933 4149981.9242217597
7442 5002 374423.1828919583 4149982.100347422
7808 5002 378082.31183509354 4149981.277341474
7930 5002 379303.6848412187 4149982.119722913
8052 5002 380523.02223216306 4149983.0586458007
8174 5002 381743.55675410153 4149983.084511024
8296 5002 382962.59387543664 4149982.6925441837
8418 5002 384183.5897393014 4149982.7979971366
9028 5002 390283.6337979768 4149983.5966280783
9394 5002 393944.2793205389 4149982.859455229
9516 5002 395164.6426355319 4149982.021760802
9638 5002 396383.99772180995 4149982.7319751848
10004 5002 400043.38508260046 4149981.9077208433
10126 5002 401262.4296199331 4149982.0130551998
10370 5002 403702.62451655447 4149981.516957676
10492 5002 404923.43166097265 4149981.8197684856
4270 5124 342703.130619754 4148762.808756099
4514 5124 345143.17699335585 4148761.983531611
4880 5124 348804.07709748455 4148764.1656590216
5002 5124 350022.90129046683 4148762.9456545515
5124 5124 351243.2876503265 4148763.3118895832
5246 5124 352463.5859974041 4148762.693541431
5612 5124 356124.1284218697 4148762.7816821337
5734 5124 357343.7161018472 4148761.826695758
5978 5124 359782.7844777335 4148761.832991386
6100 5124 361003.4931133436 4148761.5572463116
6710 5124 367104.0949312224 4148762.023497205
7198 5124 371984.28006894013 4148761.545898175
7808 5124 378082.85230245336 4148762.376456377
8418 5124 384183.8682575276 4148763.009482245
9028 5124 390282.74834716145 4148762.944355662
9150 5124 391504.04455485026 4148762.4417467825
9272 5124 392723.31144255615 4148763.254109745
9394 5124 393943.4214523179 4148761.9467152134
9516 5124 395162.75934918044 4148762.61936237
10004 5124 400043.6128266835 4148762.1514127124
10126 5124 401262.93965963385 4148762.1968778586
10248 5124 402482.1365372061 4148762.064946266
10370 5124 403702.9789665262 4148762.8324385257
10492 5124 404924.3910351107 4148762.812269219
10614 5124 406143.9118951125 4148762.195191576
4270 5246 342702.9814702047 4147541.7620697375
4392 5246 343923.3033739798 4147541.885757818
4514 5246 345143.43980982783 4147542.2034052033
4758 5246 347583.2421096125 4147543.125888113
5002 5246 350023.42857902823 4147542.6632577106
5124 5246 351243.332801423 4147541.722718602
5246 5246 352464.01349207776 4147541.994950059
5368 5246 353684.3040205425 4147542.6847407343
5490 5246 354903.4930298304 4147543.9495714214
5612 5246 356124.4012911263 4147542.6786044408
5734 5246 357342.3944990267 4147542.613050512
7198 5246 371983.3701297599 4147542.1896740077
7808 5246 378083.25572659186 4147542.7894109758
8296 5246 382962.8199040594 4147542.5621299287
8540 5246 385404.74960140826 4147543.945306236
9028 5246 390283.31039505947 4147543.653994268
9638 5246 396383.562654645 4147541.6168695986
9760 5246 397604.24895865185 4147542.3753779707
10248 5246 402483.60885401093 4147542.5419971216
10370 5246 403703.7611474494 4147542.318675302
10492 5246 404923.4593397123 4147542.6985052694
10736 5246 407364.66574567807 4147542.7711187378
4392 5368 343923.76890327194 4146321.718435932
4514 5368 345143.2437134845 4146321.729833876
5002 5368 350023.47265996767 4146323.53959327
5124 5368 351243.3219800285 4146321.4436686942
5246 5368 352462.7950122665 4146322.7852371493
5368 5368 353682.79814562574 4146322.1567236194
5490 5368 354902.78783663193 4146322.1851170007
5734 5368 357343.51036887144 4146322.000571007
5856 5368 358563.6296533299 4146322.008844396
5978 5368 359783.0412441065 4146322.4316848377
6100 5368 361002.4878003287 4146322.14324791
6222 5368 362223.6133183111 4146321.3961167093
6344 5368 363443.5201497327 4146322.5902991835
6466 5368 364663.74020285776 4146322.4546316043
6832 5368 368323.253049333 4146322.476419105
6954 5368 369543.7578783757 4146323.305696183
7198 5368 371982.28049514815 4146322.045520139
7320 5368 373202.56318189885 4146321.5136738634
7442 5368 374422.4665441549 4146321.576392915
7808 5368 378083.69858119637 4146322.5099036423
7930 5368 379303.09974530246 4146322.1819522586
8784 5368 387842.5428270359 4146323.9490435123
9028 5368 390283.57986028644 4146323.317309453
9150 5368 391504.0345255696 4146324.6804351853
9272 5368 392723.68528360524 4146323.417413721
9638 5368 396383.5351985346 4146322.205146281
9760 5368 397602.65113245166 4146322.1273889113
10004 5368 400043.0193626597 4146322.561243412
10126 5368 401263.1151802815 4146322.486788187
10492 5368 404923.40712437767 4146322.6228478495
4514 5490 345142.9682419668 4145102.8659007577
4758 5490 347584.26096515666 4145102.2044721628
5124 5490 351243.2305351132 4145102.076964437
5246 5490 352462.1521877084 4145101.695226265
5368 5490 353682.83485513536 4145102.6532251937
5490 5490 354902.63514457067 4145103.407747227
5734 5490 357342.8816270961 4145102.730690133
5856 5490 358562.7338640524 4145103.394943582
5978 5490 359783.6506056039 4145103.5498749064
6100 5490 361003.9255572348 4145102.593502676
6222 5490 362224.3250740802 4145103.612890519
6344 5490 363443.5255435444 4145103.161686627
6466 5490 364663.1351582016 4145101.5779006323
6588 5490 365883.7313909959 4145103.0590607068
6832 5490 368324.3956857293 4145102.833161829
6954 5490 369543.1742883673 4145103.7154314034
7076 5490 370763.04922823835 4145103.557079046
7320 5490 373202.9446155136 4145102.4863401568
7442 5490 374423.4274797716 4145101.278799464
7930 5490 379303.02527309867 4145102.1358834542
8174 5490 381742.68198933615 4145102.8022534624
8296 5490 382964.4206282992 4145103.2592939837
8784 5490 387843.70561557787 4145102.7079830896
8906 5490 389063.3136578319 4145102.770574459
9028 5490 390284.18560980126 4145104.038719452
9150 5490 391503.81231976935 4145104.619826083
9272 5490 392724.34394873993 4145103.2964168517
9394 5490 393944.1615069674 4145103.168343595
9638 5490 396383.72085063957 4145102.9253630433
9882 5490 398822.59196935303 4145102.0644061854
10004 5490 400043.9490540492 4145103.5388687383
10126 5490 401263.1747566871 4145103.0589694176
10248 5490 402484.9362364671 4145103.7746333247
4636 5612 346363.6355001732 4143883.0695452327
4758 5612 347583.30672197347 4143882.2039964786
5002 5612 350023.1893119526 4143883.0547514185
5124 5612 351242.63135976077 4143881.1661161575
5246 5612 352463.0333292117 4143882.2206970993
5368 5612 353682.93343178486 4143881.9949926417
5490 5612 354904.0652922451 4143882.012313988
5734 5612 357343.3463445903 4143882.9821465136
5978 5612 359782.9797776398 4143882.9881780436
6100 5612 361003.29462259525 4143882.810540218
6344 5612 363444.332336249 4143883.5167117985
6466 5612 364663.99965669704 4143882.455516763
6588 5612 365883.991854966 4143882.92566642
6710 5612 367104.8075094346 4143882.518848123
6832 5612 368324.03030501987 4143882.004206472
7198 5612 371983.0646342053 4143881.7201142404
7320 5612 373204.0717749995 4143882.556331357
7564 5612 375644.2780162479 4143882.5945225395
7686 5612 376863.18401187804 4143882.6171245016
7808 5612 378082.20094143593 4143882.0927939145
8174 5612 381743.4288492369 4143882.4198511606
8296 5612 382964.1041441356 4143883.551068197
8784 5612 387842.9354608462 4143882.4417448817
8906 5612 389063.4189676791 4143882.305129786
9028 5612 390283.35617295816 4143883.5119977677
9150 5612 391504.13182226976 4143883.5655996623
9272 5612 392724.5597657449 4143883.072527759
9394 5612 393943.711400508 4143883.119099331
9516 5612 395163.9364916402 4143882.532047094
9760 5612 397603.6357377307 4143882.5482412353
10126 5612 401263.12750075146 4143882.123498546
10248 5612 402483.1089858189 4143882.1983232526
10370 5612 403703.09206003585 4143882.3430097923
4758 5734 347582.62844777794 4142662.820718187
4880 5734 348803.51140930486 4142662.954218589
5124 5734 351243.4882193155 4142663.7002872583
5246 5734 352463.9180779633 4142663.432945748
5368 5734 353684.2618428626 4142662.182264854
5490 5734 354903.8041520015 4142661.7278754776
5612 5734 356122.1370460708 4142661.190613933
5734 5734 357343.2794824898 4142662.418301326
5856 5734 358563.1245732125 4142662.289583072
5978 5734 359783.58177324675 4142663.7534068897
6466 5734 364663.88572162087 4142663.8413512884
6710 5734 367103.2755828617 4142662.824442041
6832 5734 368323.01088100387 4142662.7062603887
7198 5734 371983.5313391108 4142661.7326735016
7320 5734 373203.20657404314 4142662.161578629
7564 5734 375642.51857135835 4142661.8190950584
7808 5734 378082.96776106383 4142661.21584709
8174 5734 381743.9680792559 4142662.4433822064
8296 5734 382963.31970484677 4142662.62603077
8784 5734 387844.4326007249 4142662.959929942
8906 5734 389063.3127000349 4142663.170479142
9028 5734 390283.35345078446 4142662.5561708836
9150 5734 391503.8729385042 4142662.5019310005
9272 5734 392722.3636202188 4142662.552191114
9394 5734 393943.5908463931 4142663.320590278
9516 5734 395164.25577878894 4142663.0422150884
9638 5734 396384.3620204498 4142662.833897639
9760 5734 397603.56586216437 4142662.5582525507
9882 5734 398823.5916046553 4142662.8115811227
10370 5734 403702.79764916014 4142661.9896247685
4758 5856 347584.79325625306 4141443.802355157
5002 5856 350023.9194224887 4141442.3989852658
5246 5856 352464.2090853321 4141443.0198092684
5368 5856 353684.1237300481 4141442.896368961
5490 5856 354904.11434544006 4141442.8746597357
5612 5856 356124.38565484446 4141441.7566801487
5734 5856 357344.0705531586 4141442.253352659
5856 5856 358563.8778783845 4141441.98561251
6588 5856 365883.1953014167 4141442.0610829806
6954 5856 369544.35709461867 4141442.9738790095
7076 5856 370763.7017521714 4141442.124509695
7198 5856 371983.12335383234 4141443.0963109275
7686 5856 376863.0455198768 4141441.736743179
7808 5856 378082.8207425975 4141442.707644418
8052 5856 380522.73018476216 4141442.6669810032
8174 5856 381741.9649921043 4141441.7691594036
8296 5856 382962.6360756082 4141442.4570191624
8418 5856 384182.84535141295 4141441.7061581826
8662 5856 386623.2925215085 4141442.052094805
8784 5856 387843.0563590407 4141442.431413376
8906 5856 389062.76610479987 4141441.897282432
9272 5856 392722.9899016849 4141441.3841501726
9394 5856 393943.60438942193 4141443.3751559295
9882 5856 398823.9501343492 4141443.7517916886
10004 5856 400043.4620181449 4141442.589453552
10126 5856 401263.7679594019 4141442.244308247
10248 5856 402482.94301515835 4141443.0342645776
4880 5978 348804.4558039021 4140223.4674499296
5002 5978 350023.2561318964 4140222.7088270197
5124 5978 351242.77181516204 4140223.074786634
5246 5978 352462.8055251186 4140222.4953093417
5368 5978 353682.76625978865 4140221.9661433473
5490 5978 354903.35954228835 4140221.629119831
5612 5978 356123.3773851442 4140222.35746454
5734 5978 357343.80001942755 4140221.2913549803
5856 5978 358563.7481104914 4140222.607462203
6222 5978 362223.17167721904 4140222.152524071
7442 5978 374421.47539273975 4140222.0183321545
7808 5978 378083.4002892198 4140221.103637292
7930 5978 379303.14440683095 4140221.9799317652
8052 5978 380523.2897997955 4140222.7659033285
8174 5978 381743.0353599741 4140222.969930852
8296 5978 382962.79027149855 4140222.2837136686
8418 5978 384183.8253459729 4140223.171356025
8540 5978 385403.76975490665 4140222.327549761
8662 5978 386623.37870442803 4140222.580224104
8784 5978 387843.08810557856 4140223.070994336
9028 5978 390283.35134396376 4140223.015737365
9150 5978 391502.19885370473 4140222.798591125
9272 5978 392723.1055530664 4140223.3047177996
9394 5978 393942.973346038 4140222.0176610583
9516 5978 395162.3386284913 4140223.815050572
9760 5978 397603.8313309535 4140221.442505421
9882 5978 398823.80017982994 4140221.9016911667
10004 5978 400043.3821465099 4140222.4735693093
10126 5978 401261.89087165415 4140221.5684609096
10248 5978 402483.71677495114 4140223.5218223818
5002 6100 350022.2788269509 4139002.1271380316
5124 6100 351243.26499560743 4139002.667415779
5246 6100 352463.3925129495 4139002.4692673013
5368 6100 353683.9599974974 4139002.802876313
5490 6100 354903.9433963642 4139002.33121451
5612 6100 356123.86673463817 4139002.668939911
5734 6100 357343.746389499 4139002.9016540134
5856 6100 358563.45168580255 4139002.7991328593
5978 6100 359782.5270186191 4139001.9534298293
6222 6100 362222.4149983361 4139003.0069924565
7076 6100 370763.03033612395 4139002.5749335643
7930 6100 379302.8690468329 4139001.8113816697
8052 6100 380523.5064490423 4139002.6259246245
8174 6100 381743.5356866751 4139002.487737716
8296 6100 382962.60320739687 4139002.3325814614
8418 6100 384182.62410575646 4139003.5570754586
8540 6100 385403.6190664428 4139003.6903489307
8662 6100 386624.176955984 4139003.6309408974
8784 6100 387843.4810998413 4139002.6052755723
8906 6100 389063.84809506126 4139003.5903862687
9272 6100 392723.37098681444 4139002.62805128
9516 6100 395163.1121237537 4139002.611178167
9760 6100 397603.81316133635 4139002.4157113144
9882 6100 398823.3355777236 4139002.400864899
10004 6100 400043.6197066035 4139001.397540287
10126 6100 401263.8078372455 4139004.300478573
10614 6100 406144.0684182893 4139002.930646465
5246 6222 352462.9545955602 4137782.964242936
5368 6222 353683.6978079433 4137783.119721776
5612 6222 356123.28173789463 4137783.51394004
5734 6222 357343.03279317444 4137783.354855107
5856 6222 358563.3780520414 4137782.7125791954
5978 6222 359782.99624196556 4137781.551729993
6100 6222 361002.75732009264 4137782.0143759465
6344 6222 363443.5770979694 4137783.0213453323
7076 6222 370763.9868544183 4137783.494935561
7442 6222 374422.89429007756 4137781.632924687
7564 6222 375642.8555626171 4137782.5927380165
7808 6222 378084.7271393298 4137783.019860655
8174 6222 381743.41635854036 4137783.141149206
8296 6222 382962.88500508165 4137781.754938245
8418 6222 384183.34171786124 4137782.382985824
8540 6222 385403.7909141724 4137782.733931452
8662 6222 386622.9416228981 4137782.7533744825
8906 6222 389064.3921852854 4137782.5333706904
9394 6222 393944.64921690844 4137783.2924883654
9516 6222 395163.0595191284 4137782.385112455
9638 6222 396382.8863026805 4137782.8060108675
9760 6222 397602.8594437067 4137782.387374568
9882 6222 398823.1461772746 4137782.3616841016
10004 6222 400043.5186229241 4137782.9381086174
10126 6222 401264.09773403464 4137784.301964677
10614 6222 406144.99463625334 4137783.520240565
10736 6222 407362.74695062224 4137783.0713219894
10858 6222 408583.0918034423 4137783.973209422
5368 6344 353683.60551241477 4136562.3295200747
5490 6344 354903.298636206 4136563.0987595646
5612 6344 356123.5614395572 4136563.595783172
5734 6344 357341.926296607 4136562.2782420125
5856 6344 358563.93827731657 4136563.331563608
5978 6344 359784.46248437546 4136563.013326359
6100 6344 361004.37814581057 4136562.5670525627
6222 6344 362224.37412009516 4136563.020303226
6344 6344 363443.080384007 4136562.026297439
6466 6344 364662.33218769444 4136562.050158933
6588 6344 365883.3081717552 4136562.464287947
6710 6344 367102.9763374442 4136562.946094783
6954 6344 369544.3822733315 4136563.38681172
7198 6344 371983.80823626433 4136563.1120330365
7686 6344 376862.8510838022 4136562.197506954
8296 6344 382962.1446838219 4136561.3031350123
8662 6344 386623.4980813674 4136562.4140823865
8784 6344 387843.5965773659 4136563.4518255442
8906 6344 389062.2131179503 4136563.44703497
9516 6344 395163.3549011574 4136562.9230210986
9760 6344 397603.32475401973 4136561.8220790885
9882 6344 398823.54915870697 4136561.91969986
10004 6344 400043.60743241094 4136562.420839553
10126 6344 401263.8293808028 4136563.2778637093
10248 6344 402483.7133991033 4136563.2115646126
10370 6344 403703.7955052083 4136562.9568263264
10492 6344 404923.92380221206 4136562.140620511
10614 6344 406143.0677077665 4136563.188986917
10858 6344 408584.7644804194 4136563.1442850837
5490 6466 354902.74331900524 4135340.915970157
5612 6466 356124.1377989509 4135342.605488293
5734 6466 357344.4482779961 4135342.5582048176
5856 6466 358563.48811867024 4135342.93625166
5978 6466 359782.87490892265 4135342.6294411244
6100 6466 361003.9691785641 4135342.6667428473
6222 6466 362223.82944766415 4135341.9324790705
6344 6466 363443.5142458151 4135342.0669181673
6466 6466 364662.97516673873 4135342.9108601464
6588 6466 365882.8123598985 4135343.0857622856
6954 6466 369542.70680723403 4135343.1126670046
7198 6466 371982.07278533565 4135342.278035325
7320 6466 373203.62366180477 4135343.033831005
7442 6466 374423.662228624 4135342.7565192673
7564 6466 375643.118838857 4135344.184163953
7686 6466 376863.4971728314 4135341.9953248454
7930 6466 379302.7738248452 4135342.0267072152
8784 6466 387843.1463504724 4135342.21658158
9150 6466 391504.6577729088 4135342.201240234
9638 6466 396384.0336195798 4135342.8922660314
9760 6466 397603.3656440424 4135343.0247299112
10126 6466 401262.9589216225 4135342.2212946666
10370 6466 403702.025369446 4135341.8589791274
10492 6466 404923.71195410355 4135342.09435808
10858 6466 408582.4903336634 4135343.3020360656
5734 6588 357344.00003492273 4134122.709645794
5856 6588 358564.66386300913 4134122.963129715
5978 6588 359783.718985293 4134123.3992404453
6100 6588 361004.0964943885 4134123.040799251
6222 6588 362223.22719966946 4134122.325427235
6344 6588 363443.32546725095 4134123.257690572
6466 6588 364664.3933986621 4134123.075928148
6588 6588 365883.79276368994 4134121.936926542
6710 6588 367103.5017907056 4134122.442756394
6954 6588 369542.92400451837 4134122.734273229
7076 6588 370762.8477971891 4134122.750463782
7198 6588 371983.6686604384 4134123.128748483
7442 6588 374423.3208056949 4134122.6936373143
8662 6588 386623.18839817535 4134123.850794659
8784 6588 387843.2299699395 4134122.2560351333
9150 6588 391503.5115999263 4134122.0369402384
9272 6588 392723.37523643224 4134122.1880530342
9394 6588 393943.2820329897 4134122.7775217528
9516 6588 395163.9734268427 4134123.8003863012
9760 6588 397603.84806554293 4134122.7588190436
9882 6588 398823.76833358343 4134123.051841787
10004 6588 400044.1216919885 4134122.9691957477
10126 6588 401263.14209787373 4134122.6392919263
10248 6588 402483.10631898005 4134122.820740658
10370 6588 403703.7338763671 4134121.668119507
10614 6588 406142.6681170085 4134122.3513399847
10736 6588 407362.58177580143 4134122.901339093
10858 6588 408583.2610117796 4134122.178878324
5978 6710 359783.9684003886 4132903.5500929793
6100 6710 361004.58434431 4132903.1806180747
6222 6710 362222.8670275353 4132902.0337749124
6344 6710 363442.84979053837 4132902.374199059
6466 6710 364663.4502751901 4132902.1664873054
6588 6710 365883.94797238783 4132902.8226875365
6710 6710 367103.5680525307 4132902.6633412987
6832 6710 368324.124320899 4132902.648709934
6954 6710 369544.28718883684 4132901.544814215
7076 6710 370763.14523587964 4132902.561692423
7198 6710 371982.7430231647 4132902.6367859924
7320 6710 373203.59628808365 4132903.0466370117
7442 6710 374423.83368912654 4132901.3235049844
7930 6710 379303.66966199427 4132902.8351502754
8540 6710 385402.8053569563 4132902.621580492
9150 6710 391502.70688459615 4132902.7147733793
9272 6710 392723.2858268647 4132902.777078732
9394 6710 393943.10611836327 4132902.8044166043
9516 6710 395164.0124440815 4132902.2000039946
9638 6710 396382.6236212975 4132902.033910691
9760 6710 397603.29124254297 4132902.9973080177
9882 6710 398823.7690605063 4132904.4784433804
10126 6710 401262.89119467 4132903.131126156
10248 6710 402482.7536905433 4132903.0805078084
10370 6710 403703.7762211628 4132903.7167680906
10492 6710 404923.65296350146 4132902.2273444096
10614 6710 406143.73962178425 4132902.4935033396
10858 6710 408583.3677642689 4132902.8046158385
6100 6832 361004.168726968 4131683.02630335
6222 6832 362223.4297953041 4131682.539769018
6344 6832 363443.41780978214 4131682.436174717
6466 6832 364663.29243009473 4131681.709132445
6588 6832 365882.1900938622 4131682.0609042402
6710 6832 367103.25030491775 4131682.812366628
6832 6832 368324.2868424152 4131682.735677654
7076 6832 370762.7392458819 4131681.8741616746
7198 6832 371983.0290261309 4131682.8030783487
7442 6832 374423.2793235947 4131681.4835939063
9150 6832 391503.073038533 4131682.767295083
9394 6832 393942.5061068236 4131682.5305683464
9516 6832 395163.182763129 4131682.831013414
9638 6832 396382.9626325868 4131681.9433552744
9760 6832 397603.9266927382 4131682.4288277207
10126 6832 401262.7047538007 4131682.8939272743
10248 6832 402482.6539130891 4131682.7944810335
10370 6832 403704.76775566535 4131683.6838483466
10492 6832 404924.19821220357 4131682.260628909
10614 6832 406143.34079319204 4131682.6814459637
10736 6832 407363.73849711125 4131682.8941042908
10858 6832 408583.9960923494 4131682.2129084
6100 6954 361002.7440298456 4130462.3931237217
6222 6954 362223.30612978933 4130462.768400727
6344 6954 363443.27182021283 4130462.2916143965
6588 6954 365882.5074130687 4130462.1443371754
6954 6954 369542.9037225925 4130461.7985925293
7076 6954 370762.8571324994 4130462.206781923
7198 6954 371983.3610555898 4130463.3487763144
7320 6954 373203.7769534599 4130462.3657076005
7564 6954 375642.3918484665 4130461.9908614065
9150 6954 391501.0874921155 4130460.7050723694
9394 6954 393942.8296479188 4130462.1786510684
9760 6954 397602.64500970097 4130463.9319547666
10126 6954 401264.39817149 4130462.389316722
10370 6954 403704.15859216714 4130462.493422861
10492 6954 404923.53400327556 4130462.190614706
10614 6954 406142.3274005647 4130461.6710177325
10858 6954 408584.4524487089 4130462.0642635375
6344 7076 363442.9672576351 4129241.9953440577
6466 7076 364663.15669119667 4129242.4559627054
6588 7076 365883.79472571035 4129242.6814354705
6832 7076 368323.92421060096 4129244.307664654
6954 7076 369543.3774254335 4129242.071837689
7076 7076 370763.3473531742 4129242.7934172554
7198 7076 371984.8547460636 4129243.9518585103
7320 7076 373202.52737299993 4129242.3731808234
7442 7076 374423.01960865903 4129242.903894539
9150 7076 391503.8890303869 4129242.345749804
9272 7076 392724.30210189807 4129242.8092869027
9394 7076 393944.2540758714 4129242.5673967646
9760 7076 397601.77873447456 4129242.9499146137
10248 7076 402483.32716898265 4129243.0299878484
10370 7076 403703.0645988588 4129243.326003329
10492 7076 404923.78302028374 4129241.951851612
10614 7076 406143.52169094095 4129242.574093012
10736 7076 407362.3186804214 4129242.496164564
10858 7076 408583.80464996403 4129244.378551754
6954 7198 369542.0272049657 4128022.002487338
7076 7198 370763.01816646877 4128021.9730138946
7320 7198 373203.8632002746 4128021.944229723
7442 7198 374424.1490088528 4128022.3841573745
7564 7198 375644.318138176 4128022.3342624726
7930 7198 379303.5856355725 4128023.8225847427
9028 7198 390284.0185169764 4128023.2398492415
9150 7198 391503.6155081568 4128022.3965407023
9272 7198 392722.86830301816 4128022.6893098727
9394 7198 393942.95444936625 4128022.3025786197
9760 7198 397603.3702694983 4128022.7750301743
9882 7198 398823.2890656866 4128022.3956193123
10248 7198 402484.338713031 4128022.879330042
10492 7198 404922.38468785747 4128021.984199875
10614 7198 406143.0470742691 4128023.6999552986
10858 7198 408583.73232351645 4128023.110265037
7320 7320 373203.53930346726 4126803.6469485955
7442 7320 374423.54095562396 4126802.8194428114
7564 7320 375642.5741486336 4126802.608936471
7930 7320 379302.6431440779 4126801.7731783204
9150 7320 391503.2941182183 4126802.7171981046
9272 7320 392723.54632879543 4126803.0587684484
9394 7320 393944.065604931 4126802.231777448
9516 7320 395163.51071200165 4126801.98272329
9638 7320 396383.510754912 4126802.4139789045
10004 7320 400042.0529231169 4126801.818133368
10126 7320 401262.53965576005 4126801.791427331
10370 7320 403703.5231026139 4126802.7028435897
10492 7320 404923.60036907805 4126804.006381725
10614 7320 406144.3850977863 4126804.0570701137
10736 7320 407363.519796624 4126803.508113646
10858 7320 408583.0870659011 4126802.1305408347
10980 7320 409803.34147671884 4126802.4132780554
7686 7442 376864.0394267309 4125583.0357214455
7808 7442 378084.5586160621 4125583.7208541203
7930 7442 379303.4422830768 4125582.9480309784
8052 7442 380523.22020073014 4125582.749175732
8174 7442 381743.0682203757 4125582.7943475908
8906 7442 389063.415877243 4125582.040335606
9394 7442 393943.753030481 4125582.859376979
9516 7442 395164.22910425335 4125583.3645346304
9638 7442 396382.4867613874 4125583.0765950996
10126 7442 401261.5961261296 4125581.666810709
10370 7442 403703.60382916866 4125582.3852079865
10492 7442 404922.7010937529 4125582.632467189
10614 7442 406141.79021040065 4125583.4186325315
10736 7442 407362.0583947295 4125582.4787958944
10980 7442 409803.6464758764 4125583.1073643425
7686 7564 376863.82592745207 4124363.384824844
7930 7564 379303.59515986283 4124363.879526194
8052 7564 380522.54189135955 4124363.023525982
8906 7564 389062.80778385326 4124363.0122478297
9028 7564 390282.15267026797 4124364.30851442
9272 7564 392724.198584855 4124362.616698783
9638 7564 396384.43858095864 4124362.9756880356
9760 7564 397603.9425040201 4124363.30207734
10004 7564 400042.84702602896 4124362.512995759
10126 7564 401263.0550766337 4124362.412944205
10614 7564 406143.43575473723 4124363.2186383316
10736 7564 407363.38584728836 4124363.2834922513
10858 7564 408583.62312020303 4124362.1100216815
7808 7686 378084.40515815065 4123143.94098394
7930 7686 379304.03489007015 4123144.035645239
8174 7686 381743.84013645985 4123142.9929759214
8906 7686 389063.05760071625 4123141.7081784047
9272 7686 392723.82200131734 4123143.3498289054
9638 7686 396384.27467094245 4123143.0829027267
9882 7686 398822.8910004686 4123143.817282156
10004 7686 400042.9513086169 4123143.251278015
10126 7686 401263.72805776884 4123144.223611529
10614 7686 406142.72015774116 4123142.047695293
10736 7686 407362.1293305992 4123141.825690178
7930 7808 379303.1840925744 4121923.623408786
8174 7808 381742.61620250385 4121923.00893414
9150 7808 391502.7708013566 4121922.9635287523
10004 7808 400044.2307011253 4121922.695512388
10126 7808 401264.4716465011 4121922.9903242514
10370 7808 403703.25566056406 4121923.977107645
10492 7808 404923.9411148192 4121923.766544462
10614 7808 406144.24468735704 4121924.0294426717
10736 7808 407362.7652541658 4121922.8043590365
10858 7808 408583.3128957401 4121922.324268857
8052 7930 380523.63430000766 4120703.0947605465
8174 7930 381742.81645095994 4120703.2100574616
8784 7930 387843.3733470844 4120703.138919211
9150 7930 391502.5506504302 4120702.45008652
10004 7930 400044.1949969643 4120702.6608990505
10370 7930 403704.8535005183 4120703.658922801
10492 7930 404924.1366128034 4120703.401521667
10614 7930 406143.3869457917 4120702.8736992916
10736 7930 407364.72031574475 4120703.551173102
10858 7930 408583.5041640598 4120703.164268949
8174 8052 381743.194099835 4119483.061434538
8296 8052 382963.7396079353 4119482.214243495
8784 8052 387844.06316870765 4119481.8490174217
9150 8052 391501.62919400766 4119482.3683917588
9638 8052 396382.3166621925 4119482.943989169
9760 8052 397602.9115852136 4119482.571494067
10004 8052 400043.55244304414 4119483.7276522787
10248 8052 402483.2453241429 4119483.4373451844
10614 8052 406143.54150784074 4119482.877793396
10736 8052 407364.294112136 4119483.82312282
10858 8052 408583.80504677957 4119483.298301383
8174 8174 381743.9717045472 4118263.3506589057
8540 8174 385403.64664961037 4118262.239606511
8784 8174 387843.387578624 4118263.156001878
9150 8174 391503.5196578466 4118262.4020981966
9760 8174 397602.5671667835 4118263.7663501883
10126 8174 401263.1279093611 4118263.3718816973
10248 8174 402482.84074176895 4118261.630773318
10370 8174 403703.6611305838 4118263.248130611
10492 8174 404923.9229483938 4118264.1014480265
10614 8174 406143.813932465 4118263.453555431
10980 8174 409802.36365615117 4118262.427112961
8296 8296 382962.93942599813 4117041.4439395564
8418 8296 384183.6874741084 4117043.789489066
8540 8296 385404.3762572702 4117043.344203377
8662 8296 386623.55015736516 4117042.8028821824
8784 8296 387843.66199450364 4117043.29401765
8906 8296 389063.8217806964 4117043.2304390213
9882 8296 398823.60920834047 4117043.3133011507
10248 8296 402484.3075694758 4117044.11250759
10370 8296 403704.35761875805 4117044.583171473
10492 8296 404923.1125079859 4117043.5761508374
10614 8296 406143.99162802816 4117042.880050051
10736 8296 407362.5484541175 4117041.987722478
10858 8296 408583.01468932076 4117042.47048421
8540 8418 385404.4724392816 4115822.7128094435
8662 8418 386624.3636377184 4115823.3605068214
8784 8418 387843.9130753259 4115822.6638708534
8906 8418 389063.8250735788 4115821.643870145
9394 8418 393943.654097996 4115822.6172847776
10004 8418 400043.5587206032 4115822.2771102833
10370 8418 403703.9053233665 4115823.871577681
10736 8418 407364.10227383504 4115822.618798038
8784 8540 387843.4661793944 4114601.956639318
8906 8540 389063.3168723056 4114601.812201595
9028 8540 390283.4707907083 4114602.285147097
9516 8540 395163.06236839754 4114603.2198483683
10126 8540 401263.03602619853 4114603.3982743276
10370 8540 403703.9651932404 4114603.670647084
10492 8540 404923.6550405765 4114603.016021439
9028 8662 390284.13540875533 4113382.9883317556
9394 8662 393943.34054078837 4113382.024431713
9516 8662 395163.2220851138 4113382.3900388293
10004 8662 400042.9268060581 4113382.7429192234
10370 8662 403703.3329347017 4113382.380148393
10736 8662 407362.99521968217 4113382.4639067687
10858 8662 408583.9895310534 4113383.303442685
9028 8784 390282.3041903839 4112162.8343441635
9150 8784 391502.4995897684 4112162.7663326897
10736 8784 407362.63678135246 4112162.870154418
10858 8784 408584.8253297304 4112163.6251235316
10614 8906 406143.9837923977 4110943.161667143
10736 8906 407362.6470764992 4110943.4669053284
10614 9028 406143.0475264113 4109723.637256613
10736 9028 407363.5564860587 4109722.714970474
9882 9150 398824.3368007753 4108503.2436326835
10614 9150 406143.2983539914 4108504.2899142737
10126 9272 401264.07140368386 4107283.0781406974
10248 9272 402484.38961717894 4107282.8551748376
10370 9272 403703.51306826423 4107282.4378242716
