2806 1342 328063.7813065808 4186593.465189768
2684 1586 326844.3909584762 4184153.6099107293
2318 1708 323182.4472388264 4182931.241190005
3294 1708 332944.0848026615 4182924.7849159995
488 1830 304883.16072038945 4181708.529068143
2928 1830 329283.8615660674 4181704.3400108907
244 1952 302443.7699401676 4180492.4204987884
122 2074 301223.704366282 4179273.017096039
3172 2074 331723.0739284776 4179272.7285873117
2928 2196 329284.2199060146 4178051.2777331127
488 2318 304883.06306963635 4176827.6080313204
2928 2318 329287.462467036 4176828.503065138
1464 2440 314643.93780368794 4175608.4907966126
2318 2440 323183.5276663136 4175611.3506211694
2440 2440 324403.78317830147 4175611.2683699364
1708 2562 317084.76629888645 4174391.22964973
2318 2562 323184.7239340384 4174388.8320954293
2562 2562 325624.01298368134 4174392.483263704
1098 2684 310983.52860451833 4173168.5660545127
854 2806 308543.1491141629 4171943.5733909123
2074 2806 320744.3991350083 4171948.415547223
488 2928 304883.9983880288 4170727.145598009
732 2928 307323.6502196523 4170728.5968542667
1098 2928 310984.80099022685 4170732.3065404743
2074 2928 320744.9433633178 4170726.8096608017
2196 2928 321963.1249864574 4170732.47340749
610 3050 306103.97894376284 4169508.601872678
732 3050 307323.42389043595 4169511.9243905954
1708 3050 317083.226419936 4169508.8654325856
1830 3050 318306.2248148621 4169508.607721256
1952 3050 319522.724894966 4169504.5907521453
2318 3050 323182.8789863858 4169511.626148031
610 3172 306103.2974574102 4168288.3616730003
1098 3172 310982.85505040793 4168287.170957734
366 3294 303664.81155748165 4167067.5171166705
610 3294 306103.0199258962 4167070.9056103863
976 3294 309764.3632529176 4167071.830500272
1830 3294 318303.2181934389 4167069.3077029325
2074 3294 320743.93895533 4167071.5095723215
2562 3294 325625.63054270286 4167068.5244278004
122 3416 301223.64419374184 4165852.1687285732
244 3416 302443.709618493 4165851.159744056
1098 3416 310985.85267710325 4165848.905308419
610 3538 306103.77979844104 4164627.538402589
1098 3538 310983.9362726955 4164629.1077959184
1464 3538 314643.08073444676 4164624.6807019413
2928 3538 329284.7795127468 4164632.518573771
122 3660 301224.920481357 4163412.547603518
366 3660 303664.6305676025 4163407.1846952764
1830 3660 318304.0792186817 4163411.5805831198
3050 3660 330504.5182911238 4163412.939658724
122 3782 301222.93249482807 4162189.4846481243
366 3782 303663.74668163754 4162191.096980243
488 3782 304883.21841798245 4162188.3967051655
732 3782 307325.97544278926 4162188.8893146217
854 3782 308545.17161684687 4162190.5074778646
1708 3904 317084.0583150075 4160969.2447226495
2928 4026 329285.888876425 4159752.538629649
4514 4026 345143.2777511489 4159752.7669011895
3050 4148 330506.3615683944 4158528.7972430373
3050 4392 330502.35262451234 4156093.639835572
3172 4636 331722.89716550894 4153651.0428793775
3294 4636 332944.30045608786 4153652.7314500585
