854 0 308538.15908214444 4200008.793737676
976 0 309760.8736586365 4200006.659777629
2318 0 323177.4697488416 4200004.500559326
4514 0 345141.9386319339 4200004.860447945
7564 0 375641.5022041088 4200008.226090161
366 122 303657.458792956 4198784.749166259
854 122 308538.752762808 4198787.689679515
976 122 309758.83297663374 4198787.405058486
1098 122 310978.6158784204 4198786.81840992
1220 122 312196.546546868 4198784.500651258
1342 122 313418.6508801438 4198786.080532757
1464 122 314638.7234637414 4198786.75203546
1586 122 315861.70077625895 4198786.077153869
1708 122 317079.02626341325 4198784.578452631
1830 122 318298.04965550196 4198784.788751727
2440 122 324398.34809481306 4198784.350622851
3538 122 335381.24747917464 4198783.868296197
3904 122 339038.27458863676 4198784.210311898
4636 122 346362.06708601565 4198784.800713476
4758 122 347577.93904703844 4198784.751485015
5734 122 357338.1938431371 4198787.580957215
5856 122 358558.5103559332 4198786.106478473
5978 122 359781.40135816945 4198786.232846794
6832 122 368317.2480767291 4198787.2797631025
7198 122 371980.60663364234 4198787.867463286
7320 122 373197.5418979301 4198787.286226103
7442 122 374418.6154185636 4198787.199490257
7564 122 375642.16679947166 4198786.965165659
7686 122 376857.53273326566 4198786.610806713
8174 122 381738.62811307714 4198787.573597318
8296 122 382958.98627509904 4198786.856624432
8418 122 384179.1747907235 4198786.737638785
8540 122 385398.4936528043 4198784.61026196
8784 122 387839.1441961753 4198786.659187328
8906 122 389058.4373893209 4198784.765064363
122 244 301220.61570704984 4197567.281675447
244 244 302441.35412610037 4197566.991352343
366 244 303658.16991936683 4197567.679202211
854 244 308540.43086627225 4197567.436233455
976 244 309758.5982817544 4197567.47993101
1220 244 312199.4606614878 4197567.331802769
1342 244 313419.0040148473 4197567.259020104
1586 244 315860.7366940321 4197567.762028997
1830 244 318301.2375895418 4197567.447152141
1952 244 319519.1061691879 4197566.5499857385
2074 244 320741.4497342424 4197564.123432776
2196 244 321961.1970047354 4197567.152294418
2440 244 324397.24112915935 4197567.645293124
2562 244 325618.45268943266 4197567.3859089995
2684 244 326838.9374216225 4197567.542326649
2806 244 328057.59446022 4197564.832871082
2928 244 329277.86344269913 4197564.8885528
3050 244 330498.9209221719 4197567.030489566
3172 244 331718.3422926792 4197567.634927578
3660 244 336600.6349902824 4197563.579814611
3904 244 339037.09891939384 4197566.952962169
4270 244 342698.2164352982 4197566.7734478805
4392 244 343918.39860343875 4197564.6855820175
5490 244 354898.7867829415 4197568.053185109
5612 244 356121.2858150971 4197567.310803797
5734 244 357341.8154762627 4197567.6837976985
5856 244 358559.1140400068 4197567.04554942
5978 244 359782.102180459 4197567.553440535
6100 244 361001.82718730904 4197566.966377805
6222 244 362218.8865738992 4197567.704327656
6466 244 364659.37257359724 4197567.317183937
6832 244 368321.2125697731 4197566.791773864
7198 244 371979.006269653 4197568.283563651
7442 244 374418.80789313215 4197567.161727052
7564 244 375640.99705824273 4197566.82429178
7686 244 376859.378476394 4197568.167446681
8052 244 380518.3653123657 4197567.328240659
8174 244 381738.19200203737 4197566.905188237
8540 244 385397.9317828806 4197567.7767311325
8662 244 386618.11895225226 4197567.013664971
8784 244 387838.5291682063 4197566.642519471
8906 244 389058.9393273969 4197566.706820313
122 366 301218.6627100927 4196347.613064341
244 366 302438.43098276085 4196347.078357241
366 366 303661.096080493 4196347.838169279
488 366 304878.35822681006 4196348.106574266
610 366 306098.6851492698 4196348.007856058
732 366 307321.42686870444 4196346.94959889
1098 366 310977.27025815897 4196348.947453925
1220 366 312201.28755529993 4196347.872864497
1586 366 315861.80559690174 4196347.574010571
1708 366 317082.086767415 4196347.578517035
1830 366 318297.09782411676 4196348.024323149
1952 366 319516.9404785392 4196344.352195798
2074 366 320737.8828419247 4196347.620720932
2684 366 326837.29535583564 4196344.800926738
2806 366 328062.0314790287 4196346.7807841
2928 366 329277.50803687837 4196344.21839393
3050 366 330497.93339514046 4196346.998542767
3172 366 331717.3911149188 4196345.727233225
3294 366 332940.1412844075 4196346.362518005
3416 366 334159.31815634784 4196347.827456951
4270 366 342698.6760884262 4196348.085742445
5246 366 352458.6567135475 4196344.807331613
5368 366 353681.72233874985 4196347.066537821
5612 366 356116.4889270741 4196344.42741107
5734 366 357341.2763235765 4196347.430548361
5856 366 358558.26245825284 4196348.012213648
5978 366 359778.22283407307 4196348.390594761
6832 366 368321.34768816974 4196347.615513326
6954 366 369539.6655148127 4196347.609350951
7076 366 370758.18402923836 4196347.364615546
7198 366 371978.1970606723 4196348.1053709425
7320 366 373198.1722561005 4196347.095223724
7442 366 374418.72200039146 4196347.860609742
7564 366 375637.95623866783 4196346.968184829
7686 366 376856.952799498 4196344.780809156
7808 366 378080.8485438069 4196346.5642765
7930 366 379297.2504301895 4196346.292089576
8296 366 382961.21179478575 4196347.42756341
8418 366 384179.0089372921 4196347.185514984
8540 366 385398.46688162204 4196346.622025407
8662 366 386617.2455515489 4196347.232229739
122 488 301218.7237893638 4195124.531787338
244 488 302438.327714993 4195124.616239687
366 488 303658.0331137787 4195124.563238825
488 488 304876.6997572505 4195124.658644582
610 488 306099.0312137542 4195126.777355126
732 488 307322.4101598499 4195126.714016717
854 488 308538.6623709318 4195127.213200891
1098 488 310978.5378359411 4195126.383162771
1220 488 312198.363936783 4195126.907102755
1342 488 313417.9895200049 4195127.760121618
1708 488 317079.0672606325 4195128.165358472
1952 488 319517.8152464457 4195126.640579176
2074 488 320737.3077339584 4195124.322945141
2806 488 328056.349234333 4195124.915551821
3050 488 330501.99882250675 4195127.211971458
3172 488 331716.8648374737 4195124.51060578
3294 488 332937.4435432639 4195124.872221575
3538 488 335376.0371985735 4195123.773947475
4026 488 340258.0822187182 4195124.799354991
5002 488 350017.6240346099 4195123.547614317
5368 488 353677.6484573816 4195124.78328159
5734 488 357337.20490592555 4195124.867178363
5856 488 358559.2349116836 4195124.367806169
5978 488 359782.68564807845 4195126.586142114
6100 488 361001.4378030109 4195126.91334096
6588 488 365877.84831164905 4195128.815236466
6954 488 369540.84297455807 4195127.965681058
7076 488 370760.7933620027 4195126.562709005
7198 488 371980.349676072 4195128.1068008635
7320 488 373198.8974050539 4195127.097928817
7442 488 374417.9902523427 4195126.769307814
7564 488 375638.0184243035 4195126.747437848
7808 488 378077.60036748793 4195124.244633462
7930 488 379298.02928586496 4195124.8105150815
8052 488 380517.4238998106 4195124.981269986
8174 488 381740.7034928661 4195126.757783122
8296 488 382960.2510571185 4195127.613190668
8418 488 384179.0223956323 4195127.982791676
122 610 301217.83942030766 4193904.3990938775
488 610 304880.75116951455 4193904.800822491
610 610 306098.5316293301 4193904.9157969914
732 610 307321.11225304514 4193906.604218985
854 610 308541.0196228409 4193906.152626532
976 610 309757.4416891106 4193904.6948078778
1098 610 310977.6038505602 4193907.8479917496
1220 610 312197.56419762 4193907.159271433
1342 610 313419.5100123441 4193904.7999274526
1952 610 319518.9497956934 4193904.1745690936
2562 610 325618.44507058366 4193904.6532841334
2806 610 328058.44156811177 4193904.0455279397
3050 610 330496.3112716243 4193903.983830954
3294 610 332942.0671467131 4193906.373503781
3538 610 335377.99413728353 4193904.6465605116
3660 610 336596.76412693545 4193903.7618183363
3782 610 337820.70702664985 4193904.243280555
4026 610 340256.5910078326 4193904.1248177504
5490 610 354895.8598484256 4193904.9877722207
5734 610 357337.4009709389 4193904.6985432105
5856 610 358558.53508318774 4193907.232975837
5978 610 359778.2054303248 4193906.0337293427
6100 610 360997.29287125176 4193906.30328165
6222 610 362218.64173194376 4193904.9922208544
6344 610 363438.4615474362 4193906.827757378
6466 610 364658.60208260815 4193904.7040529028
6710 610 367098.73662546766 4193907.883006717
7808 610 378078.8644866417 4193907.1386284493
7930 610 379298.3011406567 4193907.1597800246
8418 610 384181.52630797966 4193906.3513108464
366 732 303661.359727536 4192687.3568568984
488 732 304878.2788532018 4192684.8937192997
610 732 306098.1375468241 4192687.3657334773
732 732 307317.52595991537 4192686.694077068
854 732 308538.4009291588 4192683.7770283706
1098 732 310980.69635571464 4192687.234004393
1342 732 313417.94779609813 4192687.582704493
1586 732 315861.87996268284 4192687.0778266937
1708 732 317077.54665882787 4192687.6558777103
1952 732 319521.8845357013 4192687.06979906
2074 732 320738.42403323506 4192686.97947147
2318 732 323180.25860247173 4192688.140918914
3416 732 334161.3358652195 4192684.70772525
3538 732 335377.76708795957 4192684.3472070433
3660 732 336596.333515595 4192683.8655629503
3782 732 337817.1505749119 4192684.3416076684
4026 732 340257.2224895735 4192683.997290112
5124 732 351238.06832732086 4192684.2711787503
5490 732 354902.1087131385 4192687.5465546744
5734 732 357338.09304401965 4192686.6167944167
5856 732 358557.7284899748 4192686.272962954
5978 732 359777.8042205243 4192686.640864781
6100 732 360999.19636992353 4192687.0991288954
6222 732 362217.6777073595 4192687.43240422
6344 732 363437.3740308678 4192687.7766643753
6466 732 364658.4984971314 4192687.045663314
6710 732 367101.0100280471 4192686.561649765
6832 732 368318.3369267377 4192687.9787531532
8174 732 381737.9632539251 4192687.586618075
8296 732 382958.39765577595 4192684.323798538
8418 732 384178.28579627996 4192686.107503038
8540 732 385401.4713768948 4192684.08840908
366 854 303659.7369105293 4191468.218969997
488 854 304880.5926901344 4191467.803943607
610 854 306098.24658840714 4191464.9339503795
732 854 307318.4420919248 4191466.2303495416
854 854 308537.29052092746 4191467.1667320123
976 854 309756.41753518203 4191464.7301021153
1220 854 312196.51551582426 4191464.9298344413
1342 854 313421.3967942812 4191467.046713773
1464 854 314638.75784087187 4191464.6951565063
2318 854 323176.6270060081 4191464.7057972904
3294 854 332938.57034502743 4191466.2916845623
3416 854 334160.8167080939 4191466.416243286
3538 854 335378.1819777974 4191466.740935852
3660 854 336598.5119318191 4191463.97490861
3782 854 337818.0598474991 4191463.8972253976
5002 854 350018.2752857478 4191466.830924115
5734 854 357336.78595001076 4191468.505192152
6100 854 361001.4506619507 4191467.0344238803
6222 854 362218.4917104024 4191466.1098321453
6344 854 363441.88929510687 4191466.572677331
6466 854 364658.1104283545 4191467.4825894563
6710 854 367098.02909018815 4191467.022101517
8174 854 381738.0062818752 4191467.814277664
8418 854 384181.82077829377 4191466.6701008836
244 976 302438.63738756493 4190248.1114152977
488 976 304879.05037389963 4190248.0817421786
610 976 306099.74356923316 4190247.5534700947
732 976 307318.86397107085 4190247.4747338817
854 976 308540.9192572343 4190247.990187385
976 976 309758.1124691419 4190247.092466822
1220 976 312198.7308578858 4190247.1097036498
1464 976 314635.94410002197 4190244.9138520826
1586 976 315857.8568856418 4190244.8680041404
3294 976 332939.2427841114 4190246.7222029213
4026 976 340256.70174598816 4190243.215568781
4514 976 345141.76580785145 4190244.9277935307
5490 976 354900.2980560551 4190247.867540893
5612 976 356118.743450068 4190247.4195713783
5734 976 357338.1695197903 4190247.6373978676
5856 976 358558.27626373863 4190247.4040990938
5978 976 359777.7874533576 4190246.507026772
6100 976 360997.6776829935 4190247.2131051393
6222 976 362221.344402721 4190246.7762744045
6466 976 364660.8290171746 4190248.0468213214
6588 976 365878.6222019653 4190244.7808282124
6954 976 369537.6225746636 4190243.4050207213
8174 976 381742.1264284829 4190247.9329360165
244 1098 302442.0066990647 4189027.517844841
366 1098 303658.5407360761 4189027.7919663833
488 1098 304878.0370630382 4189027.5718058376
610 1098 306098.0454998654 4189027.718483069
732 1098 307317.5762331898 4189027.5103326878
854 1098 308541.9505064981 4189027.4129325636
1098 1098 310978.5517401858 4189027.543036593
1342 1098 313419.3351433044 4189025.745139596
1708 1098 317081.25568283215 4189028.3445003945
1830 1098 318298.8079907181 4189022.804085535
2318 1098 323175.9562322724 4189024.574926831
3050 1098 330497.3542817178 4189023.7012605835
3538 1098 335377.71582750045 4189024.5706124213
3782 1098 337818.1774795346 4189027.0575007778
3904 1098 339037.61149452854 4189027.314435662
4026 1098 340256.29605612386 4189024.6940233614
4636 1098 346360.3885557854 4189027.157532922
4880 1098 348797.81501615164 4189024.273116431
5612 1098 356117.64218902244 4189028.216287721
5978 1098 359778.01558930345 4189027.76021846
6100 1098 360998.17074534605 4189027.2770684324
6222 1098 362217.8056089632 4189027.5652462468
6344 1098 363438.4095494975 4189024.9585986314
6710 1098 367096.8093275739 4189024.4860473676
6954 1098 369537.5088518202 4189023.7585102413
7076 1098 370758.6945861297 4189027.009678385
7198 1098 371977.8681718792 4189026.574781526
8296 1098 382956.82571618987 4189023.8274196004
122 1220 301218.5151072341 4187806.6692789234
244 1220 302438.1841954113 4187804.8981747655
366 1220 303661.9215708096 4187806.5935148047
488 1220 304878.2038431142 4187807.3964435346
610 1220 306099.28347001655 4187806.873903814
854 1220 308541.045921156 4187808.341223594
1098 1220 310978.7607536952 4187807.832025637
1342 1220 313416.14873068803 4187804.684586998
1586 1220 315857.44440047035 4187806.3165173186
1952 1220 319521.56182974053 4187804.721012921
2318 1220 323178.66971333476 4187804.3400093587
2440 1220 324398.4837038386 4187803.5885175
2562 1220 325617.05494176253 4187804.398675761
2928 1220 329277.66807807155 4187802.8892520173
3172 1220 331717.9926467334 4187804.4452546015
3782 1220 337817.21412276104 4187804.874913661
4392 1220 343915.24505459605 4187804.7586213714
4636 1220 346357.88234715565 4187807.31272161
4758 1220 347581.9974295129 4187804.817496091
5002 1220 350020.8411426969 4187807.3218556447
5368 1220 353678.89496237517 4187807.234319471
5490 1220 354901.940360112 4187804.4243478766
6100 1220 360997.2165045659 4187804.3792860005
6222 1220 362221.5615892246 4187806.6218444547
6344 1220 363441.21431433805 4187807.848929871
6588 1220 365877.4075813048 4187806.6044721715
6954 1220 369538.5985562194 4187803.727947441
8418 1220 384181.6246171068 4187806.0056215655
8540 1220 385399.3752107392 4187802.6996518103
122 1342 301218.97785673814 4186584.774233004
244 1342 302437.15243588714 4186584.7487529917
488 1342 304878.89781038807 4186584.9358813334
610 1342 306100.2240214072 4186586.031345101
854 1342 308538.8816051545 4186584.904629564
1098 1342 310979.52487326117 4186587.893236573
1220 1342 312199.1964225768 4186588.189414571
1342 1342 313418.66104247497 4186587.6866182536
1464 1342 314639.140939647 4186587.5009651016
1708 1342 317079.0073498112 4186587.163818583
1830 1342 318298.5578476532 4186584.8585680947
1952 1342 319518.6982629271 4186586.930835763
2074 1342 320740.3383972474 4186587.650522235
2196 1342 321961.46883854514 4186587.271617133
2318 1342 323178.49747607094 4186586.123831191
2440 1342 324400.87747734896 4186586.023256381
2562 1342 325617.9470568256 4186583.1685664933
2806 1342 328059.53819231887 4186583.9466144405
3294 1342 332937.0420534213 4186584.3658124376
3782 1342 337819.1079396224 4186588.288552016
4148 1342 341478.5130270836 4186584.0054647587
4636 1342 346359.14399684104 4186587.0544041675
4758 1342 347580.3491827555 4186587.3065997995
4880 1342 348800.67364404595 4186586.2189730257
5002 1342 350019.2615557578 4186587.985522785
5246 1342 352455.41830384923 4186584.91123253
5368 1342 353681.5962778789 4186586.8251768993
5734 1342 357336.65420701937 4186584.7987290863
5856 1342 358558.54332793463 4186587.617040203
5978 1342 359778.233077771 4186587.5290306294
6100 1342 361002.0459282678 4186586.722664225
7320 1342 373197.93881124887 4186584.7570615197
7564 1342 375638.2346380949 4186586.8565224195
8540 1342 385399.41400241916 4186586.1555867167
8784 1342 387839.5132725207 4186588.0589387724
122 1464 301217.74608430464 4185364.359828485
244 1464 302441.20108758344 4185366.2290383326
854 1464 308538.3323812725 4185364.91583833
1220 1464 312198.1642577938 4185364.70333964
1464 1464 314641.79289783037 4185368.013891333
1586 1464 315858.764605759 4185367.1954441573
1708 1464 317080.65269584535 4185366.356516475
1830 1464 318297.7581078407 4185368.002225696
1952 1464 319519.06884050835 4185367.6206521383
2074 1464 320737.5496082429 4185367.301648113
2440 1464 324397.9714299509 4185366.702461213
2562 1464 325618.05972915626 4185366.8323508315
2684 1464 326840.7553617889 4185364.259453659
2806 1464 328058.9398749467 4185363.7693966962
2928 1464 329279.26890389284 4185364.308746977
3050 1464 330497.59938032436 4185365.5923143066
3172 1464 331718.53045476554 4185363.7704327293
3782 1464 337818.1308960518 4185364.478415129
4636 1464 346361.66688041744 4185367.2613287997
4758 1464 347578.83948378835 4185367.2828701884
4880 1464 348799.4812921158 4185366.7460763026
5612 1464 356117.97518955625 4185364.9659518264
5734 1464 357340.9727369555 4185366.9454322
6100 1464 360998.85732177965 4185366.6762256706
6466 1464 364658.31361882784 4185364.548086984
7198 1464 371975.7661855022 4185364.8861090224
8784 1464 387838.57912502124 4185366.6959889997
8906 1464 389058.6377336853 4185366.7012298694
244 1586 302440.7534971322 4184146.808415885
366 1586 303658.47083184327 4184147.556574817
610 1586 306098.72828838835 4184148.383307469
732 1586 307319.10929102916 4184144.657355613
976 1586 309758.0540292999 4184144.521424285
1098 1586 310978.7562278707 4184144.786486095
1220 1586 312200.9586598232 4184145.9940074217
1342 1586 313419.3373363334 4184147.30605633
1464 1586 314638.3013290056 4184148.6196518485
1586 1586 315857.70644200855 4184146.811676494
1708 1586 317077.43200056476 4184147.173474578
2074 1586 320738.42899464356 4184147.1416174695
2196 1586 321957.7481964345 4184146.504226803
2318 1586 323177.8202471586 4184147.667038642
2440 1586 324398.4588794158 4184146.7403880013
2562 1586 325617.3247744729 4184146.6818851056
2684 1586 326837.7703475793 4184147.2081520306
2806 1586 328058.8179260386 4184147.023501194
2928 1586 329281.58060220664 4184145.9105726294
3050 1586 330498.1343096864 4184144.459822024
3172 1586 331718.83140298724 4184146.118164109
3538 1586 335378.1434908831 4184146.504032241
3660 1586 336598.4261602511 4184144.836316293
4026 1586 340256.56942912075 4184144.955720134
4148 1586 341477.4254870812 4184144.7222465035
4270 1586 342698.31855356455 4184144.9673190573
4758 1586 347578.16217384435 4184147.7037149174
4880 1586 348797.45014276967 4184147.4335794365
5246 1586 352458.24888837 4184147.098692499
5734 1586 357337.5197815574 4184144.2860509204
7564 1586 375638.24720600556 4184147.8512072945
7808 1586 378081.3197688345 4184144.815008254
8418 1586 384177.38881649735 4184147.504182659
8540 1586 385398.46205154347 4184146.6163815567
8662 1586 386618.2525683517 4184144.5797410514
8784 1586 387838.109663707 4184144.49313986
8906 1586 389061.2263809729 4184146.474317192
9028 1586 390278.012490268 4184144.508886017
122 1708 301217.00536225707 4182924.147443982
366 1708 303660.47766335105 4182924.4562503444
732 1708 307318.7812551718 4182927.552388384
854 1708 308538.23065747356 4182927.0386004234
976 1708 309758.7709443028 4182926.984721249
1098 1708 310977.70079242066 4182927.562911582
1220 1708 312197.4536166882 4182924.5625658464
1342 1708 313421.7217252794 4182926.6734789787
1464 1708 314638.4908859591 4182924.660462171
1586 1708 315857.1020789288 4182924.247948328
1830 1708 318298.91627913417 4182927.390122433
1952 1708 319518.23144414945 4182928.647821795
2196 1708 321957.48402588075 4182926.3573102206
2318 1708 323181.11840417655 4182927.784899775
2440 1708 324400.6595913312 4182927.728691005
2562 1708 325618.2281040502 4182924.722694706
2684 1708 326839.51016321953 4182927.362311527
2928 1708 329277.4934255135 4182924.3894607387
3050 1708 330498.56839993235 4182923.8389053755
3172 1708 331717.4369895372 4182923.7171488013
3294 1708 332936.6646890691 4182924.7572669126
3416 1708 334157.4093786386 4182924.5554074366
3538 1708 335378.5038856421 4182927.1732140053
3782 1708 337816.7616724507 4182923.9489503074
4026 1708 340258.1201527278 4182924.431921717
4270 1708 342697.1789003693 4182924.794550768
4514 1708 345137.04613328364 4182924.515938122
4758 1708 347577.92464373825 4182924.85045104
5002 1708 350021.4774570366 4182926.332179771
5124 1708 351238.9211325846 4182927.5879081273
5368 1708 353677.6702474948 4182926.347269199
5490 1708 354898.16170513653 4182927.109196336
6710 1708 367097.5683905409 4182924.0143725984
6832 1708 368316.9045533595 4182924.630727496
6954 1708 369540.45067421586 4182928.317357314
7442 1708 374419.5414538743 4182924.624783638
8052 1708 380518.2665610723 4182927.2215447454
8174 1708 381738.3532775026 4182926.8169373972
8296 1708 382961.36253285117 4182926.055557831
8418 1708 384178.852702865 4182927.46790523
8540 1708 385400.96917739505 4182928.1577165183
8662 1708 386618.6337075431 4182927.59591139
244 1830 302439.157039589 4181704.6769358357
366 1830 303657.98005204496 4181708.2652820814
488 1830 304878.1929099214 4181706.9146480905
610 1830 306097.5455167033 4181706.2413292257
732 1830 307319.5568665994 4181707.853427237
854 1830 308538.9010852319 4181707.5519259647
1098 1830 310979.34331662266 4181707.3760067187
1342 1830 313418.54628850793 4181706.520689822
1586 1830 315857.98355128354 4181704.66632537
1708 1830 317077.62450569746 4181704.8201613463
1952 1830 319520.6958871486 4181706.7557147676
2074 1830 320742.142795834 4181707.7905242685
2684 1830 326839.24330314505 4181707.5440793103
2928 1830 329276.51611143694 4181704.9559673024
3050 1830 330501.51341485174 4181707.368927438
3172 1830 331718.5044073906 4181707.5196064394
3294 1830 332938.5057299615 4181708.123724331
3416 1830 334158.79023965594 4181706.7249471787
3782 1830 337816.93160282687 4181704.872845187
4026 1830 340257.0989006874 4181704.4484979175
4758 1830 347577.1598724135 4181704.760055593
5002 1830 350018.41226703924 4181707.493680503
5124 1830 351239.3110578599 4181707.6290273974
6588 1830 365878.1590963247 4181707.2614419395
6832 1830 368317.46098455513 4181704.9882113663
7198 1830 371982.143549254 4181704.617030346
8174 1830 381738.2022566283 4181704.661927766
8540 1830 385397.37089907395 4181706.8091219505
8662 1830 386621.0076162053 4181707.282059837
8784 1830 387840.6010202192 4181706.8370343484
244 1952 302436.97072383494 4180487.302993197
488 1952 304878.30708506 4180484.414037415
610 1952 306099.2438272511 4180487.0564983925
854 1952 308537.87056769157 4180488.0731869666
976 1952 309758.56427682005 4180487.515888489
1098 1952 310979.4673479137 4180487.5742178243
1220 1952 312199.4127997854 4180488.020757488
1464 1952 314638.27341196325 4180487.3970734263
1830 1952 318297.3524673917 4180486.7499291776
1952 1952 319517.8872281589 4180484.0249996735
2074 1952 320739.4837702651 4180484.4277664274
2196 1952 321958.333254086 4180487.363375459
2440 1952 324397.7426189367 4180487.3631041422
2562 1952 325621.08364841883 4180486.2170333657
2928 1952 329280.8858267857 4180487.3189164456
3050 1952 330498.48044591886 4180487.519724056
3172 1952 331718.6653191554 4180487.4590729224
3294 1952 332937.45520555635 4180484.8213648936
3904 1952 339038.30867889326 4180483.8323526923
4270 1952 342701.26650103304 4180484.779109502
4636 1952 346358.36128725176 4180484.2873586006
4758 1952 347577.408715437 4180487.366302116
4880 1952 348798.9184115465 4180487.2362733316
5002 1952 350017.5171316674 4180484.6954438873
5124 1952 351238.63437052164 4180484.5402376736
5368 1952 353681.7321581048 4180487.4752824195
5490 1952 354901.7111361737 4180488.2668095473
5978 1952 359779.18047920766 4180487.079213851
6832 1952 368318.8667344548 4180486.9979314636
7076 1952 370758.6540230527 4180487.757334981
7198 1952 371977.79032043525 4180488.093265686
7320 1952 373197.16060853243 4180484.279792959
7442 1952 374417.6384747687 4180484.581103923
7686 1952 376857.14442808373 4180484.6531805974
7808 1952 378077.52406415413 4180484.083142232
8296 1952 382960.5279912451 4180487.166604098
8418 1952 384177.3741263457 4180484.2629154893
8540 1952 385397.39720803365 4180484.799095369
8662 1952 386618.72805792355 4180487.17304264
8784 1952 387840.7057846014 4180486.9473084603
8906 1952 389058.10447890346 4180487.082902927
9028 1952 390278.9186524871 4180487.7139144996
122 2074 301218.8097355525 4179264.8319352986
244 2074 302438.05650170334 4179264.2301662136
610 2074 306099.2089838687 4179267.7856366457
732 2074 307320.63900318416 4179266.792714091
976 2074 309759.5746220947 4179267.8550939905
1220 2074 312200.4998005318 4179266.8464237703
1464 2074 314639.06232892687 4179267.8831431335
1586 2074 315861.64843990206 4179267.9784364505
1830 2074 318299.066549314 4179267.6474746736
2074 2074 320742.2567188778 4179266.855568586
2196 2074 321957.53236800915 4179266.961638299
2562 2074 325619.39418408537 4179268.602609966
2684 2074 326838.0672138853 4179268.6090901326
3050 2074 330500.75990253943 4179264.9883493297
3172 2074 331719.3367361386 4179268.1625708174
3294 2074 332936.6290989851 4179268.8316409597
3416 2074 334158.3261742975 4179266.8382253237
3538 2074 335380.8054160184 4179263.7952755895
4026 2074 340258.3411619345 4179267.9126736904
4392 2074 343918.61725742655 4179266.4640368233
4758 2074 347578.7594312992 4179266.685652402
4880 2074 348798.3375536727 4179268.4685089616
5002 2074 350017.90550768806 4179266.8948136587
5124 2074 351238.6250144013 4179264.928714336
5246 2074 352457.98191700946 4179264.2783714384
5490 2074 354898.51101965806 4179267.5576762175
5612 2074 356118.3379120753 4179264.824252215
6710 2074 367096.9111506125 4179264.6071574604
7320 2074 373197.3657899151 4179264.734533255
7686 2074 376857.73267187865 4179267.3769993233
8052 2074 380519.41263983893 4179264.910631541
8296 2074 382956.4697371678 4179264.7756280247
8662 2074 386616.9821371481 4179267.262918546
366 2196 303661.66327428067 4178044.5781716583
488 2196 304877.3785651989 4178044.8252802864
732 2196 307318.7432673622 4178044.588419472
854 2196 308538.2699474842 4178046.4728159457
976 2196 309757.8561665169 4178044.2405922795
1220 2196 312196.0729389679 4178044.9762192536
1342 2196 313418.5194569308 4178048.061360835
1464 2196 314637.7403907112 4178047.061770428
1586 2196 315858.51885726006 4178047.693803425
1708 2196 317078.561337276 4178048.257372535
1830 2196 318298.5057627705 4178048.111834212
1952 2196 319518.0901807556 4178047.3611033047
2196 2196 321957.89671407215 4178047.4442779543
2318 2196 323177.25382486335 4178044.959335041
2562 2196 325618.4312127728 4178044.266422377
2684 2196 326838.1179123613 4178047.3517336603
2806 2196 328056.748823479 4178044.2956368383
2928 2196 329281.5438892012 4178047.8465694403
3050 2196 330496.43827841524 4178044.685398789
3294 2196 332937.6123973301 4178046.4277720647
3416 2196 334155.535864352 4178044.8372937404
3660 2196 336597.49233294453 4178046.973195091
3904 2196 339037.89994063205 4178047.1328909434
4026 2196 340258.45892393385 4178048.0836691977
4148 2196 341478.32880572224 4178044.7657298455
4270 2196 342698.09025349416 4178044.8951222515
4392 2196 343918.6848480873 4178044.7146141427
4636 2196 346357.4762792298 4178046.8919828404
4758 2196 347578.0356299654 4178047.3102409793
4880 2196 348797.6943710863 4178044.924790576
5002 2196 350018.17105304945 4178044.5520548206
5246 2196 352458.02357691986 4178047.2446300844
5490 2196 354898.44413941517 4178047.502983475
5612 2196 356117.74205311714 4178046.8293651873
6466 2196 364659.7675287062 4178048.214558107
6710 2196 367098.3774696267 4178048.481914064
6832 2196 368317.5812960385 4178047.047815202
6954 2196 369538.68230136647 4178044.425119958
7076 2196 370756.640469652 4178044.4185237978
7198 2196 371977.19108795363 4178044.5958459796
7686 2196 376858.9435545771 4178046.8056000946
7930 2196 379297.7596668583 4178043.772258864
8174 2196 381741.349216571 4178044.3123073066
8296 2196 382960.8276481556 4178044.5202248227
8418 2196 384178.68291288946 4178043.6533105876
8540 2196 385401.6773336365 4178044.916870648
8906 2196 389057.5636844128 4178048.713010355
244 2318 302438.1490046182 4176824.1915817196
488 2318 304877.9853883859 4176824.877031735
610 2318 306098.5635471448 4176824.5336572714
732 2318 307317.9133091519 4176824.6851663115
976 2318 309758.13604908145 4176824.1821328234
1220 2318 312197.2350810925 4176826.3187943855
1342 2318 313418.0168483931 4176824.977860065
1464 2318 314638.0462315423 4176824.619358916
1586 2318 315857.42473726516 4176824.9569913503
1708 2318 317077.8994272795 4176828.0650130752
1830 2318 318297.79942091776 4176824.900347083
1952 2318 319522.2901095803 4176827.193411641
2196 2318 321957.71524853643 4176827.1059641466
2562 2318 325617.2282553258 4176824.8763966216
2928 2318 329278.04500785103 4176824.972085486
3294 2318 332939.70634256955 4176827.574051629
3538 2318 335379.5224205999 4176827.5135847516
3660 2318 336597.8987239168 4176827.528828834
3782 2318 337817.8726677409 4176827.9235315295
3904 2318 339040.3704604396 4176827.7428994505
4026 2318 340260.7544536891 4176828.0819342798
4148 2318 341478.50548423827 4176824.9884150224
4392 2318 343917.69901855005 4176826.967278987
4514 2318 345141.49254455697 4176826.420353396
4636 2318 346358.9366642679 4176827.019605088
4758 2318 347578.4312083071 4176826.372846905
5002 2318 350018.4581820368 4176826.6299699657
5124 2318 351238.047980396 4176827.232529142
5368 2318 353679.13922023936 4176824.53843596
5490 2318 354897.35899268277 4176824.1776014995
5734 2318 357341.9375804219 4176824.203565522
6100 2318 360998.2178323558 4176827.0068888767
6222 2318 362217.02530175255 4176825.832270315
6344 2318 363438.1890189904 4176827.4403269766
6954 2318 369538.0199485203 4176827.562695993
7198 2318 371977.7747822951 4176828.6054053614
8540 2318 385397.6507840408 4176824.7130666664
9028 2318 390280.8004767353 4176828.221528262
610 2440 306097.7477053744 4175606.400931293
732 2440 307319.50156779063 4175606.9203968747
976 2440 309761.1877573479 4175604.6975980774
1464 2440 314641.1165212832 4175606.832812418
1586 2440 315859.38137104764 4175606.581667872
1708 2440 317079.4867489282 4175606.005585594
1830 2440 318298.0360460148 4175608.1624525283
2074 2440 320738.9309428175 4175606.391368402
2196 2440 321961.38712327695 4175607.2717038263
2318 2440 323178.100846453 4175607.2773587266
2440 2440 324398.7325556302 4175607.7255963907
2562 2440 325619.6310735314 4175608.247174722
2684 2440 326837.1396592965 4175604.9495867463
2806 2440 328059.2388321127 4175606.7799362196
2928 2440 329277.76835013827 4175604.903139146
3538 2440 335380.82093919214 4175607.732228998
3660 2440 336599.80745775375 4175607.6844026884
4026 2440 340258.38066438976 4175607.2159561133
4148 2440 341477.1123760177 4175606.910391452
4270 2440 342697.939913336 4175606.9460538663
4392 2440 343921.6619285288 4175607.4177113483
4514 2440 345138.8005727696 4175607.928256985
4636 2440 346357.9305356517 4175607.239666166
4880 2440 348800.4334022365 4175608.175676124
5002 2440 350018.9808806063 4175607.499484678
5124 2440 351238.8413166147 4175608.5817276165
5246 2440 352461.4250536237 4175608.0449332027
5612 2440 356117.1912211157 4175604.807464486
5734 2440 357338.3464313596 4175604.7454364887
5856 2440 358561.85589524516 4175604.8462685095
5978 2440 359778.4856719581 4175604.951559799
6100 2440 360997.98596356023 4175604.707822525
6222 2440 362221.3418779847 4175607.3681463758
6344 2440 363436.1610977176 4175604.8136920203
6588 2440 365881.2045861519 4175607.8232234353
6710 2440 367097.280131532 4175606.4902649224
6832 2440 368316.9571492619 4175607.9161670534
6954 2440 369541.8396820487 4175607.0041284394
7320 2440 373197.16922279214 4175604.3282706477
7564 2440 375637.8520778656 4175607.9975883104
7686 2440 376861.6725813145 4175604.4547439646
8540 2440 385401.4305504407 4175604.5463861628
8662 2440 386617.21447840694 4175604.858648425
8784 2440 387841.8860015358 4175604.106383009
122 2562 301222.0777184681 4174386.6239974396
488 2562 304878.57211648795 4174387.2277090447
610 2562 306100.2336271834 4174387.378219722
854 2562 308538.689796564 4174388.1382795265
976 2562 309758.0288444831 4174387.912193168
1098 2562 310976.7409825592 4174384.903587848
1220 2562 312199.0425459838 4174384.5432705516
1342 2562 313418.64485085016 4174384.853003389
1464 2562 314641.39727893414 4174384.8451844295
1586 2562 315858.54427545826 4174384.942557402
1708 2562 317077.8427452809 4174384.926367008
1952 2562 319518.88605583034 4174387.1196407285
2074 2562 320742.07313463814 4174386.629795449
2196 2562 321961.54076123994 4174387.2797185546
2318 2562 323178.37636152445 4174387.312687912
2440 2562 324397.20806645957 4174386.6865690425
2562 2562 325618.4074715011 4174384.832111148
2928 2562 329282.2564026282 4174386.645862193
3172 2562 331717.6673624782 4174387.6816226067
3538 2562 335378.6774359982 4174387.8383407723
3660 2562 336599.2765555648 4174387.7134875115
3782 2562 337819.12278642773 4174387.3911569715
3904 2562 339038.8421864213 4174387.003632007
4026 2562 340259.32867929945 4174386.6381788244
4148 2562 341479.0157149598 4174387.4932728168
4514 2562 345137.8431912247 4174387.785998212
4636 2562 346358.2907840882 4174386.902179503
5124 2562 351241.3594246083 4174387.8909363346
5246 2562 352459.07888271904 4174387.322922419
5368 2562 353681.4612275409 4174387.7408881383
5490 2562 354901.1542840869 4174387.999765234
5612 2562 356117.8348791056 4174386.860950088
5978 2562 359779.25617725775 4174386.9426176604
6100 2562 360999.5404219351 4174386.9851439986
6222 2562 362218.0477876807 4174386.743222394
6466 2562 364659.02313174034 4174386.0946315974
6710 2562 367099.1086574346 4174387.088096331
6832 2562 368320.9146261515 4174387.0224385196
7076 2562 370758.9505404749 4174386.7237475356
7564 2562 375639.33622884366 4174388.049454064
9028 2562 390277.258693566 4174384.9273878224
9150 2562 391501.8008615618 4174384.8768357607
122 2684 301219.72222785867 4173167.7911919765
244 2684 302438.6529057208 4173167.265359697
488 2684 304879.0139309986 4173167.6331615085
610 2684 306098.77199559 4173167.3970233677
732 2684 307317.39200160856 4173167.8513235543
854 2684 308538.4972265867 4173167.7104037767
976 2684 309758.60912133515 4173166.8375381557
1098 2684 310980.6352798526 4173167.6333772168
1220 2684 312201.90217498236 4173167.487465948
1464 2684 314637.9501714671 4173164.662809781
1586 2684 315858.38813870883 4173164.96763839
1708 2684 317077.53730911866 4173166.592472397
1830 2684 318298.83701242146 4173164.803571906
1952 2684 319519.0652092438 4173167.2692271555
2074 2684 320741.1498874606 4173166.1738915937
2196 2684 321958.37320978474 4173164.9494571984
2318 2684 323179.54695957515 4173166.8973250836
2440 2684 324398.84695482213 4173166.6773846317
2562 2684 325619.20294408663 4173166.842001402
2684 2684 326836.9886504851 4173164.435170225
2806 2684 328056.65037474653 4173164.615616395
3050 2684 330497.7667155428 4173168.383302849
3172 2684 331719.28562575445 4173166.8854163643
3660 2684 336598.27492835524 4173168.0299879536
3782 2684 337818.0899363796 4173167.5746682724
3904 2684 339039.5267310033 4173168.337237398
4026 2684 340259.2766978558 4173167.4015841475
4148 2684 341478.4174726044 4173168.07877425
4270 2684 342698.5661953698 4173167.7177253347
4636 2684 346361.15379552974 4173167.172997658
4880 2684 348798.2944406544 4173166.8777702954
5002 2684 350017.67622240965 4173166.7063615695
5124 2684 351237.1088076254 4173164.8958621677
5734 2684 357338.3659813226 4173167.576971966
6222 2684 362218.36753665627 4173166.8642856963
6466 2684 364660.89430755365 4173167.4186591357
6588 2684 365878.8226904775 4173167.315260443
6710 2684 367098.25438366074 4173167.129324111
6832 2684 368318.4230134152 4173166.2896263553
7564 2684 375640.54373580456 4173168.4082780164
8052 2684 380518.87192870764 4173167.747830949
8174 2684 381738.42228425754 4173166.8796668705
9516 2684 395161.8420297808 4173164.849123312
122 2806 301218.8800602985 4171947.1996841813
244 2806 302441.24230209563 4171947.8033017786
488 2806 304878.94417402695 4171947.8070279174
610 2806 306098.8818653462 4171947.391407566
732 2806 307318.03676202154 4171947.8923380515
854 2806 308537.0878042384 4171944.985331795
1220 2806 312201.54401637515 4171947.5807237793
1342 2806 313419.4793748789 4171948.321648787
1464 2806 314640.491001995 4171947.444285637
1830 2806 318297.6979490637 4171947.2519046552
1952 2806 319517.60203617805 4171944.832959041
2196 2806 321957.8420673737 4171946.467572597
2318 2806 323177.5243658342 4171944.8951701745
2440 2806 324398.24669800024 4171944.794458315
2562 2806 325619.0146637177 4171946.524737387
2806 2806 328058.4824090648 4171944.749261331
3050 2806 330501.44799515913 4171947.5487611303
3172 2806 331720.2011699362 4171947.6527954023
3538 2806 335378.6602509571 4171947.740784781
3782 2806 337818.018088943 4171947.4339776076
3904 2806 339041.17355539725 4171947.5778135927
4026 2806 340261.31654000486 4171947.0595283452
4392 2806 343918.5219424528 4171947.6012097197
4514 2806 345140.84129208396 4171947.706635765
4758 2806 347580.33911996207 4171948.465375101
5368 2806 353677.9110408863 4171948.039218204
5612 2806 356121.6014897277 4171946.7809753595
5734 2806 357339.613754059 4171947.933537161
6222 2806 362217.9753282118 4171946.637177067
6344 2806 363437.1082138651 4171946.619659315
6954 2806 369538.08558503224 4171947.6584779825
7076 2806 370757.41358557827 4171944.731335246
7442 2806 374421.0148473615 4171946.4702470982
7564 2806 375638.1929269037 4171946.906103785
7686 2806 376858.8242644175 4171947.4585576877
8052 2806 380517.62568194873 4171947.126181988
9150 2806 391498.67537993804 4171947.6957582636
244 2928 302440.3739943357 4170724.615925746
366 2928 303657.7150005691 4170724.8828352867
488 2928 304881.5758138256 4170726.887182219
732 2928 307318.7505522071 4170726.5960856127
854 2928 308539.7101121128 4170727.376389811
976 2928 309757.96658439486 4170727.3778958563
1098 2928 310977.81220926763 4170727.590281564
1220 2928 312197.66138015577 4170728.3136048606
1342 2928 313417.8924871234 4170724.9505080916
1464 2928 314642.0911326032 4170727.3970268993
1586 2928 315859.24384717667 4170727.5195085956
1952 2928 319519.01984571066 4170727.7588117495
2074 2928 320739.0490775993 4170727.342236814
2318 2928 323177.08994463185 4170724.107113151
2440 2928 324398.1718606669 4170727.125583549
2562 2928 325619.0638750091 4170726.991522285
2684 2928 326837.7775199279 4170724.896129843
2806 2928 328058.1845318849 4170723.9864198808
2928 2928 329277.6029178545 4170723.9207857493
3172 2928 331721.97240112704 4170726.5453769313
3294 2928 332941.814950232 4170727.1226838166
3416 2928 334158.16799248895 4170726.842916645
3538 2928 335377.98650356854 4170726.6937953383
4270 2928 342699.8473927643 4170728.2132225744
4392 2928 343919.34543857333 4170726.9987740424
4514 2928 345142.30313073314 4170726.200355679
4636 2928 346357.98766188405 4170726.745431002
4758 2928 347577.8132397964 4170726.296299034
4880 2928 348798.35760882235 4170725.5292870523
5002 2928 350017.4696156696 4170726.56480348
5124 2928 351237.4804700609 4170724.8395360103
5246 2928 352456.7087045318 4170724.668057029
5368 2928 353678.376420451 4170727.735860238
5612 2928 356117.07525942987 4170724.5539325746
5856 2928 358559.23861327686 4170727.153188982
5978 2928 359781.37697301275 4170726.2180027748
6100 2928 361000.9159218063 4170727.492318676
6222 2928 362218.2385196407 4170726.5277266977
6466 2928 364656.2873138669 4170723.289225558
6832 2928 368317.5925242354 4170724.544358423
6954 2928 369538.7385508465 4170724.3399888035
7076 2928 370758.7911591958 4170726.5568706915
7320 2928 373197.946516063 4170727.7540790522
7442 2928 374417.28318083275 4170726.800742087
7564 2928 375641.58105362335 4170724.4174085474
7686 2928 376857.6353059094 4170726.598493119
8174 2928 381736.66096124036 4170724.6818726156
9516 2928 395157.41612629674 4170727.45421734
9638 2928 396377.8453931204 4170724.695021797
122 3050 301221.14397999307 4169506.629660856
244 3050 302438.82935808995 4169506.3565260908
366 3050 303660.42215410963 4169507.780413296
488 3050 304877.91473438503 4169504.562875175
610 3050 306097.99310586264 4169504.4370973064
732 3050 307318.67236726155 4169503.918529246
854 3050 308541.65454334376 4169507.2269161465
1098 3050 310980.95371442946 4169507.1319428394
1586 3050 315857.61423962045 4169507.1813265746
1708 3050 317078.71959959914 4169507.3730916847
1830 3050 318298.4292300545 4169507.243048302
1952 3050 319518.5040701285 4169507.76933984
2074 3050 320741.0226696514 4169507.234936431
2196 3050 321957.5684135159 4169507.5843821196
2318 3050 323177.83261474344 4169507.549257773
2440 3050 324397.40886718617 4169506.020572841
2562 3050 325621.0628800626 4169503.9849737845
2806 3050 328058.3383510299 4169504.532576087
3050 3050 330498.36967724364 4169506.9203643743
3172 3050 331721.5942677587 4169506.872703826
3416 3050 334159.72075174225 4169506.778825245
3660 3050 336597.68368129566 4169507.7047071178
4270 3050 342697.6735731728 4169504.803955958
4392 3050 343918.30098828016 4169507.9004098466
4636 3050 346358.6164330223 4169507.468734172
4758 3050 347581.1469226322 4169507.4111775076
4880 3050 348801.1195848783 4169506.9135674145
5002 3050 350018.9490106331 4169508.046562924
5124 3050 351239.68821402494 4169503.804986572
5246 3050 352461.90225538315 4169506.819241044
5368 3050 353677.2553078299 4169506.1731462656
5490 3050 354897.7244092915 4169504.7308831085
5734 3050 357341.88616916037 4169506.9677354973
5856 3050 358557.0301821525 4169505.7091661477
5978 3050 359777.7166276467 4169504.7838287735
6100 3050 360998.3162675586 4169506.5300000403
6344 3050 363437.1192834391 4169504.9036306897
6832 3050 368317.77423175826 4169507.18121442
6954 3050 369538.33885197964 4169507.231333512
7320 3050 373198.2104823933 4169507.1481022183
7442 3050 374417.30338226806 4169506.4656957574
7564 3050 375637.022302488 4169507.172918951
7686 3050 376858.48817785474 4169504.9925505724
7808 3050 378078.2210895155 4169504.934840018
7930 3050 379300.8219873297 4169504.8377170255
8174 3050 381736.9533567001 4169504.9282349255
8662 3050 386617.3083226407 4169504.557044618
8906 3050 389059.0481247678 4169508.976129557
9028 3050 390278.0123987082 4169503.608278551
122 3172 301218.33121557545 4168287.472302689
244 3172 302437.8343051702 4168286.7458745055
366 3172 303657.5723268782 4168287.316424516
488 3172 304876.7376241691 4168284.83226992
610 3172 306097.0249534825 4168287.530530219
854 3172 308538.12784796546 4168287.0208542263
976 3172 309758.1069758606 4168286.8209588584
1098 3172 310978.32621790096 4168286.9660801226
1220 3172 312199.5533471384 4168287.2797627086
1342 3172 313418.66716935043 4168287.6833883626
1464 3172 314638.48283009254 4168286.256544102
1586 3172 315859.0695219686 4168285.9714885196
1708 3172 317081.8608701099 4168285.6307732174
1952 3172 319518.9691655914 4168287.799122886
2074 3172 320736.6847247839 4168284.8271843484
2318 3172 323178.4668380849 4168287.5462945784
2440 3172 324398.1913334235 4168284.1902230065
2562 3172 325618.17301587603 4168286.5905987453
2684 3172 326838.51969907456 4168286.0801006444
2806 3172 328057.7084195517 4168284.578807025
3050 3172 330501.28999646433 4168284.162299147
3416 3172 334158.3700441087 4168287.054672093
3904 3172 339038.4889264423 4168286.539132526
4148 3172 341477.667888322 4168284.059521877
4270 3172 342701.9276635112 4168287.898838165
4392 3172 343921.3148974936 4168284.3158016447
4514 3172 345137.4969900512 4168286.8201312693
4758 3172 347579.82384128735 4168287.6864853343
4880 3172 348800.48430166644 4168287.6504993597
5002 3172 350019.2058381098 4168287.6517157396
5124 3172 351239.3823452186 4168288.030158599
5246 3172 352459.3637431422 4168287.3389014015
5368 3172 353678.449620415 4168286.580495907
5612 3172 356118.3046350281 4168286.4486583937
5734 3172 357338.5995312071 4168285.8254498467
5856 3172 358559.03706723405 4168285.6021094304
5978 3172 359779.39298620546 4168288.126837343
6100 3172 360997.61502742406 4168284.836093127
6832 3172 368319.37287031964 4168287.606518138
6954 3172 369539.0950566042 4168287.6696222266
7320 3172 373197.23709260393 4168284.55210377
7442 3172 374418.0752453311 4168286.198305685
7564 3172 375637.6338805237 4168287.933652335
7930 3172 379297.4425744203 4168286.2157932473
8052 3172 380517.26660834224 4168284.7874105657
8540 3172 385398.6156001573 4168286.070303878
8662 3172 386618.4743305336 4168284.8060994577
8784 3172 387838.55921165587 4168284.8455731925
9028 3172 390281.0897642984 4168287.0254966607
9516 3172 395157.1772810309 4168284.7816782054
9760 3172 397598.5143687178 4168286.5496693226
122 3294 301218.8128258051 4167067.7484732782
244 3294 302438.60798920604 4167067.557362237
366 3294 303658.8869598513 4167067.72014268
488 3294 304878.2255745303 4167067.5095130093
610 3294 306097.70280244923 4167066.30734667
732 3294 307317.00940584455 4167066.622520117
854 3294 308538.6690480244 4167064.0039203595
976 3294 309757.4398959756 4167066.047741363
1098 3294 310981.3583352635 4167064.182344945
1220 3294 312198.41405114165 4167064.6526023503
1342 3294 313422.05051365634 4167067.248479831
1464 3294 314637.35619140876 4167064.9411111586
1708 3294 317077.33171130426 4167067.5563068865
1830 3294 318298.5058039069 4167066.7343531204
1952 3294 319518.21503156837 4167067.7701291842
2074 3294 320740.90100796224 4167068.3954219157
2196 3294 321958.6791323762 4167067.6300348593
2318 3294 323178.36572955904 4167065.55878184
2562 3294 325617.5943733421 4167066.125063924
2684 3294 326839.57965651044 4167064.8823352894
3172 3294 331721.82738354284 4167066.507151629
3294 3294 332937.6432450232 4167064.883997796
3416 3294 334157.65925675054 4167064.9602183066
3538 3294 335378.3358484287 4167067.1439146018
3660 3294 336599.1025806809 4167067.2956538014
4026 3294 340258.9862940563 4167067.9839896634
4514 3294 345138.1112328068 4167066.995327778
4636 3294 346359.58574726206 4167067.085082222
4758 3294 347580.57076642936 4167067.392927671
4880 3294 348799.1587039024 4167067.605497632
5002 3294 350018.3874007175 4167067.7587036155
5124 3294 351239.30314510583 4167067.874429509
5246 3294 352459.2125934516 4167067.784286551
5368 3294 353678.8375321951 4167068.591008825
5856 3294 358559.18839656864 4167067.0226727137
5978 3294 359778.29284559574 4167067.0620331373
6100 3294 361000.67966043035 4167066.5574918706
6832 3294 368321.1901244867 4167067.0359453075
6954 3294 369539.1036728092 4167067.3120854544
7076 3294 370758.19425097265 4167067.694669582
7198 3294 371978.2430218526 4167067.986013987
7564 3294 375638.02684796683 4167067.65854895
7686 3294 376857.8774052321 4167067.5019081766
7808 3294 378078.3244783587 4167067.101964701
7930 3294 379298.2600415358 4167065.892600393
8418 3294 384178.9337472092 4167064.8888721876
8540 3294 385402.47006381484 4167064.390175673
8784 3294 387837.43128300935 4167064.277424196
8906 3294 389058.07098335976 4167064.5560180945
9760 3294 397598.5646679175 4167064.0432937723
122 3416 301218.49808428116 4165847.3223232664
366 3416 303658.3477945527 4165847.053699553
488 3416 304881.4122001763 4165846.896878789
610 3416 306098.0738813024 4165847.9043158926
854 3416 308538.48100482253 4165848.218636782
976 3416 309758.064337255 4165847.1175065525
1098 3416 310977.84277812205 4165846.7101549217
1220 3416 312201.70611001056 4165847.3472969364
1342 3416 313418.5981977066 4165847.2893948145
1464 3416 314637.3917908737 4165844.780073342
1586 3416 315858.023509997 4165847.1549303317
1708 3416 317078.2984427221 4165846.4038633183
1830 3416 318298.1712983192 4165845.8188336026
1952 3416 319519.2382020682 4165847.432630834
2074 3416 320738.1426631136 4165844.5431154
2196 3416 321958.3159303502 4165844.9723273907
2318 3416 323178.21570542175 4165844.942270728
2440 3416 324398.2533866729 4165847.182320729
2562 3416 325618.35445228056 4165847.1049037883
2684 3416 326838.4030631333 4165847.7368317777
2806 3416 328059.0909310193 4165847.233827252
3050 3416 330501.41070827073 4165848.229519396
3172 3416 331718.73590225313 4165847.205684675
3294 3416 332939.1002398021 4165847.7877109367
3416 3416 334160.56548872776 4165847.1805335246
3538 3416 335377.6485584592 4165846.9688020004
3660 3416 336598.29606538045 4165846.6817860706
3782 3416 337818.82274637645 4165847.65522982
3904 3416 339038.44448048907 4165848.058813547
4026 3416 340261.0511678318 4165847.72056925
4392 3416 343919.2141088799 4165847.5857207635
4758 3416 347578.76339968946 4165844.663220265
4880 3416 348801.0964276371 4165846.7619489087
5002 3416 350021.11704110133 4165846.7208353775
5124 3416 351240.5845011869 4165847.8846054906
5246 3416 352458.0558313416 4165848.4179747514
5368 3416 353679.75134524726 4165848.1254876275
5490 3416 354900.950182104 4165847.9182904474
5612 3416 356118.8092575995 4165847.5378501806
5734 3416 357338.95501437195 4165847.6828074614
5856 3416 358557.8980536909 4165847.73113213
5978 3416 359777.4697661803 4165847.7611416746
6100 3416 361001.1033211453 4165847.5323480414
6222 3416 362218.7171523389 4165847.184519074
6588 3416 365878.3491625383 4165847.7952963626
6710 3416 367098.60557323555 4165847.628263844
7564 3416 375640.80745572544 4165848.60477122
7686 3416 376858.2885844736 4165847.4518042896
7808 3416 378077.71091943595 4165847.6511999117
7930 3416 379302.2340555065 4165844.9082534965
8296 3416 382961.0507067249 4165847.433727799
8662 3416 386616.29364768433 4165843.7492380226
9150 3416 391501.41500283615 4165846.373685548
122 3538 301217.7575871015 4164626.9559067218
244 3538 302438.4742146072 4164627.769341495
366 3538 303661.59282466414 4164627.289717355
488 3538 304880.65073732677 4164627.331760971
610 3538 306098.672885943 4164627.6314353887
732 3538 307318.2381702268 4164628.493931311
854 3538 308537.2809631862 4164627.687041373
976 3538 309761.27527980803 4164627.1881955983
1098 3538 310978.81463318015 4164628.0239906125
1342 3538 313418.2553183451 4164627.059785826
1464 3538 314637.7367798529 4164626.820696258
1586 3538 315859.54981408664 4164624.827052219
1708 3538 317078.9187840174 4164626.0865789717
1830 3538 318298.6264683983 4164626.603669937
1952 3538 319518.15962117584 4164624.183199955
2074 3538 320737.2737543693 4164624.614687696
2196 3538 321958.9490178716 4164627.070361402
2318 3538 323179.2027482045 4164627.003833836
2440 3538 324398.0801255072 4164624.386903635
2562 3538 325618.1671593627 4164626.6938581048
2684 3538 326839.54747190635 4164626.9648196157
2806 3538 328058.7243096935 4164627.040400548
2928 3538 329277.92836399045 4164627.375395146
3294 3538 332938.22984566237 4164627.3361011753
3416 3538 334157.98377395095 4164627.4826751957
3538 3538 335378.60587499244 4164628.505838558
3660 3538 336599.23384887073 4164628.0656431513
3782 3538 337821.0754589917 4164628.0806121826
3904 3538 339040.60438439756 4164627.122431525
4026 3538 340257.80506352213 4164624.974188884
4148 3538 341478.6091378582 4164626.7800938943
4270 3538 342698.63163381565 4164627.3105341066
4392 3538 343918.19600612274 4164627.1398583204
4636 3538 346360.4941316297 4164626.560985625
4758 3538 347577.7653844335 4164627.9077241383
4880 3538 348797.36364250956 4164627.3179370677
5002 3538 350018.82016274385 4164626.415963487
5124 3538 351238.2379669382 4164624.899021983
5246 3538 352461.8319827865 4164625.509038992
5368 3538 353680.80040421465 4164626.293966204
6222 3538 362217.7368628497 4164627.6567906626
6588 3538 365877.7555971622 4164627.126231566
6832 3538 368317.010243959 4164626.8662606617
6954 3538 369538.7885062432 4164627.1177641414
7076 3538 370757.4232620488 4164627.9026898267
7198 3538 371978.88379539107 4164627.788981432
9272 3538 392717.2188695188 4164626.4180915523
122 3660 301218.3425066394 4163404.6856909953
244 3660 302437.5381528308 4163407.668282453
366 3660 303658.35496290325 4163404.9135445217
488 3660 304878.5897803645 4163407.843270446
610 3660 306101.2689547612 4163406.575518024
854 3660 308539.2514130916 4163408.010292845
976 3660 309758.77930336393 4163407.0819432708
1098 3660 310978.64939156524 4163407.7605929673
1220 3660 312197.82295742014 4163404.6823089523
1586 3660 315862.08839710266 4163406.6200404204
1830 3660 318297.25666086207 4163407.8489038693
2318 3660 323177.8924597134 4163406.0628748173
2440 3660 324399.23435946787 4163404.814422681
2562 3660 325617.84402086126 4163404.3013908416
2928 3660 329280.75391253276 4163407.908519922
3050 3660 330498.36389219493 4163404.132362268
3172 3660 331721.186948563 4163407.084319434
3294 3660 332941.07184512523 4163407.064726184
3538 3660 335378.4204759428 4163408.118163607
3660 3660 336601.4068293239 4163406.5805697534
3782 3660 337821.8602046487 4163406.8810253795
4026 3660 340258.744224685 4163407.481310565
4148 3660 341478.74773180083 4163407.87137069
4270 3660 342699.2920431962 4163407.430179375
4392 3660 343920.44835547375 4163407.384941899
4514 3660 345137.8597791854 4163404.9212823715
4636 3660 346361.4455807364 4163405.6125075854
4758 3660 347580.64841778175 4163404.992970612
4880 3660 348799.33114383183 4163406.472330204
5002 3660 350018.8067818835 4163406.9454703126
5124 3660 351238.8145862371 4163406.691141435
5246 3660 352457.8675923087 4163408.387600421
5368 3660 353677.30948839453 4163404.9394097133
6344 3660 363437.89761439024 4163407.0991512286
6466 3660 364657.1465289689 4163407.47781834
6710 3660 367098.640051607 4163404.9016594887
6832 3660 368317.54700249335 4163406.862086744
6954 3660 369540.7417595489 4163408.047538586
7198 3660 371977.590741674 4163407.931156003
7320 3660 373199.1237448901 4163407.5474711712
7442 3660 374418.15425097465 4163404.862962991
8906 3660 389058.1378759533 4163404.547698728
9028 3660 390281.0136740979 4163404.922876615
9760 3660 397596.602094979 4163402.1209817966
9882 3660 398817.99983371445 4163404.5154998545
10004 3660 400037.29618546023 4163404.705137113
122 3782 301218.6191274117 4162187.8643023176
244 3782 302439.15013843525 4162187.234648804
366 3782 303659.4848146282 4162187.0080331564
488 3782 304880.14464778145 4162187.36558774
610 3782 306100.5549809075 4162187.3478355035
732 3782 307319.07530506165 4162186.650593723
854 3782 308541.30631156795 4162187.0394272683
976 3782 309759.11596668436 4162187.4764191294
1098 3782 310979.09127250547 4162187.5165946996
1342 3782 313418.93184093665 4162187.6119762445
1464 3782 314638.418460387 4162188.521098568
1586 3782 315858.0024355831 4162184.902839721
1708 3782 317078.8225656873 4162188.575883032
1830 3782 318296.55636777956 4162187.82290522
1952 3782 319517.8705440959 4162184.4916066835
2196 3782 321958.08212364593 4162186.653522039
2318 3782 323179.0475971697 4162187.8997526234
2440 3782 324401.55593181314 4162187.1564639993
2562 3782 325621.3835078641 4162188.01247102
2684 3782 326838.07802468695 4162188.050702898
2806 3782 328057.2790853322 4162184.664110125
2928 3782 329278.8645721666 4162186.409970849
3050 3782 330497.54711573914 4162184.856621395
3172 3782 331718.60038052045 4162186.336690072
3294 3782 332939.0610284861 4162187.370805924
3416 3782 334158.25112643896 4162187.3615010576
3538 3782 335376.2891271667 4162184.8045724267
3782 3782 337817.9295905077 4162187.4124211017
3904 3782 339038.21053428086 4162187.614972464
4026 3782 340260.7204781399 4162187.364197747
4148 3782 341479.26836205425 4162187.4513303554
4270 3782 342700.55854703323 4162186.5181859713
4392 3782 343918.2652286524 4162186.8821327975
4514 3782 345138.9391757726 4162186.6498837667
4880 3782 348798.5060416547 4162185.1192912795
5002 3782 350017.92749455845 4162186.05390583
5124 3782 351239.0160339417 4162186.583378614
5246 3782 352460.6967397728 4162186.020196177
5368 3782 353680.6737601594 4162186.430788083
6832 3782 368317.9465795266 4162187.4524586536
7076 3782 370757.06252034084 4162187.29782872
7198 3782 371978.49739759625 4162187.5243900353
7564 3782 375638.3603720872 4162184.8327576946
7686 3782 376858.21569794725 4162187.641059503
7930 3782 379301.5468499173 4162188.1815704154
8052 3782 380518.0494737089 4162187.2984990478
8784 3782 387838.1230516542 4162187.53034361
9516 3782 395158.1566585011 4162184.7992650997
9638 3782 396381.7868318434 4162184.9013694692
1464 3904 314640.84109440044 4160968.286298749
1708 3904 317077.29436708626 4160967.77270039
1830 3904 318301.13740394975 4160966.7285326207
1952 3904 319517.9699157922 4160965.8247465333
2074 3904 320737.7180122406 4160966.6704713367
2318 3904 323177.81354835787 4160964.9032111736
2440 3904 324397.65742457507 4160964.5891122306
2562 3904 325618.25919645117 4160968.183459064
2684 3904 326837.919338948 4160967.3693995206
3050 3904 330498.4172833807 4160966.6932484964
3172 3904 331718.6692571693 4160966.963603859
3294 3904 332941.4921440606 4160967.1714856504
3416 3904 334160.3240283124 4160967.3589090565
3538 3904 335377.39231500967 4160966.2392830737
3660 3904 336598.1179886326 4160967.3179056766
3782 3904 337817.7335749713 4160967.8641082896
3904 3904 339037.4195554011 4160964.7298637535
4148 3904 341477.27339477226 4160966.657232628
4270 3904 342698.34756412636 4160967.418575923
4392 3904 343918.7009089988 4160966.667616792
4514 3904 345141.1205365271 4160968.1770449504
4758 3904 347578.7605801485 4160967.6787391966
4880 3904 348798.7345583326 4160967.596685537
5002 3904 350020.73448262963 4160967.571617812
5124 3904 351239.21406155115 4160966.84909264
7076 3904 370759.11157107004 4160967.3109301934
7198 3904 371981.09167953837 4160968.0115518523
7686 3904 376858.50301591837 4160968.183160506
8296 3904 382960.9521043715 4160967.2829055907
8662 3904 386621.29535667633 4160964.2418819787
8906 3904 389057.09974051546 4160966.707905935
9028 3904 390277.52077215386 4160967.6602530396
9150 3904 391501.0601655361 4160967.685399278
9272 3904 392719.15610102547 4160967.6756904516
10004 3904 400036.97129396367 4160964.6700244267
2074 4026 320737.7332538305 4159747.9961155243
2318 4026 323177.4648187411 4159744.830609356
2440 4026 324397.92996332346 4159744.603867367
2562 4026 325617.8681140539 4159744.97175546
2684 4026 326838.1405215262 4159744.881240977
2806 4026 328057.6801703695 4159744.5413085753
2928 4026 329278.6687759456 4159747.042415764
3050 4026 330499.2336273373 4159747.2087902
3172 4026 331719.04865599744 4159747.42158519
3294 4026 332939.2881486362 4159747.6817709925
3416 4026 334158.5381176782 4159747.627516779
3660 4026 336598.5169627328 4159746.6537947003
3782 4026 337820.69019337796 4159748.3069374617
4026 4026 340258.5297866565 4159746.94039547
4148 4026 341481.9579073932 4159747.1195112662
4270 4026 342697.8727647448 4159746.3313554227
4392 4026 343921.98593467707 4159746.7856513197
4514 4026 345139.3557671821 4159746.8645309284
4636 4026 346362.27425149985 4159746.3824479664
5002 4026 350018.3479239105 4159747.3132750057
5124 4026 351241.2904276593 4159748.1057121586
5246 4026 352458.7199180953 4159747.7741096094
5490 4026 354901.24026866606 4159747.2316056387
6832 4026 368320.5989982922 4159747.542267558
6954 4026 369538.55292673263 4159748.52398853
7198 4026 371977.5900896904 4159746.8825464537
8540 4026 385400.63288528874 4159747.548721293
8784 4026 387841.3683626843 4159747.3154858947
8906 4026 389058.4296597472 4159747.231137528
9150 4026 391498.3698449963 4159746.962290207
10248 4026 402478.79103028047 4159744.1355984705
2196 4148 321959.1140712028 4158527.3296786305
2318 4148 323179.0204831105 4158527.3004734814
2562 4148 325618.905980059 4158527.380859256
2684 4148 326838.12220934744 4158524.8420223054
2806 4148 328058.67411826085 4158526.140254697
2928 4148 329278.4170766556 4158524.889231261
3050 4148 330498.09548045817 4158524.9362701355
3172 4148 331718.09163222177 4158524.5601697043
3294 4148 332940.1177772845 4158526.753766371
3416 4148 334161.36195692257 4158526.7666267296
3538 4148 335378.8214231032 4158527.225228397
3660 4148 336598.23005667794 4158527.7814386757
3782 4148 337818.1844799123 4158527.718016552
3904 4148 339039.0618529551 4158524.8439165903
4026 4148 340260.9390527071 4158526.523182451
4148 4148 341479.85917393136 4158527.2279128963
4270 4148 342698.9892124048 4158528.4409579644
4392 4148 343918.533275282 4158526.814998013
4514 4148 345140.5590745021 4158526.4231079174
4636 4148 346357.3163916888 4158524.4869457753
4880 4148 348799.4703241421 4158528.661426043
5124 4148 351240.8174874386 4158527.7314525126
5246 4148 352459.61367934727 4158527.6448495984
5368 4148 353680.0852162882 4158526.9954041736
6588 4148 365877.7026770098 4158527.653110559
6710 4148 367097.14597004984 4158524.9482755903
6832 4148 368318.0653020753 4158527.3094762145
7808 4148 378080.8168985441 4158527.111335112
8540 4148 385400.84251981677 4158527.8658280065
9882 4148 398817.6986680643 4158527.320188361
10004 4148 400037.35862179747 4158527.9011317864
2196 4270 321958.8705384208 4157303.0441266177
2562 4270 325618.0563950599 4157309.0348339565
2684 4270 326838.4558811052 4157307.502170139
2928 4270 329278.7611606306 4157307.1442800947
3050 4270 330500.1923716339 4157306.679730461
3172 4270 331719.16980610875 4157307.1231777333
3294 4270 332937.7029337682 4157304.969285107
3538 4270 335378.87301206973 4157306.3729486866
3660 4270 336599.34815287736 4157306.895939721
4026 4270 340258.52799279045 4157307.2448345115
4270 4270 342697.942309094 4157307.7380356137
4514 4270 345137.1968555911 4157306.873057007
4636 4270 346359.0587111016 4157304.9203094793
4880 4270 348798.15681523626 4157304.961041346
5002 4270 350019.0863142065 4157306.685884935
5612 4270 356119.07567302085 4157307.4962640954
7686 4270 376859.0459351137 4157307.337754909
8296 4270 382959.4606129888 4157307.957723194
9516 4270 395160.9633947999 4157307.6106059123
9638 4270 396381.60596243193 4157304.857836323
2318 4392 323178.6981996571 4156084.5714136073
2440 4392 324400.4440604242 4156087.4322817884
2562 4392 325618.57798602787 4156088.0456906883
2684 4392 326838.92016199516 4156087.4607230984
2806 4392 328058.33796118473 4156087.839620108
2928 4392 329277.6340028258 4156087.3317334205
3050 4392 330497.7156829943 4156087.6052812105
3172 4392 331717.1983525714 4156086.584684437
3538 4392 335378.01691421727 4156087.6624716697
3660 4392 336598.7234016842 4156087.840216496
3782 4392 337820.6664536928 4156087.091643613
3904 4392 339038.8711948069 4156085.9990274226
4026 4392 340258.2604671101 4156084.0256429734
4148 4392 341478.98232020077 4156086.9756741337
4270 4392 342701.51105530746 4156087.4071194967
4392 4392 343919.42158096447 4156087.016051703
4758 4392 347578.3296286758 4156087.334682892
5002 4392 350018.2287463482 4156086.373870382
5490 4392 354898.4095311463 4156087.2121919673
6100 4392 360998.14112262864 4156087.29610385
6222 4392 362221.0308560895 4156088.1280374657
8296 4392 382958.7884001024 4156088.1992230173
9028 4392 390278.13641617977 4156087.2480247077
9150 4392 391497.6925301704 4156086.7566043204
10004 4392 400036.9397534023 4156084.5216234243
2440 4514 324399.25525924435 4154868.347259069
2562 4514 325618.41613897955 4154867.9109953316
2684 4514 326839.3452236123 4154868.509794033
3416 4514 334159.10406537796 4154867.7168245204
3538 4514 335378.3733402065 4154867.7458845805
3660 4514 336598.00135852833 4154867.545136799
3782 4514 337818.4747983776 4154868.0927306823
3904 4514 339037.8637055544 4154867.404011773
4026 4514 340258.608879847 4154867.64853739
4148 4514 341478.63043642364 4154867.7764059156
4270 4514 342698.62910343386 4154867.4243978513
4392 4514 343920.8807101105 4154866.613884799
4514 4514 345138.51251756196 4154867.4914848795
4636 4514 346357.9028358917 4154863.7531463336
4758 4514 347577.6577891673 4154864.2731349543
4880 4514 348798.5240095391 4154866.6531148534
5002 4514 350018.7260266319 4154866.6947643934
5124 4514 351240.8921083061 4154866.4285960505
5490 4514 354901.5503991513 4154864.8207807383
7564 4514 375637.8885387175 4154866.7536237873
7686 4514 376858.31187186524 4154867.8021166427
7930 4514 379298.33008727035 4154867.642425563
8174 4514 381740.72128478735 4154867.6998692127
8296 4514 382961.26846967463 4154867.6732244845
8662 4514 386618.41037544754 4154868.1005954826
8906 4514 389058.1453695375 4154867.187037386
9028 4514 390281.1494832622 4154867.377393553
9638 4514 396376.7040229092 4154864.361291196
2562 4636 325617.59985392704 4153646.492833145
2684 4636 326838.50520929747 4153646.5424923906
2806 4636 328058.91234263114 4153647.054014154
3172 4636 331717.8464296416 4153647.461651977
3294 4636 332938.3748365594 4153647.4606622085
3416 4636 334157.7748773622 4153647.288841768
3538 4636 335377.6852450457 4153647.7120885514
3660 4636 336598.71089245833 4153647.1088157324
3782 4636 337820.5427565737 4153647.7099000225
3904 4636 339039.45831046574 4153647.64092906
4148 4636 341478.754796137 4153644.074253953
4270 4636 342697.75994505343 4153647.66221724
4392 4636 343918.11887401383 4153648.0148913385
4514 4636 345138.76932015433 4153647.6173925316
4636 4636 346358.6271510993 4153647.071199449
4758 4636 347578.608428622 4153647.498040772
4880 4636 348801.4475650041 4153647.3338173106
5002 4636 350017.4102022222 4153646.961511609
5124 4636 351237.1040370666 4153646.4694632394
5246 4636 352456.7817042505 4153646.090562174
5368 4636 353677.941215 4153648.156419061
5490 4636 354898.88072549406 4153647.3005230185
5612 4636 356121.4516949434 4153647.4375025546
5856 4636 358557.00094061025 4153646.923480547
5978 4636 359777.99029405264 4153644.529972041
10004 4636 400038.6154637317 4153646.5892181518
2562 4758 325617.4566148493 4152426.904152237
3172 4758 331718.9837710257 4152426.3573500495
3294 4758 332937.8762535194 4152426.5340887858
3416 4758 334157.0746638334 4152426.9823127557
3538 4758 335377.4272128194 4152427.1655257577
3660 4758 336597.63959642855 4152427.181849487
3782 4758 337818.23853783746 4152426.906726689
3904 4758 339038.23220659734 4152427.019247297
4026 4758 340258.1408270598 4152427.6339020394
4148 4758 341476.9879088972 4152426.9913717676
4270 4758 342700.95498718886 4152428.356920152
4514 4758 345137.82663599344 4152427.7899112757
4636 4758 346361.0966863002 4152428.043983314
4758 4758 347578.50435857516 4152427.162848442
4880 4758 348802.04227849585 4152427.115900211
5124 4758 351241.2117431581 4152427.499746982
5246 4758 352457.6411428188 4152426.8498005876
5368 4758 353678.01437842083 4152426.277150697
5490 4758 354897.13642886654 4152424.766770685
5734 4758 357338.0657594695 4152427.190953939
5856 4758 358561.6810740647 4152427.166232016
5978 4758 359778.75599985884 4152426.7373904027
4514 4880 345138.47683703474 4151207.4390902957
4758 4880 347578.4675764451 4151207.590848582
4880 4880 348801.4506768794 4151206.8457007706
5124 4880 351239.64015524 4151206.948392407
5612 4880 356118.3621121511 4151207.111782455
5734 4880 357337.4787735404 4151206.2087226342
5856 4880 358557.03781651985 4151206.099320758
5978 4880 359777.8660222162 4151207.524968601
7686 4880 376858.08019655873 4151204.422066129
7808 4880 378078.3442704049 4151204.4365182826
9394 4880 393937.1335103018 4151204.3290189
10126 4880 401258.8295808985 4151207.8082349217
10736 4880 407358.6772515776 4151204.6097857775
10858 4880 408578.2914359957 4151207.5546165677
5612 5002 356118.46927614714 4149987.350442834
5734 5002 357341.4207734446 4149986.9693762735
5856 5002 358558.23399461963 4149986.766411841
7808 5002 378077.91362312576 4149984.799011901
8174 5002 381738.55864444247 4149986.446170574
9272 5002 392717.7548816479 4149984.099638694
9760 5002 397600.58861166064 4149987.2433313997
10004 5002 400041.3149392212 4149987.6568577373
10614 5002 406138.5422441708 4149987.6553031113
10858 5002 408576.8981496492 4149987.0182158463
5978 5124 359781.59168011113 4148767.519797181
8052 5124 380517.4568334373 4148767.500522852
8296 5124 382958.6474394669 4148767.193824446
9516 5124 395160.7640282696 4148763.8753165137
9638 5124 396376.419943676 4148763.027493568
10004 5124 400038.1798088078 4148767.952028947
10126 5124 401259.36433771014 4148767.2088958975
10370 5124 403699.5706828845 4148767.9439015463
10614 5124 406138.41742091044 4148767.2718691453
5978 5246 359777.9682177505 4147544.7260448625
8296 5246 382958.52639422106 4147547.923576596
8540 5246 385399.2690905511 4147547.1798374588
8662 5246 386618.89522040536 4147546.50052048
8906 5246 389057.80390376033 4147547.7143275393
9028 5246 390278.72432009707 4147544.6629862553
9150 5246 391501.5356148918 4147547.7110361177
9760 5246 397602.0844012445 4147545.722863068
10126 5246 401257.1626557455 4147543.7713882895
10492 5246 404918.00765770365 4147547.380862143
10614 5246 406139.28610567184 4147548.0569569794
10736 5246 407360.6737298521 4147547.8531410126
10858 5246 408581.2418314286 4147547.790362197
5856 5368 358559.1076831336 4146327.779126892
5978 5368 359777.0608102395 4146324.764331905
8540 5368 385398.3116194579 4146327.9618401993
8662 5368 386617.4364491088 4146327.0969052454
10736 5368 407358.03211990243 4146327.5303711053
10858 5368 408578.41852795286 4146327.317311869
5856 5490 358558.1619370853 4145104.915672904
6100 5490 361000.20415571326 4145108.2511943486
6466 5490 364657.6592059853 4145104.02264391
10736 5490 407358.8594827564 4145107.2311280426
6222 5612 362218.31678160414 4143887.2365639964
6466 5612 364658.4465588733 4143886.433933166
8418 5734 384181.7517002003 4142666.6845269967
8662 5734 386621.6121754566 4142666.3469304405
8540 5856 385397.8366067946 4141446.8579373807
8784 5856 387839.6946173694 4141446.973553355
8906 5856 389058.8639538682 4141447.086765754
6344 5978 363438.18364646076 4140227.492275838
8784 5978 387841.15406839934 4140227.1214430733
9028 5978 390277.55236380873 4140226.7751381146
8784 6100 387838.3319186814 4139007.672671267
8906 6100 389060.75196302065 4139007.6220701663
8540 6222 385401.6621840655 4137786.9265562296
8662 6222 386621.23513043555 4137787.217207173
8662 6344 386618.321332217 4136566.9453878924
8662 6466 386620.7698920799 4135346.894997837
8540 6710 385398.35344697285 4132903.9012295026
