4453 671 589037.6358224574 4286597.417892278
4270 732 585377.8160817083 4285377.927779498
4331 732 586597.9221355603 4285377.601659629
4392 732 587817.5016165166 4285377.7611557385
4453 732 589038.6866529519 4285377.007845986
4514 732 590258.2909138695 4285377.766061072
4575 732 591478.311847337 4285377.587885844
4636 732 592699.8297454806 4285377.413033848
4209 793 584159.6836280702 4284158.538211575
4331 793 586597.2380608224 4284157.922694182
4392 793 587818.5266444413 4284158.27982216
4453 793 589038.0526779608 4284157.57146142
4575 793 591478.3510113517 4284157.3885143995
4636 793 592698.3689233689 4284157.59707058
4697 793 593918.8804080251 4284157.9162371475
4758 793 595138.1364472901 4284157.658252713
4148 854 582938.0189795092 4282937.839020927
4270 854 585378.263127121 4282937.713863578
4392 854 587818.1648546119 4282937.140394636
4453 854 589037.6744274461 4282937.444904356
4575 854 591478.1391208163 4282937.790755509
4636 854 592697.8090739131 4282937.240251722
4697 854 593917.906508354 4282937.409377939
4758 854 595137.4943754943 4282937.059313654
4819 854 596357.9838332867 4282937.8456981005
4941 854 598797.9436635337 4282936.997169567
4148 915 582938.1336391477 4281717.460494176
4209 915 584157.3924499338 4281717.206525039
4270 915 585378.3295507331 4281717.952631402
4331 915 586598.1470019652 4281717.575638435
4453 915 589037.9117706378 4281717.2890975885
4514 915 590258.0976108145 4281718.094349268
4575 915 591477.4870503272 4281717.720321096
4697 915 593918.1412715943 4281717.82633273
4941 915 598797.5574853091 4281717.498318461
3965 976 579277.4537277455 4280497.863104138
4087 976 581721.4169942876 4280497.316570995
4209 976 584157.8234406242 4280497.621608142
4270 976 585378.3186109068 4280497.525951369
4331 976 586597.816129464 4280497.169073583
4453 976 589038.0333070299 4280497.650242738
4514 976 590258.5126154548 4280497.404250543
4575 976 591478.296063001 4280497.411495772
4758 976 595137.1383059975 4280498.158057446
4880 976 597578.2390710387 4280497.211351885
3721 1037 574398.4546868568 4279277.2858087355
3904 1037 578058.338107578 4279277.801229003
3965 1037 579280.9807107912 4279277.516766199
4087 1037 581718.3560530313 4279277.284456608
4148 1037 582937.77402883 4279277.655776938
4209 1037 584158.7881889297 4279276.7843699325
4331 1037 586596.7123008972 4279277.968571842
4392 1037 587817.8288036941 4279277.441941993
4453 1037 589038.4574035665 4279277.505220029
4514 1037 590257.526400748 4279277.206279957
4758 1037 595137.7987727339 4279277.6980383145
4819 1037 596357.3542399893 4279277.325084818
4880 1037 597577.8157544357 4279277.543958642
3721 1098 574397.9293664393 4278057.837344783
3843 1098 576839.1193583064 4278057.735691619
3904 1098 578058.257877232 4278057.4378498
3965 1098 579278.420943024 4278057.152496163
4026 1098 580498.0798000991 4278056.886787985
4087 1098 581718.0750990126 4278057.2320944285
4148 1098 582938.0948209336 4278057.903168435
4209 1098 584158.0476990032 4278057.311946702
4270 1098 585377.7219888272 4278057.020226665
4331 1098 586597.8401236311 4278057.656716762
4392 1098 587817.9860926422 4278057.243553088
4453 1098 589038.5735829768 4278057.084666259
4575 1098 591478.0773040436 4278056.675752227
4636 1098 592697.6762049632 4278057.334324131
4697 1098 593917.948691808 4278057.214666094
4819 1098 596357.8783578848 4278055.153607704
3782 1159 575618.5690147213 4276837.622302912
3843 1159 576837.8706639056 4276837.434616643
3904 1159 578058.2018168943 4276837.41884994
3965 1159 579278.773170272 4276837.217143254
4026 1159 580497.463827091 4276837.548452945
4087 1159 581718.338626228 4276837.101174722
4209 1159 584158.5278184516 4276837.879215528
4331 1159 586597.8098232442 4276837.577812
4392 1159 587818.2252672332 4276837.655975129
4453 1159 589038.2572336565 4276837.686573117
4514 1159 590258.1687184814 4276837.56313542
4636 1159 592699.2806548919 4276836.758691092
4697 1159 593917.819332497 4276837.368275172
4758 1159 595138.1797991683 4276836.994078851
4819 1159 596358.0123548831 4276837.239309182
3782 1220 575618.4849925514 4275617.668004959
3904 1220 578058.4622622656 4275617.684533506
3965 1220 579277.9759652168 4275617.563041786
4026 1220 580498.0219604404 4275617.383720069
4087 1220 581717.6949407584 4275617.417792429
4148 1220 582938.1672965111 4275618.097906097
4331 1220 586598.3567668789 4275618.124624508
4453 1220 589037.3772444368 4275618.068881723
4514 1220 590258.1391424082 4275617.389783584
4575 1220 591477.6583328792 4275617.536371891
4697 1220 593918.8453851345 4275617.386352294
4758 1220 595138.1495926038 4275617.595846889
4819 1220 596358.1913901009 4275617.282624423
3782 1281 575617.7412709317 4274397.327583981
3843 1281 576838.8455438208 4274397.215175993
3904 1281 578058.2498205978 4274397.905744305
3965 1281 579278.2362870988 4274398.086343418
4026 1281 580501.1980038441 4274397.146761168
4087 1281 581717.7049765345 4274397.841733702
4209 1281 584159.3330354077 4274397.385168347
4270 1281 585377.570674672 4274397.391070843
4331 1281 586597.7091958494 4274397.842294671
4392 1281 587818.0041947991 4274397.896124158
4453 1281 589037.8694773195 4274397.699949475
4514 1281 590257.7181845843 4274397.875481018
4575 1281 591478.4497732429 4274397.535473055
4636 1281 592698.2438765517 4274397.822121581
4697 1281 593917.2138583504 4274397.297554669
4758 1281 595137.802936049 4274397.550299739
4819 1281 596358.2742410402 4274397.287707782
3782 1342 575617.7199535933 4273177.504189922
3843 1342 576838.5921779147 4273177.716243566
3904 1342 578058.2723437726 4273178.107425368
3965 1342 579278.3453268291 4273177.849235868
4026 1342 580497.1117168192 4273177.793603382
4087 1342 581719.2372200872 4273177.414173949
4148 1342 582939.0385143553 4273176.7804320855
4209 1342 584158.5879666827 4273177.619027841
4331 1342 586598.2540295206 4273177.534858448
4392 1342 587818.141508892 4273177.583110776
4453 1342 589037.6293662519 4273178.029491711
4514 1342 590258.1494313858 4273177.415277586
4575 1342 591478.4444961319 4273177.550010031
4758 1342 595138.1762877676 4273177.2104653865
4819 1342 596358.0218583886 4273177.088410738
3843 1403 576838.2921403757 4271957.202631376
3904 1403 578061.5102071948 4271957.0358609
3965 1403 579278.2488104145 4271957.463890487
4026 1403 580498.2846181983 4271957.092599267
4148 1403 582941.961123948 4271957.70802922
4209 1403 584157.7622380734 4271957.448623325
4453 1403 589038.1981085886 4271958.149035594
4575 1403 591478.3306796587 4271957.443816646
4758 1403 595138.1806640935 4271957.741411658
4819 1403 596358.3167036402 4271956.739783466
3965 1464 579278.4399217803 4270737.171879742
4026 1464 580498.8246874064 4270737.302688282
4087 1464 581717.7337131946 4270737.3219553195
4148 1464 582941.5474731913 4270737.276996825
4392 1464 587818.4328648847 4270737.463183371
4575 1464 591477.7376285132 4270737.543235891
4697 1464 593917.7700732937 4270737.422227358
4758 1464 595137.6033876498 4270737.3645038875
3965 1525 579278.4276549306 4269516.958984035
4087 1525 581718.7167415477 4269517.3187753875
4148 1525 582939.1654576473 4269517.267097204
4209 1525 584158.1343065876 4269517.833045554
4331 1525 586598.0841261838 4269517.347653294
4392 1525 587818.3333711397 4269517.671907814
4453 1525 589037.5816364663 4269517.795790062
4575 1525 591478.2442220736 4269517.431342618
4636 1525 592697.6787100153 4269517.301345432
4697 1525 593917.8242919946 4269517.442595786
4758 1525 595138.3171497409 4269517.157297916
4026 1586 580498.2696306972 4268296.995090527
4270 1586 585378.3757972553 4268297.437279704
4331 1586 586598.2114662805 4268297.456730438
4514 1586 590257.930727619 4268297.03818475
4575 1586 591477.9168907781 4268297.91392118
4636 1586 592697.5148901483 4268297.453865704
4697 1586 593918.3032676277 4268297.140617339
4758 1586 595137.2989162435 4268296.847452764
4148 1647 582938.2934544159 4267077.215189397
4209 1647 584158.570590215 4267077.3759993045
4270 1647 585378.1290282379 4267077.540728047
4331 1647 586598.2940861839 4267077.8732326515
4392 1647 587817.77469291 4267077.082491909
4453 1647 589037.6668849366 4267077.132148428
4575 1647 591478.3846088976 4267076.689349966
4636 1647 592697.6704034082 4267077.311919242
4697 1647 593918.3847468332 4267076.940056039
4087 1708 581718.2467020545 4265857.548743129
4148 1708 582938.5713442826 4265857.196606066
4270 1708 585379.1067734645 4265857.41815132
4331 1708 586598.7961504268 4265856.933590956
4392 1708 587818.0865828644 4265857.098118551
4453 1708 589037.9045249741 4265858.220961334
4514 1708 590258.01133547 4265857.930345745
4636 1708 592698.4965418258 4265857.296813944
4697 1708 593917.8277622391 4265857.194195511
4087 1769 581717.8197563658 4264637.4269399885
4148 1769 582938.8848355624 4264637.632084657
4209 1769 584157.9768792659 4264637.480830033
4270 1769 585378.6744805459 4264638.269589544
4331 1769 586597.8646453517 4264637.664257065
4392 1769 587818.2730753392 4264637.631244958
4453 1769 589038.1291686776 4264637.331430228
4514 1769 590258.2128849016 4264637.838290834
4575 1769 591477.0303439278 4264637.314170878
4636 1769 592698.1651444329 4264637.030853869
4087 1830 581719.2142171722 4263417.175334462
4148 1830 582938.0353852424 4263416.902348341
4270 1830 585378.4200594287 4263417.464290804
4453 1830 589037.5490120833 4263417.5498541845
4514 1830 590258.3364094207 4263417.586550693
4575 1830 591477.7052739707 4263417.500305006
4636 1830 592698.7326322051 4263416.850548247
4697 1830 593917.6235334382 4263416.282451611
4148 1891 582938.5623769208 4262198.459380386
4209 1891 584158.2388365157 4262197.02959372
4270 1891 585377.9521702344 4262197.426626431
4331 1891 586598.5768774375 4262197.571302255
4392 1891 587818.6807138023 4262197.656098957
4453 1891 589038.0916579079 4262197.986890929
4514 1891 590258.5246512785 4262196.888733254
4575 1891 591481.0336404713 4262197.5244056145
4636 1891 592698.5084056617 4262196.491524987
4697 1891 593918.0076536806 4262197.918038319
4148 1952 582938.9719960394 4260977.731760065
4270 1952 585376.6533879096 4260976.51770003
4392 1952 587818.6241456113 4260977.325838229
4453 1952 589037.5173005189 4260977.3816835545
4575 1952 591477.2546342614 4260978.0676768655
4636 1952 592698.434471414 4260976.537010852
4087 2013 581718.6943706507 4259756.987426141
4148 2013 582938.2511614512 4259757.834752627
4209 2013 584156.741970333 4259755.942184567
4392 2013 587818.5993998786 4259757.048483789
4453 2013 589038.4064756209 4259756.98303057
4514 2013 590258.4269764929 4259757.664167108
4575 2013 591477.8706192246 4259756.773211411
4636 2013 592698.3296379459 4259757.358596913
4209 2074 584158.0033761378 4258537.248298019
4331 2074 586598.6174967706 4258537.738703896
4392 2074 587818.1294470152 4258537.138866698
4636 2074 592698.5273347844 4258537.048135446
4270 2135 585378.140474274 4257317.5203915415
4331 2135 586598.019187347 4257317.8628525855
4392 2135 587818.5785014832 4257317.650658216
4453 2135 589036.1788163264 4257316.96083181
4575 2135 591478.7629284516 4257317.582155979
4148 2196 582938.3577200097 4256097.074927225
4209 2196 584159.1046885713 4256097.251962834
4392 2196 587820.9291498356 4256097.157182689
4026 2257 580498.3375402628 4254877.307797481
4087 2257 581718.6851243342 4254877.820533092
4148 2257 582937.6486461151 4254877.533679796
4331 2257 586596.6789585815 4254876.945574971
4392 2257 587818.0685308797 4254877.790353132
4453 2257 589038.1267343641 4254877.6120735
4575 2257 591477.1494271712 4254876.871936929
3965 2318 579277.1170258835 4253655.732413396
4026 2318 580498.5200889385 4253657.507810605
4087 2318 581718.169789605 4253657.337329775
4209 2318 584158.6100648982 4253657.49980548
4331 2318 586597.9745271122 4253657.422916002
4392 2318 587818.420727652 4253657.039763069
4453 2318 589038.1483782964 4253656.895357172
4514 2318 590257.3723884452 4253657.7408161815
4575 2318 591477.8313095141 4253657.586144444
3843 2379 576837.9173321496 4252437.302413617
3904 2379 578057.9622181836 4252437.242207272
3965 2379 579276.9482213269 4252437.356657996
4026 2379 580498.4917099567 4252437.176300294
4148 2379 582938.0784805915 4252437.136741158
4514 2379 590258.2522566151 4252437.079768939
3843 2440 576838.8332614565 4251217.568042983
4148 2440 582938.1937291464 4251217.318170574
4514 2440 590259.1877198982 4251216.709882753
3904 2501 578058.0947380394 4249995.321974814
3965 2501 579278.0555029468 4249997.793432258
4026 2501 580498.4650486957 4249997.538277744
4148 2501 582938.0156775464 4249997.3590278
4270 2501 585378.484023988 4249997.831979342
4331 2501 586598.5829448598 4249996.894551576
4392 2501 587818.1388385873 4249997.108127526
4453 2501 589038.255210682 4249996.670068646
4514 2501 590259.2686421033 4249997.077336241
3904 2562 578058.2274820062 4248777.462918146
3965 2562 579278.7099626693 4248777.116569054
4087 2562 581718.324072411 4248777.365767763
4148 2562 582938.4723702981 4248777.999465915
4209 2562 584158.4878758198 4248777.3785162885
4270 2562 585378.0671906364 4248777.847695271
4331 2562 586597.8985230983 4248777.325070105
4453 2562 589038.2390989444 4248777.187931055
3843 2623 576837.5285303621 4247557.867550005
3904 2623 578058.4195966496 4247557.694664749
4026 2623 580498.6514323811 4247557.102592863
4087 2623 581716.9309489967 4247556.736170911
4148 2623 582938.271364392 4247557.681339211
4392 2623 587817.1790620435 4247557.151426751
4453 2623 589038.6823324999 4247556.63445306
4514 2623 590258.2873369863 4247556.573873539
3843 2684 576839.1426949255 4246337.868460106
3904 2684 578058.2668769774 4246337.392251371
4026 2684 580498.3913006439 4246337.831030653
4087 2684 581718.391566773 4246337.335818049
4148 2684 582937.4255978551 4246338.305154528
4209 2684 584158.3300529433 4246337.676772343
3843 2745 576838.7612740066 4245116.884837536
3904 2745 578058.172223819 4245117.427443847
3965 2745 579280.8648027529 4245116.815245858
4026 2745 580497.8022605758 4245118.2107220655
4209 2745 584157.469581516 4245117.555434663
4270 2745 585378.4849536892 4245117.053893873
4331 2745 586598.6863418182 4245117.001332993
3721 2806 574399.1318178992 4243897.335042115
3782 2806 575617.3494826156 4243897.239869763
3904 2806 578058.3937387848 4243897.366427606
3965 2806 579278.2237505156 4243897.67235013
4026 2806 580498.593606756 4243897.779408726
4087 2806 581717.9456007377 4243897.423517574
4148 2806 582938.5866730637 4243897.1254041325
4209 2806 584158.44731038 4243896.554029065
4270 2806 585378.31788434 4243897.882223332
4453 2806 589037.6761440324 4243897.442375235
3660 2867 573178.3961168397 4242677.141126484
3782 2867 575617.4743346184 4242677.75380259
4026 2867 580498.0709655914 4242677.508541308
4087 2867 581717.9319496249 4242677.259260664
4148 2867 582938.7688805922 4242677.396814775
4209 2867 584158.4906514275 4242676.899633004
4270 2867 585377.6602139677 4242677.160828468
4331 2867 586598.0226753028 4242677.6799040735
4392 2867 587817.2670310232 4242676.926070076
3660 2928 573177.4504640005 4241457.467375851
3782 2928 575618.398139647 4241457.320203553
3904 2928 578058.2489015171 4241457.116404077
3965 2928 579278.1217040701 4241456.9961111825
4026 2928 580498.2803442926 4241457.247621094
4087 2928 581717.8743585941 4241457.140405447
4148 2928 582937.7356968306 4241457.089180787
4209 2928 584159.0249747647 4241457.334257243
4331 2928 586598.1809283167 4241456.7742217565
4392 2928 587817.6973643884 4241457.0485815415
3599 2989 571957.0161365711 4240237.898606695
3782 2989 575617.6800561957 4240237.528899789
3965 2989 579277.988921968 4240237.447346387
4087 2989 581717.9977086934 4240237.186404953
4148 2989 582938.7372076847 4240237.503631204
4209 2989 584158.214646358 4240237.336736673
4270 2989 585377.9866014251 4240236.951521245
4331 2989 586598.0682148775 4240236.976123207
4392 2989 587817.8395984573 4240237.050165023
3660 3050 573178.7267430406 4239017.273853616
3843 3050 576838.334683117 4239017.069404843
3904 3050 578058.4301296142 4239017.149587716
3965 3050 579277.6362708285 4239017.604112387
4026 3050 580497.7054156607 4239017.124524374
4087 3050 581718.1769889436 4239017.365383899
4148 3050 582937.3487632063 4239017.720587404
4392 3050 587818.3898632164 4239016.782513085
3599 3111 571958.8323424159 4237797.600202072
3660 3111 573178.5320394947 4237797.485652693
3721 3111 574397.5458816732 4237797.082442259
3782 3111 575618.0364811418 4237796.7535402095
3965 3111 579278.3510003323 4237797.316111667
4026 3111 580498.1165607298 4237797.341515206
4087 3111 581718.045671019 4237796.884385959
4209 3111 584157.8698549822 4237797.440134979
4270 3111 585377.4042586383 4237797.364459702
3721 3172 574398.4433382638 4236578.068096556
3782 3172 575617.2190518136 4236577.236241518
3904 3172 578058.7307456244 4236577.260285428
4026 3172 580498.6235284571 4236577.2937134495
4087 3172 581718.3405005442 4236577.386815997
4209 3172 584157.7664748591 4236577.416886906
4270 3172 585377.5756501763 4236576.823707998
4331 3172 586598.213019216 4236577.112527971
3416 3233 568297.5853133157 4235356.974700327
3599 3233 571958.3788369512 4235358.233942109
3660 3233 573177.4044464368 4235357.361470684
3965 3233 579277.7580884881 4235357.302724212
4026 3233 580498.3228937481 4235356.942365175
4087 3233 581717.8742263475 4235357.303538019
4148 3233 582938.8158696541 4235357.692702591
4209 3233 584158.1517358883 4235357.170436747
3294 3294 565858.297606519 4234137.20037137
3416 3294 568298.2859324166 4234136.971770149
3660 3294 573177.8776409648 4234136.626334493
3721 3294 574397.1548862603 4234137.531239549
3782 3294 575617.8626040356 4234137.682253752
3843 3294 576836.328337325 4234138.027406073
3904 3294 578057.371548161 4234138.335808003
3965 3294 579277.9331142327 4234137.521761756
4026 3294 580497.8968216123 4234137.287654527
4148 3294 582937.5744030264 4234137.118650217
4209 3294 584157.9628814042 4234137.228664984
4270 3294 585378.0219050122 4234137.076189168
3050 3355 560978.3140155057 4232916.938224157
3111 3355 562197.904645328 4232916.901702002
3233 3355 564637.316910063 4232917.96675042
3294 3355 565858.9229273399 4232917.724051448
3355 3355 567076.4929024832 4232917.43864377
3416 3355 568298.0387890283 4232917.437177053
3477 3355 569518.7714294409 4232917.247730567
3538 3355 570737.1939441371 4232918.127250205
3660 3355 573177.1431094798 4232917.383798136
3721 3355 574397.3311556398 4232916.757014103
3782 3355 575617.6616948908 4232918.112045596
3843 3355 576838.0885729403 4232917.705168296
3965 3355 579278.0913364443 4232916.987064446
4148 3355 582937.5790575352 4232917.587360762
3050 3416 560977.7858998184 4231697.058915616
3111 3416 562198.054968748 4231697.636838059
3172 3416 563417.9722177836 4231697.623630675
3233 3416 564637.854306203 4231697.322438617
3294 3416 565856.9465856659 4231697.05878275
3477 3416 569517.7594783941 4231697.4684790755
3538 3416 570739.0413528476 4231698.4127466185
3660 3416 573178.3263810466 4231697.485703051
3721 3416 574398.1475931844 4231697.886924942
3843 3416 576837.9442960945 4231697.514582392
3904 3416 578058.6256251321 4231696.158478819
3965 3416 579277.3559414498 4231698.076059707
4148 3416 582937.314963376 4231696.795308174
4209 3416 584157.1961692713 4231697.3209594125
4270 3416 585377.6978544509 4231696.438010601
2928 3477 558541.2696781512 4230477.109786569
3050 3477 560978.1440941866 4230477.634344226
3233 3477 564638.7234773458 4230477.388289777
3294 3477 565857.7411837836 4230477.142077072
3416 3477 568298.1520639088 4230477.463461369
3538 3477 570737.2780978458 4230477.79149384
3599 3477 571958.2038421652 4230477.634803344
3660 3477 573178.3315509572 4230477.410723359
3721 3477 574398.3821039678 4230477.884920414
3843 3477 576837.8956115453 4230477.324736992
3904 3477 578058.1225060851 4230477.030263893
4026 3477 580497.0978928856 4230477.42443631
4087 3477 581717.2855027354 4230476.385703984
4148 3477 582937.5072830312 4230477.0370510155
4209 3477 584156.7997499174 4230477.387068371
2989 3538 559758.4421194856 4229257.732211361
3172 3538 563418.4518732082 4229258.182366255
3233 3538 564638.3054865713 4229256.519539538
3294 3538 565858.6534763866 4229256.833293515
3416 3538 568297.8324154906 4229256.89138436
3477 3538 569517.8183579121 4229257.7165151015
3538 3538 570738.3150070776 4229257.126930675
3660 3538 573178.1411578513 4229257.938758348
3721 3538 574398.3172825545 4229257.486947504
3782 3538 575618.6335193792 4229257.148522309
3904 3538 578056.8885050818 4229257.968830679
4087 3538 581718.8961975329 4229257.116394714
3111 3599 562197.0355060222 4228037.282224899
3477 3599 569518.1008602094 4228037.9730328
3599 3599 571958.0514032701 4228037.8336637
3660 3599 573179.1472598427 4228037.291294472
3721 3599 574398.2786866209 4228037.9619683325
3782 3599 575617.7019516532 4228036.873581803
2989 3660 559758.4206392742 4226817.100446997
3172 3660 563418.1465624352 4226817.344929977
3233 3660 564638.0076073614 4226817.508634619
3294 3660 565858.0286889549 4226817.333234719
3355 3660 567078.3297985442 4226817.206830739
3660 3660 573178.0542022306 4226817.924649033
3721 3660 574397.2192812155 4226816.787405207
3782 3660 575618.2186548038 4226816.538061088
3965 3660 579278.1236213525 4226816.932566488
4026 3660 580497.2359122335 4226817.32722636
4087 3660 581717.6220733218 4226817.332441428
3111 3721 562197.9098275881 4225597.09357125
3233 3721 564637.3436206921 4225597.505318143
3294 3721 565858.5681321034 4225597.167658166
3782 3721 575618.1751496501 4225596.208256118
4087 3721 581717.8429918971 4225596.859301875
4148 3721 582937.3010419091 4225597.043138513
4209 3721 584157.8774246168 4225596.942766491
2989 3782 559757.8658443906 4224377.430616713
3050 3782 560977.4168388522 4224377.055133161
3111 3782 562197.9833170206 4224377.599496163
3355 3782 567078.4996360623 4224376.688621251
4026 3782 580497.7188927943 4224377.011004211
4087 3782 581717.5454768366 4224376.995613819
4148 3782 582937.7052410903 4224377.240852486
2989 3843 559757.6824232242 4223157.4965409385
3050 3843 560977.3790276495 4223158.146279126
2989 3904 559756.6787248505 4221937.704851653
3050 3904 560977.0846876003 4221937.529700594
3294 3904 565857.4902385536 4221937.741704957
2928 3965 558537.0641211702 4220718.05121546
2989 3965 559757.4289726762 4220717.058527815
3050 3965 560977.9068581695 4220717.589552818
3233 3965 564637.584626368 4220717.4998237435
2928 4026 558535.7868147352 4219495.607143308
2989 4026 559758.0046951554 4219498.298249685
3050 4026 560977.3556187691 4219497.788245828
3172 4026 563418.0867544793 4219497.378539027
2867 4087 557315.4000413499 4218278.188269872
3111 4087 562197.4834287039 4218277.318190634
3172 4087 563417.5653681844 4218276.878567404
2989 4148 559756.9583390426 4217056.594537493
3050 4148 560977.9732750866 4217057.674944503
3111 4148 562197.5759449868 4217057.164148522
2867 4209 557317.7013947794 4215835.858568929
3111 4209 562198.4389808534 4215837.135213757
2867 4270 557318.0463209988 4214615.554492521
2989 4270 559758.2883296674 4214618.269492767
3050 4270 560977.788964486 4214617.528383239
3172 4270 563418.3410184729 4214617.137707553
3233 4270 564637.6014643707 4214617.616979813
2928 4331 558536.0230728632 4213395.964384234
2989 4331 559758.3908288995 4213397.382588241
3050 4331 560977.4650981915 4213397.359965329
4026 4331 580497.3879022074 4213396.828437337
3050 4392 560977.7289836698 4212177.209976216
3172 4392 563417.8432967875 4212177.236476956
3965 4392 579277.286675348 4212177.312544324
3294 4453 565856.5387573394 4210956.826632311
3355 4453 567078.3973839002 4210957.039116203
2928 4514 558538.5404585606 4209736.49827015
3050 4514 560978.802933557 4209737.282654385
3111 4514 562197.8179034913 4209736.824273035
3172 4514 563417.1874871487 4209737.29993903
3233 4514 564638.0939618119 4209737.0492605055
3904 4514 578056.6781793493 4209736.956587273
3172 4575 563417.2093898667 4208517.385176757
3904 4575 578057.3397220548 4208517.215294354
2867 4636 557318.4376777359 4207297.742428903
2989 4636 559758.1963579273 4207297.383193395
3233 4636 564638.010975874 4207297.934446561
3599 4636 571957.4943670154 4207297.508113234
3843 4636 576837.3344720039 4207296.83807478
3904 4636 578057.4724674381 4207297.412762604
2867 4697 557319.1286214727 4206076.987081375
2928 4697 558538.0499010656 4206077.419035535
2989 4697 559758.1899422086 4206077.413944159
3050 4697 560976.9312345826 4206076.460473613
3111 4697 562198.1116152995 4206077.020135388
3172 4697 563418.5785229915 4206077.558276604
3721 4697 574397.1257393137 4206077.261552806
3782 4697 575617.5132257445 4206077.057661338
3843 4697 576838.185029445 4206077.027335078
3904 4697 578056.8900923157 4206076.977610298
3111 4758 562197.8857142568 4204857.021151976
3172 4758 563418.1722608784 4204856.894673942
3599 4758 571958.0473577927 4204856.984407797
3660 4758 573178.768875008 4204857.799132422
3721 4758 574398.0994227837 4204857.498407814
3782 4758 575617.0477872356 4204857.286010373
3843 4758 576837.4069126616 4204857.616143194
3904 4758 578058.1389870386 4204857.405869576
2989 4819 559758.5977102985 4203637.149389073
3111 4819 562197.7491370316 4203636.940621801
3172 4819 563417.762319122 4203637.558466807
3233 4819 564638.48422179 4203637.709859157
3294 4819 565856.9651093245 4203637.521081114
3355 4819 567078.2425558325 4203637.763956494
3416 4819 568297.7068004052 4203637.093667299
3477 4819 569517.4707202602 4203637.434678433
3721 4819 574398.1398827892 4203637.195821937
3843 4819 576837.4250382904 4203637.31720123
3904 4819 578057.4079134334 4203636.989885685
2989 4880 559758.2683807809 4202417.016176916
3050 4880 560977.9907632733 4202417.596226007
3111 4880 562197.4393737868 4202416.787997014
3172 4880 563418.0061288176 4202417.407298917
3294 4880 565857.8296346599 4202417.3870101
3355 4880 567078.2148841297 4202417.234213255
3416 4880 568298.1563105644 4202416.946587284
3477 4880 569517.457002946 4202417.335048686
3599 4880 571958.5319815029 4202417.075317535
3660 4880 573178.6218420488 4202417.545993889
3721 4880 574397.3720744868 4202416.992459642
3782 4880 575617.5038325053 4202417.501719963
3843 4880 576837.4077132442 4202416.982894902
3904 4880 578057.4162561835 4202417.4354656655
3050 4941 560978.3182846939 4201197.38907676
3111 4941 562198.5528792304 4201197.191810707
3233 4941 564638.0909184578 4201196.794567745
3294 4941 565857.4281229654 4201197.7254481325
3355 4941 567077.0288629921 4201197.348534896
3416 4941 568297.7602800084 4201197.251754361
3599 4941 571957.4290491592 4201197.145013223
3660 4941 573178.4773164769 4201197.344977313
3721 4941 574397.779789913 4201196.917547417
3782 4941 575617.8041229906 4201197.576409835
3843 4941 576837.458137074 4201196.845258401
3233 5002 564638.3498865918 4199977.301671036
3294 5002 565857.9218181794 4199977.4565690765
3355 5002 567077.9513056254 4199977.112746997
3416 5002 568297.7734657072 4199977.245127651
3538 5002 570737.4719864503 4199977.588150457
3599 5002 571957.5762221453 4199977.26475742
3721 5002 574397.803067609 4199976.795926121
3782 5002 575617.6017447035 4199977.468003089
3843 5002 576837.767861187 4199977.2221450955
3416 5063 568296.973499818 4198757.988068275
3538 5063 570737.0301756258 4198757.31169484
3599 5063 571957.3171384911 4198757.653790769
3721 5063 574397.4959861585 4198757.503850841
3782 5063 575618.0611769316 4198757.336033957
3599 5124 571958.3624439328 4197537.490689832
