4331 0 586595.565612012 4900020.65260773
3599 61 571956.3085155147 4898802.2201927295
3660 61 573175.0538008322 4898802.391608596
3721 61 574396.2934223055 4898801.78405327
3965 61 579276.1236243835 4898801.105962525
4087 61 581716.0472383944 4898801.7983118035
4148 61 582935.5788651336 4898801.560235182
4209 61 584156.0412591012 4898801.349917469
4270 61 585375.3270158204 4898802.468849106
4331 61 586595.9549950622 4898797.688739342
4392 61 587815.9741139901 4898802.65331192
4453 61 589036.4820040676 4898801.491175582
4575 61 591475.9016400706 4898800.579611765
3538 122 570735.3122625642 4897579.026956762
3599 122 571955.3636805108 4897581.055119726
3660 122 573175.9670801715 4897581.9703196315
3721 122 574396.235508899 4897582.084054362
3965 122 579276.4503325218 4897581.732456138
4026 122 580495.0117787584 4897580.48200321
4087 122 581715.1824629928 4897581.36905235
4148 122 582935.035675273 4897582.09110336
4209 122 584155.2283712784 4897582.334922893
4270 122 585375.8998055984 4897581.136828779
4392 122 587816.2277307448 4897582.475585953
4453 122 589035.6169396511 4897581.981987305
4514 122 590256.3654262082 4897581.354605565
4575 122 591476.1363723024 4897580.863261307
4636 122 592695.3116109127 4897581.679002593
4697 122 593915.9043284457 4897581.224941524
3538 183 570735.6650504686 4896359.410000194
3660 183 573175.9765846054 4896362.408647758
3721 183 574395.3576989861 4896361.77140106
3782 183 575616.1802325598 4896358.233897935
3965 183 579276.2643527696 4896363.677224131
4026 183 580496.0374933621 4896362.418879724
4087 183 581715.0805511356 4896361.663355645
4148 183 582935.2404935267 4896362.004012833
4331 183 586596.4938432118 4896360.749060561
4453 183 589036.8441147846 4896361.813703743
4514 183 590256.2765909005 4896361.348241031
4575 183 591475.9130691583 4896359.485722521
4636 183 592695.9767284268 4896359.222002457
4697 183 593916.1704129342 4896361.306311766
4758 183 595136.9529477938 4896359.156168239
3477 244 569515.9794190528 4895141.245047965
3538 244 570736.3709551395 4895138.531465462
3599 244 571955.8786415686 4895138.339606779
3660 244 573175.7854132392 4895138.170262641
3721 244 574395.8053705613 4895138.127514384
3782 244 575615.2416978347 4895143.77740966
3904 244 578056.4688444218 4895141.522070961
4148 244 582936.214518107 4895141.921944061
4209 244 584155.467314391 4895138.632937674
4331 244 586595.6362156069 4895142.773483307
4453 244 589037.119915454 4895138.088449489
4514 244 590256.5045321577 4895141.436283395
4636 244 592695.6746879434 4895141.151127542
4697 244 593915.2196195778 4895140.173117619
3538 305 570735.3569137084 4893918.930077646
3599 305 571954.5901303459 4893918.277897036
3660 305 573175.236904532 4893921.7183483215
3721 305 574395.61896366 4893921.723234934
3965 305 579276.2940865408 4893922.037183853
4026 305 580496.3522858326 4893918.492462991
4087 305 581715.4100774692 4893921.084029756
4148 305 582935.9660917337 4893922.215065194
4209 305 584155.35162463 4893922.331220866
4270 305 585375.867235149 4893921.726926113
4331 305 586595.9528117 4893922.650123394
4392 305 587816.3185876675 4893921.19820959
4514 305 590256.5941535679 4893922.30827863
3538 366 570736.3931420158 4892700.354784561
3599 366 571955.4597267574 4892701.101725756
3660 366 573176.3746159996 4892701.390712042
3782 366 575615.4321951686 4892701.877822179
3904 366 578056.4484935522 4892701.821383828
3965 366 579276.4869135248 4892701.977227272
4087 366 581715.8066885734 4892698.298519062
4270 366 585376.0528399554 4892701.8334053345
4331 366 586596.8128255552 4892697.9641572395
4392 366 587816.9962033827 4892700.849398841
4514 366 590256.5127463443 4892700.916796697
3660 427 573176.8423726868 4891482.302659194
3782 427 575616.2008670494 4891480.949210331
3843 427 576836.2650133881 4891478.8131145
3904 427 578055.9176712036 4891482.274024117
3965 427 579276.3913993735 4891477.988002714
4026 427 580494.4995939753 4891478.905558585
4087 427 581714.6041008623 4891479.030638938
4209 427 584155.8841308111 4891481.795055729
4270 427 585375.5671491253 4891481.5467837835
4331 427 586595.4289093466 4891483.137233358
4392 427 587815.4711863075 4891481.174381622
4514 427 590255.7340246709 4891481.134932324
4636 427 592696.3681066146 4891481.403945476
3721 488 574395.8889176003 4890260.794463305
3782 488 575615.123728174 4890259.285029018
3843 488 576836.0123959971 4890258.599764265
3904 488 578056.6957718463 4890261.305867737
3965 488 579276.6667449572 4890258.75990157
4026 488 580496.6621597181 4890259.054453704
4087 488 581715.2363118757 4890262.215898752
4148 488 582933.6008066142 4890258.560533458
4270 488 585376.7991372931 4890262.635390726
4392 488 587815.6575988939 4890261.731708433
3477 549 569515.0849384642 4889041.890488565
3660 549 573175.623335209 4889042.24824942
3782 549 575616.2027939053 4889039.7709862515
3843 549 576835.805832309 4889040.59397025
3904 549 578055.7716426187 4889040.781167159
3965 549 579275.4866433701 4889041.320421369
4026 549 580496.0866300216 4889038.135593729
4087 549 581716.6547531121 4889039.3895302415
4148 549 582935.9715292429 4889042.634582544
4209 549 584156.0637574831 4889042.258061477
4270 549 585375.0089191077 4889040.140632387
4331 549 586595.4623411477 4889038.144429744
4392 549 587815.9371995949 4889041.0500036115
4453 549 589036.7476633955 4889041.304444711
3294 610 565855.9154798796 4887821.450215511
3416 610 568296.0074348098 4887822.887056895
3477 610 569515.5494202131 4887821.758364796
3538 610 570735.867628014 4887821.13652134
3660 610 573177.2490663126 4887822.157351484
3782 610 575616.4669481654 4887820.572488182
3843 610 576836.2786497619 4887818.226898636
3904 610 578055.9598926792 4887819.151690651
3965 610 579276.5956481989 4887818.628041365
4026 610 580495.9467042406 4887821.271932768
4087 610 581716.0070626112 4887820.96616468
4148 610 582936.1803254802 4887821.3672367735
4209 610 584155.8987606111 4887822.6564994985
4270 610 585375.6485701537 4887822.058967957
4331 610 586595.4101477251 4887822.838444148
4392 610 587815.6075191632 4887822.271264192
4453 610 589036.5266930596 4887821.067013614
4514 610 590256.172700049 4887821.013249736
3416 671 568295.1805358173 4886603.114948194
3477 671 569516.5487399204 4886601.326535859
3538 671 570736.6977455621 4886603.186433287
3599 671 571956.4611649053 4886599.355009701
3843 671 576836.0286662467 4886599.701600416
4026 671 580495.1534628049 4886598.206801177
4209 671 584155.8871798646 4886602.486509356
4270 671 585375.2901212331 4886601.870426932
4331 671 586596.2969106479 4886598.54374028
4392 671 587815.8324757731 4886600.096282985
4453 671 589036.0569128052 4886598.96412561
4514 671 590256.351716944 4886598.8988945205
4575 671 591476.4727853751 4886600.701122701
3294 732 565856.8039546447 4885380.513389174
3355 732 567075.9889365806 4885382.397916725
3477 732 569517.9479974448 4885382.627229415
3538 732 570735.9694590394 4885382.1743857935
3599 732 571955.7842476713 4885381.216267825
3843 732 576837.1941829654 4885381.606681206
3904 732 578055.6348322197 4885381.240388181
3965 732 579276.3116751874 4885378.520482776
4026 732 580496.4220646197 4885381.655797866
4087 732 581716.8988965533 4885381.942777006
4148 732 582935.8398666619 4885381.838201655
4209 732 584155.7794024635 4885382.475671649
4270 732 585376.4185803462 4885381.258916477
4331 732 586596.2578709845 4885380.7933956
4392 732 587815.2130875828 4885381.602073516
4453 732 589036.505246873 4885381.718057764
3721 793 574396.0762394622 4884161.332930683
3782 793 575616.2049762539 4884159.233543974
3843 793 576837.1040722189 4884161.339422022
3965 793 579275.7755386506 4884158.675544638
4026 793 580496.1595849174 4884158.41812792
4087 793 581715.528834951 4884161.945306114
4148 793 582936.730743055 4884161.91291526
4209 793 584155.5966449601 4884162.234120695
4392 793 587818.7052577948 4884160.062562649
4453 793 589035.0871406135 4884158.661712924
3172 854 563416.3996666621 4882941.603469385
3233 854 564635.0266526823 4882943.260775158
3477 854 569517.692346425 4882939.207448747
3599 854 571955.8788414611 4882938.261206894
3660 854 573177.1713672194 4882941.97659364
3721 854 574396.6509553844 4882941.603930565
3965 854 579277.2533626603 4882941.777854334
4026 854 580496.0398415336 4882938.190015403
4087 854 581716.5635232597 4882942.132720161
4148 854 582935.38264766 4882942.0733565
4392 854 587816.7642106395 4882938.936889356
4514 854 590255.7121989566 4882938.178801117
3172 915 563415.9178164231 4881719.189876197
3233 915 564636.4874410229 4881718.231330548
3721 915 574396.4133361969 4881718.462545111
3782 915 575616.7667692313 4881720.263892993
3843 915 576837.3542422762 4881721.583837603
4026 915 580495.7545982766 4881718.557419375
4148 915 582936.6152218918 4881718.284872651
4209 915 584155.8923437872 4881721.475174706
4270 915 585375.9193193408 4881721.717796947
4331 915 586595.8730141785 4881717.5598785505
3172 976 563415.8857631336 4880499.327335616
3233 976 564636.6300962663 4880499.313149658
3294 976 565855.8188388686 4880498.598878719
3660 976 573176.6955306376 4880502.334962335
3721 976 574396.6217860755 4880500.420574218
3782 976 575616.0252916997 4880500.3786733085
3843 976 576836.2261737981 4880500.1418217495
3965 976 579274.473463102 4880499.174465687
4026 976 580495.3400808008 4880501.516265594
4148 976 582936.0078351443 4880500.948765643
4209 976 584155.6705208564 4880498.675629625
4270 976 585376.0346456799 4880498.709329021
4453 976 589035.0278554452 4880498.544430183
3294 1037 565856.4074274381 4879280.630094496
3782 1037 575615.7249204504 4879279.522672068
3843 1037 576836.2867881127 4879280.736822293
3904 1037 578056.7678692515 4879278.3748396635
3965 1037 579275.848535371 4879278.52943939
4026 1037 580496.1676810355 4879281.430100674
4148 1037 582938.1077393263 4879281.490460101
4209 1037 584156.3702102298 4879281.106848407
4270 1037 585376.2280553656 4879277.614798329
4392 1037 587816.2572438908 4879280.561176336
3843 1098 576835.3732047912 4878062.171170131
4087 1098 581715.4610980467 4878060.715034351
4209 1098 584156.8865936999 4878058.575370734
4270 1098 585376.9958935509 4878057.761722997
4392 1098 587815.2993001635 4878059.631150574
4453 1098 589035.3519223194 4878058.85308269
4514 1098 590255.0592834067 4878059.159613862
3904 1159 578055.6882971973 4876838.871988117
4148 1159 582935.9134768803 4876837.497504826
4209 1159 584156.3551732986 4876841.258059508
4270 1159 585376.0624559581 4876842.428604191
4392 1159 587815.0038800589 4876837.167960263
4941 1159 598795.8003637211 4876840.9247799665
5002 1159 600017.7956435591 4876839.251384349
4453 1220 589036.5987867904 4875621.309353598
4514 1220 590256.9878509194 4875621.872036993
5002 1220 600015.9821644417 4875621.999965913
4697 1281 593916.440280238 4874401.4051095545
4819 1281 596357.6638753684 4874401.192316854
4941 1281 598796.6627016887 4874401.511247091
4514 1403 590255.0201827409 4871961.041156457
4575 1403 591474.7421373011 4871959.331000292
4636 1403 592697.2612822228 4871961.936845265
4697 1525 593917.1808007408 4869517.264150301
4941 1586 598795.9874581622 4868298.347077639
