3904 0 478042.9208305894 4400041.365897788
3050 61 460961.68668127916 4398821.863626588
3233 61 464622.50930220436 4398821.943935001
3904 61 478042.1157855951 4398821.568201047
4209 61 484141.71787103626 4398821.48787409
4270 61 485360.84745776694 4398822.344262564
4331 61 486581.0528301016 4398822.016844283
4453 61 489018.579687371 4398820.686898319
4758 61 495121.3567783454 4398821.238729233
3660 122 473161.29808411177 4397601.939803145
4209 122 484142.027073925 4397601.790557148
4270 122 485359.13029863656 4397601.9484330565
3904 183 478042.2089151881 4396381.358244061
4392 183 487801.63971299015 4396381.473330986
4453 183 489021.76840004127 4396381.010109638
2745 244 454861.39567820186 4395161.199042452
3355 244 467061.3269303719 4395161.227502831
3904 244 478042.3738160263 4395161.424685874
3965 244 479261.44899090385 4395161.93097236
4026 244 480481.13253535406 4395161.698134376
4148 244 482921.5602859721 4395161.683496654
2867 305 457301.8840080704 4393938.954399922
2928 305 458521.6205146253 4393941.4253046885
3294 305 465840.91007298976 4393941.430808982
3782 305 475600.9565353879 4393941.530990259
3965 305 479258.77945993486 4393941.94482771
4636 305 492679.28340138897 4393940.46378494
2806 366 456082.00366193854 4392720.967100525
3172 366 463399.2451492255 4392721.338469145
3294 366 465841.35220017366 4392721.569471129
3477 366 469498.79581631353 4392722.035092759
3538 366 470720.6747671226 4392720.778121027
3599 366 471940.6877929574 4392721.059893804
3660 366 473161.66665740754 4392722.574100327
3782 366 475599.79608332907 4392720.977978294
4209 366 484141.3470895493 4392720.747274238
4270 366 485361.24640349817 4392722.177758549
4331 366 486578.83722726913 4392721.674579876
4392 366 487799.1544271101 4392721.413286923
4453 366 489018.8215965466 4392721.676529798
4575 366 491459.15728016663 4392720.931930164
4697 366 493898.6103176512 4392722.201612821
3294 427 465838.71205365594 4391500.969572904
3416 427 468280.8358108478 4391501.396280653
4087 427 481701.3128772435 4391501.538800293
4148 427 482919.2090286985 4391501.811630039
2867 488 457302.3859888471 4390281.511222264
3172 488 463401.6431235627 4390281.918385088
3233 488 464621.2761490176 4390281.273721426
3355 488 467061.3418982055 4390280.588018431
3660 488 473159.8935434568 4390280.524781667
3843 488 476821.196538159 4390281.308883971
3904 488 478041.2832096016 4390280.864492196
4087 488 481701.1250082317 4390281.675420491
4209 488 484141.3044664455 4390281.85592799
4270 488 485361.1472809037 4390282.45959297
4636 488 492680.2648926821 4390280.916381214
3111 549 462181.6274506423 4389061.346088875
3660 549 473158.9575855252 4389061.813700498
3843 549 476821.2184049934 4389061.030081159
3965 549 479261.4858009262 4389061.498057953
4636 549 492680.3320230588 4389061.34277659
2867 610 457302.344561486 4387841.171542834
3294 610 465840.6493195821 4387841.221122701
3599 610 471940.77305008355 4387841.382126438
3904 610 478040.90543975984 4387841.890779795
4026 610 480481.5629412916 4387840.547882807
4148 610 482919.03585605015 4387841.27382971
4209 610 484141.14387362835 4387841.719951272
4331 610 486578.8366650355 4387841.8724362515
4514 610 490241.3936259142 4387841.963868228
3172 671 463401.4130634967 4386621.066873909
3843 671 476821.5464127535 4386621.42006849
3904 671 478041.54259779764 4386621.5684091
4026 671 480481.67441417614 4386621.332873282
4148 671 482919.07867359737 4386621.649805
4209 671 484141.7099663812 4386622.159679019
3172 732 463401.6715507308 4385401.064536975
3294 732 465842.7483986222 4385401.842448603
3355 732 467058.99174468237 4385401.2207597075
3538 732 470720.53292781673 4385401.752711785
3660 732 473158.22318652604 4385401.114743869
3721 732 474378.41309183795 4385402.322916317
3904 732 478041.74413103616 4385401.178135656
4575 732 491461.55490674445 4385401.610845648
3416 793 468281.3676692032 4384181.768495389
3538 793 470720.96765329695 4384182.029757724
3660 793 473161.2930332582 4384182.411897643
4026 793 480479.64696631406 4384181.427888326
4148 793 482921.5239127222 4384181.49011601
4331 793 486579.5298900033 4384181.880669944
2867 854 457301.7058976845 4382959.619081986
3416 854 468281.4520575779 4382961.942784789
3721 854 474380.719823139 4382961.491627716
3782 854 475600.77796316985 4382961.379316163
4209 854 484141.21777305915 4382961.516138129
4270 854 485360.97115573584 4382961.508836835
4392 854 487798.8339187109 4382960.567686226
4575 854 491461.4196374878 4382961.286125273
2989 915 459741.50525645213 4381741.574645744
3538 915 470718.87908592884 4381741.3480970105
3599 915 471941.65292624745 4381741.597385362
3843 915 476819.0688937933 4381741.268872837
4148 915 482919.21074219333 4381741.374713092
4270 915 485359.1900563735 4381740.971441116
4514 915 490238.9373286245 4381741.519165476
3050 976 460961.3874107864 4380521.218390427
3294 976 465838.4560591304 4380521.795798997
3416 976 468278.60143284115 4380520.732269717
3599 976 471939.1951085936 4380521.894046853
3843 976 476819.1861787955 4380522.319748706
3904 976 478038.6949069887 4380521.27815055
4148 976 482920.50288839784 4380521.698208673
4270 976 485361.31169011176 4380521.366115285
4392 976 487798.71094958537 4380520.847166543
4514 976 490241.3894316309 4380521.534743385
3355 1037 467061.4288623262 4379301.306461751
3477 1037 469500.41934551497 4379301.571885942
3721 1037 474379.36153541494 4379303.05657308
3843 1037 476819.9489095611 4379302.053736051
3904 1037 478042.360659705 4379301.603062065
4270 1037 485358.5254569438 4379302.20682585
4575 1037 491461.58896610275 4379301.594786099
3050 1098 460962.3791488441 4378081.883929468
3294 1098 465841.48135009926 4378081.647686792
3782 1098 475602.0208285562 4378082.093959053
3843 1098 476820.26680261374 4378081.213804503
4270 1098 485362.00537735963 4378081.125338872
3416 1159 468278.53327042726 4376861.71405137
3660 1159 473158.32185282494 4376861.410315663
3904 1159 478041.40161051985 4376861.0184146
4087 1159 481698.58791974484 4376861.657230659
4148 1159 482920.4721705014 4376861.989326204
4514 1159 490239.52633856004 4376861.007036503
2623 1220 452421.1976024224 4375640.86440919
2684 1220 453641.5590091794 4375639.026845311
3721 1220 474381.37815053394 4375642.453759688
3843 1220 476818.57707891724 4375641.619940009
3904 1220 478038.4368440089 4375641.887064036
2989 1281 459741.2612440652 4374421.173906033
3111 1281 462181.3152755806 4374421.349135031
3538 1281 470719.76065366337 4374420.90301915
3782 1281 475601.41864436294 4374421.649615655
3843 1281 476821.6401467926 4374421.393382704
3965 1281 479258.075223035 4374422.141079926
4270 1281 485360.69625442766 4374421.152309261
2806 1342 456080.90607529035 4373201.609942394
2867 1342 457302.49946588045 4373201.49764135
3355 1342 467058.5831507834 4373201.685464926
3599 1342 471941.1964024476 4373201.503915948
3904 1342 478041.83586279163 4373202.301930722
4148 1342 482918.633457232 4373202.055017983
4209 1342 484138.3167242348 4373201.275810029
2928 1403 458521.91548524186 4371981.612824763
3050 1403 460958.9589897479 4371980.953125526
3294 1403 465841.4170010599 4371981.2689955095
4087 1403 481701.0694034925 4371980.965745411
4270 1403 485361.75541485037 4371980.566739534
4453 1403 489018.0729639628 4371981.770309316
2440 1464 448761.95570269204 4370761.234088231
2928 1464 458519.16339402157 4370761.380225921
3233 1464 464621.219216116 4370761.443134657
3477 1464 469501.70541056833 4370761.281970868
3538 1464 470721.9735453188 4370761.438210376
3782 1464 475601.9916265717 4370761.981599023
3904 1464 478038.89540626743 4370761.858770691
4209 1464 484142.0255341284 4370761.603082897
4270 1464 485360.262951977 4370761.967839986
4392 1464 487800.5478399874 4370761.632155022
2562 1525 451202.10742854956 4369538.9304653285
2623 1525 452421.9214139426 4369541.345822843
3355 1525 467061.8675091389 4369542.114527865
3416 1525 468281.8662862419 4369541.968271268
3538 1525 470718.51129536144 4369541.818539115
3660 1525 473161.91551967646 4369541.843380779
3721 1525 474381.72157908144 4369541.597642901
3965 1525 479261.0644376733 4369541.830350688
4087 1525 481699.22118527215 4369541.572580314
4148 1525 482918.15582713566 4369541.8414907325
4331 1525 486581.7673574005 4369542.235119658
2440 1586 448762.12142795895 4368321.184263167
2745 1586 454862.8316728609 4368321.3282426745
2867 1586 457301.81286325544 4368321.6067724945
2928 1586 458522.07543361565 4368321.185612883
3233 1586 464621.9890897399 4368321.870498526
3294 1586 465841.62674233865 4368321.861270909
3416 1586 468281.7273227721 4368321.575613895
3477 1586 469502.43572805746 4368321.662202171
3660 1586 473162.32436069916 4368321.875449728
3782 1586 475602.6841872355 4368322.080467936
3843 1586 476821.4478350057 4368322.018282456
4087 1586 481700.3743125717 4368321.808038682
4209 1586 484141.2228537216 4368321.95368781
2501 1647 449981.85487759195 4367101.755868365
2562 1647 451201.5730894889 4367101.185198704
2623 1647 452421.8946577424 4367099.131555753
3599 1647 471938.5531783062 4367101.888981104
3721 1647 474378.0594936202 4367101.640853039
3904 1647 478038.5409095512 4367102.068900765
3965 1647 479258.8290737387 4367101.69030397
4087 1647 481701.6048577922 4367101.802845095
2867 1708 457301.38943561097 4365881.261331569
3416 1708 468282.95797838434 4365881.476472301
3843 1708 476821.3443423353 4365881.454768189
3904 1708 478041.2523262447 4365882.1234576525
3965 1708 479258.0895865085 4365882.0484120445
4270 1708 485358.57343913754 4365881.28401315
2501 1769 449982.13615595986 4364661.363403593
3416 1769 468278.41912398965 4364662.015839714
3721 1769 474381.99474686885 4364662.472581157
3843 1769 476818.5960010548 4364661.959933607
3965 1769 479261.2337603766 4364662.352565201
4026 1769 480479.01096565224 4364661.787665217
4087 1769 481698.44548687356 4364661.12042102
4148 1769 482918.58529047674 4364660.552790462
4209 1769 484138.5996019559 4364661.322385312
4270 1769 485358.0450893219 4364661.919893379
2501 1830 449981.65090440994 4363440.845637071
2623 1830 452422.638640783 4363441.615646967
2745 1830 454862.27392265183 4363441.25495707
2928 1830 458522.42792664847 4363441.820686018
3233 1830 464621.8456648944 4363441.325049039
3355 1830 467058.536269138 4363442.181826779
3538 1830 470722.460758421 4363441.72991335
3721 1830 474379.8767101775 4363440.026226246
4087 1830 481698.0030470308 4363441.521388105
4270 1830 485358.59357981064 4363441.147954695
4331 1830 486579.10784593184 4363441.42275039
2623 1891 452422.5137977495 4362221.0976307625
2806 1891 456082.36332976405 4362222.313310572
3355 1891 467061.5449332035 4362221.594768267
3721 1891 474380.2659045124 4362220.204394031
3843 1891 476821.83821523783 4362222.037247704
3904 1891 478041.5746421452 4362222.271999903
3965 1891 479258.35033097386 4362222.499701983
4087 1891 481698.5254825744 4362221.482510768
4148 1891 482918.25624076097 4362220.969522675
4209 1891 484138.20156081335 4362221.512034136
4331 1891 486578.6615392679 4362222.033478189
2745 1952 454863.31574810186 4361002.099539032
2989 1952 459741.92821336834 4361002.145888387
3050 1952 460962.07870566566 4361001.833946721
3843 1952 476818.08880834427 4361002.316533546
4270 1952 485361.0265881462 4361000.627353826
2440 2013 448763.075496397 4359781.2676266525
2623 2013 452421.81603966665 4359781.571858502
2745 2013 454861.7034909356 4359781.675760726
3111 2013 462182.05587551126 4359781.921429784
3721 2013 474381.8233420247 4359781.676506907
3782 2013 475602.0735444858 4359781.998178961
3843 2013 476822.26177804545 4359782.107973889
4148 2013 482918.2081827786 4359781.484104781
2440 2074 448763.02611720865 4358561.236239731
3416 2074 468282.0671783141 4358561.179334711
3477 2074 469501.5340954762 4358561.924451023
3782 2074 475598.1758820223 4358562.529254777
3843 2074 476818.18364629685 4358562.475099459
3904 2074 478037.72094589146 4358562.233038389
3965 2074 479261.2207201546 4358561.855839866
4026 2074 480478.7909865091 4358561.273737991
4087 2074 481699.0274258903 4358561.314160729
4209 2074 484138.6364709896 4358560.485389601
4270 2074 485361.2975094324 4358560.533228665
3050 2135 460958.5463203992 4357341.885805427
3111 2135 462178.4630067516 4357342.082763667
3782 2135 475601.97141955595 4357342.06959242
3843 2135 476822.0766191686 4357341.936073312
3904 2135 478038.00644588127 4357342.003379024
3965 2135 479258.62383202754 4357341.899492103
4026 2135 480478.46878039977 4357341.516721154
4148 2135 482917.65908681136 4357342.382459246
2562 2196 451202.081009927 4356121.449867395
2806 2196 456082.3958249624 4356121.691894627
2867 2196 457302.4966450418 4356121.549657694
2989 2196 459742.60644284566 4356121.574369648
3050 2196 460961.5237806439 4356121.853317063
3172 2196 463402.78305059916 4356121.600415483
3233 2196 464622.2173728124 4356121.831164194
3355 2196 467061.6219484558 4356121.771860166
3538 2196 470718.17501392926 4356121.757738
3721 2196 474378.45313346677 4356121.8826785255
3782 2196 475598.3140371716 4356122.078815722
3843 2196 476818.72146336286 4356122.203643783
3965 2196 479258.21499987884 4356121.52790696
4148 2196 482918.41135238163 4356121.819676623
4209 2196 484138.4516290719 4356121.43867678
2745 2257 454863.0666072413 4354901.468256697
2806 2257 456082.38112714817 4354901.901879938
2867 2257 457302.09741938655 4354902.3132769335
2989 2257 459742.3622591755 4354902.144937584
3477 2257 469501.63357661595 4354902.203287075
3782 2257 475598.5567269988 4354902.358332749
3843 2257 476821.4284490606 4354902.238415805
4026 2257 480477.9655096059 4354901.304413339
4148 2257 482918.57154827256 4354901.884978266
2684 2318 453641.9081302642 4353681.552985351
2806 2318 456082.38110237056 4353681.348368646
3233 2318 464621.7624861061 4353681.791925509
3294 2318 465838.170993562 4353681.835378717
3782 2318 475598.619840863 4353681.991457073
3843 2318 476821.57534369425 4353682.171585024
3904 2318 478038.752691461 4353681.902198764
3965 2318 479258.00371586345 4353681.498248231
4087 2318 481699.0046683866 4353681.270009
2562 2379 451201.9003323824 4352461.222279609
2623 2379 452422.69677222596 4352461.572901166
2928 2379 458521.8573143376 4352461.48389911
2989 2379 459742.0991061876 4352462.304003189
3050 2379 460961.9357265844 4352461.561117285
3172 2379 463401.3817775412 4352461.797048197
3233 2379 464621.4404514155 4352461.020125047
3416 2379 468278.47306834924 4352462.393753456
3782 2379 475598.4543612652 4352462.655128688
3843 2379 476818.6779076198 4352462.522142281
3965 2379 479259.0900781725 4352461.726716127
4026 2379 480478.97023750085 4352461.543422093
4087 2379 481698.44501458557 4352462.337255201
4209 2379 484141.06101705536 4352461.926237686
2623 2440 452422.94579731335 4351241.821567267
2745 2440 454862.60206670937 4351242.109424372
3111 2440 462181.00333438505 4351241.959406293
3172 2440 463401.2280853654 4351241.888240867
3233 2440 464620.70307296544 4351241.9417423345
3416 2440 468278.6643587139 4351242.014428915
3538 2440 470719.0082514395 4351241.53922211
3660 2440 473158.0894594381 4351241.80533789
3721 2440 474378.34036531945 4351242.146341816
4148 2440 482918.34680383815 4351242.37622734
2684 2501 453641.89188434003 4350022.034003898
2745 2501 454863.09848187363 4350021.84085772
3294 2501 465841.1726335611 4350021.176232059
3355 2501 467058.52001894894 4350021.599825701
3416 2501 468278.7552708543 4350021.83401018
3538 2501 470720.0330470392 4350022.081114923
3721 2501 474381.3439112005 4350021.722790813
3904 2501 478038.51328545174 4350021.744369311
4087 2501 481698.64853776566 4350022.244313464
4148 2501 482918.0918537288 4350021.725409825
2867 2562 457301.5020654601 4348802.106876656
3050 2562 460962.1578649052 4348801.6323430855
3294 2562 465839.0216865691 4348802.007814239
3477 2562 469501.0203284566 4348802.448261404
3599 2562 471938.99682955665 4348802.17893593
3721 2562 474379.3362123366 4348802.576605652
3843 2562 476818.4468237569 4348801.586071817
3965 2562 479257.8519020485 4348801.874490783
2623 2623 452421.1932454406 4347581.455711947
2928 2623 458521.61126489734 4347581.9960015295
3050 2623 460961.5783622812 4347581.989709441
3172 2623 463400.83249524416 4347582.113066854
3233 2623 464621.18032976513 4347581.557473111
3294 2623 465838.46706886735 4347581.240090268
3416 2623 468278.37206706434 4347582.146326621
3477 2623 469498.90222321794 4347581.649524063
3538 2623 470718.51813747425 4347581.654858847
3599 2623 471938.24744956754 4347582.10965702
3843 2623 476818.3749600226 4347581.503579942
3904 2623 478038.1858977056 4347581.737640967
3965 2623 479257.9443982737 4347582.103734825
2562 2684 451202.1127562281 4346361.812111216
2989 2684 459741.71210371226 4346361.986995259
3538 2684 470721.2718093525 4346361.882416244
3599 2684 471938.64702468447 4346361.351414789
3660 2684 473159.00339921686 4346362.087001993
4087 2684 481698.95336803957 4346361.953301713
2501 2745 449981.8056169447 4345141.294883442
3172 2745 463402.8337925507 4345141.170023596
3233 2745 464621.5774257562 4345141.346719424
3416 2745 468281.6434470977 4345141.800248701
3538 2745 470718.21508419036 4345142.387080259
3660 2745 473161.2778173109 4345141.750137157
3782 2745 475601.73802232736 4345141.964466468
4087 2745 481699.0660369911 4345141.321885055
2379 2806 447541.11130233674 4343920.615074692
2623 2806 452421.6199787048 4343921.680299697
3111 2806 462181.3510399203 4343920.999737397
3233 2806 464622.26956802147 4343921.653213451
3538 2806 470718.50345008477 4343922.023729553
3599 2806 471938.15657570056 4343921.996778682
3721 2806 474382.0347243662 4343921.958132847
3904 2806 478041.6875317073 4343921.609714978
4026 2806 480481.44629453466 4343922.003330052
2867 2867 457301.4656509669 4342701.743254682
3111 2867 462181.24199000787 4342701.682956512
3172 2867 463402.1942463407 4342701.298134951
3233 2867 464622.264886708 4342701.838819414
3294 2867 465841.9859035609 4342702.116065727
3538 2867 470721.29948480264 4342701.900387157
3599 2867 471942.0260773999 4342702.353562785
3660 2867 473161.9033407578 4342702.265436429
3904 2867 478037.7098704064 4342702.093295038
3965 2867 479261.9285211767 4342701.698548498
2806 2928 456080.80849458475 4341481.516166076
2928 2928 458522.05884432065 4341481.854922779
2989 2928 459741.6311820235 4341481.489217118
3050 2928 460961.6188722913 4341481.886729971
3111 2928 462181.43094903434 4341481.710653819
3172 2928 463402.08013485285 4341481.914217228
3599 2928 471938.463898608 4341482.247311843
3660 2928 473158.4276554893 4341482.387158216
3904 2928 478038.2633912745 4341481.5285035
2318 2989 446321.4509844592 4340260.695124985
2501 2989 449981.50606787676 4340261.451050355
2867 2989 457301.9796726036 4340261.908530698
2928 2989 458521.0964884604 4340261.747137439
2989 2989 459741.4327534323 4340261.782035469
3233 2989 464621.74198071443 4340262.410577504
3294 2989 465841.79806944245 4340261.9424175825
3355 2989 467062.4952440114 4340262.0379877025
3416 2989 468281.62519722263 4340261.764908069
3599 2989 471937.9947676238 4340261.723438618
3843 2989 476821.7080402306 4340261.769391686
2501 3050 449981.99260483764 4339041.952548679
2562 3050 451201.6530508695 4339041.778068315
2745 3050 454861.13746617327 4339041.333549123
2867 3050 457301.19848169875 4339042.063250581
3172 3050 463401.69102423714 4339041.836923915
3294 3050 465842.15139928716 4339041.579677617
3355 3050 467062.3040497519 4339041.803258746
3538 3050 470722.5905140757 4339041.95025425
3843 3050 476821.95655018813 4339041.675675468
2440 3111 448760.1640656638 4337819.7592040505
2501 3111 449981.56764367316 4337821.81522975
2806 3111 456081.84133041574 4337821.713805971
2928 3111 458521.9660657506 4337822.118782626
2989 3111 459741.5694718022 4337821.987323303
3233 3111 464622.755503726 4337822.091263019
3355 3111 467058.6240946576 4337821.663563424
3477 3111 469502.0831192327 4337822.120416236
3538 3111 470721.6637432053 4337820.945901862
3660 3111 473162.34965121816 4337822.52236874
3721 3111 474381.90895247844 4337821.759019991
3782 3111 475602.4017044279 4337821.225666765
2440 3172 448760.03649352636 4336599.961542187
2501 3172 449981.3583685089 4336601.274133737
2562 3172 451202.12186791335 4336600.90520203
2867 3172 457298.7314670497 4336601.921206496
2989 3172 459742.06824155647 4336601.440892924
3416 3172 468281.94288278924 4336601.982529232
3477 3172 469502.5671682906 4336602.230157664
3538 3172 470722.2616212146 4336602.122019654
3599 3172 471942.10511198384 4336602.164540283
3721 3172 474381.3946964299 4336601.3937057685
2684 3233 453642.1007652755 4335379.2037789775
2989 3233 459741.6412732548 4335382.059408751
3050 3233 460960.9491703395 4335381.259727563
3233 3233 464622.0335871697 4335381.728614629
3294 3233 465841.60934620147 4335381.817943405
3355 3233 467061.1466951457 4335381.642931234
3416 3233 468281.05670720414 4335382.067626223
3782 3233 475600.8432200608 4335381.824589813
2623 3294 452422.2494857167 4334161.498149103
2745 3294 454861.8600372829 4334161.471557231
3172 3294 463401.83111880254 4334162.059679659
3233 3294 464621.71363921376 4334161.9363859845
3294 3294 465841.20140468376 4334161.9734144015
3416 3294 468281.10709753237 4334161.922237876
3477 3294 469501.79222085106 4334161.975092993
3599 3294 471941.6381787483 4334162.315482446
3721 3294 474382.2621867477 4334160.858045631
3843 3294 476821.44917119684 4334161.682352975
3904 3294 478038.7501324048 4334161.907831633
2623 3355 452421.5716704165 4332941.731777943
2684 3355 453641.3890701034 4332941.7950835135
2745 3355 454861.88278170954 4332941.893325972
2989 3355 459741.67145515827 4332941.493960824
3172 3355 463401.6869308634 4332941.845640747
3538 3355 470721.78489204205 4332942.526321512
3599 3355 471941.98196707206 4332942.126956326
2623 3416 452421.32345307764 4331722.124005323
2684 3416 453641.9196387326 4331722.10680353
2806 3416 456081.4473797552 4331722.162046948
2928 3416 458521.49476737465 4331721.69476515
3172 3416 463401.9522342173 4331722.066766305
3294 3416 465841.919308669 4331721.915351028
3416 3416 468281.6568280661 4331722.1589473495
3477 3416 469502.0250688086 4331722.131079025
3538 3416 470721.9852717255 4331722.197614564
3843 3416 476822.0170096464 4331721.365144951
3904 3416 478042.0642308654 4331721.461163562
2989 3477 459741.67394040455 4330501.849361865
3050 3477 460961.82751524466 4330501.799679037
3172 3477 463400.8378434023 4330501.817129043
3294 3477 465841.94651087286 4330502.000307173
3416 3477 468281.8658832597 4330502.277501409
3477 3477 469501.6686545239 4330501.490787735
3599 3477 471941.6581550978 4330501.393741619
3721 3477 474381.54357180087 4330501.8357339045
3782 3477 475601.0744890074 4330501.745674999
2745 3538 454861.34266614454 4329281.8532790905
2806 3538 456081.78511160077 4329282.004936662
3111 3538 462182.60792975436 4329281.214110786
3355 3538 467061.619913439 4329282.10546192
3416 3538 468282.05248827743 4329282.083473479
3599 3538 471939.1913518929 4329281.500238068
2806 3599 456079.10163142154 4328061.221882144
2989 3599 459738.5063603443 4328062.53765859
3416 3599 468281.64888740814 4328062.195722903
3477 3599 469502.1665506814 4328062.125832503
3538 3599 470721.55888804665 4328061.790791694
3782 3599 475600.852099634 4328061.227759426
2379 3660 447541.6994568027 4326841.03471176
2440 3660 448761.95878878114 4326841.682112615
2501 3660 449982.24378413096 4326841.355938841
2806 3660 456081.962960518 4326841.756893325
3416 3660 468279.8400245676 4326840.322500309
3477 3660 469501.242482431 4326841.925321738
3660 3660 473161.4461189219 4326841.674169422
3782 3660 475601.0261849214 4326841.525940028
2257 3721 445102.00587132527 4325621.186141684
2440 3721 448762.47417173017 4325621.466438184
2562 3721 451201.21445434575 4325621.674663826
2623 3721 452421.3853978808 4325621.929418755
3172 3721 463401.27301646525 4325621.021448544
3233 3721 464621.23324806156 4325621.770948763
3294 3721 465840.6764255207 4325621.482641944
3416 3721 468281.2209875248 4325621.732584538
3477 3721 469501.6306045744 4325621.879547559
3538 3721 470718.9669113594 4325621.296719293
3599 3721 471941.5068432508 4325621.706732176
3660 3721 473161.84884741576 4325621.328759404
3721 3721 474381.03458787355 4325621.691514965
2318 3782 446322.5521501555 4324401.548443351
2379 3782 447541.65787313617 4324401.828985398
2562 3782 451202.01986210875 4324401.285492321
3050 3782 460961.0497388565 4324400.65340542
3111 3782 462181.146100851 4324401.5490593705
3233 3782 464621.25873529434 4324401.205441661
3294 3782 465840.7201263502 4324402.757150497
3416 3782 468281.5299159315 4324402.034315693
3538 3782 470721.68138430035 4324401.603102978
3660 3782 473161.4459212091 4324401.493921464
3721 3782 474381.54558736086 4324402.166492658
2257 3843 445101.82400260353 4323181.557554295
2440 3843 448761.96138381667 4323181.8189813355
2501 3843 449981.60593977635 4323181.8780934075
2562 3843 451201.7179714859 4323181.762054885
3111 3843 462181.5022386772 4323181.635913065
3233 3843 464620.8990815121 4323181.298928565
3294 3843 465841.830223383 4323181.422644558
3355 3843 467062.1754520751 4323181.959052192
3416 3843 468281.7665478437 4323181.962392577
3599 3843 471941.7374355191 4323181.788805066
3782 3843 475602.20680701983 4323181.901552517
2257 3904 445102.43244952086 4321961.787698306
2440 3904 448761.4518462476 4321961.532605956
2623 3904 452421.76773331646 4321961.231993283
3416 3904 468281.2694209686 4321961.725739693
3599 3904 471941.3788577872 4321961.371099252
2318 3965 446321.9452184253 4320741.336952056
2440 3965 448762.28456540935 4320741.80872648
2562 3965 451202.11602681136 4320741.905552619
2623 3965 452421.23537405854 4320741.745543589
2318 4026 446322.7898227317 4319521.751622149
2440 4026 448761.66986698646 4319521.995913734
2562 4026 451202.1292469109 4319521.709860092
3294 4026 465842.26038115483 4319521.080920268
3416 4026 468281.33039870753 4319522.708984753
3477 4026 469502.5668258496 4319522.090739661
2379 4087 447541.89746736456 4318302.09604652
2501 4087 449982.20826113696 4318301.534394222
2562 4087 451201.8253270033 4318301.527260822
3172 4087 463402.1797811759 4318300.981336109
3355 4087 467061.6145737313 4318301.881065326
3416 4087 468281.7818029663 4318301.937608359
3477 4087 469502.1087129397 4318301.398193302
3660 4087 473161.9748881565 4318301.74399799
3721 4087 474381.929927474 4318301.977216745
2379 4148 447542.5315089551 4317081.912531383
2440 4148 448761.5349909857 4317081.3490356505
3172 4148 463402.0117300889 4317082.169053962
3355 4148 467061.53797787713 4317082.115666257
3599 4148 471942.08826096234 4317081.62011962
3660 4148 473162.2476555786 4317081.592325553
3721 4148 474381.5843827904 4317081.649283517
2440 4209 448762.3515508591 4315861.678661049
2501 4209 449982.1651805842 4315861.1428205995
2562 4209 451202.1199059466 4315861.398091935
3172 4209 463402.28424568893 4315861.799552126
3416 4209 468278.80982226075 4315861.762995057
3477 4209 469501.8815161828 4315861.900516159
3599 4209 471941.18665233976 4315861.686071176
2501 4270 449982.0541301793 4314641.40151938
3172 4270 463400.8178401829 4314641.123910733
3355 4270 467061.3077337621 4314641.693141236
3416 4270 468281.5840707081 4314641.568811252
3599 4270 471941.72075330844 4314641.447608873
2501 4331 449982.3672836424 4313421.202052591
2562 4331 451201.95835641393 4313420.9978520265
3233 4331 464621.07765327266 4313421.757254466
3660 4331 473161.1979199034 4313421.915397674
3477 4392 469501.8637587941 4312201.074448067
3538 4392 470721.5908127715 4312201.844977711
3660 4392 473161.1478429728 4312200.708052055
3416 4453 468281.37101706513 4310981.624211335
3538 4453 470721.9364631964 4310982.015510339
3599 4453 471938.4069546299 4310981.962656857
3416 4514 468282.08132413443 4309761.831839731
3538 4514 470722.082673714 4309762.064293138
3599 4514 471938.4327487017 4309761.867141035
3416 4575 468281.45078250556 4308542.060961142
3538 4575 470721.760232831 4308540.983963943
3355 4636 467058.70952256006 4307321.366753327
3416 4636 468282.10002550826 4307322.201351197
