4575 0 491458.96511895163 4500002.81359624
4880 0 497561.8246259474 4500003.185145868
5063 0 501220.4649454297 4500003.6278131455
4575 61 491461.2298871419 4498782.920612514
4941 61 498781.9581448924 4498783.968019356
5063 61 501221.98489154485 4498784.005489313
5124 61 502439.0047207886 4498783.706697448
4514 122 490238.9677921096 4497564.312236354
5063 122 501221.9997744662 4497564.491375847
5002 183 500001.9134057741 4496344.631856899
5124 183 502438.16342302866 4496344.17439849
5185 183 503661.4898559267 4496344.104280238
4941 244 498777.6194038805 4495124.603941158
5002 244 500001.2319168639 4495123.528379384
5063 244 501217.3462773768 4495122.4672371475
4758 305 495120.59054707026 4493904.256882936
4941 305 498781.89178212004 4493904.522178022
5185 305 503661.51295927033 4493903.091686774
4636 366 492678.9075023508 4492683.600767715
5246 366 504881.3336903293 4492684.842760332
4636 427 492681.74365761253 4491463.006473856
5185 427 503662.3248077522 4491463.4383160565
5063 488 501222.0331689925 4490243.559206604
5368 488 507321.4966859562 4490243.544536228
4636 549 492681.18216806196 4489024.072140822
5246 549 504880.7239176866 4489023.280329203
5307 549 506099.57304348267 4489023.839882902
5368 549 507320.6051231726 4489023.542487149
4636 610 492680.5201119809 4487802.781452412
5002 610 500001.22308723384 4487804.374463543
5246 610 504882.50651772326 4487803.113366588
5307 610 506101.8293804914 4487803.367667451
5429 610 508541.17979322636 4487803.052159399
5124 671 502441.72925516404 4486582.029863098
5185 671 503661.82512695715 4486584.27297912
5429 671 508542.1289024474 4486585.166493432
4697 732 493901.41594593925 4485364.482129342
4941 732 498778.00431448227 4485364.027386093
5185 732 503658.66297953884 4485362.556769014
5429 732 508539.50567735505 4485363.029907477
5124 793 502440.7866593141 4484144.682992794
5246 793 504880.89853550284 4484143.652819537
5307 793 506100.09920606745 4484143.847448643
5429 793 508538.5549675787 4484143.83543041
4758 854 495118.42841452936 4482923.856225881
4880 854 497558.3601761569 4482922.034979114
5063 854 501218.8235976578 4482922.359119998
5185 854 503662.99452544126 4482923.776848586
5246 854 504880.89295362396 4482924.711347478
5307 854 506101.846131905 4482924.54477471
5368 854 507321.2173548219 4482923.717444603
5429 854 508540.9473650682 4482924.420042446
5002 915 500001.18089976005 4481704.144353964
5124 915 502441.0818187061 4481704.748399808
5185 915 503659.8538049754 4481704.524400741
5246 915 504881.45662754856 4481704.5580002135
5307 915 506100.69336371846 4481704.304734125
5368 915 507322.6486470212 4481704.610309243
5429 915 508541.7011659508 4481704.130152785
4819 976 496341.8203014233 4480484.41829504
4880 976 497560.54771971604 4480484.198112325
4941 976 498781.120723424 4480483.577851479
5002 976 500001.7481419886 4480484.129097255
5185 976 503659.2361306039 4480483.240944849
5246 976 504880.49029913277 4480483.578648284
5307 976 506098.20618251356 4480484.985064902
5368 976 507319.34018999414 4480483.1090456415
4819 1037 496340.9771597128 4479261.813450626
5185 1037 503662.2393602018 4479263.770964085
5246 1037 504881.969279965 4479264.040618774
5368 1037 507318.01683985785 4479263.522338472
5490 1037 509761.6812089594 4479264.534241757
4880 1098 497560.058335362 4478043.288719245
4941 1098 498781.50913152454 4478044.355320307
5124 1098 502439.355683715 4478043.638119902
5185 1098 503659.39552651864 4478043.630493319
5246 1098 504881.0522578789 4478043.781313055
5307 1098 506101.88272173895 4478043.205907061
5368 1098 507322.80533871066 4478043.868988193
5429 1098 508542.08000015875 4478043.427998342
5490 1098 509761.81490510324 4478042.685368884
4941 1159 498778.9818223943 4476824.476546373
5063 1159 501218.94273891114 4476823.768034507
5185 1159 503659.20970328123 4476823.066619044
5246 1159 504880.86053314834 4476823.221900503
5368 1159 507320.7381106627 4476823.460520906
5429 1159 508541.38557992404 4476823.8413193235
5246 1220 504881.06156339135 4475603.993925487
5429 1220 508539.76971378183 4475603.378547071
5063 1281 501219.1773457084 4474383.97045069
5124 1281 502441.19060311996 4474384.388334368
5246 1281 504881.843920158 4474383.421481802
5063 1342 501221.2254184374 4473164.710199745
5124 1342 502438.3978531509 4473162.494465182
5185 1342 503660.6078493775 4473164.701516682
5246 1342 504880.6187996281 4473164.322468841
5307 1342 506101.5399318673 4473164.119248167
5002 1403 500001.9930632906 4471944.4229396265
5063 1403 501220.71540125663 4471944.650854569
5185 1403 503660.9697080804 4471944.277951594
5246 1403 504881.3703813773 4471944.452979624
5307 1403 506101.26955966564 4471946.0534687005
5246 1464 504879.3456192512 4470723.785992507
5307 1464 506098.6577958851 4470723.864470396
5368 1464 507321.71374500694 4470724.4583267085
5429 1464 508541.7097390496 4470724.9669869775
5490 1464 509762.01652235916 4470723.972240659
5063 1525 501220.3199851174 4469503.649272637
5124 1525 502441.1200376718 4469503.396613931
5246 1525 504882.2512174736 4469504.314331107
5307 1525 506101.81255946466 4469504.001827707
5368 1525 507322.2876680368 4469503.855456196
5429 1525 508541.43430101156 4469503.960946972
5490 1525 509761.4354117955 4469503.722550924
5124 1586 502441.22906766407 4468283.6643886715
5185 1586 503660.5826518546 4468283.792847379
5246 1586 504882.16308892245 4468284.3095393125
5307 1586 506101.71770486224 4468284.008817589
5368 1586 507322.3346879151 4468284.491283581
5429 1586 508542.9123453429 4468284.72256936
5002 1647 500001.975364568 4467063.378903797
5124 1647 502442.10855088796 4467063.676680255
5185 1647 503661.64223834063 4467063.709714778
5246 1647 504882.24174639466 4467064.1824190235
5307 1647 506101.38794275076 4467064.099835173
5368 1647 507321.3438322377 4467063.799383067
5429 1647 508538.58808459126 4467064.1877809325
5063 1708 501220.85144521267 4465844.500554411
5124 1708 502441.22084289376 4465844.341502518
5185 1708 503661.2961873741 4465843.959357541
5246 1708 504882.15160248545 4465844.104377536
5307 1708 506101.75889639393 4465843.701800324
5368 1708 507322.07380207645 4465843.8148515085
5429 1708 508542.9251698429 4465843.435247382
4819 1769 496341.1721031482 4464623.753762376
4880 1769 497561.7635422489 4464624.408617105
4941 1769 498781.24277597776 4464624.732902399
5002 1769 500001.3350783835 4464626.577153316
5124 1769 502441.7060271629 4464624.968342146
5185 1769 503661.90071636945 4464624.8537987545
5246 1769 504881.5489969877 4464624.460983327
5307 1769 506101.4054359604 4464624.581894636
5368 1769 507320.95716982917 4464623.744736744
5429 1769 508541.3194147297 4464624.6511765085
4819 1830 496342.64722300944 4463404.180646277
4880 1830 497561.41314405005 4463403.3157348735
4941 1830 498781.5925766661 4463404.699281537
5002 1830 500001.1228890014 4463404.585096898
5124 1830 502441.4272342116 4463405.874257128
5185 1830 503661.3896597619 4463404.936083217
5307 1830 506101.4659006996 4463406.047756792
5368 1830 507321.06852229685 4463405.734425866
5429 1830 508539.3614082414 4463406.207089888
4819 1891 496342.43849394564 4462184.931021546
4880 1891 497562.49804041226 4462184.702667953
4941 1891 498782.5613606846 4462184.474759761
5063 1891 501222.32471528446 4462184.353826685
5124 1891 502441.483962424 4462184.235789608
5185 1891 503661.60868475866 4462184.047800621
5246 1891 504881.4529265454 4462184.767947926
5307 1891 506102.47790319525 4462184.449689663
5368 1891 507322.65330597974 4462185.899097361
5429 1891 508541.16386399633 4462187.440832304
4880 1952 497561.18517131126 4460964.529169988
4941 1952 498782.51812758774 4460964.091818306
5002 1952 500002.5290353678 4460964.565255362
5063 1952 501222.4067546138 4460964.247124651
5124 1952 502442.4364074957 4460964.293006429
5246 1952 504882.31484187476 4460964.282435262
5368 1952 507321.65688043006 4460964.202535722
5429 1952 508542.09099016065 4460964.568406681
4880 2013 497561.8791590519 4459743.989389782
4941 2013 498782.419921363 4459744.44388555
5002 2013 500002.92960497347 4459744.316422719
5063 2013 501222.1674856881 4459744.481169966
5124 2013 502441.79954797507 4459744.061290052
5246 2013 504882.3131793322 4459743.847617172
5368 2013 507322.7568157213 4459743.731339423
5429 2013 508542.35703405715 4459744.092738113
5490 2013 509761.23330199806 4459743.571733387
4819 2074 496340.468746002 4458523.315632462
4880 2074 497561.1934166108 4458523.198986647
4941 2074 498780.9035690086 4458523.1655282
5002 2074 500002.1151186378 4458523.169243973
5063 2074 501222.4369570121 4458523.602400463
5185 2074 503662.29086902016 4458523.647734433
5246 2074 504882.19736127206 4458523.801189653
5307 2074 506102.6422470497 4458523.892866856
5368 2074 507322.279555672 4458523.785844239
5429 2074 508542.44755876274 4458523.213742865
5490 2074 509762.24548794766 4458523.266171756
4880 2135 497561.52131762746 4457304.544955774
4941 2135 498778.7237053387 4457304.464719084
5002 2135 499998.83753783355 4457304.440763827
5063 2135 501223.1911362003 4457304.357526935
5124 2135 502439.4938492953 4457303.9705495285
5185 2135 503661.05899902486 4457303.65984683
5307 2135 506101.6793139084 4457303.864275807
5368 2135 507322.36152963183 4457303.315400425
4636 2196 492677.9467123223 4456082.794648103
4697 2196 493901.7708665391 4456084.667494884
4758 2196 495121.11481045553 4456084.638736687
4819 2196 496341.5973007569 4456084.842612611
4880 2196 497561.02311243396 4456084.773963631
4941 2196 498781.37583667523 4456083.896268274
5002 2196 500001.7827000459 4456084.692669299
5063 2196 501218.48492069903 4456084.787524926
5124 2196 502443.67002668395 4456085.333336236
5307 2196 506100.93727502885 4456082.848018716
4697 2257 493902.24888769665 4454864.175136423
4758 2257 495121.69968776515 4454864.487824362
4819 2257 496342.254713138 4454865.396124581
4880 2257 497560.8344893306 4454864.6718259035
4941 2257 498781.3169337997 4454864.749563239
5002 2257 500001.86107318394 4454864.954607802
5063 2257 501221.7040342369 4454866.760619546
5124 2257 502441.95115819736 4454866.801186716
5185 2257 503661.82522328326 4454864.7592958
5368 2257 507319.134814387 4454864.562079441
4697 2318 493901.3338177774 4453642.6040176395
4880 2318 497562.09022446274 4453644.722294935
4941 2318 498781.77882727335 4453644.476145596
5002 2318 500001.5101630216 4453644.285056752
5063 2318 501221.57914296334 4453644.75366308
5124 2318 502441.63470280624 4453644.726885175
5185 2318 503660.90400786744 4453646.27534481
5368 2318 507322.712223495 4453644.926365105
5429 2318 508541.90248134127 4453646.285513625
5002 2379 500002.40205233434 4452424.286431733
5063 2379 501221.62067555764 4452424.5726041095
5124 2379 502441.97021548165 4452423.997983428
5185 2379 503660.87095885404 4452424.348053192
5368 2379 507322.1221609457 4452424.962601845
5429 2379 508541.9103503425 4452422.990810133
5063 2440 501222.40253354557 4451203.929862703
5124 2440 502442.38270983996 4451203.888599992
5185 2440 503662.5647934009 4451203.465755412
5124 2501 502441.7544006233 4449983.470632137
5185 2501 503662.28584150976 4449983.348063519
5246 2501 504882.10055383306 4449983.587756531
5124 2562 502440.9949780458 4448763.249614147
5185 2562 503661.00578686845 4448762.9640645
5246 2562 504881.4130877763 4448763.564955703
5185 2623 503661.5214262452 4447544.740643725
5246 2623 504880.380778386 4447543.732713345
