4453 0 489022.5530978048 4500003.116401295
4575 0 491462.8606303823 4500002.2049345
4880 0 497562.9490839309 4500002.374323153
4331 61 486583.371278441 4498781.854739873
4575 61 491463.2461300704 4498781.23868674
4636 61 492683.0498441622 4498783.914996553
4941 61 498784.0010929838 4498783.711577785
5002 61 500003.6043873548 4498783.653688072
5063 61 501223.2847222626 4498784.268122059
4697 122 493904.60657599 4497564.242493394
5002 122 500002.9906823437 4497562.825077381
5124 122 502444.7151972217 4497564.18854108
5185 122 503664.1441877485 4497564.180820541
5246 122 504883.42541001464 4497562.925313289
4880 183 497563.60529618355 4496342.95211317
5002 183 500004.00463258557 4496344.398553788
5124 183 502443.8007474359 4496344.463471863
5185 183 503663.8407073173 4496343.788445782
4453 244 489023.7144687552 4495124.541578045
4941 244 498783.89126165386 4495124.713848714
5002 244 500002.68106273183 4495122.062155808
5246 244 504883.7077999423 4495124.437429591
4758 305 495123.4474282666 4493904.429753844
4941 305 498783.37093485164 4493903.929596904
5307 305 506103.0958048444 4493903.086464283
5368 305 507322.4144587731 4493903.809924502
5307 366 506102.4589762509 4492683.04112778
5368 366 507324.0137606697 4492683.742548363
4636 427 492682.0933217792 4491462.309552105
5002 427 500004.78262159176 4491462.571534151
5124 427 502444.9218998754 4491464.272676399
5185 427 503663.6318388456 4491462.733250672
5307 427 506102.42384866206 4491461.995860879
5368 427 507322.6003807373 4491462.5743208965
5429 427 508543.213838494 4491463.120932513
5490 427 509761.6422148528 4491461.673824291
4575 488 491463.8069569055 4490243.059828554
4880 488 497563.6387832128 4490242.246324228
5063 488 501222.83592137415 4490242.921101989
5124 488 502444.80781637825 4490244.540181103
5368 488 507324.0997208273 4490243.475789765
5429 488 508543.62325894384 4490243.330993517
4636 549 492683.532123291 4489023.097801327
4941 549 498784.1078739104 4489023.007064403
5124 549 502442.91858077294 4489023.008486336
5368 549 507322.9385369633 4489023.373497662
5429 549 508542.385362367 4489023.929619461
4636 610 492681.6067691697 4487803.192130738
5002 610 500004.1395618255 4487804.190394201
5429 610 508543.34720192687 4487803.253985569
5490 610 509762.6197847541 4487801.736465436
4758 671 495123.9621203829 4486582.91956074
5063 671 501223.64490773744 4486585.114905965
5124 671 502441.5728535948 4486582.099981754
5185 671 503662.62584019353 4486583.966912111
5246 671 504883.7791010424 4486584.348453709
4697 732 493904.0718707627 4485363.333935992
4758 732 495124.3104397284 4485362.240634655
4941 732 498783.20444841887 4485362.760527739
5185 732 503662.92806302506 4485363.162176041
5429 732 508542.4167202777 4485362.793315966
4819 793 496343.3697580473 4484143.598503267
5124 793 502442.6286464316 4484142.596708389
5246 793 504882.68180436635 4484143.081817651
5307 793 506102.8312874332 4484143.398177197
5429 793 508543.1155993111 4484142.9868516065
4758 854 495123.01495890185 4482923.001211907
4819 854 496341.566744143 4482924.422037776
5185 854 503664.0178991762 4482922.926216018
5246 854 504883.2307807957 4482924.002825528
5307 854 506104.37413350516 4482924.125537351
5368 854 507323.4439168583 4482923.715222705
5429 854 508544.1533889456 4482923.878741268
4941 915 498783.0219475242 4481702.397524628
5002 915 500004.1963970991 4481703.072046422
5124 915 502443.98129859 4481703.503027026
5185 915 503664.5776896388 4481704.016787157
5246 915 504884.63073492085 4481704.507608567
5307 915 506104.14243824175 4481704.153910006
5429 915 508543.80212421494 4481703.347914531
4819 976 496344.1870935717 4480484.148239403
4880 976 497563.414599784 4480483.007395579
4941 976 498783.4524735151 4480483.221291706
5002 976 500004.1271303913 4480483.023716179
5185 976 503663.2236231118 4480482.8480016645
5246 976 504882.5130696076 4480482.1333439
5307 976 506103.70101574186 4480483.784330044
5429 976 508544.34606035554 4480483.088823847
5185 1037 503663.84495428734 4479262.5511301635
5246 1037 504884.2647380023 4479262.878680354
5368 1037 507323.24963773123 4479262.073349539
5490 1037 509762.6262139871 4479261.524490211
4880 1098 497562.80517524545 4478042.632099899
4941 1098 498783.913047821 4478043.249678278
5124 1098 502443.21108114487 4478042.001084183
5185 1098 503662.8407185421 4478042.868599868
5246 1098 504883.12862757203 4478043.072346584
5307 1098 506103.6269112729 4478042.894861289
5368 1098 507324.4260316311 4478043.324365886
5429 1098 508544.254812326 4478043.335784507
4941 1159 498782.93246696034 4476822.880454842
5063 1159 501224.17400256195 4476822.74041531
5185 1159 503664.0728302076 4476822.672364488
5246 1159 504884.13503098657 4476823.315111357
5307 1159 506103.7009627127 4476822.823623367
5368 1159 507323.30517944874 4476822.706368423
5429 1159 508543.54942557967 4476823.888571511
5124 1220 502443.0533589166 4475601.175932049
5246 1220 504884.6217376185 4475604.0557236085
5307 1220 506104.4851968912 4475603.735582705
5368 1220 507323.01183990284 4475602.656928374
5063 1281 501224.85883175564 4474384.071597752
5124 1281 502444.7460754867 4474384.641271376
5185 1281 503664.1363562592 4474384.179574354
5246 1281 504883.70086515433 4474383.856739409
5307 1281 506103.6597922695 4474384.738658926
5368 1281 507323.80706440913 4474381.339205718
5063 1342 501224.7492444741 4473163.813861411
5185 1342 503663.1113406784 4473163.223263062
5246 1342 504883.9370750239 4473163.137284429
5307 1342 506104.5052312343 4473163.187246528
5368 1342 507324.5371436992 4473163.5282607665
5002 1403 500004.2439409867 4471943.755265153
5063 1403 501224.4625036559 4471943.348748949
5124 1403 502443.686637429 4471942.9511438655
5185 1403 503664.5793974876 4471943.052556306
5307 1403 506104.2839443416 4471943.015504612
5429 1403 508543.4610268323 4471941.662227188
5246 1464 504884.1651635322 4470722.918098258
5307 1464 506104.3462109003 4470722.123210545
5368 1464 507324.0112546285 4470722.805697182
5429 1464 508543.90280674794 4470723.2828250695
5063 1525 501223.9144057658 4469502.894841103
5124 1525 502444.23039279983 4469502.51163825
5246 1525 504883.0641653017 4469503.553469636
5307 1525 506102.63021968515 4469503.331192229
5368 1525 507323.01212877315 4469503.254888115
5429 1525 508543.5945430034 4469503.519534601
5490 1525 509763.25170414365 4469503.007063917
5124 1586 502443.8772869425 4468284.095012843
5185 1586 503663.8160682793 4468283.994212055
5307 1586 506104.7684816803 4468284.2418527305
5368 1586 507324.51463637425 4468284.38744274
5429 1586 508544.2113180248 4468284.563934863
5002 1647 500004.6866475354 4467062.857432652
5124 1647 502444.47423749685 4467064.142214685
5185 1647 503664.3419817935 4467064.060440419
5246 1647 504883.8382209787 4467064.876089767
5307 1647 506103.8321439735 4467064.272780321
5368 1647 507324.0364916498 4467064.1001870455
5429 1647 508543.3219271357 4467064.202695049
5490 1647 509764.04795110703 4467064.819187825
5063 1708 501224.5627855399 4465844.456300653
5124 1708 502443.59892298403 4465843.943276725
5185 1708 503664.0517668051 4465843.699798709
5246 1708 504884.65759394754 4465843.712910579
5368 1708 507324.192644513 4465843.912104143
5429 1708 508543.709086052 4465843.594372929
4819 1769 496344.1603323352 4464622.744286172
4880 1769 497564.1784764473 4464623.587747177
4941 1769 498784.1105413619 4464624.089922673
5063 1769 501224.45218468655 4464624.543297144
5124 1769 502444.2048025555 4464623.143373976
5185 1769 503664.61070607876 4464623.785859603
5246 1769 504884.1943940545 4464623.513723552
5307 1769 506103.82495171286 4464623.613440814
5368 1769 507323.0273329531 4464622.572442057
5429 1769 508543.57987650216 4464623.079264764
4819 1830 496344.78894070326 4463403.620229198
4880 1830 497562.91514198127 4463402.480507669
4941 1830 498783.7695979749 4463403.437365051
5002 1830 500003.59677926486 4463403.283008148
5124 1830 502443.5455957785 4463403.325555492
5185 1830 503663.22994921834 4463403.109861452
5307 1830 506103.59403571225 4463402.933636936
5368 1830 507323.78534267837 4463402.973596291
5429 1830 508544.19264525204 4463403.13441347
4819 1891 496343.74727693846 4462183.6119444985
4880 1891 497564.6593268083 4462183.43994711
4941 1891 498784.42717402586 4462183.069315732
5063 1891 501223.7886871754 4462182.521892797
5124 1891 502443.2760758559 4462182.580088162
5185 1891 503663.3362421488 4462182.858348878
5246 1891 504883.5629758056 4462183.084343729
5307 1891 506103.3628752292 4462182.754645611
5368 1891 507322.7388004083 4462183.290199961
5429 1891 508543.14343039924 4462183.368561396
4880 1952 497562.6793230569 4460962.727718584
4941 1952 498783.1405513639 4460962.604566768
5002 1952 500003.23174301325 4460963.280637213
5063 1952 501223.6354141691 4460963.179250587
5124 1952 502444.3351397976 4460963.755768256
5246 1952 504883.70859339327 4460962.516046473
5368 1952 507323.16826545255 4460963.438993428
5429 1952 508543.5061329119 4460963.474301689
4880 2013 497562.7193112318 4459742.760687414
4941 2013 498783.0743348913 4459743.251226624
5002 2013 500003.3947042016 4459742.844397165
5063 2013 501223.43609713454 4459743.641377875
5124 2013 502443.0600174121 4459743.063406872
5185 2013 503662.594113188 4459742.546790064
5246 2013 504883.28413064126 4459743.61748861
5368 2013 507324.53875010833 4459744.423558356
5429 2013 508544.6605000211 4459744.738013849
4819 2074 496343.7336618332 4458522.897139899
4880 2074 497564.6336874813 4458523.902384794
4941 2074 498784.1144946862 4458523.49169698
5002 2074 500004.3232441969 4458524.449167416
5063 2074 501223.6811874742 4458524.2452271795
5185 2074 503663.7939188204 4458523.594896691
5246 2074 504883.6428511946 4458523.728798985
5307 2074 506104.09257661516 4458523.501586349
5429 2074 508543.8789118472 4458523.484327838
5490 2074 509763.4970691602 4458523.680278165
4819 2135 496343.78569275304 4457304.101442572
4880 2135 497564.9560876566 4457304.522988091
4941 2135 498783.25933395664 4457304.16055379
5002 2135 500003.98375307984 4457304.149645014
5063 2135 501225.3291880391 4457304.171723702
5124 2135 502444.0534360011 4457303.637531314
5185 2135 503664.927143803 4457304.6437664395
5307 2135 506103.7665431452 4457303.623302592
4697 2196 493904.40659689094 4456084.432338344
4758 2196 495123.95289985277 4456083.884591368
4819 2196 496344.00321308646 4456083.107121989
4880 2196 497564.15486024483 4456083.276362218
4941 2196 498783.6046896854 4456082.675484788
5002 2196 500004.55558171694 4456083.44029269
5063 2196 501224.2116265086 4456083.8069315525
5124 2196 502444.1228758627 4456084.291922021
5185 2196 503663.97582462546 4456083.102213444
5368 2196 507324.06103383226 4456083.134704305
5429 2196 508543.1009462446 4456082.988017812
4636 2257 492682.9032690582 4454862.784109225
4697 2257 493903.5354848169 4454862.75161254
4758 2257 495124.8184394386 4454864.520634001
4880 2257 497563.9549101077 4454862.919075114
4941 2257 498783.8931136384 4454862.600978313
5002 2257 500003.82012314664 4454862.385095659
5063 2257 501223.8385290671 4454862.45842675
5124 2257 502443.33259101945 4454862.118653636
5368 2257 507322.56373435335 4454863.107246447
4880 2318 497563.7356491865 4453643.799974197
4941 2318 498784.08877832495 4453643.443197236
5002 2318 500004.2797671574 4453643.313929248
5063 2318 501224.11446632893 4453642.898286104
5124 2318 502444.0731863985 4453642.6044906955
5185 2318 503663.86070526595 4453642.347037225
5307 2318 506104.3393574313 4453641.6352821365
5368 2318 507324.4361060597 4453643.02218748
5429 2318 508543.8008029684 4453643.613876115
4880 2379 497563.2708344827 4452421.898839026
5002 2379 500003.43079828034 4452422.567894935
5063 2379 501222.7578693492 4452422.962488445
5124 2379 502443.3174312181 4452422.9545032
5185 2379 503663.7443860898 4452423.043838441
5246 2379 504884.206450526 4452423.561080494
5307 2379 506104.6442915019 4452424.3292087065
5368 2379 507323.98318847 4452423.488504888
5429 2379 508544.69772209675 4452424.181048316
5490 2379 509763.84078349784 4452421.847842177
5063 2440 501224.33344581287 4451203.247709533
5124 2440 502444.2071316305 4451202.988226974
5185 2440 503664.30646946613 4451202.770825239
5246 2440 504883.31041207357 4451203.0165674025
5307 2440 506103.5694620327 4451204.016641489
5368 2440 507323.4086573196 4451203.659082839
5429 2440 508544.1049317535 4451204.353222993
5490 2440 509762.8948391651 4451203.322012954
5124 2501 502444.8159292135 4449984.061865668
5185 2501 503664.99197360076 4449983.688877805
5246 2501 504884.9299475619 4449983.79412943
5307 2501 506104.92801933887 4449984.602100602
5368 2501 507323.6892097747 4449983.726205059
5429 2501 508544.92078590987 4449983.787561438
5124 2562 502443.83035612485 4448763.407263382
5185 2562 503664.0723796657 4448762.874331204
5246 2562 504884.52887132764 4448763.567909169
5307 2562 506104.46089879336 4448764.247882738
5368 2562 507324.1415080274 4448763.310653905
5429 2562 508544.4785020039 4448763.62343837
5185 2623 503664.1893988065 4447543.311417613
5246 2623 504883.46116164123 4447543.443675239
5368 2623 507323.35735219624 4447542.660149027
5429 2623 508543.91385948256 4447542.292932513
