4270 3721 385403.2259490658 4625629.029473978
4392 3721 387843.57116646634 4625628.475163987
4453 3721 389061.95325394155 4625627.93819441
4331 3782 386621.70327893033 4624408.156895901
4392 3782 387842.49768893997 4624408.036729511
4453 3782 389063.9376128629 4624409.183678328
4514 3782 390283.8279431621 4624408.046212283
4392 3843 387841.0971293278 4623189.120016482
4636 3843 392723.1238961239 4623188.3003661465
4148 3904 382963.24249559426 4621972.867849385
4148 3965 382963.5676569813 4620751.598119908
4270 3965 385402.1065038289 4620751.395989352
4758 3965 395162.02742119593 4620751.890005761
4819 3965 396382.9058871665 4620749.422283829
4880 3965 397603.2989761565 4620747.775078069
4270 4087 385402.36617516994 4618309.312901672
5063 4087 401262.35178623896 4618312.1387989735
4331 4148 386622.83476265764 4617092.929169688
4880 4148 397601.36112471874 4617092.778623577
4941 4148 398822.04043443094 4617084.619778374
4148 4209 382962.9300666698 4615871.943686749
4697 4209 393941.571977898 4615871.906607479
4758 4209 395162.4883189407 4615872.212225859
4636 4270 392722.02949944435 4614652.61145703
5002 4270 400043.94354947255 4614652.4645039765
4087 4331 381743.24078982056 4613427.643054078
4514 4331 390283.098771381 4613432.752421781
5124 4392 402483.2479730336 4612204.196342618
4819 4453 396382.21309068945 4610992.939879396
4087 4514 381741.6726380452 4609764.771282796
4148 4514 382963.94921314076 4609764.318392088
4392 4514 387843.1517962725 4609763.641129626
5185 4575 403701.97325030994 4608547.354298327
5307 4575 406144.2922404793 4608550.875287363
3965 4636 379303.10764813964 4607331.13876173
4514 4636 390282.67286606366 4607332.417280991
3965 4697 379296.92143878125 4606103.098538637
4941 4758 398822.6971139813 4604890.587331177
5124 4758 402483.59451872203 4604888.80671497
4636 4819 392722.5248960804 4603672.215054251
4758 4819 395162.09215781174 4603672.442257362
4270 4880 385403.0371573932 4602451.586861782
4331 4880 386623.2463842555 4602452.01190866
5185 4880 403703.24399787403 4602448.961448619
4392 4941 387838.1377180043 4601226.384452077
4453 4941 389061.964132989 4601232.613027675
4758 4941 395163.14327543805 4601231.833961059
4819 4941 396382.13724151446 4601224.912500241
5307 4941 406142.741991813 4601223.724718843
5124 5002 402483.10342370125 4600007.672603214
5246 5002 404922.8560082324 4600012.778908713
4758 5063 395163.5281558564 4598783.614356872
4819 5063 396383.0207887329 4598788.73782474
5307 5063 406143.69979667704 4598792.495445099
4087 5124 381742.08336530824 4597564.536141441
4575 5124 391500.9675262326 4597571.709807931
4636 5124 392722.36180172866 4597572.836669172
4819 5124 396383.20060892706 4597567.900338318
4880 5124 397604.6430247586 4597567.7872713655
5124 5124 402482.56007262913 4597564.879144912
5246 5124 404922.4701035507 4597572.301254382
5429 5124 408584.54021959676 4597568.679483761
4575 5185 391502.57541598286 4596352.570160549
4697 5185 393943.69873228297 4596351.622347737
4880 5185 397602.28727483883 4596350.9489327045
5124 5185 402482.79567565577 4596347.349058528
4758 5246 395163.0284650911 4595132.49033405
4941 5246 398822.4871463991 4595127.289430702
5063 5246 401263.2321281676 4595127.026474254
5368 5246 407363.149695743 4595132.568166293
4941 5307 398823.7041001168 4593906.301607369
5307 5307 406143.8708470657 4593913.606174433
5368 5307 407363.9877501368 4593908.798023877
3904 5368 378082.58712786925 4592684.40690347
4392 5368 387844.9464957061 4592684.625055614
4636 5368 392718.32605496835 4592684.470939099
5368 5368 407364.04543370905 4592692.033889189
4941 5429 398818.11547616345 4591471.356663868
5307 5429 406142.95668776636 4591471.858624641
5368 5429 407363.7866582376 4591470.61599782
