61 1098 601222.6805668686 4578059.397885738
61 1220 601222.8878342756 4575619.212496511
122 1220 602442.1482620806 4575621.426923171
244 1220 604882.4002353417 4575619.125960548
61 1281 601221.962062594 4574400.5823623035
183 1281 603662.0673679182 4574400.932440273
244 1281 604882.751858194 4574401.715667547
305 1281 606101.3823215318 4574401.48834388
61 1342 601221.592313339 4573178.546130333
122 1342 602442.3856287851 4573179.150827754
183 1342 603662.2647969541 4573181.494389087
244 1342 604882.6017649003 4573178.82883996
427 1342 608541.4434598419 4573178.152331211
610 1342 612201.6183061475 4573177.996237706
122 1403 602442.4129035895 4571958.879491348
366 1403 607321.4214681205 4571958.904740108
61 1464 601222.2334223299 4570741.059451185
305 1464 606102.6257305157 4570739.037937193
488 1464 609758.7507177116 4570738.641794613
549 1464 610981.5888729226 4570738.876556475
671 1464 613421.7410682947 4570740.939251192
122 1525 602442.589799051 4569521.636032833
183 1525 603662.2476934509 4569518.583787568
305 1525 606102.0558339534 4569521.405960501
366 1525 607322.220930646 4569518.34857812
427 1525 608542.7416700097 4569518.734242433
488 1525 609762.7256730903 4569518.205332116
732 1525 614642.3290606337 4569518.995795757
976 1525 619519.0849193974 4569520.434914026
61 1586 601222.6677113703 4568299.146228459
122 1586 602442.472550713 4568301.732945069
183 1586 603662.7052072837 4568299.109732701
366 1586 607322.8964016087 4568298.343112604
427 1586 608541.8511165527 4568298.617521669
549 1586 610981.5752283946 4568298.66035737
915 1586 618301.1585995575 4568300.786178551
1037 1586 620742.586651162 4568300.12491119
61 1647 601222.7434616444 4567081.945712253
183 1647 603662.3376707642 4567078.431892114
244 1647 604881.7685062864 4567079.24464568
366 1647 607322.2828978063 4567081.695032692
427 1647 608541.6889627138 4567078.434116476
671 1647 613422.2797103233 4567078.932518058
732 1647 614641.800532276 4567079.044229127
854 1647 617082.1423107324 4567078.637998975
915 1647 618301.9437115802 4567078.70220127
976 1647 619521.9079442709 4567078.721298586
1159 1647 623181.6722577425 4567078.346596268
61 1708 601222.7852366572 4565861.145881105
122 1708 602442.6357845986 4565858.082845586
244 1708 604883.2288965877 4565858.56962234
305 1708 606102.8965162211 4565861.660522014
366 1708 607321.5960624857 4565858.723824475
427 1708 608538.2490445642 4565861.095792609
549 1708 610982.091115839 4565858.769032474
610 1708 612201.483755175 4565858.714082701
732 1708 614641.8035606497 4565858.537698274
854 1708 617082.3067626467 4565858.168964356
976 1708 619522.1173828825 4565858.710826517
1098 1708 621962.2833905249 4565858.686001278
1159 1708 623182.7620733196 4565858.48065348
1220 1708 624402.2204171258 4565858.17678276
1342 1708 626838.5381092628 4565858.888595458
1403 1708 628062.3724672234 4565859.32349028
61 1769 601222.4351214999 4564638.722148885
122 1769 602442.0508260451 4564638.912463483
244 1769 604882.4085338388 4564638.624068638
305 1769 606101.5532654107 4564638.921970135
610 1769 612200.9974593221 4564638.93885421
671 1769 613421.4424699318 4564638.55437369
732 1769 614641.7443384823 4564638.582021371
854 1769 617081.6139173482 4564638.071527357
1037 1769 620742.1538616469 4564638.712616784
1159 1769 623181.9913441391 4564638.303879728
1220 1769 624401.9530890707 4564638.322442508
1281 1769 625622.2270865908 4564638.697740488
1403 1769 628061.9159861227 4564640.356679417
1525 1769 630501.9196566526 4564638.9704675935
122 1830 602442.9498301164 4563418.423431889
183 1830 603660.9627463942 4563420.767849829
305 1830 606101.1112303619 4563421.997986838
366 1830 607321.3709814568 4563418.880034606
488 1830 609761.7623596685 4563418.460696937
549 1830 610979.6862907292 4563417.893418433
610 1830 612201.545990008 4563418.5063562235
671 1830 613421.9667589925 4563418.441026126
732 1830 614641.8975072262 4563418.502279708
976 1830 619522.2460287074 4563418.101811276
1037 1830 620741.9900710806 4563418.324307247
1098 1830 621961.5681212917 4563418.858169169
1159 1830 623182.3695911956 4563418.923097932
1281 1830 625622.6977866723 4563418.407354701
1342 1830 626842.5986801023 4563418.668061251
1403 1830 628061.613553692 4563418.3109797025
61 1891 601222.6784772116 4562198.871075233
122 1891 602442.0999635999 4562197.776211843
183 1891 603662.0553143179 4562199.123967696
244 1891 604882.5798968936 4562198.513523937
305 1891 606101.4419402664 4562198.350494433
366 1891 607322.0429549878 4562198.734064529
427 1891 608542.8104186293 4562198.409460574
488 1891 609762.1793726502 4562198.568247564
549 1891 610981.4809021201 4562199.058186437
671 1891 613421.4526336114 4562198.42225816
793 1891 615861.4124102906 4562199.199327189
854 1891 617081.9101365516 4562198.2259253645
915 1891 618302.0707606279 4562198.100244312
976 1891 619522.219637627 4562198.489125728
1037 1891 620742.4807378235 4562198.430716927
1098 1891 621962.2442900117 4562198.688546928
1220 1891 624402.4619560019 4562199.000929856
1281 1891 625622.4655442608 4562198.447875399
1464 1891 629282.348830181 4562201.150294472
1525 1891 630501.8349809647 4562198.532984563
1586 1891 631722.0400338254 4562198.401260533
61 1952 601222.6714618375 4560978.674763305
122 1952 602442.6106265896 4560978.830675022
183 1952 603662.4570842623 4560979.192600691
305 1952 606102.7678195088 4560981.256170625
671 1952 613421.6409458669 4560979.054870423
915 1952 618301.7450090174 4560978.212580076
976 1952 619522.2337411506 4560978.275395032
1037 1952 620742.7009248502 4560978.614542351
1098 1952 621962.1600122389 4560978.946551664
1159 1952 623182.3412415202 4560978.620991045
1220 1952 624402.4472939633 4560978.742745752
1403 1952 628062.9265776587 4560978.532163587
1525 1952 630502.4364365235 4560978.645497272
1769 1952 635382.2705580404 4560979.146990568
1830 1952 636602.1609833002 4560978.586336105
122 2013 602442.8646279557 4559758.787133382
183 2013 603662.4529786747 4559758.700276262
244 2013 604882.1799831443 4559757.942424533
305 2013 606101.9077690021 4559758.639168574
366 2013 607322.0427424418 4559758.566244306
488 2013 609761.6958939778 4559758.283605955
610 2013 612202.1621731768 4559760.235784653
671 2013 613419.4683692508 4559759.437807777
793 2013 615861.4932267925 4559757.956908003
915 2013 618302.1520057649 4559758.148401145
976 2013 619522.2380663481 4559758.351455635
1037 2013 620742.1122164426 4559758.63398641
1098 2013 621962.2238314687 4559758.354831473
1220 2013 624402.7183820258 4559758.643979625
1342 2013 626842.4051228486 4559758.130397523
1464 2013 629282.6185000765 4559758.633916687
1525 2013 630502.12933817 4559758.13817101
1708 2013 634162.6380326502 4559759.128346487
1769 2013 635382.0190154364 4559758.8787353635
1830 2013 636602.4542441133 4559759.21017013
1891 2013 637821.8675372321 4559758.205880128
183 2074 603661.9891272766 4558538.682682478
305 2074 606102.1085794126 4558538.17952188
366 2074 607322.186145034 4558538.315323546
427 2074 608542.3950885027 4558538.643454678
488 2074 609762.6865079277 4558537.974501994
549 2074 610981.520719019 4558538.267955252
671 2074 613421.8829908456 4558538.79185966
854 2074 617081.4126053265 4558538.732621499
915 2074 618301.8379246758 4558538.5545865
976 2074 619522.5301525082 4558539.080212503
1037 2074 620742.0976345954 4558539.007013722
1098 2074 621962.2505053425 4558538.096040806
1220 2074 624402.5487078432 4558538.490872507
1281 2074 625622.9264637951 4558538.627599667
1342 2074 626842.5226887417 4558538.201074372
1403 2074 628062.7443204804 4558538.727436759
1464 2074 629282.8988355482 4558538.926885663
1647 2074 632942.57924897 4558538.601771638
1830 2074 636602.1682103554 4558538.344690616
2074 2074 641482.5424750736 4558538.125097754
2257 2074 645141.9693803347 4558539.007447758
61 2135 601222.2877038048 4557321.551164325
122 2135 602443.1358797979 4557319.183725376
244 2135 604882.4012544373 4557318.467653779
366 2135 607321.7576618857 4557319.043127855
488 2135 609762.1099560923 4557318.532295075
549 2135 610981.6949828075 4557318.644970057
671 2135 613421.3259574565 4557319.1521276785
732 2135 614642.2141034752 4557318.551261683
854 2135 617081.8254539246 4557318.092077846
1037 2135 620742.147821662 4557318.143777065
1098 2135 621962.2435781594 4557319.042158627
1159 2135 623183.0015313795 4557318.829095491
1220 2135 624402.6494227494 4557318.875739485
1281 2135 625622.7008779683 4557318.649302571
1342 2135 626842.8478237649 4557318.523163212
1464 2135 629281.8731799023 4557318.5788405705
1586 2135 631722.3740356077 4557318.813664845
1647 2135 632942.2428747216 4557320.694642919
1769 2135 635381.4442355051 4557318.655864853
1830 2135 636601.9370030806 4557318.53519082
1891 2135 637821.823439905 4557318.894542223
1952 2135 639042.0030403067 4557318.516796045
2013 2135 640262.3878144759 4557318.617184337
2074 2135 641481.7981842534 4557318.0770598035
2135 2135 642702.1523528498 4557317.813606062
2196 2135 643921.3837862943 4557318.523298447
2257 2135 645141.5799816265 4557318.593263807
61 2196 601222.7308697624 4556099.103057677
244 2196 604881.9799810355 4556101.603468947
305 2196 606101.5050273415 4556098.333446272
488 2196 609761.1041861802 4556098.588991317
549 2196 610981.8734770928 4556098.301497162
976 2196 619522.8561039442 4556098.021236901
1037 2196 620742.3731336005 4556098.65027604
1098 2196 621962.7491238135 4556098.380652886
1159 2196 623182.7268678154 4556098.557602906
1220 2196 624402.5094193575 4556098.274604509
1281 2196 625622.693360717 4556098.804325364
1342 2196 626842.5018164087 4556098.423737439
1403 2196 628062.4102088219 4556098.640472302
1647 2196 632942.8204914602 4556098.695224241
1830 2196 636602.1926652545 4556098.605397992
1952 2196 639042.3587342235 4556101.459507874
2013 2196 640262.4952727213 4556098.235880624
2074 2196 641481.8240295512 4556098.816745056
2135 2196 642702.6352310763 4556098.163690672
2196 2196 643921.4011117053 4556100.856359478
2257 2196 645142.0866811733 4556098.506509262
2379 2196 647582.3707347714 4556098.492268202
122 2257 602442.2809931211 4554878.63913396
183 2257 603662.6623730379 4554878.952511135
244 2257 604881.5250231349 4554878.884739177
366 2257 607321.7397419468 4554878.379015772
488 2257 609761.641946887 4554881.243923102
610 2257 612202.7222371962 4554878.6239223685
671 2257 613421.6777152823 4554881.065372628
732 2257 614642.0049573202 4554878.716732881
793 2257 615861.8956789329 4554878.900579703
854 2257 617081.2059185222 4554878.396874238
976 2257 619522.2200612345 4554878.114316717
1098 2257 621963.4985687145 4554878.595522221
1159 2257 623182.5299088507 4554878.518090917
1220 2257 624402.4858272087 4554878.939786844
1830 2257 636602.1736568952 4554879.261422885
1891 2257 637821.9835424289 4554878.228967733
1952 2257 639042.6147171516 4554879.03759924
2013 2257 640262.5038360344 4554878.443008222
2074 2257 641481.637363875 4554878.675189924
2135 2257 642701.4020869223 4554878.993951755
2257 2257 645141.8169139888 4554879.7661435045
2379 2257 647582.1082594905 4554881.439719934
2562 2257 651242.4890014827 4554879.968248578
61 2318 601222.8037962564 4553658.1592342
122 2318 602442.228598076 4553659.158920097
183 2318 603662.4279612047 4553659.6677093515
244 2318 604882.1347403397 4553658.867149062
427 2318 608542.1421012068 4553659.121039688
488 2318 609761.7214410204 4553658.318455034
549 2318 610982.1070059167 4553658.681797372
610 2318 612201.354024454 4553659.108696006
671 2318 613421.8775830329 4553658.708738578
732 2318 614641.629364608 4553658.835812876
793 2318 615861.4371331949 4553659.156985926
854 2318 617081.6269616731 4553658.018178681
915 2318 618302.602837699 4553658.374051446
1708 2318 634162.6192896923 4553658.798037162
1769 2318 635382.1593523347 4553658.403751327
1891 2318 637822.1026321999 4553658.94263014
1952 2318 639041.8635087137 4553658.932521801
2013 2318 640261.7295931114 4553658.955678226
2196 2318 643921.5842375419 4553661.242301244
2318 2318 646362.6138443869 4553658.661340382
2440 2318 648802.2114303019 4553658.6906903945
61 2379 601222.6439117601 4552441.114673012
122 2379 602442.4681804572 4552438.911368479
183 2379 603663.1387657046 4552438.304848475
244 2379 604882.0558571712 4552438.509336316
305 2379 606101.7812741778 4552438.8985625515
427 2379 608541.6605847278 4552438.885084624
488 2379 609761.1211392859 4552438.440076546
549 2379 610981.6085602697 4552438.371502316
610 2379 612201.6159798327 4552438.5605708845
732 2379 614641.7359958688 4552438.64829173
793 2379 615861.4748240658 4552438.402762892
915 2379 618302.3531740817 4552438.327993144
1159 2379 623182.4113779486 4552440.5018201405
1342 2379 626842.8702487788 4552439.123219019
1647 2379 632943.5657501948 4552441.692159742
1769 2379 635382.1465030601 4552439.255313935
1891 2379 637822.2718340887 4552438.067493574
1952 2379 639042.3539010149 4552437.961924556
2013 2379 640262.1907793651 4552438.160502757
2318 2379 646362.0894943022 4552441.412338354
61 2440 601222.7158395987 4551218.24342405
122 2440 602442.2578144476 4551218.168990909
183 2440 603662.8499999009 4551218.654878876
244 2440 604882.2456095394 4551218.014400485
305 2440 606102.1841563659 4551218.118820795
366 2440 607321.717198661 4551218.649600094
610 2440 612202.1310618559 4551218.882542635
671 2440 613421.34511328 4551218.997592791
732 2440 614641.861107494 4551219.055876356
793 2440 615861.6487014315 4551218.345332558
854 2440 617082.287308675 4551218.29256293
915 2440 618302.9319629405 4551218.340782798
976 2440 619522.7784908701 4551218.699068061
1098 2440 621961.7130948352 4551218.525130985
1220 2440 624401.1744191807 4551220.501653642
1403 2440 628061.7330098711 4551218.2535381075
1464 2440 629282.568773386 4551218.890471592
1647 2440 632942.7735602098 4551218.323806463
1769 2440 635382.6220115898 4551218.239058949
1830 2440 636603.8651603056 4551221.152860464
1952 2440 639042.042858722 4551218.937053222
2318 2440 646359.0982008292 4551217.214120969
2501 2440 650022.1738620269 4551221.234322982
61 2501 601222.4090525759 4549999.376561359
122 2501 602442.5347905883 4549998.561652586
183 2501 603662.0791666672 4549998.575482328
244 2501 604881.7754394662 4549998.671294339
305 2501 606101.8925052288 4549998.190493538
366 2501 607322.1153611336 4549998.03763445
488 2501 609762.1543757194 4549999.079701065
549 2501 610982.0483736068 4549998.315522012
610 2501 612201.9655790627 4549998.182441954
671 2501 613421.7409894567 4550000.840067494
732 2501 614641.6003706417 4549998.715261777
793 2501 615862.5760880185 4549998.170007567
854 2501 617082.4071283123 4549998.198871098
915 2501 618302.4931779056 4549998.885236974
976 2501 619521.7138986163 4549997.997466831
1037 2501 620742.2340239448 4549998.845277592
1098 2501 621962.4153365239 4549999.002505591
1159 2501 623182.1723058901 4549999.255026507
1281 2501 625622.7061841427 4549999.325213467
1464 2501 629282.868942004 4550001.265147136
1525 2501 630501.5778936268 4549998.754945283
1586 2501 631722.4504103755 4549998.59032881
1647 2501 632941.9426406685 4549998.579805022
1708 2501 634162.3746086495 4549998.94381839
1952 2501 639041.916310897 4549998.923587817
2013 2501 640262.5014870017 4549997.824046868
2074 2501 641481.9236394106 4549998.866733789
2135 2501 642702.1341076333 4549998.776348029
2196 2501 643921.9478377394 4549999.421915491
2318 2501 646362.1999626987 4549998.244395832
2562 2501 651241.8207021557 4550001.28480574
2989 2501 659781.525714685 4549998.496990378
3050 2501 661002.4277597815 4549999.347503768
3294 2501 665881.226226502 4549998.820944434
61 2562 601222.8580697787 4548778.70896651
244 2562 604882.1610698135 4548778.506859781
305 2562 606102.068357823 4548778.111267779
366 2562 607322.5547945468 4548778.183467353
549 2562 610981.5304889177 4548778.533624912
671 2562 613420.849700934 4548780.10221766
732 2562 614641.6010703782 4548778.996334006
854 2562 617082.3542954932 4548778.499444189
915 2562 618301.8875835605 4548779.051402625
976 2562 619522.0131060178 4548778.696285084
1098 2562 621962.7861340741 4548778.878008354
1159 2562 623182.5559137613 4548778.496442601
1220 2562 624402.5293388936 4548778.360113886
1281 2562 625621.9135125196 4548778.575291645
1342 2562 626842.2055079064 4548778.765182565
1403 2562 628062.4161763443 4548779.120045181
1464 2562 629282.4884543365 4548781.527740919
1525 2562 630502.4109095444 4548779.104917328
1586 2562 631722.5107797675 4548778.6466951175
1708 2562 634162.7044188072 4548780.793821539
1769 2562 635381.7183885825 4548778.438908637
1830 2562 636602.5998023849 4548778.676340025
1891 2562 637822.3525270739 4548778.9404818155
1952 2562 639042.4936685266 4548778.011911638
2013 2562 640262.8918207131 4548778.429992439
2196 2562 643921.4358745785 4548781.023879742
2440 2562 648801.718186354 4548778.5892998045
2623 2562 652462.2488537375 4548781.583365476
3233 2562 664661.4205185167 4548779.216120816
61 2623 601221.864202977 4547560.999543055
183 2623 603662.078710574 4547557.866684729
244 2623 604882.3352833416 4547558.408035311
366 2623 607321.9944435231 4547558.460857964
427 2623 608541.6516978642 4547558.550811331
610 2623 612202.5541305129 4547558.902881606
732 2623 614641.3743826518 4547558.860923047
854 2623 617082.07854404 4547558.324101092
915 2623 618303.1296465347 4547558.204190046
976 2623 619521.5765712342 4547558.679986665
1037 2623 620742.5727211762 4547558.40323103
1220 2623 624402.6641997736 4547558.256761299
1281 2623 625623.0191864396 4547558.502469588
1342 2623 626842.5610624583 4547558.367329789
1647 2623 632942.698223332 4547558.764271475
1708 2623 634162.1805207268 4547559.0237203
1830 2623 636602.4679624834 4547559.083768769
1891 2623 637822.2644656502 4547557.842610565
1952 2623 639042.6671757037 4547558.202181541
2013 2623 640262.2702879818 4547557.944563396
2196 2623 643921.8296026454 4547558.1937341485
2318 2623 646361.9871749425 4547558.226814081
2440 2623 648801.4730517352 4547560.93012227
2562 2623 651242.0516907016 4547561.583529645
2684 2623 653682.0139470753 4547560.5791797945
2745 2623 654901.3405862914 4547558.481291416
3233 2623 664661.924685047 4547559.1881236425
3294 2623 665882.1972883615 4547560.962766908
122 2684 602443.3962731828 4546337.5104166595
183 2684 603663.5736596191 4546338.020708208
427 2684 608542.4112053813 4546338.60868009
488 2684 609762.5854677932 4546340.356544628
549 2684 610981.5368640631 4546340.634006072
610 2684 612203.0242230004 4546338.819153916
732 2684 614642.0145703265 4546338.260080487
793 2684 615861.9704767169 4546338.456947502
854 2684 617082.2246673156 4546338.716683989
915 2684 618302.1951250606 4546338.594781478
1098 2684 621962.4094330205 4546338.841762662
1220 2684 624402.8264812256 4546338.639440918
1281 2684 625622.1308893078 4546338.269093523
1403 2684 628062.1484256617 4546338.905155333
1525 2684 630502.0411720938 4546338.564276301
1708 2684 634162.7229974458 4546338.042940966
1830 2684 636601.8948198502 4546338.480158818
1891 2684 637822.423139894 4546338.044671631
1952 2684 639042.8527691839 4546338.610231888
2013 2684 640262.1968927191 4546339.118004332
2074 2684 641482.138689584 4546338.669104736
2135 2684 642702.0135523195 4546341.405021439
2196 2684 643920.9307201189 4546340.733486652
2318 2684 646362.3696153762 4546339.068865281
2379 2684 647582.2428989769 4546338.795069076
2440 2684 648801.9135001025 4546338.947241864
2501 2684 650021.9464614033 4546340.470108206
2562 2684 651241.8902852772 4546341.178003007
2623 2684 652462.1512853499 4546340.979878664
2684 2684 653682.1446566735 4546341.679083182
2806 2684 656121.8389080708 4546341.446923373
2928 2684 658561.9319808143 4546341.6454061065
3172 2684 663441.4758877793 4546338.606592778
427 2745 608541.6310648291 4545118.200092835
488 2745 609762.188739891 4545118.297814879
610 2745 612201.5902837048 4545117.99021221
671 2745 613420.7364566913 4545118.807747348
732 2745 614642.0691668743 4545117.718175606
793 2745 615861.9375897786 4545118.217994214
854 2745 617081.8928657079 4545117.570099615
976 2745 619522.490983249 4545118.232650732
1159 2745 623182.406417196 4545121.084837462
1220 2745 624402.9104785887 4545118.375034935
1281 2745 625621.6367106903 4545119.194448629
1403 2745 628062.7552813679 4545119.08317989
1464 2745 629282.284422188 4545118.56873166
1586 2745 631722.461272821 4545119.006197815
1647 2745 632941.6969474464 4545117.805727027
1708 2745 634161.6580916359 4545118.42983545
1769 2745 635382.3077122439 4545118.083946431
1830 2745 636602.7050533853 4545118.237813639
1891 2745 637822.1989994665 4545118.229500876
1952 2745 639042.5903988575 4545118.386335857
2013 2745 640262.491778912 4545118.455097789
2135 2745 642702.0585537764 4545119.54743967
2318 2745 646362.0531342397 4545121.144950581
2379 2745 647581.7131762689 4545121.251411792
2867 2745 657341.8727427041 4545121.64475537
305 2806 606102.001035672 4543902.454593562
488 2806 609758.231092568 4543898.276766995
549 2806 610982.730000885 4543898.058245667
732 2806 614642.1408988594 4543898.196320528
793 2806 615862.4326620824 4543898.514447508
854 2806 617081.9206651164 4543898.251558875
915 2806 618302.0964782605 4543898.5556475865
976 2806 619521.5498410473 4543898.919712228
1037 2806 620742.6521707501 4543898.711572864
1159 2806 623182.9984860203 4543897.795277868
1220 2806 624402.530833619 4543898.21168631
1281 2806 625622.8524158866 4543898.671193791
1342 2806 626842.6193769103 4543898.540117048
1464 2806 629278.4844009242 4543897.749174128
1525 2806 630502.5217249577 4543898.774957047
1586 2806 631722.2480660008 4543898.560316847
1647 2806 632942.5517715696 4543899.094124817
1708 2806 634162.3362506204 4543898.195575017
1769 2806 635381.8214028806 4543897.974377747
1830 2806 636601.8069535665 4543897.513111979
1891 2806 637822.3644789238 4543898.108739942
1952 2806 639042.7764751461 4543897.819830686
2257 2806 645142.4019172456 4543898.751631827
2318 2806 646362.4301356294 4543898.698916992
2440 2806 648801.7667922525 4543898.968286449
2562 2806 651241.624515964 4543898.337769888
2684 2806 653682.2342334143 4543899.313682934
2806 2806 656121.3715549447 4543901.313159528
2867 2806 657341.6641586685 4543901.484820066
2928 2806 658562.1040255356 4543901.639414891
3111 2806 662221.6333703646 4543898.831835852
3172 2806 663442.2665319456 4543899.743145983
3233 2806 664661.7185670865 4543899.2418556595
671 2867 613421.583944221 4542678.137788316
732 2867 614642.0844023278 4542678.396633825
793 2867 615861.9958801693 4542678.578612239
915 2867 618302.2714660364 4542678.166473092
976 2867 619522.2478439796 4542678.886742404
1037 2867 620743.0663648451 4542678.199933214
1098 2867 621962.6692800742 4542678.344567312
1403 2867 628063.3550180892 4542679.255770277
1464 2867 629282.1006769878 4542678.341488897
1525 2867 630502.3238641154 4542679.043910358
1647 2867 632942.1291767439 4542677.554475906
1708 2867 634162.5890746411 4542678.1313875215
1769 2867 635382.6829124085 4542678.706154117
1830 2867 636601.9292696716 4542678.453466045
1891 2867 637822.495927927 4542677.899780956
1952 2867 639042.7683273127 4542678.162022123
2013 2867 640261.7306251854 4542679.025842701
2074 2867 641482.8673059024 4542680.506753612
2318 2867 646362.0580675929 4542678.307390744
2440 2867 648801.9984554971 4542681.2553416155
2501 2867 650022.4069968276 4542678.808880954
2684 2867 653682.3376091274 4542682.176208427
2745 2867 654901.6384094626 4542681.427637354
2867 2867 657341.5787994389 4542680.469602409
2928 2867 658561.4747935992 4542681.33850267
2989 2867 659781.5380018448 4542681.031594566
122 2928 602441.8970771398 4541457.917915035
305 2928 606100.8604219821 4541457.21451385
610 2928 612202.3499867042 4541458.4417874655
671 2928 613421.6334661437 4541458.673630022
732 2928 614642.4491551615 4541458.169414808
793 2928 615861.8491725676 4541458.793377629
854 2928 617082.333547015 4541458.469591568
915 2928 618302.6759596228 4541457.90593316
976 2928 619522.3934096582 4541458.459881613
1037 2928 620742.8962610527 4541458.1446135
1098 2928 621962.6644342884 4541458.504251733
1159 2928 623182.8720376146 4541458.4679203
1220 2928 624402.8497826153 4541457.84700638
1464 2928 629282.2822993314 4541459.722598633
1525 2928 630502.6113116043 4541458.799930534
1586 2928 631722.5393857277 4541458.634675234
1647 2928 632942.1511144174 4541458.177704072
1708 2928 634161.7542490507 4541458.540161079
1830 2928 636602.7863967642 4541458.3725868985
1891 2928 637822.4883706353 4541458.800710619
1952 2928 639042.7671710335 4541457.824094278
2013 2928 640262.1482263663 4541459.104464009
2074 2928 641482.9026555644 4541458.67227172
2135 2928 642702.1459545384 4541458.932371592
2196 2928 643922.0862241213 4541459.140819951
2257 2928 645142.287009278 4541458.456691792
2379 2928 647581.9015935307 4541459.191586006
2501 2928 650022.256085472 4541459.356744168
2562 2928 651242.2576713209 4541461.460993226
2745 2928 654901.8886717815 4541461.292971196
2867 2928 657342.0725836443 4541461.504201152
3111 2928 662221.0088315777 4541460.851291771
3172 2928 663441.8603420916 4541458.630108702
183 2989 603662.0718994124 4540237.8206234975
244 2989 604882.5124408837 4540238.243039851
427 2989 608543.4395690575 4540238.510640827
488 2989 609761.0295496854 4540238.105923342
549 2989 610982.1184176375 4540238.3133425545
610 2989 612202.2213393063 4540238.998763253
671 2989 613422.7302476685 4540238.434414755
732 2989 614642.9447533333 4540238.742728124
793 2989 615862.129885933 4540238.704714086
854 2989 617082.4470822683 4540240.932908206
915 2989 618302.5519571234 4540238.872826736
976 2989 619522.864069275 4540238.322843035
1037 2989 620742.4526040924 4540238.341928714
1098 2989 621962.4702839027 4540238.08280779
1220 2989 624402.6795087983 4540239.22107321
1342 2989 626842.3499735427 4540239.232148821
1464 2989 629281.6801872229 4540239.046586469
1525 2989 630502.5151689902 4540238.18467185
1586 2989 631722.3282065983 4540238.536603508
1647 2989 632942.6001210789 4540238.586540693
1708 2989 634161.9508857895 4540238.55377385
1769 2989 635382.720033913 4540238.980244502
1830 2989 636602.466773062 4540238.421432914
2013 2989 640262.1689387888 4540238.9208931485
2074 2989 641481.6218231994 4540241.347428689
2196 2989 643922.7460704981 4540238.431706106
2318 2989 646361.9360530614 4540241.3681089915
183 3050 603661.9399707228 4539017.850745764
793 3050 615861.431691364 4539018.2354987655
854 3050 617082.340807242 4539018.751611689
1098 3050 621963.0052848166 4539018.664017976
1220 3050 624401.8305548988 4539018.265924187
1342 3050 626841.6133766883 4539018.848117812
1586 3050 631720.912777399 4539018.997990594
1769 3050 635381.5527885804 4539018.36202951
1830 3050 636601.920981658 4539018.898486355
2135 3050 642701.716893462 4539020.855349919
2379 3050 647581.5517145502 4539021.538178232
2501 3050 650021.575727393 4539021.394077597
915 3111 618302.4443003845 4537798.306823223
1098 3111 621961.8053389288 4537798.2169170305
1220 3111 624401.84455143 4537799.193695917
1281 3111 625622.4192462598 4537798.471072578
1464 3111 629282.1298456286 4537799.009317173
1586 3111 631721.2821762647 4537798.929541245
1769 3111 635381.8284699358 4537799.372235643
1830 3111 636602.0166660392 4537798.371723823
1952 3111 639038.7902543581 4537800.900137661
2074 3111 641481.297485416 4537801.032518596
2257 3111 645141.178289614 4537799.154479727
2501 3111 650021.1711600755 4537801.030956706
244 3172 604882.0661863356 4536581.295867965
305 3172 606103.1189692145 4536577.143122473
671 3172 613420.8681803825 4536577.96793781
732 3172 614642.6455979386 4536578.419989831
793 3172 615862.1801300526 4536578.290328814
854 3172 617082.9252188484 4536578.715535472
915 3172 618302.7723764273 4536578.0862872135
976 3172 619522.8436749396 4536578.41366384
1098 3172 621962.2354191571 4536578.398224442
1159 3172 623182.5061752384 4536578.324774518
1647 3172 632941.0349204303 4536578.373047216
1830 3172 636601.6371276478 4536580.628918426
1952 3172 639039.0425131655 4536581.2820177255
2135 3172 642701.6250129741 4536580.973515462
2257 3172 645141.1405245763 4536581.188609291
2440 3172 648801.269263998 4536581.625530638
2623 3172 652458.4227741403 4536578.792593226
2684 3172 653681.1204919249 4536581.608275161
305 3233 606101.777223955 4535357.150194167
610 3233 612201.8017866546 4535359.17924798
671 3233 613421.7138668125 4535361.138603723
854 3233 617082.8615069289 4535357.851748435
915 3233 618302.0524823072 4535358.7497259285
976 3233 619523.4526444249 4535359.17935028
1159 3233 623179.0648030444 4535362.999656222
1281 3233 625622.0059536466 4535361.994810152
1403 3233 628061.6433360538 4535360.3015626
1464 3233 629281.7747994326 4535358.086492795
1525 3233 630502.1298000875 4535358.897381918
1708 3233 634161.6663483311 4535358.660352936
1830 3233 636601.4835825105 4535358.18000496
2440 3233 648801.1680872457 4535361.306372657
549 3294 610982.9026372011 4534138.521422311
610 3294 612202.2739828246 4534137.740253609
671 3294 613421.5037357801 4534137.430428466
854 3294 617083.1001808229 4534138.336652088
915 3294 618301.8682133602 4534136.36143815
1037 3294 620744.7920811786 4534137.282791878
1159 3294 623181.5313341168 4534141.8559141345
1220 3294 624402.5472399504 4534139.035889734
1342 3294 626841.5927575156 4534141.398056102
1586 3294 631721.9148262127 4534138.403468419
1708 3294 634161.9394309538 4534138.356468484
1769 3294 635381.8848803627 4534138.404963746
1952 3294 639041.1111684645 4534141.44361039
2379 3294 647581.233836042 4534141.562160635
427 3355 608538.1910685879 4532917.834346595
488 3355 609762.1403982106 4532918.636361181
549 3355 610982.8253581343 4532920.917649503
793 3355 615863.114005238 4532918.794954142
1037 3355 620742.8893211272 4532916.967688212
1098 3355 621962.0595470474 4532921.258964053
1159 3355 623181.7202042311 4532919.256407481
1525 3355 630502.3490581018 4532918.7897382425
1586 3355 631721.4822683501 4532918.375876607
1708 3355 634161.5584669942 4532921.672484451
1769 3355 635381.7435818689 4532918.065535478
2074 3355 641478.8899031602 4532921.361232763
2257 3355 645141.459185954 4532921.954429227
2379 3355 647581.7340608987 4532919.503127077
2440 3355 648800.9097683652 4532921.169054478
2745 3355 654900.7516120938 4532921.28926186
549 3416 610982.5130967792 4531698.495663227
671 3416 613422.8916415699 4531697.111732003
793 3416 615862.9894372566 4531698.1205566395
854 3416 617083.1875660826 4531699.036772042
915 3416 618301.8514843266 4531701.77437694
1037 3416 620742.5092337634 4531698.444445303
1098 3416 621962.5337633597 4531697.656009841
1159 3416 623181.3632143895 4531698.073340831
1281 3416 625622.4056529865 4531698.161123538
1342 3416 626843.1451617811 4531700.581415899
1403 3416 628062.402392432 4531697.445251635
1586 3416 631721.9837417598 4531698.969541239
1708 3416 634162.0641078255 4531698.292772022
2074 3416 641481.2870209565 4531701.1961728465
2501 3416 650023.1111575015 4531700.958386569
610 3477 612203.5442358373 4530477.710525448
671 3477 613423.7325443209 4530477.99469757
793 3477 615862.0659382902 4530477.862424305
854 3477 617083.0787217286 4530478.937236912
915 3477 618302.3165173006 4530477.891099721
976 3477 619521.9043205159 4530477.709492706
1098 3477 621961.5738182361 4530477.9712984795
1159 3477 623178.023020385 4530478.570427302
1220 3477 624403.04928835 4530481.44297915
1830 3477 636601.7657543371 4530481.540509159
2135 3477 642698.7078782576 4530481.706603421
2318 3477 646361.1290913869 4530480.549153873
2623 3477 652459.1093609794 4530480.844338121
976 3538 619521.7726283751 4529257.862713327
1098 3538 621962.9324938088 4529258.397129085
1281 3538 625622.0608132404 4529258.779036512
1403 3538 628062.1123655179 4529259.290215657
1464 3538 629282.9918103765 4529258.067388204
1586 3538 631722.7764167734 4529261.115087756
1708 3538 634161.5961624476 4529259.195333136
1769 3538 635381.4940873628 4529257.922967779
1830 3538 636601.2533726862 4529259.190476819
2013 3538 640261.7283081867 4529261.656177245
2257 3538 645139.0783186163 4529260.743513762
2379 3538 647578.8616276595 4529261.798862203
976 3599 619521.5195449871 4528038.6092984155
1037 3599 620742.2105138897 4528038.2926305765
1098 3599 621962.2714007698 4528038.367416868
1281 3599 625618.7360498105 4528040.671746191
1342 3599 626841.4398741596 4528038.44756906
1464 3599 629280.4088427643 4528039.610704839
1525 3599 630501.257844939 4528039.421672163
1708 3599 634161.9092921116 4528035.587061583
2318 3599 646358.5986558816 4528041.344683618
2379 3599 647578.5492080774 4528041.80462728
2562 3599 651240.2010607234 4528041.669434922
1037 3660 620741.8459779175 4526818.660517302
1098 3660 621961.8234816866 4526817.835355783
1159 3660 623181.8720781874 4526817.789801207
1220 3660 624402.7178036984 4526818.4558159765
1403 3660 628060.8052493762 4526819.584300752
1708 3660 634161.0499762306 4526818.302581327
1769 3660 635382.6849028612 4526819.002628762
1891 3660 637820.8588526534 4526821.017094031
2013 3660 640260.6656554794 4526821.71733557
2074 3660 641482.2351120338 4526818.617362752
2196 3660 643922.5282910678 4526821.556543692
2257 3660 645141.1967269159 4526821.168209478
244 3721 604882.8446130754 4525598.391101421
305 3721 606101.7745842438 4525599.01906363
1098 3721 621962.7180094444 4525597.916688859
1281 3721 625623.0894100271 4525601.988571958
1525 3721 630502.6706724768 4525597.251301638
1647 3721 632942.0164336944 4525597.556640794
1708 3721 634162.0019808928 4525597.032876953
1769 3721 635382.0856172654 4525599.170239809
1830 3721 636601.5272865997 4525598.122952824
2013 3721 640262.1666115416 4525598.134215706
2074 3721 641478.8293933026 4525597.758316553
2135 3721 642701.8592683803 4525598.686047504
2318 3721 646358.5525391047 4525599.066926057
2501 3721 650018.5859069591 4525600.617751742
2806 3721 656118.7344840836 4525600.940551613
1403 3782 628061.3608837269 4524380.490663546
1708 3782 634160.9232030096 4524378.654391556
2318 3782 646358.8798085835 4524381.083237187
2501 3782 650022.6471876127 4524383.91567344
2623 3782 652458.7775831535 4524381.664070943
2806 3782 656119.1350167108 4524381.70905518
732 3843 614641.7442495204 4523158.545681041
2013 3843 640259.8373378139 4523158.828773688
2379 3843 647581.3257030167 4523161.617190486
2623 3843 652458.5536928687 4523161.227528703
2867 3843 657338.8246629896 4523158.67114679
305 3904 606101.8873269138 4521938.592396015
549 3904 610983.0180502102 4521938.382182868
793 3904 615862.085770529 4521941.372975725
976 3904 619521.8783927904 4521941.925150721
1037 3904 620741.6857013417 4521941.045128246
1098 3904 621962.2253302558 4521940.641576367
1159 3904 623182.5633250817 4521938.38957069
1403 3904 628061.7334354885 4521938.9633216215
1891 3904 637818.9111774224 4521941.675717485
2074 3904 641480.548680102 4521941.367804926
2196 3904 643922.3710677427 4521939.012959176
2257 3904 645141.7970303716 4521940.60715945
2440 3904 648802.0617254854 4521940.504786754
2623 3904 652461.5645402017 4521941.506682377
2684 3904 653679.214400947 4521941.23981187
183 3965 603663.0419752602 4520719.0723589165
732 3965 614642.3209728732 4520721.323233807
793 3965 615862.0890229342 4520720.981403306
915 3965 618302.189115166 4520717.511648818
976 3965 619521.6061098041 4520718.096385112
1342 3965 626842.1502527661 4520719.183014364
1525 3965 630498.2698398728 4520719.271110912
1647 3965 632941.1227350441 4520717.15548101
1891 3965 637822.5435029558 4520719.062259056
2135 3965 642701.7198230341 4520719.013162421
2196 3965 643921.6790996174 4520721.413160993
2562 3965 651238.5709490844 4520721.127643813
2623 3965 652458.612723792 4520721.568529238
2806 3965 656118.9829019887 4520721.216858558
854 4026 617082.322622191 4519498.509866087
1037 4026 620742.0319317427 4519498.728379894
1098 4026 621962.3914236543 4519498.962961893
1281 4026 625623.1830533777 4519501.567100428
1403 4026 628060.9653364115 4519498.533443763
1586 4026 631721.0000148875 4519498.36873666
2501 4026 650018.8577326745 4519502.080578358
2684 4026 653679.0962791695 4519501.352518746
549 4087 610982.5117132798 4518281.144144761
1037 4087 620742.0636693861 4518278.024582979
1342 4087 626841.5641668739 4518277.108752593
1464 4087 629281.5710396767 4518281.045022273
1525 4087 630501.2872597985 4518278.8561714655
1647 4087 632941.4621573917 4518278.3491828125
244 4148 604883.6713120821 4517062.848486696
732 4148 614642.0418697377 4517058.284969037
793 4148 615862.4974278025 4517058.093389169
854 4148 617082.7435834927 4517061.4174238825
976 4148 619522.3917182615 4517059.650374521
1037 4148 620741.5876938333 4517058.591155847
1525 4148 630499.132763777 4517058.652152068
2196 4148 643921.7077612086 4517061.326486668
2562 4148 651238.9426172577 4517061.60093743
2867 4148 657341.696560073 4517062.192007264
427 4209 608541.9692420551 4515841.599696226
488 4209 609762.5942880649 4515838.159764181
793 4209 615861.8933501376 4515838.253410584
854 4209 617082.5243942002 4515838.588000906
915 4209 618302.6934878709 4515837.804621542
976 4209 619521.2215214047 4515839.15192025
1037 4209 620742.4657372528 4515839.13228546
1098 4209 621962.764772463 4515841.558818815
1159 4209 623181.9735936916 4515838.288629856
1830 4209 636601.6320793447 4515839.027053686
2257 4209 645141.002017994 4515841.02691411
2501 4209 650018.3075773781 4515841.172835026
2623 4209 652460.1604297453 4515839.16646404
2684 4209 653678.7289205403 4515838.8632816225
2806 4209 656121.0525719731 4515838.72661123
122 4270 602437.6816384495 4514619.437834117
183 4270 603662.075632276 4514618.753591327
305 4270 606102.4013511393 4514618.7121614665
549 4270 610984.8540442312 4514623.602794171
793 4270 615861.9081211261 4514617.785502474
854 4270 617082.7361393283 4514618.456797983
1281 4270 625621.3492517326 4514617.912730906
1342 4270 626838.2930087969 4514622.68015144
1647 4270 632943.8868933266 4514618.391469005
1830 4270 636600.973563876 4514621.648454825
1891 4270 637818.7357442924 4514622.105843792
2135 4270 642699.6262792299 4514620.434326932
2501 4270 650018.8935358855 4514621.093129309
2562 4270 651238.5414148882 4514621.716085403
2684 4270 653677.976626204 4514620.844150009
122 4331 602442.8746799905 4513401.3203793615
183 4331 603662.0659496404 4513400.876904145
244 4331 604881.4001902052 4513399.56759058
793 4331 615862.6473417594 4513398.180986977
915 4331 618302.7662626507 4513398.274869651
1830 4331 636602.5441290477 4513403.950966074
1891 4331 637821.3657030461 4513398.207319186
2196 4331 643918.4962738637 4513398.356350017
2257 4331 645141.3450380045 4513399.050302774
2318 4331 646362.497212592 4513398.853256223
2562 4331 651238.914653862 4513401.493973026
2623 4331 652458.7356386741 4513401.396114398
305 4392 606101.9291215618 4512180.358827329
854 4392 617083.0506680608 4512177.995180338
976 4392 619522.4027398309 4512180.856652947
1159 4392 623178.2370037386 4512180.927280208
1586 4392 631719.0144647144 4512177.849853221
1769 4392 635382.7428577021 4512180.915827161
2257 4392 645138.4651558135 4512179.466663281
2440 4392 648798.4318178509 4512181.511004734
2623 4392 652461.2231245389 4512181.3214136595
2684 4392 653682.2763000237 4512181.485342338
610 4453 612202.9314693842 4510961.739689856
732 4453 614641.922925089 4510958.365969632
854 4453 617081.8108917975 4510958.701972269
915 4453 618302.6721860291 4510958.401177473
976 4453 619522.9651094285 4510958.246461481
1037 4453 620743.1623464116 4510961.63681787
1098 4453 621962.7650514805 4510958.881218225
1403 4453 628061.6345843967 4510957.709061981
1586 4453 631720.858332888 4510961.293787034
1708 4453 634157.5093599458 4510962.388974994
2501 4453 650020.5418456349 4510960.968813288
2623 4453 652460.622879359 4510957.666523426
2684 4453 653678.7312026283 4510961.28125128
244 4514 604882.4510909138 4509741.803569832
305 4514 606103.0893504535 4509741.73225169
610 4514 612204.509896411 4509741.279687693
793 4514 615862.5316207428 4509739.007017885
976 4514 619522.7421782147 4509737.958766046
1037 4514 620743.0382308566 4509737.89195176
1098 4514 621962.40776474 4509737.859970329
1281 4514 625618.55377622 4509738.372005551
1464 4514 629282.75562767 4509740.855652887
2745 4514 654898.3766976291 4509740.946313834
122 4575 602442.2999830667 4508522.114472996
549 4575 610982.2050789528 4508519.05203813
793 4575 615862.0390902874 4508518.9870671285
854 4575 617082.6421081807 4508518.2821947
1037 4575 620742.7088780815 4508517.969029567
1403 4575 628062.4394981766 4508518.32251016
1647 4575 632938.4904699092 4508517.742340236
1708 4575 634157.6912004242 4508523.206965236
2074 4575 641482.1545187781 4508515.814085169
2745 4575 654898.1302705442 4508518.919803721
244 4636 604882.0723088608 4507300.643217366
854 4636 617082.2883768438 4507298.160616485
1281 4636 625622.5103557354 4507299.138481208
1464 4636 629280.6802690205 4507297.450289559
2684 4636 653679.5156723125 4507302.584941493
2806 4636 656118.4375342163 4507300.77281408
610 4697 612202.4261576409 4506078.88500784
671 4697 613423.4093583737 4506081.366413718
976 4697 619523.2322868217 4506078.311389401
1037 4697 620740.5773369941 4506078.470444914
1220 4697 624401.8076039433 4506077.804142158
1281 4697 625622.708348114 4506079.1088051
1342 4697 626842.0129748334 4506079.724269601
2623 4697 652459.6315669536 4506082.67516409
2684 4697 653678.4119859928 4506081.051250493
2745 4697 654898.0996689305 4506081.038085516
2806 4697 656118.519212695 4506078.756496765
1037 4758 620742.465351674 4504861.622612012
1098 4758 621963.2005673321 4504861.471734263
1281 4758 625622.1380930215 4504858.671620333
1403 4758 628061.7502096167 4504858.185887759
549 4819 610981.4274208595 4503638.359032794
732 4819 614642.2312176609 4503638.627750062
854 4819 617082.6801940254 4503638.568978706
976 4819 619521.8497688348 4503638.015721187
1037 4819 620743.6268753593 4503643.633495907
1098 4819 621962.4582755702 4503637.72636252
1159 4819 623182.7534504875 4503638.19034911
1464 4819 629280.9529051743 4503638.11321123
1586 4819 631721.9618934877 4503638.714033534
1830 4819 636602.2741498231 4503641.775331325
1952 4819 639043.2724703221 4503638.554187917
2074 4819 641481.5492283826 4503640.7058535665
1098 4880 621961.5529869284 4502418.514510642
1220 4880 624401.7668444477 4502418.414318422
1281 4880 625622.3950182376 4502418.05353674
1708 4880 634161.857217864 4502418.746179452
1830 4880 636602.3178193693 4502421.772873132
1891 4880 637822.1134198012 4502421.104822182
1952 4880 639041.8747105442 4502418.627749781
2135 4880 642701.8195261471 4502421.878432562
2684 4880 653679.327716048 4502422.669701183
854 4941 617081.9216240281 4501198.157074861
976 4941 619521.8126434416 4501199.198359782
1098 4941 621963.1101655838 4501198.67808644
1159 4941 623183.0176979003 4501198.15095705
1281 4941 625622.1826368251 4501197.779927595
1342 4941 626842.7520379557 4501197.865261954
1708 4941 634161.4026363876 4501198.952333673
1769 4941 635381.2098442483 4501198.307720395
1952 4941 639042.4707337018 4501201.293848821
2074 4941 641481.6618085449 4501200.767232964
2196 4941 643921.8290757495 4501200.554782336
2562 4941 651240.6740752859 4501201.322247844
2623 4941 652460.3080811026 4501202.119607266
793 5002 615862.472474304 4499978.954385568
1159 5002 623182.5969991462 4499978.225855565
1342 5002 626842.6335151999 4499978.070764897
1769 5002 635383.0754125552 4499981.045566116
1830 5002 636601.632848604 4499978.900181765
1891 5002 637821.6555241871 4499978.854001996
2135 5002 642700.7479418416 4499979.777530868
2440 5002 648801.389915095 4499980.931927072
2623 5002 652458.4388577753 4499981.336583173
2684 5002 653680.9781605781 4499980.9820091035
2745 5002 654898.747138903 4499981.151977414
976 5063 619522.2178157629 4498760.905539259
1037 5063 620742.2213230676 4498758.455896278
1281 5063 625623.3941357011 4498758.89265226
1342 5063 626841.4464527313 4498758.526322796
1403 5063 628062.9222246951 4498758.074952852
1586 5063 631722.8163150075 4498758.246255131
1830 5063 636602.9065628558 4498762.0374403605
1891 5063 637821.7966372916 4498758.768669367
2135 5063 642702.059980132 4498761.304660041
2196 5063 643921.6189260894 4498761.226058837
2440 5063 648801.6505156781 4498761.102982596
2562 5063 651241.0184795137 4498760.999461066
2745 5063 654901.8421338574 4498761.378373086
854 5124 617082.1732300535 4497539.286053173
976 5124 619522.9599770388 4497538.877236502
1586 5124 631718.0786769547 4497539.060299641
1708 5124 634162.269561609 4497537.929017839
1769 5124 635382.678134286 4497538.3027552515
1830 5124 636602.1010251064 4497538.850720317
2074 5124 641481.7274870567 4497541.729022344
2135 5124 642701.6243361862 4497537.950977509
2196 5124 643921.8533118152 4497541.178830691
366 5185 607322.4948359831 4496321.83252502
1098 5185 621962.8466356252 4496321.656398159
1647 5185 632942.0218696466 4496320.160158711
1891 5185 637822.990119389 4496318.726822988
2440 5185 648801.4869116329 4496321.66517786
2501 5185 650021.048393762 4496321.089121782
2562 5185 651241.0381235481 4496320.550401643
915 5246 618302.320988162 4495098.833480484
976 5246 619522.3043625513 4495101.257995612
1342 5246 626841.9249130151 4495097.938840001
1525 5246 630501.8445380448 4495098.27117287
2135 5246 642702.220174345 4495101.322382907
2196 5246 643921.7044666115 4495098.588119857
2257 5246 645142.1125312713 4495098.2383348
2562 5246 651240.5291613466 4495100.7436927585
1037 5307 620742.4079788122 4493878.784717185
1464 5307 629281.4564636447 4493881.6488497285
2196 5307 643919.0709020577 4493880.806204903
2318 5307 646361.992764265 4493878.599975678
2379 5307 647582.3219854287 4493881.631353606
1220 5368 624402.1191599799 4492658.22513043
1342 5368 626842.5522556476 4492660.639551807
1403 5368 628062.5268775304 4492658.124357867
1464 5368 629282.0325020308 4492660.433432106
1586 5368 631722.359606784 4492661.449413978
1708 5368 634161.7380052404 4492661.421917672
1891 5368 637820.5871721372 4492662.839560533
2135 5368 642701.688250891 4492658.079749532
2196 5368 643922.1407231856 4492661.225483193
2318 5368 646362.1173313991 4492661.159439919
2379 5368 647581.8136905436 4492661.091509283
2562 5368 651241.2012556529 4492661.268491455
610 5429 612202.6632627471 4491440.961092507
1220 5429 624402.3905653373 4491438.630979114
1342 5429 626841.7380485542 4491438.110163036
1403 5429 628061.8910694649 4491441.1933494285
1464 5429 629282.7222352752 4491438.6551459525
1525 5429 630502.2742146219 4491438.602905851
1647 5429 632942.2340136329 4491440.099220418
1708 5429 634162.0688402491 4491439.169507644
1769 5429 635382.8903338035 4491442.325692229
2013 5429 640261.7629549602 4491439.361707645
2074 5429 641482.4486684102 4491438.914219965
2257 5429 645138.2821442614 4491438.920735944
2318 5429 646362.6309445165 4491440.402317153
2562 5429 651240.6524578067 4491441.806159044
976 5490 619520.5327501751 4490219.385283334
