1708 3294 417037.99796420767 4967104.509987943
1098 3416 410935.8166541209 4965883.883323968
244 3660 402402.0205468101 4963441.987311293
1830 4636 418263.4642810397 4953687.3321999805
732 4758 407277.5298364961 4952472.977653504
854 4880 408498.22757452296 4951244.426967558
854 5002 408504.0634249843 4950032.2254754035
1342 5002 413378.9897067618 4950023.853062929
610 5246 406061.53516105266 4947582.52634168
1952 5368 419482.40499471274 4946365.905226331
1830 5612 418263.2045518186 4943923.191425731
2074 5612 420701.46176183876 4943927.299889332
1220 5734 412157.8310014525 4942704.886208314
2196 6100 421922.5559702747 4939047.851939719
1220 6466 412163.5252187867 4935385.30722164
1586 6466 415821.7182423836 4935383.108432977
1830 6588 418261.26692329644 4934164.220934476
732 6710 407279.19155820966 4932952.534719333
1586 6832 415817.8339177775 4931724.331142278
4880 6832 448757.6008092295 4931723.193014539
5002 6832 449981.77404408704 4931722.786825351
5246 6954 452419.1352783898 4930504.7642455585
1098 7076 410938.139036296 4929287.708625599
244 7320 402402.6882162816 4926847.890716902
1342 7320 413377.56576618936 4926842.227985868
1708 7564 417041.342381706 4924404.100426638
1586 7686 415817.5390837009 4923184.328660949
5734 7686 457298.19227689406 4923184.932851609
366 7808 403618.7402509145 4921973.66693443
2074 7808 420698.4530051622 4921963.541288251
2684 8540 426798.81016195857 4914644.812117434
