5002 671 600018.557794428 4286611.088226662
4270 732 585378.2055001181 4285392.759647876
4514 732 590257.5915914109 4285391.567223489
4209 793 584161.7207529215 4284169.358165527
4453 793 589037.1452271701 4284171.247020298
4514 793 590261.1559794619 4284172.224751052
4392 854 587817.2369452427 4282947.720763684
4636 854 592696.5189798641 4282941.566459015
4148 915 582938.382259838 4281733.292119683
4453 915 589037.9370946609 4281732.839600388
4636 915 592698.5810018631 4281732.256359351
4758 915 595133.0794412236 4281727.904467254
4880 915 597576.8421298056 4281731.878913991
4392 976 587816.4821822495 4280511.251908542
4514 976 590257.4529709658 4280509.003199286
3965 1037 579276.8358453453 4279292.005217945
4392 1037 587820.9970106443 4279291.920887163
4453 1037 589037.8614629479 4279292.384007203
4514 1037 590257.4928767825 4279288.326799456
4758 1037 595142.3820109207 4279288.1431549005
3721 1098 574398.7718872674 4278072.0014979
3782 1098 575617.0601149675 4278072.173277535
4026 1098 580497.6439337292 4278072.120239718
3660 1159 573177.6271275004 4276852.812176678
4026 1159 580496.498427608 4276851.566960967
3660 1220 573176.3163071808 4275632.781256255
3782 1220 575618.2094451159 4275632.4588728035
4880 1220 597574.0882861316 4275627.57208785
3721 1281 574397.8112996194 4274412.165954986
3843 1281 576838.5522600128 4274408.656144307
4453 1281 589038.1508587276 4274411.453052909
4453 1403 589037.5225987798 4271964.761114124
4331 1464 586597.1162136014 4270748.594937666
4026 1525 580497.6920361929 4269531.54590409
4087 1525 581717.408721956 4269524.8372362945
4270 1525 585376.0314539318 4269532.011016975
4148 1586 582938.1289448221 4268311.938631754
4697 1708 593922.989294912 4265867.840217314
4148 1769 582938.0764153618 4264651.614366691
4331 1769 586597.9291708291 4264652.244272984
4575 1769 591482.7598310283 4264650.760328904
4575 1830 591477.3768648255 4263430.928855632
4758 1830 595138.2613130731 4263428.828983094
4514 1891 590258.3956002945 4262211.8990845075
4575 1891 591477.9170125043 4262203.982176041
4636 1891 592701.165008826 4262209.187452861
4148 1952 582937.2081956365 4260992.35659808
4087 2013 581717.9706900194 4259772.425744636
4209 2013 584157.8189759613 4259772.472300276
4209 2074 584158.1135165218 4258551.572014589
4331 2135 586597.6334529719 4257331.555435429
4392 2135 587818.5979056493 4257332.965114765
3965 2257 579281.1835007304 4254892.122809952
4026 2257 580498.6919789177 4254886.622459198
4514 2379 590256.0098141402 4252448.42894849
3904 2440 578057.5373510108 4251227.09084626
4270 2440 585381.2962086295 4251231.608155483
3782 2501 575617.7091476943 4250011.306039575
3782 2562 575621.0229662186 4248790.466804033
4026 2562 580498.2179656208 4248788.072601141
4392 2562 587818.1277684397 4248792.330926343
4392 2684 587819.4097314165 4246348.140961802
3965 2806 579276.619667155 4243904.674705363
4087 2806 581717.242368343 4243904.172009656
4148 2806 582942.8490418753 4243912.1714623505
4270 2806 585384.4418099705 4243904.974467713
4392 2806 587818.2169945788 4243908.197946502
3904 2867 578062.1215028379 4242683.495215538
4026 2867 580501.8371682346 4242688.02684407
4148 2867 582941.9703922068 4242690.780809013
4331 2867 586597.1939487003 4242684.731183347
3721 2928 574402.4875042507 4241466.7445859555
3782 2928 575617.2032328381 4241463.628917172
4026 2928 580500.8531526689 4241467.779283202
3660 2989 573177.3921199411 4240252.849380594
3721 2989 574397.055550023 4240253.9317193525
3965 2989 579277.857375731 4240247.617176852
4148 2989 582942.2477261364 4240244.652964241
3965 3050 579283.4002522383 4239024.160717218
4026 3050 580502.6811174315 4239024.56975408
4331 3050 586602.5918118432 4239023.200954958
4392 3111 587822.7970700014 4237803.461817581
3721 3172 574398.3589549237 4236592.296416897
3843 3172 576843.2483478758 4236583.852097094
4087 3172 581722.990484277 4236584.349445516
4148 3172 582941.1688108069 4236592.419283949
3477 3233 569518.1068785535 4235367.2878654385
3599 3233 571959.4016451556 4235364.017277091
4209 3233 584163.1658845156 4235367.140090048
3538 3294 570742.107809966 4234152.160957975
4148 3294 582938.0680623031 4234146.347071766
4209 3294 584157.8430152566 4234147.008844108
3782 3355 575616.284990517 4232924.082862124
3111 3416 562196.3276040093 4231716.647830753
3721 3416 574402.475882479 4231702.8036264535
3355 3538 567077.958642379 4229268.132457136
3599 3538 571957.0648765573 4229263.840221209
3172 3660 563422.871952683 4226828.689037399
3294 3660 565857.279398178 4226832.189989582
3294 3721 565858.8321424058 4225604.908244082
3111 3782 562201.9894648883 4224384.626887835
3294 3782 565863.8693527753 4224387.367592909
2989 3904 559756.6068780174 4221951.6540609505
3416 3904 568297.3808790774 4221944.520531778
3477 3904 569522.9509747203 4221944.537595994
2928 3965 558536.64568406 4220727.691826162
3050 3965 560977.0246498617 4220732.221126759
3660 4026 573183.9575403032 4219506.390361011
3233 4087 564637.2810965334 4218287.697311042
3477 4087 569521.9223453702 4218284.519759759
3538 4209 570738.8267330877 4215848.36659147
3782 4209 575621.6720443865 4215844.734078521
3843 4209 576843.6451215944 4215844.910506638
3782 4270 575622.077970082 4214631.775884111
3111 4331 562198.0371341467 4213411.400916444
3538 4392 570741.5592899891 4212192.0285560405
3843 4392 576838.103562925 4212191.167860807
3904 4392 578058.5739905594 4212191.245426067
3172 4453 563422.1184130716 4210967.242884924
3477 4453 569522.3433550093 4210968.4800829515
3538 4453 570737.6645722433 4210968.343078606
3355 4575 567081.2471331315 4208523.929815307
3538 4575 570737.5938147588 4208527.843414375
3233 4636 564639.0565762217 4207307.195542736
3782 4636 575616.8479279869 4207307.832979628
2867 4697 557322.2255951078 4206087.660318338
3233 4697 564638.5787016344 4206087.191247993
3050 4880 560978.6791102077 4202427.734053621
3111 4880 562196.8103026731 4202428.283183872
3050 4941 560978.2218719302 4201207.200298518
3172 4941 563422.4319209214 4201207.427688613
3294 4941 565864.4285685827 4201202.27643586
3721 4941 574397.6593696072 4201207.321688792
3416 5002 568299.2390151939 4199992.348769914
3538 5063 570741.5482605309 4198767.172456944
3599 5063 571957.91325878 4198771.847964664
3782 5063 575621.165439303 4198768.475688353
3416 5124 568297.9626190008 4197551.5877364315
3599 5124 571961.4694653632 4197551.186103341
