1708 0 517060.1873182701 4100040.7087057284
2074 0 520721.53800900956 4100038.4393433975
122 122 501202.2085718226 4098818.2468222617
854 122 508521.87818292185 4098818.043048273
976 122 509742.1698813909 4098818.1570188757
1220 122 512181.9677029922 4098818.81998802
1342 122 513401.1966693642 4098819.6507855635
1586 122 515841.4399098409 4098820.780666611
1830 122 518279.76407414384 4098818.3248053933
2074 122 520719.78806620283 4098817.515516669
244 244 502421.71219902387 4097598.970629797
366 244 503641.8132860825 4097600.91993697
1220 244 512181.24110540084 4097598.8993437574
1464 244 514621.22733056836 4097598.5648632585
2074 244 520722.20294570114 4097598.563384492
244 366 502421.48276610515 4096380.8572626626
366 366 503641.58010719635 4096378.8257121765
488 366 504861.5846632705 4096380.8840058423
610 366 506081.6583939393 4096378.597122603
732 366 507303.02702963003 4096380.7952577136
976 366 509741.30583145743 4096377.939365192
1098 366 510961.55704363517 4096381.2712502577
1342 366 513401.51056115166 4096378.056715049
1464 366 514621.7265042774 4096378.4081407916
1830 366 518281.6989989621 4096378.263945656
2074 366 520721.4678533304 4096380.5203571375
122 488 501202.7474502106 4095158.753952923
488 488 504862.16894297674 4095161.132162296
610 488 506081.84518244246 4095160.6469547907
854 488 508521.5251871432 4095158.488554418
1220 488 512181.2638493463 4095157.708057484
1464 488 514621.36498222715 4095158.058273593
610 610 506080.87858615717 4093938.3396243136
732 610 507301.7044108119 4093938.407073751
854 610 508521.10510426544 4093937.4928399893
122 732 501201.90425555856 4092718.918815246
488 732 504862.62589064566 4092720.9561792137
854 732 508521.34927441407 4092718.2166205784
976 732 509741.15385033586 4092718.253837317
1464 732 514621.31221708225 4092718.7271407708
1586 732 515838.89363081456 4092718.539610644
2196 732 521940.5273094712 4092718.689388866
244 854 502420.91560286994 4091499.236789418
488 854 504860.3162505116 4091498.4694819218
610 854 506082.2311051249 4091498.165483055
122 976 501201.5684716202 4090278.6591183515
488 976 504861.44805469253 4090278.321159701
610 976 506081.6449574737 4090278.803271214
732 976 507301.88179319934 4090280.9716768316
854 976 508519.0406810377 4090279.3944460903
1098 976 510961.87486665824 4090279.359438291
1220 976 512182.3859195695 4090278.446005659
1708 976 517060.4266789606 4090277.4819490043
244 1098 502421.52121032827 4089058.734667179
366 1098 503641.33740745997 4089058.2205236326
1098 1098 510961.7252253555 4089061.139367117
1342 1098 513401.340026837 4089058.8404964805
1464 1098 514621.5232649001 4089059.062066424
366 1220 503641.8941519061 4087838.571044806
1220 1220 512181.24842624203 4087839.543077488
1342 1220 513400.83770029485 4087840.6429188848
244 1342 502422.06686856877 4086618.5917566847
366 1342 503641.40319763497 4086619.3387515964
854 1342 508521.9646678979 4086618.9363684542
976 1342 509738.97911984177 4086618.842490386
1220 1342 512181.09148996446 4086619.410192297
122 1464 501201.55310292536 4085398.6545237233
244 1464 502421.7462792346 4085398.559841543
366 1464 503641.2110792389 4085401.197744496
732 1464 507302.864312155 4085400.9953750726
366 1586 503640.9894163855 4084178.7875601035
732 1586 507301.7672014353 4084179.155066542
854 1586 508520.80887505034 4084179.0144806285
976 1586 509741.4649464972 4084178.8534378787
122 1708 501201.3312484397 4082958.2824461195
122 1830 501202.2027069396 4081739.103099714
244 1830 502421.7289267818 4081738.5606383337
366 1830 503642.3226436337 4081737.9792417404
610 1830 506082.479615516 4081737.485462744
976 1830 509740.580803237 4081738.31328491
1098 1830 510961.57148773206 4081738.8243900575
122 1952 501201.1552779827 4080521.006004923
244 1952 502421.2275398252 4080518.8277536025
366 1952 503641.69363059977 4080518.621991478
366 2074 503641.870293971 4079298.095759441
488 2074 504860.9763459054 4079299.1201879918
854 2074 508518.98273528233 4079299.0993318604
122 2196 501201.13499328884 4078081.2333702086
366 2196 503641.1472551969 4078078.360203302
610 2196 506081.9241413853 4078078.311579894
732 2318 507301.4115753498 4076858.8151421617
732 2562 507301.3753013789 4074418.5079193176
854 2562 508519.4010653781 4074419.407143024
732 2684 507301.4676846819 4073198.256216543
732 2806 507300.9855556541 4071980.3981419504
488 2928 504862.08587719954 4070758.547309719
610 2928 506081.38350251404 4070759.174862593
610 3050 506081.3305203632 4069538.9822600856
122 3172 501200.7108032759 4068317.5330464244
610 3172 506081.93296757975 4068318.5092642023
610 3294 506081.7930012973 4067098.593865713
122 3416 501201.2982719398 4065878.6210104623
122 3782 501202.43142806983 4062220.926010227
976 3782 509741.95694976253 4062217.8009671983
