244 122 604877.454458811 4397603.403492965
366 122 607316.668512323 4397603.578678649
854 122 617078.0037464208 4397603.21114791
1159 122 623177.1510699041 4397603.203248745
1342 122 626836.5295362155 4397603.641774405
122 183 602437.0381099388 4396382.7819544785
183 183 603656.3646629513 4396383.570903317
366 183 607318.2777884721 4396381.724015706
427 183 608537.4243877052 4396381.565891222
1220 183 624397.7146219489 4396382.782040432
366 244 607317.7961757281 4395158.113188727
427 244 608537.854777305 4395162.632909383
488 244 609757.574149598 4395163.351440129
671 244 613417.9771668067 4395163.7175684525
732 244 614636.9859218333 4395162.905394175
915 244 618297.8792055923 4395163.285003282
976 244 619516.9544793221 4395163.5980878975
1037 244 620736.298456575 4395163.924767998
1098 244 621957.0769523266 4395163.928877005
1281 244 625617.3174680732 4395162.487758389
183 305 603658.1764450038 4393939.059000467
610 305 612197.9011798494 4393942.457276406
732 305 614636.715976025 4393943.225526495
793 305 615861.6794433898 4393942.981479589
854 305 617078.0328747106 4393942.677405708
915 305 618296.5941874392 4393942.310315405
976 305 619516.512303171 4393943.092550526
1037 305 620736.0736687984 4393943.243142066
1159 305 623177.4967606774 4393943.193920507
549 366 610977.1753367996 4392722.956412792
671 366 613417.4797411031 4392722.542613044
793 366 615856.4754667169 4392724.208078764
854 366 617076.8244904835 4392724.507876548
915 366 618296.6418991404 4392723.236373464
976 366 619518.1488231219 4392723.8096517045
1098 366 621957.3140266316 4392721.945290245
305 427 606098.1678529889 4391499.168285351
488 427 609756.8024113403 4391503.457098001
671 427 613418.1204808279 4391502.451012086
854 427 617080.8900281051 4391502.9166007945
915 427 618295.9005336674 4391504.793998214
1037 427 620737.0750626015 4391502.9164682925
1281 427 625617.7802191979 4391504.096689176
1342 427 626836.5432647578 4391502.742749548
427 488 608538.4655079978 4390282.531256136
488 488 609757.6027623466 4390282.431335472
549 488 610977.4865932025 4390282.618107963
793 488 615857.1614041897 4390283.188327779
976 488 619517.0257627009 4390283.700616899
1098 488 621957.759393573 4390283.884145758
305 549 606102.3839177456 4389061.034060133
427 549 608536.9639758716 4389063.52039811
488 549 609757.8210307277 4389062.906890307
549 549 610977.2143803851 4389057.305206408
732 549 614637.3646946906 4389062.295691677
1037 549 620736.8060939426 4389063.470554508
1098 549 621957.4354412277 4389063.090487499
1159 549 623176.8995762587 4389063.370777503
1220 549 624397.4896071529 4389062.8360558795
1281 549 625616.6953806488 4389063.439593208
427 610 608539.6309886929 4387841.779705873
549 610 610977.1253457032 4387842.631066768
671 610 613416.8178907502 4387842.747320049
793 610 615857.3468140315 4387843.0157797625
976 610 619517.443440668 4387843.656072978
1159 610 623178.1490865115 4387842.868386288
244 671 604877.6331031546 4386622.482818556
305 671 606098.2057634052 4386622.062654297
427 671 608538.0520414576 4386623.087112817
549 671 610977.651908672 4386622.028191966
610 671 612197.7055860572 4386622.262141846
854 671 617077.3974201442 4386622.731581305
915 671 618296.6386468832 4386623.360781781
1037 671 620736.5865216554 4386623.126318186
1159 671 623177.7234354842 4386618.17873319
244 732 604877.5839147392 4385397.972699368
488 732 609760.0096565386 4385399.9964939905
549 732 610979.2889756932 4385399.61400633
671 732 613418.0331743128 4385402.640225006
732 732 614637.9929281689 4385403.57860768
854 732 617077.689438397 4385401.91696116
915 732 618298.2763870602 4385403.166741352
1098 732 621957.3358597656 4385401.914998217
122 793 602436.1253889399 4384184.489570413
793 793 615857.8265775745 4384183.3457350135
1037 793 620737.2849330897 4384182.771461547
1098 793 621957.4427864925 4384178.801511722
1159 793 623177.437730937 4384177.889016875
1220 793 624396.3651136474 4384182.426138904
488 854 609757.4648533667 4382961.83581633
793 854 615857.5073424842 4382963.210776881
854 854 617077.5167712925 4382961.931301847
976 854 619516.6385773857 4382962.205735941
1037 854 620736.7441789815 4382958.247579679
1098 854 621955.7622631153 4382962.1415813025
671 915 613417.8094181592 4381743.053221261
732 915 614637.0403606397 4381742.985071197
793 915 615858.2791853942 4381741.073756578
915 915 618297.6634884517 4381742.130229897
1037 915 620736.4163858367 4381743.196191869
1220 915 624396.5186006976 4381742.1901277425
427 976 608536.4627416194 4380523.33253198
488 976 609756.5055191831 4380523.368218483
549 976 610977.0280416323 4380522.492943234
610 976 612197.088364851 4380522.303719853
793 976 615858.386139934 4380523.222770492
854 976 617075.9146881492 4380524.04240549
915 976 618297.1880277996 4380521.5078453785
488 1037 609757.6185124487 4379303.196275387
549 1037 610977.1298984693 4379302.405911688
610 1037 612196.9399240545 4379302.286352392
671 1037 613417.8667496677 4379297.65543627
732 1037 614637.5633214636 4379302.023024314
427 1098 608541.2912452789 4378082.928958521
549 1098 610977.2589552253 4378082.244276217
610 1098 612197.6263606149 4378085.22209768
854 1098 617077.4167207142 4378082.52993491
549 1159 610976.8492060726 4376863.034361634
610 1159 612197.1141790582 4376863.3062456995
671 1159 613417.6898167843 4376861.961834874
732 1159 614637.0489960057 4376863.033537736
793 1159 615857.4081198625 4376862.7520135315
854 1159 617075.8087012913 4376863.645787223
915 1159 618296.6846214659 4376862.8649608325
976 1159 619518.3449611882 4376857.976693869
427 1220 608537.4692121973 4375642.594132653
549 1220 610978.1828077125 4375641.9585395465
793 1220 615856.6321708852 4375642.439174064
915 1220 618298.0351460606 4375642.554634975
1098 1220 621956.5725162511 4375642.586190926
61 1281 601216.607793012 4374423.588631077
488 1281 609757.5822825822 4374422.693201457
854 1281 617077.1704443719 4374423.901178521
1037 1281 620736.856127944 4374423.904627578
549 1342 610975.9351250832 4373202.589392235
610 1342 612198.3466412403 4373202.282911416
671 1342 613417.8583299668 4373201.758493746
915 1342 618296.9797051676 4373203.945887271
488 1403 609761.9498750326 4371982.889144625
549 1403 610977.0897678311 4371982.314912109
610 1403 612197.4771076229 4371983.682821314
732 1403 614638.049999909 4371982.737109267
976 1464 619517.084167187 4370762.118330673
1037 1464 620736.2766521916 4370763.98276714
61 1525 601217.492584924 4369542.609827271
549 1525 610978.4656492342 4369542.113423726
671 1525 613418.2312090258 4369542.988760246
793 1525 615856.5365386527 4369543.565768213
61 1586 601217.9781888234 4368317.9205146935
854 1586 617077.5795155636 4368322.739600285
1037 1586 620735.9483051173 4368323.560808705
610 1647 612197.5077064177 4367103.469616327
732 1647 614637.6844902483 4367101.71720638
976 1708 619516.4591751075 4365882.357209212
61 1830 601217.719415807 4363442.658179062
183 1830 603657.7979413598 4363438.204643127
854 1830 617076.8302508971 4363442.306130228
732 1891 614637.6905817308 4362222.903396784
671 1952 613416.9545150064 4361002.870228598
793 1952 615855.5901121269 4361003.179354301
854 1952 617076.4892286832 4361004.067799865
671 2013 613417.8242070406 4359782.977480455
366 2135 607315.1695833739 4357344.32081073
427 2135 608538.5346401546 4357344.142252118
610 2135 612198.1145050301 4357342.056965087
122 2196 602438.2495838914 4356125.5976180425
183 2196 603656.7215147662 4356123.495830573
305 2196 606098.5065561371 4356123.465977173
122 2257 602437.140846861 4354903.344370386
122 2318 602437.9195214416 4353684.568781444
61 2379 601216.8261531685 4352464.624436802
244 2379 604878.3467617625 4352463.195780039
732 2379 614636.8614220765 4352464.090053828
122 2440 602436.8765976152 4351243.957180773
61 2501 601216.8426477585 4350024.629952468
610 2501 612196.8830128496 4350022.902538188
244 2562 604877.1896867633 4348805.964378789
366 2562 607317.2792523759 4348803.104961969
610 2623 612196.7064987526 4347583.955046414
183 2684 603658.5898060082 4346362.521777507
366 2684 607315.7303093692 4346365.191591806
488 2684 609756.1720393788 4346362.448277082
549 2684 610976.353872231 4346364.461016918
671 2684 613417.334667462 4346362.312479817
61 2745 601217.831813936 4345143.934224203
488 2745 609757.0618619568 4345138.803512732
549 2745 610978.0315948678 4345138.778803436
610 2745 612196.5970783861 4345143.832638276
183 2867 603657.6137029662 4342702.2538455855
366 2867 607318.1709184565 4342703.336215842
183 2928 603657.6181641675 4341482.331461683
488 2928 609757.2100991015 4341483.855395139
671 2928 613415.8973838558 4341484.366793601
610 3050 612197.3505813574 4339038.4438045705
549 3233 610977.13194991 4335378.748344303
427 3416 608536.8279224081 4331723.792265001
183 3599 603658.937394824 4328063.362781511
61 3660 601218.744398892 4326841.351041913
366 3904 607317.3063016656 4321963.606416171
61 4087 601217.2923371176 4318302.800873596
122 4209 602436.844163083 4315862.313400771
244 4209 604875.2421356261 4315863.970332992
366 4209 607315.2743089609 4315864.243609695
61 4270 601216.9750478081 4314642.131493378
183 4270 603656.3896717301 4314641.856409448
305 4270 606095.5014591934 4314643.697621702
366 4270 607315.6475017077 4314642.55062799
61 4331 601216.7451642691 4313422.940171401
122 4331 602436.1907127773 4313426.42281374
244 4331 604875.6001215314 4313423.312069576
305 4331 606096.0033138796 4313423.82389764
183 4392 603657.0517684321 4312202.849750173
