10248 122 502437.82866570604 4498781.997813436
10492 122 504877.70146425266 4498781.997089965
10126 244 501218.6960521529 4497561.9249103805
10248 244 502438.2957932515 4497562.021250277
10370 244 503657.9995468191 4497561.974856095
10492 244 504878.10406486655 4497561.08751611
10614 244 506098.01168954134 4497561.299036613
10004 366 499998.90843350586 4496340.754368673
9882 610 498778.9770999012 4493902.296052609
10614 610 506098.272373661 4493901.532011943
10736 732 507317.39845032356 4492682.406605766
9272 854 492678.49478302256 4491460.986051324
10858 854 508540.7872058849 4491461.849178255
10736 976 507317.42494671076 4490240.829196744
10858 976 508538.0858209963 4490241.441251395
9882 1098 498778.51754446304 4489020.78591046
10492 1098 504879.02179694915 4489021.557164761
10614 1098 506099.5148586542 4489021.990911757
10736 1098 507318.6628222609 4489021.25697328
10858 1098 508538.3502831277 4489022.753447097
10004 1220 499998.0684176129 4487801.520641626
10614 1220 506098.40464724303 4487800.799375923
10736 1220 507317.76873590896 4487802.01050078
10492 1342 504877.9072659492 4486582.588345906
9394 1464 493898.5257455325 4485361.715243982
9882 1464 498777.88402424747 4485360.784694479
9516 1708 495117.81381075876 4482921.39187388
10370 1708 503657.89249485714 4482920.283628829
10858 1708 508538.7023236279 4482920.509097446
9882 1830 498777.71259636566 4481701.5604534885
10370 1830 503657.38305804826 4481701.21545426
10492 1830 504877.303730489 4481702.123434101
10614 1830 506097.62892205745 4481702.391873498
9638 1952 496339.6591493558 4480481.33050837
9760 1952 497557.5139521943 4480480.96689737
10370 1952 503658.416345803 4480481.661924947
10858 1952 508537.5743336185 4480481.843488319
9638 2074 496338.7764175994 4479261.158273682
10492 2074 504878.7331502456 4479261.714915233
9760 2196 497558.18688523606 4478041.402437735
10248 2196 502438.2950865665 4478041.976375792
10370 2196 503657.0451118683 4478041.924313173
10492 2196 504878.024397638 4478041.646853722
10736 2196 507320.4482635768 4478041.971974075
10858 2196 508539.0975765306 4478042.0093454635
9882 2318 498777.7282762149 4476821.871234411
10126 2318 501217.6027306895 4476821.222100477
10736 2318 507317.603141722 4476822.133620547
10858 2318 508538.51802840637 4476821.70222204
10614 2440 506098.219453035 4475602.044437713
10736 2440 507318.4479196049 4475602.118526431
10858 2440 508539.02973142115 4475602.135163823
10492 2562 504877.5661392894 4474382.226833312
10126 2684 501217.930691511 4473162.427841696
10614 2684 506098.5365374421 4473161.729680001
10736 2684 507318.0253365622 4473162.166573287
10858 2684 508537.44220312836 4473162.298079541
10004 2806 499998.8538042865 4471941.561273885
10370 2806 503657.44950293587 4471941.5584426345
10492 2806 504878.5583514301 4471941.282595379
10614 2806 506097.7007742959 4471941.9420797005
10858 2928 508538.9817916437 4470721.666122099
10126 3050 501217.7375367682 4469502.62043476
10248 3050 502437.65428562893 4469501.94876115
10492 3050 504878.5607219085 4469501.259189106
10614 3050 506099.078719082 4469501.546879527
10736 3050 507319.37815192837 4469501.8053886155
10858 3050 508539.03491702396 4469501.538440982
10614 3172 506097.9624671526 4468281.764300208
10858 3172 508538.2115257796 4468282.3872542735
10370 3294 503657.7002204556 4467062.264491914
10736 3294 507318.62271554215 4467061.648744143
10858 3294 508538.9180703625 4467061.192510302
10126 3416 501218.6519257898 4465842.516101198
10370 3416 503658.71236049966 4465841.846484417
10492 3416 504877.9916880134 4465841.570334849
10858 3416 508537.8491986359 4465841.818302999
9638 3538 496338.31619274814 4464622.068080986
9760 3538 497558.58004898945 4464620.873122653
10248 3538 502437.48599249206 4464622.051687006
10370 3538 503657.70234451577 4464622.426153756
10492 3538 504877.7255284814 4464622.614504879
10736 3538 507318.9817110843 4464621.451139001
10858 3538 508538.8203750707 4464622.236270089
9760 3660 497558.49060270906 4463401.054870968
9882 3660 498778.39600515965 4463401.791002121
10004 3660 499997.8095950042 4463401.438091967
10370 3660 503658.86086043576 4463401.705535176
10736 3660 507318.502511858 4463401.928100545
10858 3660 508538.0407933366 4463401.925709089
9760 3782 497559.2355209744 4462180.864468906
9882 3782 498778.63876154984 4462181.440130079
10126 3782 501217.18925799517 4462181.768549045
10248 3782 502438.26996693027 4462181.677883832
10370 3782 503659.3070044755 4462181.573707751
10492 3782 504878.73799334903 4462182.279920365
10614 3782 506098.4901472317 4462181.972862347
9760 3904 497557.35962009034 4460961.237364594
9882 3904 498777.77823467716 4460961.134868168
10004 3904 499998.19334055745 4460961.036413158
10126 3904 501218.6394809777 4460961.3415522
10248 3904 502438.5509480732 4460961.874954121
10492 3904 504877.64837749203 4460962.930067828
10736 3904 507318.8971792308 4460961.443591006
10858 3904 508538.867879299 4460961.253643712
9760 4026 497557.5760303854 4459741.490788845
10004 4026 499997.2898318427 4459741.620707883
10126 4026 501217.39323210786 4459742.595082201
10370 4026 503658.4194031664 4459742.330065696
10492 4026 504879.254303451 4459741.714988638
10736 4026 507317.9287345111 4459742.638874159
10858 4026 508537.9287005639 4459742.36758218
9638 4148 496338.02697926085 4458521.127360973
9760 4148 497558.2399857875 4458521.032263741
9882 4148 498778.5779995598 4458521.226415249
10126 4148 501218.09212180955 4458521.510161704
10248 4148 502437.3372495407 4458521.096764258
10614 4148 506097.2743018635 4458522.173295865
10736 4148 507317.90940410283 4458522.1021100525
10858 4148 508538.23510269856 4458521.75588156
10004 4270 499997.18499753845 4457301.531129311
10248 4270 502436.95607631846 4457302.4001549715
10370 4270 503658.4785703237 4457302.057932933
10614 4270 506097.8408565022 4457302.079114305
10736 4270 507317.16590676265 4457302.055246594
10858 4270 508537.41840490827 4457302.22515334
9272 4392 492677.60752219934 4456081.616149506
9394 4392 493898.67886058276 4456081.647568114
9516 4392 495118.5224915362 4456081.037600529
9638 4392 496338.7357379864 4456080.821121929
9760 4392 497558.97740135086 4456081.51474508
9882 4392 498779.04759289866 4456081.193092853
10004 4392 499998.12346827274 4456081.77996654
10126 4392 501217.95351147954 4456082.096904767
10248 4392 502436.7346221033 4456082.502753622
10370 4392 503657.4775190121 4456082.27499476
10736 4392 507317.4703562181 4456082.445885393
10858 4392 508537.97926985973 4456082.421042627
9272 4514 492677.34437979595 4454861.180641123
9394 4514 493897.5615778272 4454862.444284472
9760 4514 497557.93654310267 4454860.805488263
9882 4514 498778.25821342185 4454860.840384995
10004 4514 499998.5646488439 4454861.5192104755
10126 4514 501218.23340903845 4454862.331552277
10370 4514 503657.63579311606 4454862.299130908
10492 4514 504876.847891556 4454862.982172224
10614 4514 506097.2596267261 4454863.232041436
10736 4514 507318.80195599387 4454861.699806392
9394 4636 493899.16410731076 4453641.664290761
9760 4636 497558.3422747557 4453641.578750239
9882 4636 498778.5211649411 4453641.092568761
10004 4636 499998.14746218704 4453641.154939591
10492 4636 504877.7025523446 4453642.907252139
10614 4636 506097.25700117846 4453642.469296302
10736 4636 507318.0474072397 4453642.589360387
10004 4758 499997.7741236325 4452421.287038212
10126 4758 501217.93539417296 4452421.781384243
10248 4758 502438.4643756202 4452420.907036012
10370 4758 503657.6799871681 4452421.535077684
10492 4758 504877.5304777028 4452422.45028531
10736 4758 507318.15384476195 4452422.163206571
10858 4758 508538.0307021414 4452422.990129701
10248 4880 502437.90843089164 4451201.068965154
10370 4880 503657.4655175184 4451201.231273676
10492 4880 504877.59556971147 4451201.479240039
10614 4880 506098.10112939426 4451201.300835975
10736 4880 507317.6679486617 4451201.24074536
10858 4880 508537.6082959695 4451201.842941401
10248 5002 502437.5515568976 4449981.533167252
10370 5002 503657.1490477752 4449981.649732838
10492 5002 504877.7796601267 4449981.502456338
10736 5002 507318.284221671 4449981.293464264
10858 5002 508537.6849783268 4449981.595172019
10248 5124 502437.91484231077 4448761.3445813265
10370 5124 503658.9028859994 4448760.848110984
10492 5124 504878.2212295495 4448761.092834866
10614 5124 506097.7868695208 4448761.045460099
10736 5124 507317.41275030264 4448761.305955438
10858 5124 508537.07040425914 4448761.255951427
10370 5246 503658.75872366194 4447541.295587733
