5002 0 449981.3411956384 4499998.619539906
4270 122 442660.7201200064 4498778.609963679
5124 122 451202.0493434747 4498778.432802468
5246 122 452421.80008571345 4498778.544120471
5368 122 453641.9818299134 4498778.11855353
5490 122 454862.3990766932 4498779.205330306
5856 122 458520.786493873 4498779.286905716
6222 122 462181.937644954 4498778.146944273
6344 122 463401.3810222475 4498777.847589952
6466 122 464622.3495291195 4498777.917635546
6588 122 465841.39018515876 4498778.19681572
6832 122 468280.4745208482 4498778.826113239
7808 122 478042.5531315113 4498778.218534484
7930 122 479261.8013111017 4498778.476445019
8052 122 480482.35256693594 4498777.834827772
8174 122 481702.09781441983 4498778.314006417
8296 122 482922.0002384661 4498778.1113544665
8418 122 484141.8779296555 4498778.637997079
8906 122 489021.69052426296 4498778.94720879
10126 122 501222.02285994473 4498778.729988241
10248 122 502441.57899683784 4498778.210980861
10370 122 503661.9748703081 4498778.478826186
10492 122 504882.37567844236 4498778.186458226
10858 122 508542.1585766909 4498780.403655602
4392 244 443881.1941253844 4497558.982837317
4636 244 446321.35039434227 4497558.998856638
4758 244 447541.083826364 4497558.48331791
5002 244 449982.1241193397 4497558.463092188
5124 244 451202.34644278686 4497558.677772311
5246 244 452422.2495627969 4497558.20509213
5734 244 457302.34847364837 4497559.154994335
6100 244 460961.36754341883 4497558.9107241165
6344 244 463401.28895300376 4497557.463395063
6466 244 464621.265836033 4497557.985385954
6710 244 467061.1968217531 4497558.940580362
6832 244 468281.1030955781 4497558.141424069
6954 244 469501.6825013117 4497558.243552373
7076 244 470722.22364254674 4497559.0150187565
7564 244 475601.08538342535 4497558.093764211
7686 244 476821.87987416005 4497558.025936928
7808 244 478043.1246249126 4497557.62015146
7930 244 479261.7142540838 4497557.542298322
8174 244 481701.9199885159 4497558.509075919
8418 244 484142.0747199695 4497558.881658777
9150 244 491461.8859593155 4497558.347265422
10248 244 502441.9636752493 4497558.639220445
10492 244 504882.45618176874 4497558.86794385
10614 244 506102.5104668411 4497559.0295389
3538 366 435341.6342211348 4496338.855329793
3782 366 437781.22673989943 4496338.512615272
3904 366 439001.343900727 4496338.835455908
4392 366 443881.1802545556 4496338.386669243
5002 366 449981.99575874046 4496338.368096183
5124 366 451201.4756782468 4496338.13868462
5246 366 452421.99140476144 4496339.272200436
6222 366 462181.80219577166 4496338.571815313
6344 366 463402.16824099066 4496338.917668637
7808 366 478042.16033505875 4496338.432462073
8174 366 481702.3640181028 4496338.215751894
8540 366 485362.2526647325 4496338.169066343
8662 366 486582.0283582149 4496338.390593926
10248 366 502442.2799350536 4496338.480100266
10370 366 503662.41871061485 4496338.487683096
10492 366 504882.2771062332 4496338.272478037
10614 366 506101.65708498633 4496338.499049366
3416 488 434122.112037665 4495118.043188384
3538 488 435341.97950925067 4495118.676856055
4148 488 441441.2353632583 4495119.030609523
4514 488 445101.0263917613 4495119.575048157
4636 488 446321.92028560606 4495116.897891792
4880 488 448762.1391380533 4495117.794642615
5002 488 449981.89825106267 4495118.351615137
5124 488 451202.0615097311 4495118.542003773
5246 488 452422.31470016716 4495118.09646497
5368 488 453641.91484091344 4495118.505980289
5612 488 456081.97771844 4495120.384243899
5856 488 458522.152947608 4495118.8653056165
5978 488 459741.7960149469 4495118.613164702
6100 488 460961.91978412954 4495118.80253989
6222 488 462181.3593790397 4495118.733343693
6344 488 463401.43941876077 4495118.625840301
6466 488 464621.81914366607 4495117.870598521
6832 488 468282.0006596945 4495117.779700387
6954 488 469501.9750346218 4495118.603633366
7076 488 470722.1625151606 4495118.136698651
7198 488 471942.3664164439 4495118.428930709
7320 488 473161.82978477795 4495117.160030112
7930 488 479262.8740121091 4495117.979808606
8052 488 480481.5927904723 4495118.419123788
8418 488 484142.80571759364 4495117.97327347
8540 488 485361.80425135675 4495118.098598087
10248 488 502441.9607337588 4495118.454158506
10370 488 503662.58492223674 4495117.996937615
10492 488 504881.7403119221 4495118.526382543
10614 488 506101.30286171497 4495118.0617887145
3660 610 436561.5270694903 4493898.375900164
4514 610 445101.46187662875 4493899.088440683
4636 610 446322.3655321299 4493898.142355436
4758 610 447541.37398297054 4493898.783734582
4880 610 448761.92782419076 4493898.908269616
5002 610 449982.2170711974 4493898.251110006
5124 610 451202.2755571193 4493898.601960871
5246 610 452422.1699514044 4493898.121252391
5368 610 453642.6183629057 4493899.192562793
5612 610 456081.73236774135 4493898.356859677
5734 610 457302.3576965159 4493898.222232441
5978 610 459742.05494451604 4493898.962504004
6100 610 460961.4249046866 4493897.9047477
6222 610 462181.25371534185 4493898.150333851
6710 610 467060.71899898985 4493896.837701114
6832 610 468281.50750848424 4493897.985967715
6954 610 469501.4048958958 4493897.678613483
7442 610 474382.15549929766 4493898.151304397
7564 610 475602.1616117696 4493898.942781895
7808 610 478042.10635502194 4493898.304197957
8296 610 482922.6088293091 4493897.690511228
8418 610 484142.2458754217 4493897.647003181
8540 610 485362.74629288865 4493897.02759322
8662 610 486581.79997510934 4493897.628965758
8784 610 487801.6884087949 4493898.193942361
8906 610 489022.6177981483 4493897.805431452
9638 610 496341.6885341414 4493898.560121599
9882 610 498782.1679657396 4493898.424361547
10370 610 503662.2036183534 4493899.288846634
10492 610 504882.1488135526 4493898.514379713
4514 732 445102.00999469013 4492678.661812295
5002 732 449982.16697533627 4492678.11409038
5246 732 452422.0071900381 4492678.693312234
5612 732 456081.27228450775 4492678.013225841
5734 732 457302.17641166155 4492677.857656184
5978 732 459741.4261534238 4492677.961724639
6100 732 460962.2793624276 4492677.915848983
6222 732 462181.507082226 4492678.253823896
6344 732 463401.49589860265 4492678.574843353
6710 732 467060.9737684736 4492677.560526214
6832 732 468281.2592399258 4492678.679212348
7442 732 474383.1953002844 4492678.61563046
7564 732 475601.9275423689 4492678.015237247
8540 732 485361.7972101226 4492677.963222826
8662 732 486582.3339605913 4492679.2496313015
8784 732 487802.49127513473 4492678.501189947
8906 732 489021.55942736496 4492678.107986379
9638 732 496341.5028567344 4492679.070424226
10126 732 501220.0746310191 4492677.961568986
10370 732 503661.63827397214 4492679.03306062
10492 732 504882.83023685665 4492677.726146523
10614 732 506102.4088106007 4492678.209260189
10858 732 508542.2176916686 4492679.4235074585
4636 854 446320.7066828926 4491458.207391028
4758 854 447542.0649753044 4491458.6397205945
4880 854 448762.3027534644 4491458.553619183
5002 854 449982.14929509145 4491458.21628987
5124 854 451202.128023068 4491458.612002104
5246 854 452421.4856786813 4491458.805059188
5612 854 456081.92187640775 4491458.392846046
5856 854 458521.66913116537 4491458.345487343
5978 854 459741.0095202816 4491459.151133998
6100 854 460961.9693893162 4491457.467731519
6222 854 462182.1715978766 4491457.802391339
6344 854 463399.75251609425 4491457.976363033
7198 854 471942.2957298319 4491458.606115008
7320 854 473162.2477126346 4491459.074884202
7808 854 478042.56845482276 4491457.410256735
7930 854 479262.1004129626 4491458.568176423
8052 854 480482.5902596641 4491458.561433974
8174 854 481702.11966510536 4491458.284485629
8906 854 489020.98181465024 4491459.67438614
9516 854 495122.2225994202 4491458.181805939
9638 854 496341.73321494216 4491459.339421115
10370 854 503662.3185179692 4491458.162203566
10492 854 504883.263836864 4491458.550119058
10614 854 506102.3687887202 4491458.684060897
5124 976 451203.0529694185 4490238.32604349
5368 976 453641.1506467024 4490237.730545005
5612 976 456081.41265132546 4490238.8372870665
5856 976 458521.88381490874 4490238.706311633
6832 976 468282.0309217836 4490238.230734135
7076 976 470723.2165205841 4490237.446361669
7320 976 473162.6666824133 4490237.936413566
7442 976 474382.9974479337 4490238.117219835
7564 976 475602.7256612977 4490238.067322086
7930 976 479262.03472485323 4490239.042321839
8296 976 482921.56631553423 4490238.464943798
8784 976 487801.6973596587 4490238.9411388915
9272 976 492681.1037367993 4490239.7676535435
9516 976 495121.66712397896 4490238.847764762
9638 976 496341.27602471533 4490238.3788197655
10004 976 500002.41914408596 4490238.658718968
10126 976 501222.108960922 4490237.858256441
10370 976 503663.0420501753 4490238.082246165
4392 1098 443882.1627704244 4489018.328972553
4514 1098 445101.8810170512 4489018.624543994
4636 1098 446321.94680923835 4489018.16520349
4758 1098 447542.21071911015 4489019.183261145
4880 1098 448761.9761425655 4489018.329627021
5002 1098 449981.99178105535 4489018.705407243
5124 1098 451202.29437595827 4489018.284745211
5368 1098 453642.3440264159 4489018.234520538
5490 1098 454861.81990968477 4489018.022946558
5612 1098 456082.5062638828 4489018.143918059
5734 1098 457301.16232830967 4489018.9480994465
5856 1098 458522.082541023 4489018.860050898
5978 1098 459742.7225568945 4489017.917773361
6100 1098 460961.3824762157 4489017.739108448
6466 1098 464621.00664271857 4489017.840831385
6588 1098 465841.85499930714 4489018.129361519
6710 1098 467062.1502041823 4489018.1293904325
7076 1098 470720.95290548576 4489019.53792436
7320 1098 473161.95868593437 4489018.730929127
7442 1098 474381.81487599417 4489018.254237001
7564 1098 475601.5044767122 4489019.109709397
7686 1098 476822.1674112792 4489018.939368027
7930 1098 479263.4138189744 4489017.940104066
8052 1098 480481.34442504967 4489017.902596876
8418 1098 484142.4457083747 4489019.1864495715
9028 1098 490242.2971735739 4489019.333842461
9516 1098 495122.2274248643 4489018.750452652
9638 1098 496342.9678273896 4489018.65725804
9760 1098 497561.95180313534 4489018.631058473
10370 1098 503663.28678568325 4489018.235784101
10492 1098 504883.8158134731 4489018.66650838
10980 1098 509762.6032890843 4489017.828089926
4392 1220 443882.1247568035 4487798.740473616
4758 1220 447541.96264180855 4487798.755585778
5002 1220 449982.3184863725 4487798.788987803
5124 1220 451202.34706060786 4487797.774919729
5368 1220 453642.60391645343 4487797.855554571
5612 1220 456081.83100203855 4487798.255914355
6222 1220 462181.44584779796 4487797.799925878
6466 1220 464621.3974130907 4487798.031729337
6832 1220 468282.26690433384 4487797.672819183
6954 1220 469502.10983333044 4487797.450813959
7442 1220 474382.808315743 4487798.1364073865
7564 1220 475602.2394129047 4487798.358588349
7686 1220 476824.04275608365 4487797.538607881
8296 1220 482922.1513182163 4487799.270294115
9272 1220 492682.49864808633 4487798.324877462
9394 1220 493901.775680058 4487798.2177418405
9760 1220 497562.3128921031 4487799.266735032
10004 1220 500002.650117885 4487798.834783334
4392 1342 443881.43941745814 4486579.156836873
4514 1342 445101.5703357613 4486578.945609983
4636 1342 446322.80657145905 4486578.298004874
4880 1342 448761.9585351347 4486578.103270366
5002 1342 449982.186477547 4486577.481454824
5124 1342 451202.50145464815 4486578.540920023
5368 1342 453643.07885223505 4486578.120339214
5490 1342 454861.986712646 4486578.069865533
5734 1342 457302.3608671862 4486578.906388193
5856 1342 458522.52432099 4486579.018323381
5978 1342 459741.63906947686 4486577.774412054
6100 1342 460961.9455591292 4486577.235372858
6222 1342 462181.26408503245 4486577.805011342
6344 1342 463401.1320707166 4486577.642932738
6466 1342 464622.35579426144 4486577.823511329
6710 1342 467061.8432813606 4486578.329527972
6832 1342 468280.9649167317 4486577.979923049
6954 1342 469501.4818032723 4486578.177230303
7076 1342 470722.47127418494 4486577.663852086
7198 1342 471941.9567209066 4486578.137022819
7442 1342 474381.82347658795 4486578.772083951
8662 1342 486581.9452252536 4486577.976579347
8906 1342 489021.86400491925 4486578.826098264
9150 1342 491461.71288940223 4486579.0491134105
9638 1342 496341.7026016573 4486578.445576973
9760 1342 497561.6250331328 4486578.690175097
9882 1342 498782.0175703971 4486578.415512407
10614 1342 506103.557411031 4486578.448582727
10736 1342 507323.4654156623 4486578.633328547
4392 1464 443881.25610567635 4485358.989651259
4514 1464 445101.7568271562 4485358.411800742
5002 1464 449982.2707068554 4485358.314657331
5124 1464 451203.1160760882 4485356.833074686
5246 1464 452422.06318935874 4485358.875595427
5612 1464 456082.7498835897 4485359.0035433145
5734 1464 457301.72500819317 4485358.675803919
5856 1464 458522.81667291245 4485357.923365498
5978 1464 459740.1352237755 4485359.865548644
6100 1464 460961.61029907333 4485357.756417822
6466 1464 464621.31326659105 4485358.9252709085
6588 1464 465841.10939506313 4485358.418807147
6710 1464 467062.4022949479 4485356.5831329925
6954 1464 469501.56953237724 4485357.983334007
7076 1464 470722.3106382997 4485357.944801165
7198 1464 471942.44466966507 4485358.47732989
7564 1464 475600.7656032508 4485358.9960650625
8296 1464 482922.5856749486 4485358.331369225
8418 1464 484141.97036169027 4485357.455970761
8540 1464 485362.3276202171 4485359.0172990225
8784 1464 487801.58469166694 4485358.589053009
8906 1464 489021.39683448 4485359.443721064
9516 1464 495121.79500539193 4485358.607886777
9760 1464 497562.1757176143 4485358.101364569
10248 1464 502443.5393649907 4485357.511490104
10370 1464 503662.4452390632 4485361.062162634
4636 1586 446321.88094702305 4484138.684206135
4758 1586 447541.7812229636 4484137.788850128
4880 1586 448762.0001603607 4484138.936731742
5002 1586 449982.48430938757 4484138.396546269
5246 1586 452422.3390088271 4484137.890364722
5368 1586 453642.787520358 4484138.280020656
5612 1586 456081.7474015699 4484138.43029016
5734 1586 457303.584097328 4484139.211201442
5978 1586 459741.178904778 4484138.007136929
6100 1586 460962.98526096845 4484138.215720397
6222 1586 462181.70207433164 4484138.778834358
6466 1586 464621.6765909859 4484138.0838886015
6588 1586 465841.60052126786 4484137.995185512
6710 1586 467061.85403500823 4484138.5553967375
6832 1586 468282.2060866548 4484138.004764739
7198 1586 471942.91409525863 4484137.35866181
7320 1586 473161.88358798984 4484139.41308151
7808 1586 478042.0601360323 4484140.337911071
8174 1586 481701.25329505745 4484138.890447258
8418 1586 484142.1339326582 4484138.407650237
8906 1586 489022.3552054603 4484139.069482033
9150 1586 491461.84568043804 4484139.003696825
9272 1586 492682.423867099 4484138.527884146
9394 1586 493902.56108749023 4484138.282031533
9516 1586 495123.13239052816 4484137.88468403
9760 1586 497561.91353886604 4484140.9573654225
9882 1586 498782.32659401384 4484138.794581437
10004 1586 500002.8106747261 4484137.606248296
4880 1708 448761.7342309887 4482918.879094803
5002 1708 449982.1618177168 4482918.400451922
5124 1708 451202.66870952724 4482918.211943828
5246 1708 452422.2566844877 4482918.118739542
5368 1708 453642.12670160655 4482919.168457851
5734 1708 457302.38300290855 4482920.873416064
5856 1708 458520.8221977136 4482918.057101656
6344 1708 463402.0560366591 4482918.105025672
6466 1708 464621.6185899925 4482918.68196989
6588 1708 465842.0342954844 4482919.36810998
6710 1708 467061.50473835133 4482918.221832614
7198 1708 471942.38061703043 4482918.658032928
7564 1708 475602.512347572 4482919.062943273
7686 1708 476821.93503357534 4482919.404202324
7808 1708 478042.50570138445 4482918.092777982
8174 1708 481700.56061664445 4482919.045258028
8662 1708 486581.87798030325 4482918.474550534
8784 1708 487801.804448533 4482918.245127617
9150 1708 491462.80627042893 4482920.627193134
9394 1708 493903.29806354723 4482918.776668043
9516 1708 495122.3421864092 4482918.846298242
9638 1708 496343.2364288363 4482918.251645855
9882 1708 498782.0597331744 4482919.15643129
10004 1708 500001.9593231127 4482918.26818697
4758 1830 447542.8124360916 4481698.46710415
4880 1830 448761.5423744643 4481698.609222444
5002 1830 449981.95130438666 4481697.991934435
5124 1830 451202.31067504047 4481698.722076225
5368 1830 453641.7551185237 4481700.756919276
5490 1830 454860.99977897387 4481698.908774787
5612 1830 456081.6671551833 4481698.289294663
5856 1830 458521.1534472839 4481697.566483017
5978 1830 459742.29767265124 4481697.8931164825
6588 1830 465841.6199179539 4481698.505260941
6832 1830 468283.666372204 4481697.011073568
6954 1830 469503.72585140343 4481695.828155906
7076 1830 470722.4840224491 4481697.442847106
7198 1830 471942.0656178104 4481697.973320432
7320 1830 473162.23341764224 4481699.3164395625
8418 1830 484142.30089039484 4481698.643542432
9150 1830 491462.35584308486 4481699.590440737
9394 1830 493903.06073162786 4481698.224237126
9516 1830 495122.85761104187 4481697.5002474
9760 1830 497562.61857227253 4481701.056448479
9882 1830 498782.3725234463 4481701.038186441
10004 1830 500002.64801963966 4481698.555637387
10248 1830 502443.139071296 4481698.080000873
4880 1952 448762.1467101845 4480478.182323038
5124 1952 451202.2347568874 4480477.484966142
5368 1952 453641.9569527159 4480481.194765462
5490 1952 454862.1869044582 4480478.48345549
5612 1952 456081.616599339 4480477.975444687
5734 1952 457302.1159625248 4480478.06568468
5856 1952 458521.6851759858 4480477.290820023
6466 1952 464620.9838941347 4480478.329899448
6588 1952 465841.65201349964 4480479.005421541
6710 1952 467063.6899223707 4480476.428278051
6954 1952 469503.45838152396 4480476.71081723
7198 1952 471944.5105803196 4480476.647673511
7320 1952 473162.3092207735 4480478.633237371
8418 1952 484140.84689323837 4480478.4452581145
9028 1952 490241.09767845285 4480478.500442234
9394 1952 493902.3682711518 4480480.64703869
9516 1952 495122.44275608286 4480478.576984773
10126 1952 501222.6466987704 4480481.299743072
10858 1952 508542.32694380765 4480480.9432697855
4880 2074 448761.8472005218 4479258.849790854
5002 2074 449982.41970255546 4479258.618135302
5124 2074 451202.05232008937 4479258.215885237
5246 2074 452422.26398459414 4479258.284962641
5368 2074 453641.6422539764 4479258.800236313
5490 2074 454862.51169823075 4479258.571036399
5612 2074 456084.1240097175 4479257.865833965
5734 2074 457301.78774851485 4479258.471780849
5856 2074 458521.36035026034 4479257.716495989
6100 2074 460961.54560269834 4479258.144108085
6344 2074 463401.1659170178 4479257.987306869
6466 2074 464621.2604608186 4479258.331921253
6710 2074 467061.6772567187 4479258.7908192985
6832 2074 468282.20408695313 4479258.125483124
7442 2074 474381.6152548753 4479258.733020491
7930 2074 479262.58882894163 4479258.3954234095
8906 2074 489021.70424124366 4479258.216534783
9150 2074 491462.3214175812 4479258.440924837
9516 2074 495122.62779395445 4479258.533343711
9638 2074 496342.8980895493 4479257.743590625
9760 2074 497563.00147688243 4479258.114547157
9882 2074 498782.8118529773 4479259.219475427
10004 2074 500002.1573721036 4479258.0640438525
10248 2074 502442.9557855589 4479261.168549656
4880 2196 448764.32221607317 4478038.695645596
5124 2196 451201.29422188946 4478039.212991642
5368 2196 453641.9242081592 4478038.962520436
5490 2196 454863.3927895242 4478035.952663807
5734 2196 457301.3615986324 4478038.009894002
5856 2196 458521.83324056654 4478037.442199402
5978 2196 459741.59547053947 4478038.398549053
6222 2196 462181.8364113344 4478038.168525861
6344 2196 463400.9694765041 4478037.718357299
6466 2196 464621.1608510319 4478037.736898242
6588 2196 465842.20188296924 4478038.019471166
6710 2196 467062.0258131317 4478038.083825207
6954 2196 469502.3360225916 4478039.029770234
7076 2196 470721.73270342586 4478039.057810204
7198 2196 471942.1743660297 4478038.538352029
7320 2196 473162.33838262054 4478038.722745128
7930 2196 479261.66745122964 4478038.494494213
8052 2196 480482.6534926184 4478037.68648341
8906 2196 489022.42779525823 4478038.8652887475
9028 2196 490242.52002183173 4478038.409184696
9150 2196 491462.0098422944 4478038.745945674
9394 2196 493902.5156892253 4478037.998565456
9516 2196 495122.2702243947 4478037.981630726
9638 2196 496342.11728895153 4478038.615168798
9760 2196 497562.6003622131 4478039.248678831
10126 2196 501222.5752242408 4478038.083071633
10248 2196 502442.86001922016 4478041.00911641
10492 2196 504882.2085863195 4478041.39797176
10614 2196 506102.1920737785 4478041.38517658
5124 2318 451202.7267162555 4476818.049957688
5368 2318 453642.4666102834 4476816.910179787
5612 2318 456081.3480079322 4476818.007454442
5734 2318 457302.13577990665 4476817.455137215
5856 2318 458522.27794499043 4476817.458588927
5978 2318 459741.2126975295 4476818.623740865
6222 2318 462182.4902726558 4476818.246372696
6466 2318 464622.1648879711 4476818.080901805
6588 2318 465842.836145506 4476818.617516266
7076 2318 470722.02344837604 4476818.412244709
7198 2318 471943.17173998844 4476817.793245094
7320 2318 473162.05732063355 4476818.880051689
8052 2318 480482.56210540823 4476818.832481607
8906 2318 489022.15005801426 4476818.590674782
9028 2318 490242.7460958473 4476817.976505254
9150 2318 491463.9516043493 4476817.856564456
9272 2318 492683.55899811344 4476817.6411580285
9394 2318 493902.8088995422 4476818.582256541
9638 2318 496341.9524251697 4476818.689871419
9760 2318 497562.4502189409 4476818.832912267
10004 2318 500001.8258613499 4476820.747862529
10370 2318 503662.66532047256 4476818.887281997
5124 2440 451202.94535930484 4475598.594564774
5612 2440 456082.30563545215 4475599.082327133
5734 2440 457301.1146882184 4475598.604474122
5856 2440 458520.84714006237 4475597.872999103
5978 2440 459740.95469678176 4475598.367537634
6100 2440 460962.13523099327 4475597.80501128
6222 2440 462182.1039735287 4475598.44506088
6344 2440 463402.2729905143 4475598.37101602
7320 2440 473161.7226072273 4475598.892719297
7442 2440 474382.1458599488 4475599.094369369
7686 2440 476821.203788897 4475598.413756344
7808 2440 478042.29182892316 4475597.35802257
7930 2440 479262.54490671033 4475598.839814982
8052 2440 480481.18968971254 4475598.207217202
9150 2440 491463.8181740458 4475597.7917837
9272 2440 492682.1669742798 4475597.988544173
9394 2440 493902.4053992603 4475601.136248198
9516 2440 495122.58542243653 4475601.128222775
9638 2440 496342.40435944503 4475598.850953673
9760 2440 497562.27865707106 4475601.243813594
9882 2440 498782.17630177253 4475601.221907161
10004 2440 500002.32186676096 4475598.73992749
10370 2440 503662.5778813033 4475601.311979874
10492 2440 504881.41800437187 4475600.660484587
5002 2562 449982.7424441526 4474378.628207901
5124 2562 451201.3295673274 4474381.179498924
5246 2562 452421.9128535143 4474381.283866479
5368 2562 453641.39162184426 4474378.871353054
5612 2562 456082.50439965003 4474379.122745317
5734 2562 457301.8066109171 4474377.492453263
6100 2562 460961.86378516327 4474378.254867523
6344 2562 463401.97398863384 4474378.676583836
6466 2562 464622.26657776954 4474379.749333538
6710 2562 467061.79102094594 4474378.404983054
6832 2562 468280.6759265553 4474377.994355605
6954 2562 469502.6045765752 4474377.943796148
7076 2562 470722.01750653656 4474378.512453655
7198 2562 471942.09540011926 4474378.6470181625
7686 2562 476822.98931286245 4474379.264735385
8174 2562 481701.8117257714 4474378.921198657
8296 2562 482923.5242189295 4474378.096723473
8418 2562 484142.8341441471 4474378.732793976
8784 2562 487801.99750978645 4474378.289767096
8906 2562 489022.1155924706 4474381.206642712
9028 2562 490243.1886161096 4474378.055043441
9394 2562 493902.3680242122 4474378.122015058
9516 2562 495122.06273278495 4474379.354166206
9638 2562 496342.335138184 4474378.692501887
10004 2562 500002.27089769504 4474381.479538947
10614 2562 506101.65745329414 4474379.282907857
10858 2562 508542.1864287269 4474379.066646041
10980 2562 509762.5730771335 4474377.926335257
5124 2684 451202.6950959975 4473158.410572007
5246 2684 452422.4354986077 4473160.315074861
5368 2684 453642.0350753119 4473158.113467342
5612 2684 456081.4873131726 4473158.1537382
5856 2684 458522.09855835454 4473157.932477977
6222 2684 462181.6883842234 4473158.346676097
6344 2684 463401.3589147708 4473157.762159767
6588 2684 465841.11458923545 4473158.712945551
7442 2684 474381.8083953128 4473158.351628822
7564 2684 475602.5510110933 4473158.504013082
7686 2684 476823.636693515 4473158.198388758
8052 2684 480479.95966390835 4473157.791292789
8662 2684 486581.3339193062 4473157.98176735
8784 2684 487802.3902340278 4473158.739927774
9028 2684 490242.26016722847 4473158.526979175
9150 2684 491463.2222230236 4473157.808787846
9272 2684 492681.94528116455 4473158.193799976
9394 2684 493902.7283952184 4473158.0848231325
9516 2684 495122.4100391551 4473161.381626599
9638 2684 496342.3732109121 4473160.805447244
9760 2684 497562.85571899964 4473158.394136675
10004 2684 500002.2505887683 4473160.844549507
10858 2684 508541.0854041497 4473159.473555854
5002 2806 449982.3156430465 4471938.618807522
5124 2806 451201.13855611335 4471940.902855605
5612 2806 456081.287937509 4471936.943609526
5734 2806 457302.2279107078 4471937.813979032
6222 2806 462181.54806896043 4471938.394173807
6466 2806 464621.6875962363 4471938.607967186
6710 2806 467061.69914629933 4471940.583261391
6832 2806 468281.4864652912 4471938.796596844
6954 2806 469502.77525336 4471938.620836006
7930 2806 479261.30561677855 4471938.491730334
8906 2806 489022.7307920971 4471941.192410551
9028 2806 490242.2492616423 4471938.739990373
9150 2806 491461.9823540393 4471938.3274765005
9272 2806 492682.0168101967 4471938.52280139
9394 2806 493902.7344416451 4471941.282299967
9516 2806 495122.6759606828 4471938.561788152
9638 2806 496341.65747941914 4471939.007216611
9882 2806 498782.5371441156 4471941.453795576
10004 2806 500003.2222467801 4471938.631571235
10248 2806 502442.55782057805 4471939.136188695
10492 2806 504882.17198604863 4471939.437752263
10736 2806 507322.7739185575 4471938.563522859
10858 2806 508541.21630226355 4471940.609536103
5002 2928 449982.3320698533 4470718.589452359
5246 2928 452422.7286157263 4470721.888843115
5490 2928 454862.37320447847 4470718.328032866
5612 2928 456082.9542647016 4470718.209303296
5734 2928 457302.3886983833 4470717.512407089
5856 2928 458522.25275718723 4470717.815300946
5978 2928 459742.5189139657 4470717.928994171
6222 2928 462182.14491582435 4470718.1026487835
6588 2928 465843.4444363269 4470716.390230382
6710 2928 467062.4434114007 4470718.015929212
7076 2928 470722.6304041254 4470718.515756388
7564 2928 475602.8310260915 4470720.880484766
7808 2928 478043.65865987394 4470717.654062424
7930 2928 479262.65391444025 4470717.452755607
8174 2928 481703.01111372706 4470718.549523725
8296 2928 482921.7873242749 4470721.441723291
8418 2928 484142.5407754788 4470720.372807875
8784 2928 487801.6987573017 4470721.107382988
8906 2928 489022.59208476765 4470718.390963987
9150 2928 491462.1254499853 4470718.180594886
9272 2928 492682.3454602832 4470721.472651428
9394 2928 493903.37739533064 4470721.372631079
9516 2928 495122.56580551557 4470718.578892194
9638 2928 496341.6470196308 4470718.694892216
9760 2928 497562.4483610699 4470718.536635925
10370 2928 503662.5504843396 4470718.661119686
10492 2928 504882.3654194014 4470718.905923383
10614 2928 506102.17534791125 4470718.502003407
10736 2928 507322.05477059295 4470718.312598578
5002 3050 449982.97858465504 4469498.688061245
5124 3050 451201.9449051685 4469501.835982271
5490 3050 454862.1315720783 4469498.522264334
5612 3050 456082.3038947915 4469497.539189796
5856 3050 458522.2176677649 4469497.921750478
5978 3050 459742.34380212566 4469498.023007605
6100 3050 460963.4059784953 4469498.011174826
6466 3050 464621.2183605439 4469497.510257628
6710 3050 467062.50565248006 4469497.865316994
6954 3050 469501.8582083073 4469499.106480997
7808 3050 478042.8460120348 4469501.035363227
7930 3050 479263.1566947191 4469499.751077746
8174 3050 481701.96781149856 4469499.1417102115
8296 3050 482922.2547303366 4469501.386842524
8540 3050 485362.30551214545 4469501.506716892
8784 3050 487802.56316767406 4469499.086299562
8906 3050 489022.39854968747 4469498.696455532
9028 3050 490241.0825813888 4469500.547204164
9394 3050 493902.62238266703 4469498.72961457
9516 3050 495122.9611799924 4469501.194283791
9638 3050 496342.01989238546 4469501.334818775
9760 3050 497563.77458675625 4469498.139906403
9882 3050 498782.8091185169 4469500.820208897
10126 3050 501222.3884395131 4469498.738231971
10370 3050 503661.5341833582 4469501.321990186
5002 3172 449981.9805434601 4468281.226010944
5124 3172 451202.168524277 4468281.469248179
5368 3172 453642.69108217896 4468277.498966817
5490 3172 454861.26573605614 4468278.902960945
5612 3172 456081.5849360759 4468278.68748373
5856 3172 458522.3415474279 4468277.619821816
5978 3172 459742.5231370916 4468277.6306145005
6100 3172 460961.3002891605 4468278.264017343
6222 3172 462181.29361541197 4468277.78764697
7198 3172 471942.42925668065 4468278.148286099
7320 3172 473161.2947060319 4468277.689361466
7442 3172 474382.07464065443 4468277.739613053
7564 3172 475602.2502856095 4468278.597503737
7808 3172 478041.35873628885 4468278.837140352
8296 3172 482921.944725664 4468281.9205541145
8540 3172 485362.04129527975 4468279.0249176975
9028 3172 490242.3513489349 4468280.965567105
9150 3172 491461.6577379018 4468281.074404928
9516 3172 495122.05035609467 4468281.556886788
9638 3172 496342.6205090299 4468281.215301293
10004 3172 500002.9139870795 4468278.0607094485
10126 3172 501223.0399925018 4468279.481494094
10248 3172 502442.0551741401 4468278.689272378
10370 3172 503662.1135591518 4468278.875922706
10492 3172 504882.10389031033 4468278.906229769
10614 3172 506102.63853071106 4468278.386789944
5002 3294 449982.2368330447 4467058.7257948555
5124 3294 451202.59880537546 4467061.340945991
6100 3294 460962.2750746489 4467058.4817016255
6832 3294 468281.948304048 4467057.7819936
6954 3294 469502.3644519475 4467058.502913605
7198 3294 471942.82359792275 4467058.561799762
7686 3294 476822.7451231046 4467058.0726503655
7808 3294 478042.0511153644 4467058.088331604
7930 3294 479261.7445545781 4467058.415522533
8174 3294 481701.6914532285 4467061.411777459
8540 3294 485362.30961963465 4467057.851622266
8662 3294 486583.19019191555 4467058.652066234
8784 3294 487801.7573041787 4467060.841434735
9150 3294 491462.4098410808 4467061.452851495
9638 3294 496342.85401277203 4467058.747191822
9760 3294 497562.6058944696 4467061.664760811
10126 3294 501222.20589790045 4467061.880846937
10370 3294 503661.91393523256 4467059.0701001175
10492 3294 504882.21586957696 4467058.83526243
10614 3294 506102.0783894586 4467058.571812369
5002 3416 449982.84425118694 4465838.725216414
5246 3416 452422.1733497444 4465838.843061703
5368 3416 453642.04943638056 4465841.430660246
5490 3416 454861.66373767145 4465841.787957634
5612 3416 456082.58160239743 4465837.375325423
5734 3416 457301.2045425523 4465838.728450929
5856 3416 458521.81619699334 4465837.873503022
5978 3416 459742.44387857744 4465838.599350619
6222 3416 462180.89861872303 4465837.836783105
6588 3416 465842.0711565 4465838.522304687
6710 3416 467062.49506568763 4465837.561679034
7198 3416 471942.8167318023 4465837.4532602625
7808 3416 478042.3187808926 4465839.089726956
8296 3416 482923.1007998176 4465837.561910795
8906 3416 489022.28620443144 4465838.450251532
9150 3416 491462.2543450622 4465838.582815888
9272 3416 492682.8569055314 4465841.301971068
9516 3416 495122.85485060664 4465841.58126159
9638 3416 496342.5633141792 4465841.567744381
9882 3416 498782.55804560654 4465841.242908995
10004 3416 500001.9304061336 4465841.262989066
10248 3416 502442.350008375 4465841.040839486
10370 3416 503661.9003051995 4465841.623122389
10492 3416 504882.0841097928 4465838.241756814
10736 3416 507322.15118235507 4465841.262584869
10858 3416 508542.2990509329 4465841.554176088
5368 3538 453641.84271598456 4464618.369520949
5856 3538 458522.43662763474 4464617.736526516
5978 3538 459741.6252447832 4464618.08378469
6588 3538 465841.6976526308 4464617.963010867
6710 3538 467061.5337215 4464618.616733052
6832 3538 468283.13361533725 4464616.426309633
7076 3538 470723.63030237716 4464616.711141909
7198 3538 471942.8802295639 4464618.0338370465
7320 3538 473162.6866930295 4464621.778345369
7564 3538 475601.8643274129 4464618.169764347
8540 3538 485362.59323879465 4464621.096531621
8662 3538 486582.5147387854 4464619.189088178
8906 3538 489022.3158206485 4464618.796217095
9150 3538 491462.2720610474 4464621.140055646
9272 3538 492682.1571111791 4464621.562654664
9394 3538 493902.3919395748 4464621.806401828
9760 3538 497562.598485996 4464622.0192531105
9882 3538 498782.3966868971 4464620.79019317
10004 3538 500001.78117520723 4464621.103451141
10126 3538 501221.87496241846 4464619.681385292
10248 3538 502441.86426197644 4464621.589168569
10370 3538 503662.33094661304 4464621.160093649
5490 3660 454861.5377685815 4463398.290583819
5612 3660 456082.3523188136 4463397.919732488
5856 3660 458521.95941879065 4463398.671011707
5978 3660 459742.31962762517 4463397.616549032
7076 3660 470722.44017640274 4463397.900818936
8540 3660 485362.3566927815 4463398.960821672
8906 3660 489022.00696581695 4463402.093022328
9028 3660 490242.6318303299 4463401.443294513
9150 3660 491462.98047635093 4463401.4236434
9272 3660 492682.50774559646 4463401.757880665
9516 3660 495122.6604420847 4463398.146957302
9760 3660 497561.6229792246 4463401.43776544
10004 3660 500001.1918582093 4463400.260514361
10248 3660 502441.5903374331 4463401.24339472
10492 3660 504882.36060560634 4463398.8002421735
10614 3660 506102.0348814636 4463400.796633102
10736 3660 507322.23324379366 4463400.552154407
6100 3782 460962.382711677 4462178.44899916
6222 3782 462182.05010024516 4462177.481246834
6832 3782 468283.2542898923 4462177.018424045
7076 3782 470723.2870373678 4462178.584258779
7198 3782 471942.75335591665 4462178.350243186
7320 3782 473162.8214217043 4462178.721237264
9028 3782 490242.5210555214 4462181.759936075
9150 3782 491462.8537354229 4462178.459517259
9272 3782 492682.5749877811 4462179.593900294
9394 3782 493901.91767535073 4462180.991167007
9516 3782 495121.88209731417 4462181.345674214
9882 3782 498781.5521642183 4462181.437444081
10126 3782 501222.05874712823 4462181.723403381
10370 3782 503661.71319249173 4462179.481488214
10492 3782 504882.2437347697 4462178.663527133
10614 3782 506101.9183508457 4462181.3183128545
5978 3904 459742.1030683365 4460958.513939535
6100 3904 460962.25743338873 4460957.822831813
6222 3904 462181.2930029574 4460958.6521793725
6832 3904 468282.7601073641 4460958.441506177
6954 3904 469502.62584434944 4460956.855974405
7076 3904 470719.9774395534 4460960.33799414
8784 3904 487802.43347606825 4460961.172390943
8906 3904 489022.8780918838 4460961.634503213
9028 3904 490242.5035195706 4460961.012409279
9150 3904 491461.51198120794 4460960.812524489
9394 3904 493902.0728660824 4460958.760964842
9516 3904 495121.7052303938 4460958.929187978
9760 3904 497562.11862713605 4460962.13159624
10004 3904 500000.5402791391 4460960.834481107
10126 3904 501221.49828187627 4460961.700853147
10248 3904 502442.0310737495 4460961.938483639
10614 3904 506102.1441492541 4460961.643351975
10736 3904 507322.55609727406 4460958.955567728
10858 3904 508542.1646699087 4460961.582458229
5734 4026 457301.5476872784 4459738.054042729
5856 4026 458521.27766248956 4459738.942208033
6222 4026 462181.31690109917 4459738.327037646
6466 4026 464622.99973434594 4459741.168594411
7808 4026 478040.1005906869 4459739.871429358
7930 4026 479261.6526543234 4459741.603740898
8052 4026 480480.35085021815 4459740.16964893
8174 4026 481701.84282675496 4459738.314360467
8296 4026 482922.05645362026 4459742.080992354
8662 4026 486582.46945139684 4459738.944469445
8784 4026 487802.23476677143 4459738.477249102
8906 4026 489021.67819271353 4459738.667222842
9638 4026 496341.3745314296 4459741.43528786
9760 4026 497561.75111299386 4459741.287694277
9882 4026 498781.4940612355 4459738.479319106
10248 4026 502442.00383174844 4459742.018147078
10492 4026 504882.2118393315 4459741.6963215945
10858 4026 508541.4386155476 4459740.753831113
5734 4148 457301.05577715905 4458518.86145984
6344 4148 463402.2473713371 4458518.182425098
6710 4148 467062.86842777015 4458517.451519815
8174 4148 481702.4109536714 4458522.221889499
8418 4148 484142.7171483569 4458522.281154633
8784 4148 487802.4947960032 4458520.79866638
9394 4148 493901.8264421658 4458519.207262757
9760 4148 497561.55413012387 4458521.578724585
10370 4148 503663.8560337076 4458517.148522087
5612 4270 456079.557835495 4457299.08522248
5856 4270 458521.34416477365 4457298.8107455205
6710 4270 467062.52165091824 4457297.652494057
7198 4270 471943.02616630873 4457297.872821898
7564 4270 475602.703066151 4457298.114349246
7686 4270 476819.584616937 4457298.648014521
9150 4270 491459.9302485753 4457299.910059794
9272 4270 492681.39311062096 4457300.164874558
9516 4270 495122.4004325313 4457299.878242252
9638 4270 496342.49894995865 4457301.765909164
9760 4270 497562.07425933046 4457301.022364138
9882 4270 498781.30633345916 4457302.150156689
10248 4270 502442.19985320646 4457299.2535215765
10370 4270 503662.0755176116 4457301.017391864
10492 4270 504882.08143292967 4457300.879070311
10858 4270 508541.5190961081 4457300.805750692
5612 4392 456081.5637915832 4456078.238340206
5734 4392 457301.2491681456 4456078.507647041
6344 4392 463400.9838106477 4456077.458957029
7808 4392 478042.89345439273 4456080.694177849
9760 4392 497562.3284921446 4456081.5414553555
9882 4392 498781.94600079017 4456081.8403621195
10126 4392 501221.9591946332 4456081.845577419
10248 4392 502442.1181717118 4456082.053479335
10736 4392 507321.4793635361 4456080.557610501
6954 4514 469501.6021988515 4454857.882739743
7442 4514 474383.13875816745 4454858.45417131
7808 4514 478040.9965542146 4454861.477443801
8174 4514 481701.6853153852 4454861.318599731
8784 4514 487802.04838616337 4454858.767799436
8906 4514 489021.9382578318 4454859.583703412
9028 4514 490242.3851945136 4454858.885329665
9760 4514 497561.0101911243 4454860.953213203
10248 4514 502441.8305701989 4454861.077535403
10492 4514 504881.6024431334 4454861.014417447
10736 4514 507321.82809302077 4454861.129208757
10858 4514 508542.00340898434 4454861.489176928
5490 4636 454861.92430195375 4453641.397498071
6344 4636 463402.13031551434 4453638.068579909
7198 4636 471943.7624998938 4453637.602566947
7320 4636 473161.554641417 4453637.2955837
8906 4636 489021.6989531476 4453638.288821655
9028 4636 490241.4470814722 4453638.522308082
10492 4636 504880.7308915481 4453641.863571407
10858 4636 508541.2315734232 4453641.300649742
6710 4758 467063.3340541163 4452417.948391027
6832 4758 468282.1372288173 4452418.585488945
7320 4758 473162.2625566576 4452418.396620647
7442 4758 474383.16704500094 4452418.795322158
7564 4758 475602.28800290904 4452419.092359152
8174 4758 481701.30020554713 4452419.450567432
9150 4758 491462.56223388476 4452420.988227294
9394 4758 493901.9304586516 4452418.616420663
10492 4758 504882.0080459787 4452421.344347437
10614 4758 506101.7109000399 4452421.6067077955
10736 4758 507321.48841860675 4452421.286948017
5490 4880 454861.8907311202 4451198.058315022
6222 4880 462181.62573163566 4451199.022154482
6344 4880 463402.098661339 4451197.425280813
6466 4880 464622.05586881936 4451198.888008725
6588 4880 465841.4514357903 4451197.627255905
6710 4880 467062.78764102614 4451198.1638568025
6832 4880 468281.8263296525 4451200.474181577
7076 4880 470723.12185425946 4451197.849477595
7442 4880 474383.07719251007 4451198.644088533
8540 4880 485362.19036260294 4451198.910555902
8784 4880 487801.58184494317 4451198.887389609
8906 4880 489022.0660157646 4451198.657953392
9028 4880 490241.64785255824 4451198.273313723
10614 4880 506102.57238565444 4451201.576812962
5490 5002 454861.8655436727 4449979.055476124
5856 5002 458522.1562797124 4449978.164375503
6100 5002 460962.8908690602 4449977.6122398805
6344 5002 463402.13164009975 4449980.260584515
6466 5002 464623.6342260289 4449980.679317134
6588 5002 465842.50302134175 4449978.153054141
6710 5002 467062.19529752806 4449978.7334521385
6832 5002 468281.77120734524 4449981.308982001
7076 5002 470723.21462718776 4449977.520769971
7198 5002 471943.0479934977 4449977.618360728
7320 5002 473162.6643553923 4449981.572143519
7686 5002 476822.0516460444 4449978.076440541
8418 5002 484142.154446178 4449978.169061188
8784 5002 487802.0667924725 4449978.6250004815
8906 5002 489022.41483596916 4449978.854411915
9028 5002 490241.9508003154 4449981.274317891
9394 5002 493902.73876508826 4449979.232403845
9638 5002 496341.4032470017 4449981.006074034
10004 5002 500000.5279458181 4449979.261842073
5490 5124 454861.8703204782 4448758.697702156
5612 5124 456081.63149771874 4448758.269122496
5734 5124 457301.5202273424 4448758.097367334
5856 5124 458521.832700991 4448758.680335934
6222 5124 462180.6695293533 4448762.221532558
6466 5124 464622.5639414992 4448757.516686124
6710 5124 467062.7170479622 4448759.1274844175
7198 5124 471943.38708866615 4448758.367323216
7686 5124 476822.88346913585 4448761.354214657
7930 5124 479262.17989403143 4448758.932637376
8052 5124 480481.79764305515 4448759.376844528
8174 5124 481702.7373567327 4448758.823605724
8540 5124 485362.70326242986 4448758.119979609
8784 5124 487802.30784522585 4448758.69667072
8906 5124 489022.30197137734 4448758.810666397
9028 5124 490242.5560306146 4448760.324696599
9760 5124 497561.6189400778 4448761.433396406
10004 5124 500001.6594133998 4448761.707912327
10248 5124 502442.0053678413 4448761.528312265
5612 5246 456081.1969904687 4447538.225465665
5734 5246 457302.1634142129 4447538.042519191
5856 5246 458521.88348222146 4447538.684715206
5978 5246 459742.31805699435 4447538.477018962
6100 5246 460961.4747756676 4447538.262099681
6222 5246 462182.5595989007 4447538.244504668
6466 5246 464621.953028405 4447541.074452755
6588 5246 465842.135604845 4447538.315294188
6710 5246 467062.051367503 4447541.404759611
7076 5246 470721.8431376422 4447538.146599695
7198 5246 471941.54079662025 4447539.1382885305
7320 5246 473163.03436071577 4447537.641145497
7686 5246 476822.28171693435 4447539.169175957
7930 5246 479262.94067018625 4447538.424507966
8174 5246 481703.17637743644 4447537.5279221255
8296 5246 482922.10809057363 4447538.057929265
8418 5246 484142.4652355033 4447537.989681545
8784 5246 487802.0268407239 4447541.34623483
9028 5246 490241.7845289644 4447541.041030506
9150 5246 491461.3548126063 4447541.514928296
9638 5246 496341.91610832734 4447539.511331385
9760 5246 497562.2883021802 4447541.626661193
10126 5246 501221.56049044634 4447541.202982844
10248 5246 502441.86898987676 4447541.620630365
10370 5246 503662.24148256547 4447541.674467058
10614 5246 506101.7129335225 4447541.471164302
5490 5368 454862.1810035781 4446318.912776761
5612 5368 456082.49304293166 4446318.630387899
5734 5368 457302.3333854778 4446318.745113549
6710 5368 467061.68794773356 4446320.961996882
6954 5368 469502.5740489365 4446317.661982036
7808 5368 478042.6285575011 4446318.227643607
8052 5368 480481.8504088533 4446319.053657182
8540 5368 485362.06683275144 4446318.72910807
8662 5368 486581.594914302 4446320.942410096
8784 5368 487802.09470947384 4446321.405919704
9150 5368 491462.0330406528 4446321.312195098
9272 5368 492681.87282785354 4446321.744912686
9394 5368 493901.89464657905 4446321.069182846
9638 5368 496342.10102840886 4446321.585915536
9760 5368 497562.45605845883 4446321.814429584
10004 5368 500002.1197495872 4446321.347567872
10126 5368 501222.1086777402 4446320.625863932
10614 5368 506101.7375918421 4446321.130821263
10858 5368 508542.0935772459 4446321.017278155
5490 5490 454861.42634653195 4445101.405903251
6222 5490 462182.8670895659 4445098.866418218
6344 5490 463402.19652292423 4445101.760201894
6954 5490 469502.2729917593 4445102.432017055
7076 5490 470723.4371633553 4445101.061190966
7198 5490 471941.0461440171 4445101.201403151
7564 5490 475602.7948902154 4445098.7487355815
7686 5490 476822.8750154542 4445098.236063067
7808 5490 478043.0861044089 4445097.596479882
7930 5490 479262.2420665014 4445098.408389813
8662 5490 486582.1025954254 4445098.851588184
9028 5490 490242.41845046985 4445099.230882414
9150 5490 491462.6769264211 4445098.565022813
9272 5490 492681.988556487 4445101.030962905
9638 5490 496342.5105343187 4445101.543925837
9760 5490 497562.95362767455 4445102.02486689
9882 5490 498782.00468707073 4445101.50524989
10126 5490 501222.3242755068 4445101.523765768
10370 5490 503662.0393033677 4445101.701148098
10492 5490 504881.8902870412 4445101.790514282
10614 5490 506101.20294041885 4445101.297752476
10736 5490 507321.64770127344 4445102.066051929
10858 5490 508542.00661827135 4445102.00254003
5734 5612 457301.6500838963 4443877.797071462
6100 5612 460962.3547535595 4443878.9171795
6222 5612 462182.9656530093 4443880.188160419
6466 5612 464622.4864468054 4443881.800915173
7198 5612 471942.4466217882 4443878.707490289
7686 5612 476822.23505349073 4443878.861256123
7808 5612 478042.57693611947 4443878.253338205
7930 5612 479263.21994465945 4443878.829922016
8784 5612 487802.9343450987 4443878.489336529
8906 5612 489022.031250057 4443879.328300656
9882 5612 498782.06190297427 4443882.517470979
10004 5612 500002.1858950952 4443881.054017104
10248 5612 502442.9248400237 4443880.776777837
10858 5612 508542.41488915577 4443881.500677219
5612 5734 456081.6313144775 4442661.448345807
5978 5734 459741.8578088313 4442658.633212894
6222 5734 462182.6073216403 4442658.36814625
6466 5734 464622.9004739302 4442658.125221211
6588 5734 465842.34556295746 4442658.881145344
6710 5734 467062.33196447504 4442661.326857451
6832 5734 468282.9091219219 4442658.357678153
7076 5734 470722.64849115576 4442661.274950863
8174 5734 481701.47046257544 4442661.34471318
8418 5734 484142.7350656629 4442662.39210179
9028 5734 490242.1640247846 4442660.807210194
9516 5734 495122.27160861815 4442661.093502651
9638 5734 496341.1573815763 4442661.977425985
9882 5734 498781.73111521977 4442658.829309785
10126 5734 501221.95897658897 4442661.500379215
10248 5734 502441.6499124012 4442660.188075181
10370 5734 503662.46580014855 4442661.818803352
10492 5734 504881.93064700137 4442661.993453396
10614 5734 506102.4754597839 4442661.5133587755
10858 5734 508542.8188107104 4442662.488147738
5734 5856 457302.313587783 4441438.54942023
5856 5856 458522.4541147521 4441439.364459042
5978 5856 459742.3976538847 4441438.532007639
6100 5856 460962.31038447877 4441438.696232554
6222 5856 462182.966608484 4441438.199450029
6344 5856 463402.0443716844 4441440.81899985
6466 5856 464623.25515663676 4441437.95325533
6710 5856 467062.4216536208 4441442.207630111
6832 5856 468281.3930452746 4441438.530627018
7320 5856 473161.85191910603 4441441.184677233
7442 5856 474382.1400039018 4441439.005575004
7564 5856 475602.43101361557 4441438.416629442
7808 5856 478041.95893833094 4441438.767328893
8052 5856 480481.799155464 4441437.990135654
8418 5856 484143.6357158158 4441438.261766347
8540 5856 485361.7090995855 4441438.261557324
9516 5856 495122.3583272698 4441439.0633521015
9760 5856 497562.5240329401 4441441.88212847
9882 5856 498783.0012043756 4441441.22529546
10004 5856 500002.6568715438 4441441.879157789
10248 5856 502442.0534162534 4441441.775265278
10492 5856 504882.28057593014 4441441.976371945
10614 5856 506101.94178142876 4441441.608410697
5734 5978 457301.36010519543 4440218.8074286375
5856 5978 458521.5138890697 4440219.076603873
5978 5978 459741.7786430305 4440218.408583122
6100 5978 460962.75512362324 4440218.407764948
6222 5978 462182.3362645711 4440221.021828217
6344 5978 463402.7498991177 4440217.528423359
6466 5978 464623.70969345234 4440222.117465229
6588 5978 465843.2723549323 4440218.616508893
6710 5978 467062.38094666525 4440221.5467061065
7198 5978 471941.76851948415 4440221.436009535
7808 5978 478042.35303491337 4440218.7603412345
7930 5978 479262.07285844017 4440218.687044144
8052 5978 480482.6562775519 4440218.14475312
8174 5978 481702.61390010343 4440218.950602423
8296 5978 482921.47611312405 4440218.932692207
8906 5978 489022.27059716615 4440222.064124636
9638 5978 496341.7574759609 4440220.971481902
9760 5978 497562.1889636631 4440221.747446198
10126 5978 501222.02511960437 4440222.421749633
10370 5978 503662.3339715179 4440221.795232634
10736 5978 507321.9315268791 4440221.368865975
5856 6100 458522.0874712147 4438998.605059183
5978 6100 459742.55898207915 4438998.605085541
6100 6100 460962.3612613594 4438998.3419170175
6222 6100 462183.4006559219 4438998.284344681
6466 6100 464622.85940608894 4438997.926993389
6588 6100 465843.0316227276 4438997.9550731825
6710 6100 467063.2701721569 4438998.100552415
6832 6100 468282.94808118965 4438997.751108484
6954 6100 469503.12296132825 4438998.708389706
7076 6100 470721.74462911853 4439000.932644942
7320 6100 473162.0847498367 4438998.538811149
7808 6100 478041.9664681576 4438998.415907881
8052 6100 480482.07739918685 4438998.856064428
8174 6100 481702.15772627597 4439001.17483409
8418 6100 484141.5620149287 4438999.442249253
8540 6100 485361.8865440119 4438998.526096897
8662 6100 486579.7818231758 4439000.168969879
9272 6100 492682.79366415297 4439000.873098313
9516 6100 495122.50598483114 4438999.131902452
9638 6100 496341.799105717 4439002.0351371495
9882 6100 498782.44872015325 4439001.589299718
10004 6100 500002.60289385717 4439001.715184653
10126 6100 501222.6756615275 4439001.882875658
10248 6100 502441.33365757554 4439002.6962442435
10614 6100 506101.3942396814 4439001.955114964
5734 6222 457299.3400343624 4437779.16336783
5978 6222 459742.2875603966 4437781.021077062
6222 6222 462181.96313989017 4437778.911222008
6344 6222 463402.16500839253 4437778.042710027
6466 6222 464622.9315977337 4437781.778167421
6588 6222 465842.1408361863 4437778.938877499
6832 6222 468282.7364874652 4437778.488900642
6954 6222 469502.56094527605 4437781.462103057
7076 6222 470722.1883614538 4437779.635571097
7320 6222 473162.58498199214 4437778.675803612
7442 6222 474382.31477373815 4437778.223401041
7808 6222 478041.38641548395 4437778.478192043
7930 6222 479261.9826104013 4437780.882926426
8174 6222 481702.50771367253 4437780.972999058
8540 6222 485361.18519446795 4437779.132925665
8662 6222 486581.6709840542 4437779.144696206
8906 6222 489022.1111815859 4437779.096424903
9150 6222 491462.0144026633 4437781.359238836
9272 6222 492681.72092627425 4437781.816141395
9516 6222 495121.4550282071 4437781.6410501
9760 6222 497562.50991332566 4437782.32063478
9882 6222 498782.34447831335 4437782.114265629
10126 6222 501222.86385464726 4437781.503380858
10248 6222 502442.05195261975 4437781.919541233
10370 6222 503662.4947194299 4437782.263511453
10492 6222 504881.5492058467 4437782.194051604
10614 6222 506102.1212677966 4437782.092706985
5978 6344 459742.4969478022 4436558.976078749
6100 6344 460962.4510747009 4436558.3658661395
6222 6344 462182.78047523793 4436558.469774423
6344 6344 463402.8852123583 4436558.460418077
6466 6344 464622.82934076013 4436558.405826546
6588 6344 465842.25178074866 4436558.647804813
6954 6344 469501.8067111668 4436558.652906662
7442 6344 474382.7830338957 4436558.297849717
7564 6344 475602.65303156 4436557.8583595855
7686 6344 476822.25505686103 4436558.383595609
7808 6344 478041.911784986 4436559.091671233
8174 6344 481702.46399053955 4436560.979234755
8296 6344 482922.423117474 4436558.976297118
8418 6344 484141.9623923936 4436558.797084273
8540 6344 485362.327449525 4436560.737291625
8662 6344 486581.8778778144 4436560.789232487
8784 6344 487802.61642285465 4436561.27846125
9394 6344 493902.79955955694 4436558.3817419205
9516 6344 495123.50397923647 4436561.167638015
9638 6344 496342.45062032767 4436561.203486148
9760 6344 497562.1417750517 4436561.4595186515
9882 6344 498782.390760161 4436562.048943134
10004 6344 500002.3908989889 4436562.233449282
10126 6344 501222.2941858863 4436562.218561819
10248 6344 502441.50335286197 4436562.143926024
10492 6344 504882.48689667287 4436561.914059354
5612 6466 456082.6749542407 4435338.811614278
5734 6466 457301.84161205887 4435341.582809121
5978 6466 459741.24890508066 4435338.494053386
6100 6466 460962.5278086413 4435338.784224113
6222 6466 462182.4756200265 4435339.0181163605
6344 6466 463402.6424635475 4435338.452093066
6466 6466 464623.2209160376 4435338.1067513
6710 6466 467062.39163699973 4435338.87359521
6832 6466 468282.32708232227 4435339.149776797
7076 6466 470722.6509631399 4435340.291999181
7198 6466 471942.328168473 4435338.505576281
7686 6466 476822.4625233195 4435338.600145001
7808 6466 478041.83885901695 4435338.858811756
7930 6466 479261.3867528299 4435339.685254524
8296 6466 482922.7964274042 4435338.309323991
8662 6466 486581.45546272147 4435341.001809325
9150 6466 491462.4095258729 4435340.650549138
9272 6466 492683.0976718316 4435340.94343564
9638 6466 496342.2092789911 4435341.459699816
9760 6466 497562.05686764565 4435341.114692848
9882 6466 498782.20702000696 4435341.627925084
10004 6466 500002.05276294216 4435342.158434004
10126 6466 501222.51061239606 4435341.500556017
10370 6466 503662.2110097512 4435342.170425769
10614 6466 506102.4482106957 4435341.598683583
5490 6588 454861.4809600644 4434120.877952984
5856 6588 458523.2516264108 4434118.729106711
6100 6588 460962.6236504014 4434118.9683142975
6344 6588 463402.0591144391 4434121.247278124
6466 6588 464622.0714124549 4434118.522285312
6588 6588 465842.5623372516 4434120.886221639
6832 6588 468282.44897424756 4434121.131367383
6954 6588 469501.3968718172 4434119.719300526
7076 6588 470721.86405424145 4434118.656903163
7442 6588 474382.90209051257 4434119.302182973
7564 6588 475602.3323869597 4434118.8532445375
7808 6588 478042.36392416 4434118.451435666
7930 6588 479262.24859185604 4434121.043124249
8174 6588 481702.00668020954 4434118.715515523
8296 6588 482922.13191388006 4434121.5215584235
8540 6588 485362.60499994527 4434121.344889796
8784 6588 487802.27654623444 4434121.593187004
9028 6588 490241.825441706 4434121.223775864
9150 6588 491463.5742800703 4434118.325009384
9272 6588 492682.47331241786 4434121.770652891
9394 6588 493902.78405330575 4434121.51210225
9516 6588 495122.2064662681 4434121.534092012
9638 6588 496342.71283676155 4434121.647326474
9760 6588 497561.9202490234 4434121.493872462
9882 6588 498782.9622461887 4434121.292029596
10004 6588 500001.84662001254 4434121.411355535
10126 6588 501222.8476776524 4434122.586068948
10248 6588 502442.72478702484 4434121.194101382
10370 6588 503661.624292179 4434121.559471861
10492 6588 504882.0696058187 4434121.811003662
5368 6710 453642.72607363574 4432898.6248976905
5490 6710 454863.12767700775 4432898.292670212
5612 6710 456082.3784077379 4432899.082200891
5734 6710 457302.0413247959 4432898.652810277
6100 6710 460962.4498424011 4432901.41616866
6222 6710 462182.49546209327 4432901.242667143
6466 6710 464621.70673706144 4432901.159338623
6710 6710 467061.8608471034 4432898.491357867
6832 6710 468282.1669446403 4432900.963076376
6954 6710 469502.08635025984 4432899.578791669
7198 6710 471942.564256079 4432901.003105892
7442 6710 474382.3569588057 4432901.478886728
7808 6710 478042.0759178844 4432898.775490882
8052 6710 480482.1594028158 4432901.367422577
8174 6710 481702.18601870764 4432901.125024258
8296 6710 482922.5216506131 4432901.141167058
9028 6710 490242.119258654 4432901.056341192
9638 6710 496341.9464111928 4432901.759802477
9882 6710 498782.5942100734 4432901.947895489
10004 6710 500002.7365918861 4432900.771969574
10248 6710 502442.06246351986 4432901.967817224
10370 6710 503661.64146026917 4432901.33181276
10492 6710 504883.0611025817 4432901.339609039
5124 6832 451200.5656864559 4431679.793211509
6466 6832 464621.4239149327 4431680.8980710395
6710 6832 467061.91735341685 4431678.755875847
6832 6832 468281.4828480055 4431679.561423682
7320 6832 473162.20135690505 4431680.649036033
7686 6832 476821.95916396624 4431679.110062753
8296 6832 482922.2232265421 4431681.432680064
8418 6832 484141.87644959096 4431681.182175544
8662 6832 486582.08741596877 4431681.456653241
9150 6832 491462.4086556934 4431681.496445367
9272 6832 492682.2168756736 4431680.5137547115
9516 6832 495123.3573348012 4431681.968868245
9760 6832 497562.1778437945 4431680.836078267
10370 6832 503663.3958231433 4431679.013942681
10492 6832 504883.2660894925 4431678.617501565
5978 6954 459741.709638717 4430459.710556598
6466 6954 464622.10801274923 4430457.816658244
7198 6954 471941.3069254588 4430462.510899897
7320 6954 473162.03630111093 4430461.177731175
7442 6954 474381.67099215736 4430461.400141089
7564 6954 475601.89229844394 4430458.694680952
7686 6954 476821.5877898449 4430460.818986946
7930 6954 479262.55744460586 4430459.2129247645
8052 6954 480482.2077961561 4430461.585978844
8174 6954 481702.6138674784 4430461.494577091
8296 6954 482922.5224792958 4430461.172320409
8418 6954 484142.84009234334 4430458.719319142
8540 6954 485362.6017408764 4430461.796341383
8662 6954 486582.0872348207 4430461.32231185
8784 6954 487801.8181994612 4430462.585418592
8906 6954 489022.273953646 4430460.974634036
9028 6954 490241.9627853822 4430460.843515089
9394 6954 493901.8417914026 4430461.4639094435
9516 6954 495121.8554249036 4430461.50808935
10004 6954 500001.5014126177 4430461.380130499
10126 6954 501223.0497842323 4430459.038958555
10248 6954 502442.33488083753 4430461.273407915
10370 6954 503662.65058739024 4430461.101366578
5856 7076 458522.1927887857 4429239.189871205
6588 7076 465842.1397965939 4429241.247792758
7076 7076 470721.84423196566 4429242.203886996
7320 7076 473161.9314676192 4429241.39963543
7442 7076 474381.31388905545 4429241.468793981
7564 7076 475602.0626042927 4429241.430285219
7808 7076 478041.9910076228 4429238.87773902
7930 7076 479262.3094811014 4429241.787287808
8052 7076 480482.4024682424 4429241.905210582
8174 7076 481702.4570558768 4429238.669028855
8296 7076 482922.02458424924 4429241.597441662
8418 7076 484142.7661018424 4429240.994531362
8906 7076 489022.1869248822 4429239.287851675
9150 7076 491462.80193151504 4429241.306540208
9272 7076 492682.46665312105 4429241.145762866
9394 7076 493901.2962740631 4429241.598486105
9516 7076 495122.24515142 4429241.105219811
10004 7076 500001.8163107584 4429240.423749559
10248 7076 502442.47166599083 4429241.765100014
10370 7076 503662.81700225774 4429240.695514562
5002 7198 449980.70621659775 4428020.708253136
5978 7198 459742.6143278717 4428018.880388911
6954 7198 469501.4163963037 4428020.094683769
7076 7198 470722.7162513478 4428018.43450626
7320 7198 473162.2562156608 4428021.533231596
7442 7198 474382.3887226834 4428021.66911397
7808 7198 478041.12992849434 4428019.111845572
7930 7198 479261.8642889595 4428021.2549374085
8174 7198 481701.9857860805 4428018.858113418
8418 7198 484140.2129802113 4428019.716860585
8540 7198 485362.34741218487 4428021.200349985
8906 7198 489021.89615180413 4428018.785296281
9150 7198 491462.41344180773 4428021.2705566045
9272 7198 492682.6478342461 4428021.59989396
9516 7198 495122.6963940901 4428021.439215258
10126 7198 501222.1539912314 4428021.279183304
10248 7198 502442.30981911457 4428018.785088025
5124 7320 451199.1114033579 4426799.625544093
5368 7320 453642.0505469318 4426802.438822881
6222 7320 462182.0007792549 4426801.454481833
6466 7320 464621.12547602924 4426799.0721220765
7198 7320 471940.87231107545 4426800.323458101
7442 7320 474381.6561856397 4426801.335763653
8296 7320 482920.97394063865 4426801.440272293
8418 7320 484141.1660642689 4426801.540079805
9272 7320 492682.0095957056 4426801.722204994
9394 7320 493901.7712064308 4426801.442101703
9516 7320 495122.360544224 4426800.941864412
9882 7320 498782.24848247424 4426798.25098581
10004 7320 500002.6835948881 4426801.42483301
10370 7320 503662.2042770281 4426800.876534897
5002 7442 449980.6953563744 4425580.266645892
5124 7442 451201.4307340865 4425580.691826515
5978 7442 459742.09337333916 4425580.162705196
6466 7442 464621.6437041972 4425578.882581055
7442 7442 474379.1458476405 4425580.347310987
8174 7442 481702.26572635066 4425581.930721484
8418 7442 484141.64045371936 4425581.880503169
8906 7442 489022.2165523838 4425582.08894091
9028 7442 490243.06756619626 4425581.881968777
9150 7442 491462.33064155973 4425582.404889781
9272 7442 492681.8702944901 4425581.5257890085
9394 7442 493901.80865729455 4425580.379967749
9516 7442 495120.21630509436 4425580.271264399
9638 7442 496341.98262327135 4425578.67549209
9882 7442 498783.03602095763 4425581.560529749
10126 7442 501221.4140563867 4425580.826052044
10248 7442 502440.07397258 4425579.911919627
10370 7442 503661.15191746654 4425579.329978466
5124 7564 451199.0572407212 4424360.8476574905
5978 7564 459741.46435555955 4424360.557355605
6100 7564 460961.65325797873 4424360.768881069
6344 7564 463400.59113075305 4424358.474642491
8052 7564 480481.96324591513 4424361.784355787
8418 7564 484141.22891433036 4424361.8087042365
8662 7564 486581.4587039939 4424361.218711385
8906 7564 489022.59173341753 4424361.4588957
9272 7564 492681.2199761698 4424360.760795684
9394 7564 493902.32956653787 4424360.935366707
9760 7564 497560.9559038158 4424359.066468683
9882 7564 498782.02390904224 4424361.878119851
10126 7564 501222.0258595358 4424358.505948511
10248 7564 502442.03992622107 4424358.957441665
5124 7686 451200.5903937094 4423138.652340401
5368 7686 453638.88141542586 4423140.75321664
5978 7686 459738.9092502121 4423140.6525664525
6222 7686 462178.81293434807 4423140.711316102
7198 7686 471940.1572415365 4423139.868857207
7442 7686 474381.64394407056 4423141.521378169
7808 7686 478038.81677447807 4423141.225961444
7930 7686 479263.061113676 4423141.112921493
8418 7686 484142.43342996994 4423141.6492596315
8540 7686 485361.6026031578 4423141.8069052
8906 7686 489021.9584103277 4423141.592834577
9028 7686 490242.32159721066 4423141.751888778
9150 7686 491462.1214522404 4423138.927405502
9272 7686 492681.6692934669 4423143.053664852
9394 7686 493901.6740432535 4423141.993168328
9638 7686 496342.4583648089 4423140.648923747
9760 7686 497561.8644253858 4423140.8640084695
10248 7686 502442.2300283112 4423141.163056314
5978 7808 459741.29579578154 4421921.361905637
6832 7808 468281.77927755367 4421920.503286726
7198 7808 471939.5071950599 4421922.326367079
8174 7808 481702.0870372846 4421921.531584256
8296 7808 482922.11508015613 4421921.943936351
8418 7808 484142.2113895682 4421922.393987819
9028 7808 490242.3030435586 4421921.4381271405
9150 7808 491462.01773537946 4421921.18216493
9272 7808 492681.53252414055 4421921.639967317
9638 7808 496341.3142540704 4421921.042946691
9882 7808 498782.21616990457 4421921.221156232
10004 7808 500003.44432267844 4421921.485097027
10248 7808 502442.2021247398 4421920.928180751
6100 7930 460960.95131644746 4420700.886710776
7198 7930 471941.28761935415 4420701.2249195
7930 7930 479261.52624711936 4420701.023041304
8418 7930 484141.6962360712 4420701.720664919
8540 7930 485361.4809584353 4420702.2634284785
8662 7930 486581.7229592686 4420701.416205216
8784 7930 487802.1639349035 4420702.710018509
8906 7930 489022.3661102669 4420701.962982308
9150 7930 491462.10911625024 4420701.670836057
9516 7930 495121.94849360146 4420699.581079162
9882 7930 498781.93731572555 4420701.232092377
10248 7930 502441.59169221774 4420700.842787187
6222 8052 462181.2160087213 4419479.1757394355
7320 8052 473160.641066805 4419481.53938367
7808 8052 478041.3981213139 4419479.508467729
8174 8052 481701.7590052769 4419481.688006896
8296 8052 482921.79149611644 4419481.8894518595
8662 8052 486582.09980579803 4419481.388374808
8906 8052 489022.4068827333 4419481.433697304
9150 8052 491461.6669940424 4419481.422012193
9272 8052 492681.39016021887 4419481.772671378
9394 8052 493902.3391660417 4419478.677655616
9516 8052 495121.84812126827 4419479.111187746
10004 8052 500002.6094261 4419482.606737065
6344 8174 463402.06297300453 4418260.917488643
7930 8174 479261.4388890865 4418258.825206228
8052 8174 480481.5544519864 4418258.475176716
8296 8174 482922.0077290465 4418261.708976021
8662 8174 486582.29231504136 4418261.756066085
9272 8174 492682.0743430325 4418262.086924428
9394 8174 493901.98860931525 4418260.713961745
9516 8174 495121.8574476936 4418258.631805622
9882 8174 498783.8489951899 4418261.887049985
10004 8174 500003.7799270909 4418261.235266496
5978 8296 459741.518713925 4417039.175801324
8418 8296 484142.2040804374 4417040.946118493
8540 8296 485361.40098686883 4417038.579333844
8662 8296 486581.96584286774 4417041.660598763
8784 8296 487802.1324355593 4417041.714957688
9150 8296 491461.068755644 4417041.9002652895
9394 8296 493902.4128692675 4417041.735439692
9516 8296 495122.05305837066 4417041.615593269
9760 8296 497562.5292571977 4417041.362761029
9882 8296 498783.3874055598 4417041.5109457355
10126 8296 501222.2082832011 4417041.114285586
7442 8418 474382.24156365276 4415818.59874788
8296 8418 482922.0572136326 4415821.268403378
8418 8418 484141.889045981 4415820.9959052345
8784 8418 487801.6196725039 4415821.890047035
8906 8418 489021.48293086723 4415821.117277745
9150 8418 491461.22473174275 4415821.1871632235
9394 8418 493902.5207144165 4415818.797334125
9516 8418 495122.101202703 4415821.926322232
9638 8418 496342.7147446016 4415821.807589748
7564 8540 475601.4913152513 4414598.780618636
8418 8540 484141.61738872225 4414600.8841489
8662 8540 486582.2819110033 4414601.456960367
8784 8540 487802.23046165996 4414601.372257047
8906 8540 489021.9821234481 4414598.875273544
9150 8540 491462.3680501165 4414601.180374205
9272 8540 492682.4380264452 4414601.3129632585
9516 8540 495121.28181926365 4414601.842600717
6100 8662 460961.6918635619 4413380.1177030075
7686 8662 476822.0165860774 4413381.695822509
7930 8662 479262.1358103481 4413379.474579299
8052 8662 480482.2717599826 4413381.210249771
8296 8662 482921.89028834633 4413382.506663324
8540 8662 485361.3306309398 4413380.768927308
8784 8662 487802.31375147204 4413381.590643394
8906 8662 489021.2101380765 4413381.292450409
9150 8662 491461.5597962839 4413381.768017045
9516 8662 495120.8382385235 4413381.311847023
9638 8662 496341.5830429982 4413381.026106458
9760 8662 497561.3564340981 4413381.887723916
9882 8662 498781.43136068917 4413382.184384165
10004 8662 500001.78048812394 4413381.889636259
7686 8784 476822.4524021381 4412160.861556517
7808 8784 478042.64391790534 4412160.96231005
7930 8784 479262.5488428648 4412161.317218228
8052 8784 480481.8023190345 4412161.836777334
8662 8784 486581.9941693115 4412161.517952008
8906 8784 489022.42992623284 4412161.621228879
9028 8784 490241.3296967263 4412161.300310058
9394 8784 493901.8219297199 4412161.32120703
9882 8784 498782.3485013087 4412161.765211309
10004 8784 500002.48634242325 4412161.875078918
6222 8906 462181.74403633375 4410940.507859005
7076 8906 470722.037619902 4410941.057012666
7686 8906 476822.1064665011 4410941.3352736905
7808 8906 478042.0337828406 4410941.977939722
8052 8906 480481.8792855357 4410942.0002933545
8174 8906 481702.6937008924 4410941.537916486
8296 8906 482922.3976951712 4410940.703073924
8418 8906 484141.81657623034 4410941.941740604
8662 8906 486581.9963642351 4410941.129181701
8784 8906 487801.4615418956 4410941.109927417
8906 8906 489021.7540191171 4410941.348767444
9150 8906 491460.6741913824 4410939.190528847
9394 8906 493899.40295690205 4410939.66262473
9638 8906 496341.36828518804 4410941.917752007
10004 8906 500001.80512895074 4410942.232929112
6222 9028 462181.39642818994 4409720.718033958
6588 9028 465841.33077129134 4409721.136854959
6710 9028 467061.5201981708 4409720.925770152
6832 9028 468279.3140166636 4409721.664610599
7320 9028 473160.8826111795 4409720.885525915
7442 9028 474382.0720409657 4409721.432871462
7686 9028 476821.4166643183 4409720.78790799
7808 9028 478042.47865683987 4409722.192061246
8052 9028 480482.52700228913 4409722.353252065
8174 9028 481702.3681333153 4409722.424948444
8296 9028 482922.1535452037 4409722.815922536
8662 9028 486582.1795380221 4409721.032884552
9394 9028 493901.4831648141 4409721.717527067
9516 9028 495120.91085340444 4409720.999383217
9882 9028 498782.1538747004 4409721.415628994
6832 9150 468281.9789164898 4408502.02697555
6954 9150 469501.36477218266 4408499.361514439
7564 9150 475601.88647938316 4408501.402282094
7686 9150 476822.04856362287 4408502.106447981
7808 9150 478043.0771011758 4408502.014055095
8052 9150 480482.20117590344 4408501.447394559
8174 9150 481702.37999536964 4408502.23355608
9272 9150 492681.04722912825 4408502.206229933
9516 9150 495121.2613976033 4408501.420338838
6954 9272 469499.1301199548 4407281.420588094
7320 9272 473161.9151483424 4407281.428080292
7442 9272 474381.6267395151 4407281.24976705
7564 9272 475601.9540345687 4407281.403084682
8296 9272 482922.60216335335 4407281.278576649
8418 9272 484142.08296159457 4407282.264307367
8906 9272 489021.2910205289 4407279.105821755
9394 9272 493902.12588279386 4407281.5698941955
9760 9272 497561.0245657804 4407281.426833816
6588 9394 465841.95630160347 4406060.478421165
6832 9394 468281.11943212117 4406061.889424714
7442 9394 474381.8806911832 4406061.91824912
7564 9394 475602.67898946855 4406062.148553036
7686 9394 476822.755706353 4406061.690261705
7808 9394 478042.6881515738 4406061.673937372
7930 9394 479262.41739410965 4406061.779762776
9150 9394 491461.893335899 4406061.410842002
9272 9394 492681.53824831365 4406061.719673305
9394 9394 493899.0855606777 4406062.179013267
9760 9394 497560.8914985482 4406061.722790887
6832 9516 468281.2700326763 4404841.110594968
7320 9516 473162.2261072515 4404841.738856147
7442 9516 474382.13115525065 4404841.810259886
7564 9516 475601.9017678954 4404842.169991415
7686 9516 476823.17959850637 4404842.206130002
7930 9516 479262.18551995605 4404842.266315441
8052 9516 480482.64963849826 4404841.759027593
8540 9516 485362.1451659568 4404841.367007887
9028 9516 490242.3190779667 4404842.1983088525
9394 9516 493902.26318626857 4404841.723845687
7320 9638 473162.0819706834 4403621.487474727
7564 9638 475602.37448066496 4403622.605134844
7808 9638 478040.06183979154 4403620.009755278
7930 9638 479262.47987046884 4403621.7742333915
8052 9638 480482.3800681741 4403621.961308773
8418 9638 484141.52785057446 4403622.114646374
8784 9638 487800.83979954507 4403622.380143609
9028 9638 490241.9473905721 4403621.779018954
9150 9638 491462.15365135786 4403621.997146091
9272 9638 492682.36156336596 4403622.153528702
9516 9638 495121.7158653208 4403622.0849767355
9760 9638 497562.17638571974 4403621.257934306
7198 9760 471941.0808758989 4402401.705131243
7442 9760 474381.790856787 4402402.765005641
7686 9760 476822.86042279267 4402401.508873131
7930 9760 479262.2973270663 4402401.962681566
8052 9760 480482.1096901956 4402402.615873537
8296 9760 482922.2343169952 4402401.500089446
8662 9760 486579.4114386393 4402401.755413167
8784 9760 487801.6474576852 4402401.447684851
9272 9760 492681.73837814305 4402402.193151447
9394 9760 493902.09696873167 4402402.2790171495
9638 9760 496342.28715799993 4402401.906273476
9760 9760 497561.35681016324 4402401.247132467
5368 9882 453641.6247088185 4401181.036314252
6466 9882 464621.7480535086 4401183.181847378
6832 9882 468281.56964978843 4401181.199923116
6954 9882 469500.16900797305 4401181.898448062
7320 9882 473162.14982328267 4401181.950303753
7442 9882 474382.72367578326 4401182.040903737
7564 9882 475602.6167244432 4401182.507811108
7808 9882 478043.0361167359 4401182.224472236
8052 9882 480482.7597348819 4401183.243537232
8540 9882 485361.95248116227 4401182.077488757
8784 9882 487802.3912536308 4401181.967882263
9272 9882 492682.10886923637 4401181.901688528
9394 9882 493901.65684903046 4401181.595903861
9516 9882 495121.9517250643 4401181.924220524
9638 9882 496342.32658968377 4401181.972349888
7198 10004 471940.4433119594 4399961.057570347
7320 10004 473162.44711269136 4399961.507501282
7442 10004 474381.94545885816 4399962.133028772
7564 10004 475602.1403210051 4399962.077212801
7686 10004 476822.8654543691 4399961.843120963
7808 10004 478042.9930253534 4399961.659157712
7930 10004 479259.44676485064 4399962.283169506
8418 10004 484142.39225391095 4399961.405991669
8540 10004 485361.37430969847 4399962.175870235
5368 10126 453641.49803743284 4398741.591918583
6100 10126 460961.9364636015 4398740.180933204
6466 10126 464620.5955131801 4398741.628318436
7442 10126 474382.5068088945 4398741.398136793
7564 10126 475602.07038635045 4398741.381910871
7686 10126 476822.36437441333 4398741.92515052
7808 10126 478043.21528336423 4398742.197404934
7930 10126 479262.2343686942 4398742.206694732
8174 10126 481702.10370409273 4398742.207325192
8296 10126 482921.2444860202 4398741.93976005
8540 10126 485362.227136263 4398742.222192451
8662 10126 486581.9415854906 4398740.867308068
9394 10126 493899.29632099444 4398742.005343484
5368 10248 453641.96375981206 4397521.37512091
6222 10248 462182.01368843194 4397519.667086493
7198 10248 471941.6639106971 4397521.887486991
7320 10248 473161.2982869861 4397520.428844357
7442 10248 474382.59359625174 4397521.634046786
7564 10248 475601.94550988695 4397521.56191073
7686 10248 476821.70825717616 4397521.707918126
7808 10248 478041.95785356656 4397521.582195275
7930 10248 479261.99493811326 4397522.058009474
8174 10248 481702.43135315715 4397521.444846058
8296 10248 482921.0296947146 4397521.095925576
8540 10248 485361.989963643 4397521.622655227
8784 10248 487802.23946856195 4397521.987171092
8906 10248 489020.9261871488 4397522.209802005
9028 10248 490241.75808500836 4397522.173815157
9150 10248 491460.7798832141 4397521.703052233
9272 10248 492681.0891722827 4397522.250421685
9516 10248 495121.5839492292 4397521.6450939495
6710 10370 467061.50955914566 4396301.234516551
7564 10370 475601.6917443054 4396302.100171831
7686 10370 476822.65539441566 4396301.948693936
7808 10370 478042.21481800656 4396301.223699268
7930 10370 479261.50316760095 4396302.275826241
8052 10370 480481.13685241545 4396302.195891578
8906 10370 489021.50119631767 4396301.739535569
5368 10492 453642.0325705633 4395081.247289849
6466 10492 464620.5333911923 4395081.479709172
6954 10492 469501.2414662365 4395079.358601733
7564 10492 475601.22132114525 4395079.809016542
7808 10492 478042.48836076586 4395081.591430586
7930 10492 479261.10747367586 4395081.733951999
8540 10492 485363.4680116405 4395082.834151641
9150 10492 491461.65806403616 4395082.852983484
5368 10614 453641.7061856475 4393861.251194314
5856 10614 458521.45434616815 4393861.782441525
7320 10614 473159.717833572 4393862.0749432165
7564 10614 475600.39398125437 4393861.649132768
7808 10614 478042.28123012243 4393861.015004002
8052 10614 480481.02595048683 4393862.481388181
8662 10614 486582.0230542274 4393862.197272169
8906 10614 489021.7025753724 4393861.145569041
9028 10614 490240.93946082174 4393861.071493347
5368 10736 453641.49004819663 4392641.557741452
5734 10736 457301.5403963483 4392641.168647557
5856 10736 458521.82584274694 4392641.019933923
7198 10736 471940.60877118306 4392641.190538603
7808 10736 478042.1828978628 4392640.602693291
8174 10736 481700.9798244812 4392642.016247133
8540 10736 485361.4987920741 4392642.472009282
8662 10736 486581.83564928 4392642.093888992
8784 10736 487801.4890954352 4392641.432374175
5978 10858 459742.5529359726 4391420.820517668
6222 10858 462182.2154689966 4391422.292594988
6344 10858 463401.6597702016 4391420.864512659
6832 10858 468281.7828674072 4391421.143545656
7076 10858 470721.66629473754 4391421.948504496
7808 10858 478041.4834910765 4391421.749960356
8418 10858 484138.999951804 4391421.4771419
8662 10858 486581.57816278527 4391421.80279165
8784 10858 487802.55368643306 4391421.000411899
8906 10858 489022.0149491913 4391421.358773594
8662 10980 486579.29519807984 4390201.294938208
