4026 0 280501.6342813633 4199998.509596082
4148 0 282941.07159425656 4199998.386043962
4209 0 284159.02587032167 4199997.804735136
4331 0 286598.6962477058 4199999.101865106
4819 0 296361.23439767864 4199998.309631813
5124 0 302459.9127174124 4199999.306693022
5368 0 307339.0988531871 4199998.620770111
3904 61 278059.250434935 4198778.38944707
3965 61 279279.13071306096 4198778.300850982
4270 61 285378.6186670907 4198777.701016515
4575 61 291478.6755109309 4198778.825488389
4697 61 293921.62870243634 4198778.297653603
4819 61 296361.17989328504 4198777.834960763
5124 61 302461.18949904514 4198777.696768891
5185 61 303678.52631983417 4198778.037000581
5307 61 306118.3710511116 4198777.691699427
5368 61 307338.38301548595 4198778.215644974
5429 61 308557.74476492486 4198777.874613597
5490 61 309778.51858379226 4198778.08980592
3965 122 279279.2560815873 4197558.623167256
4087 122 281718.8144080861 4197558.41287464
4209 122 284158.423816924 4197557.947290233
4453 122 289038.56026138586 4197558.682497469
4514 122 290258.82323525765 4197557.703207245
4636 122 292701.2293186466 4197558.777548654
4819 122 296358.29198821785 4197557.845054805
5185 122 303678.3458047841 4197557.718345145
5307 122 306121.1346154213 4197557.627441935
5368 122 307338.45006412116 4197558.084906009
5429 122 308558.148591532 4197557.860800452
3904 183 278061.22395178693 4196338.241687032
4331 183 286601.49119887897 4196337.736617728
4575 183 291478.3463638682 4196337.672831141
4636 183 292698.9418009602 4196337.975672145
4880 183 297581.4193311187 4196337.965011074
5063 183 301238.4574792213 4196337.9780770205
5185 183 303678.3105770669 4196337.461195135
5246 183 304898.3188452002 4196337.320052509
5307 183 306118.21525676944 4196337.548181816
5368 183 307338.3414959756 4196338.053964169
5429 183 308558.45171745215 4196337.925925841
4148 244 282938.8009977853 4195117.390767319
4270 244 285378.63416642556 4195118.143579924
4697 244 293921.2720011971 4195118.173241701
4880 244 297578.248765782 4195118.270005511
5002 244 300018.4041647478 4195117.57496673
5063 244 301238.5622420567 4195117.860178057
5124 244 302458.1551408235 4195117.609101606
5307 244 306118.2302665332 4195117.908328113
5429 244 308558.5928718223 4195117.654590602
4026 305 280498.7935235274 4193898.1228724886
4087 305 281718.6066242748 4193898.1850475445
4148 305 282940.96527072036 4193898.080171991
4209 305 284159.09824887465 4193898.10542784
4514 305 290261.27331202116 4193897.9632105017
4697 305 293919.19942751655 4193898.5072130756
5063 305 301238.4192108351 4193898.2517774506
5124 305 302458.69959763234 4193898.0062663285
5185 305 303678.6314032715 4193897.9181709997
5246 305 304897.9529358656 4193897.9623586023
5307 305 306118.55485016876 4193897.4730049055
5368 305 307338.51551630575 4193898.0706252186
5429 305 308558.3225001508 4193897.8146714866
3965 366 279278.51667868206 4192678.201713289
4026 366 280499.2123526627 4192677.9574684007
4087 366 281718.5381010986 4192678.100161884
4148 366 282938.69529348775 4192678.2105808137
4270 366 285381.5164695288 4192678.2440749425
4331 366 286598.9224864007 4192677.4514278434
4392 366 287820.95044476696 4192678.0961140394
4514 366 290261.62946747895 4192678.352166271
4697 366 293918.4536717993 4192677.901627587
4758 366 295138.6939399708 4192677.89118079
4819 366 296358.68962397624 4192678.560986449
4941 366 298798.6625656843 4192678.115874498
5002 366 300018.6780765528 4192678.1345909107
5063 366 301240.96536719974 4192678.3812577715
5124 366 302459.0185109813 4192678.3053166606
5246 366 304898.10580630286 4192677.8952629715
5307 366 306117.83317482576 4192677.8068387806
5368 366 307338.2664738315 4192677.9948971514
5429 366 308558.5661650044 4192678.063446366
3904 427 278058.59774168895 4191458.2036197716
3965 427 279278.48460866616 4191458.4160986897
4026 427 280498.9163719696 4191458.4339502472
4148 427 282938.71914847754 4191457.4779335875
4331 427 286601.28337490815 4191458.0295229275
4392 427 287821.40935712715 4191457.957181856
4453 427 289041.3219896599 4191458.2557242904
4575 427 291480.12523971486 4191459.887591905
4697 427 293920.4936840179 4191457.8885291656
4819 427 296358.1915915352 4191457.627206443
4941 427 298798.12196316896 4191457.885520446
5124 427 302458.4945957493 4191458.037488606
5185 427 303678.6777829487 4191458.0428909827
5246 427 304897.92085643153 4191457.7533799065
5307 427 306118.6070828283 4191457.8488069996
5368 427 307337.91852938366 4191457.7557750987
5429 427 308558.5322464528 4191457.801495444
3904 488 278058.59197861596 4190238.131601598
4026 488 280498.7776139647 4190238.216623
4087 488 281718.31709705753 4190237.666550398
4209 488 284158.7229988111 4190237.93342882
4453 488 289041.5604999133 4190238.12653974
4514 488 290261.2947720449 4190238.314387651
4636 488 292701.3052317045 4190238.020632835
5124 488 302458.1966934305 4190237.8781921817
5185 488 303678.4542307963 4190237.8906039027
5246 488 304898.6899084398 4190237.5466210507
5307 488 306118.040702877 4190237.8644695887
5368 488 307338.4099755605 4190237.791003897
5429 488 308558.44049928477 4190237.710768746
5490 488 309778.21084057674 4190238.3608251438
3904 549 278060.07860495336 4189019.9442390483
4148 549 282938.73844749737 4189018.0216190126
4270 549 285379.39336569095 4189017.4711090447
4331 549 286598.5768353556 4189017.918575175
4392 549 287818.60845347855 4189018.00635562
4453 549 289041.2529428133 4189018.459614464
4758 549 295138.4644730836 4189018.16712592
4880 549 297578.64536025 4189018.6130049992
5002 549 300018.3091452068 4189018.2150293896
5063 549 301238.4878220826 4189018.2465877403
5124 549 302458.3323995089 4189018.1026482685
5185 549 303678.3496170483 4189017.938278049
5246 549 304898.50772361766 4189017.784435194
5368 549 307338.14857784694 4189017.8031210927
3721 610 274400.50607928005 4187799.1696259314
3965 610 279278.6067446387 4187798.1538825193
4026 610 280501.1707040903 4187797.8306325087
4148 610 282941.28764207836 4187797.9566391
4270 610 285378.7395296596 4187798.261938693
4331 610 286600.994846763 4187797.9956518393
4453 610 289038.61602389056 4187797.59497998
4575 610 291478.5686339281 4187797.6288028853
4636 610 292697.9905078856 4187797.842774543
4697 610 293918.34140180715 4187797.9634017833
4758 610 295138.1886396534 4187798.9138990752
5002 610 300018.82327793736 4187798.2807966145
5063 610 301238.46563825395 4187797.8076690836
5124 610 302458.07079438685 4187797.6640011873
5185 610 303678.51523368387 4187797.8567139674
5246 610 304898.27100138256 4187798.183078829
5307 610 306117.94787809276 4187797.864631349
4026 671 280498.6014136604 4186578.1728897877
4087 671 281718.9529537931 4186578.361656731
4148 671 282938.4662037122 4186577.2868059846
4209 671 284161.00505303964 4186578.179524717
4453 671 289041.37825798226 4186577.793074921
4636 671 292698.421943538 4186577.238055623
4697 671 293917.91629265505 4186578.080435111
4758 671 295139.4074621881 4186578.54260128
4819 671 296358.1290597168 4186578.457454129
4880 671 297578.53476219875 4186577.775841984
4941 671 298798.1968588397 4186577.858901472
5002 671 300018.33246982435 4186577.949145048
5063 671 301237.9701586212 4186578.089622166
5124 671 302458.03143220814 4186578.03572865
5246 671 304898.9588896077 4186577.8970343806
5429 671 308559.32375684066 4186578.4819371
3965 732 279278.75701617345 4185358.723814007
4087 732 281718.70489914354 4185358.451559825
4209 732 284158.5947659826 4185358.285595772
4331 732 286598.51180450385 4185358.128140568
4392 732 287818.43495772546 4185358.0572900865
4697 732 293918.19790033845 4185358.042611407
4941 732 298798.7652166099 4185357.9060317986
5002 732 300018.38296152104 4185357.682214263
5063 732 301238.90680430236 4185358.3039045045
5124 732 302457.96159467375 4185357.7586833043
5246 732 304898.1885358534 4185357.5529974187
5368 732 307338.0684330798 4185357.808169991
5429 732 308558.97135494405 4185358.6764965365
3965 793 279278.9568594361 4184138.5433946494
4148 793 282938.8711632411 4184137.9191775024
4331 793 286598.8457380665 4184138.180437333
4453 793 289038.4519830662 4184137.758824799
4514 793 290258.72535726894 4184138.1546648163
4636 793 292699.10009130056 4184137.744671249
4697 793 293918.50690814067 4184138.579921781
4758 793 295138.651828294 4184138.0820511095
4880 793 297578.8106420082 4184138.848146935
4941 793 298798.4815445073 4184137.9065077296
5002 793 300018.65264027566 4184137.939892199
5063 793 301238.5114147548 4184137.9286435666
5124 793 302458.5237183501 4184137.3954550046
5185 793 303679.16428716073 4184138.196799446
5246 793 304898.33986733493 4184138.111433747
5368 793 307338.2233869414 4184137.483241312
3843 854 276838.61713473155 4182918.2251952244
3904 854 278058.5455090994 4182918.042927566
4087 854 281718.8933504807 4182918.572391306
4209 854 284158.940039012 4182918.1327590235
4819 854 296359.03552698134 4182918.2212764146
4880 854 297578.8705075588 4182918.8166794684
5002 854 300018.5292974218 4182918.0298193796
5063 854 301237.9067188911 4182917.461089478
5185 854 303678.26426946046 4182917.8374894634
5246 854 304898.92368442344 4182917.8413658068
5368 854 307338.3297893652 4182917.533625013
3843 915 276838.95765899145 4181698.5784208393
3965 915 279278.91470022185 4181698.1551418547
4209 915 284158.7272607422 4181698.7272350527
4331 915 286598.69590185385 4181698.379264728
4392 915 287818.66770935664 4181698.349948452
4453 915 289038.67522364494 4181699.0049246764
4575 915 291478.82480863016 4181698.2011560146
4819 915 296358.36528407363 4181698.294018047
5124 915 302458.68543249473 4181698.0199468546
5185 915 303678.46773739567 4181698.0087254066
5307 915 306118.34535399487 4181698.195529703
5368 915 307338.68702153675 4181697.5314947693
5429 915 308558.6952238797 4181698.0225650845
3904 976 278059.05390405754 4180478.1571120294
4087 976 281718.9727255085 4180478.074537159
4270 976 285379.10278688534 4180478.265605402
4331 976 286598.28453294525 4180477.931870956
4392 976 287818.7875991685 4180478.772876043
4453 976 289038.8579247404 4180478.313563658
4514 976 290258.869138243 4180478.506408017
4575 976 291481.0103373382 4180478.0161856357
4636 976 292698.66061659326 4180478.4872711087
4758 976 295138.3328742462 4180478.182928224
4819 976 296358.5005593932 4180478.4741004817
4880 976 297578.51265622966 4180477.8599449964
4941 976 298798.33700480894 4180477.9633846367
5124 976 302457.8450017457 4180478.0408127494
5185 976 303678.313280261 4180477.9465145124
5307 976 306118.91114978737 4180478.292863597
5368 976 307338.2336270822 4180477.710134594
5429 976 308558.13356747606 4180477.847334679
3965 1037 279281.03920629655 4179258.2827976365
4026 1037 280498.69410495146 4179258.4830987966
4575 1037 291480.97659257264 4179258.326694715
4636 1037 292698.6706775204 4179257.9980588546
4758 1037 295138.63631325273 4179258.3934193235
4819 1037 296358.2689640474 4179258.3109601913
4880 1037 297578.38203837676 4179257.646313876
4941 1037 298798.4842746501 4179258.1960494844
5002 1037 300018.07671876834 4179257.5418400057
5063 1037 301238.28534870036 4179257.264431703
5124 1037 302458.9956427432 4179258.252718065
5185 1037 303678.32931219495 4179257.5313511593
5246 1037 304898.0644209287 4179257.8779752506
5368 1037 307338.83245440375 4179257.857534889
5429 1037 308558.37918983644 4179257.8581281463
5490 1037 309778.4192672695 4179258.0130770532
3904 1098 278059.12331064045 4178038.882508547
3965 1098 279281.07250080106 4178038.1136959083
4026 1098 280498.9379190827 4178038.1261910703
4209 1098 284161.19727370003 4178038.388661431
4270 1098 285378.93153101084 4178038.4801767543
4331 1098 286600.9627477906 4178038.7992894277
4392 1098 287819.125160535 4178038.1246717693
4575 1098 291478.6052747085 4178037.4841925856
4697 1098 293918.6367752645 4178037.8401755234
4758 1098 295138.228161937 4178038.049720331
4819 1098 296358.2601799882 4178037.8516216427
4880 1098 297578.21179581597 4178038.051159706
4941 1098 298798.4599792124 4178037.323523393
5002 1098 300018.3908327305 4178038.2523333263
5124 1098 302457.88163816056 4178037.7097157277
5185 1098 303678.445320335 4178037.785289243
5246 1098 304898.4583909218 4178038.1753427293
5307 1098 306118.33923907473 4178037.9419753123
3965 1159 279278.8639362956 4176818.3445245745
4087 1159 281718.8071058202 4176818.53146524
4148 1159 282938.80655694124 4176818.56545367
4270 1159 285379.2058204607 4176818.146847319
4392 1159 287820.63235840923 4176818.504653464
4453 1159 289038.4254531099 4176817.4564369777
4636 1159 292698.4817021312 4176818.625891447
4697 1159 293918.7075651394 4176817.9948976114
4941 1159 298798.40431139444 4176817.9096168587
5002 1159 300018.670846472 4176818.560438388
5063 1159 301238.07670622534 4176818.556710069
5124 1159 302457.9994259784 4176817.3950488223
5246 1159 304898.19107343047 4176817.8381359996
5307 1159 306118.18533479515 4176817.76452831
5368 1159 307338.59255241964 4176817.945124304
5429 1159 308557.82224664924 4176818.179944532
5490 1159 309779.0423765154 4176818.7993808705
3965 1220 279278.70498391706 4175598.2837987384
4087 1220 281718.8151465884 4175598.8457620814
4148 1220 282938.75116023474 4175598.4934396204
4270 1220 285379.1673369136 4175598.2854501223
4331 1220 286600.9327396482 4175598.5041123573
4392 1220 287820.71984234353 4175597.726778553
4636 1220 292698.53413540043 4175597.814527313
4819 1220 296358.33368371206 4175597.873447854
4880 1220 297578.3418691843 4175598.4074551063
4941 1220 298798.6184452587 4175597.850538139
5002 1220 300018.1075511453 4175597.798286516
5063 1220 301238.3338651497 4175597.4296602886
5307 1220 306118.7578806416 4175597.702464955
5368 1220 307338.69961730763 4175597.6117822602
5429 1220 308558.46388685534 4175597.952821739
4209 1281 284158.9587207759 4174378.300725378
4270 1281 285378.7438654582 4174378.2181650726
4392 1281 287818.83847980533 4174378.3506965544
4514 1281 290258.9369991261 4174378.0519838873
4575 1281 291478.7822924975 4174378.5144232297
4636 1281 292699.26232453994 4174378.164183464
4819 1281 296358.4589579253 4174377.5215205094
4880 1281 297578.35277410597 4174377.7128114086
5002 1281 300018.25558373233 4174377.6289195847
5063 1281 301238.1716837344 4174377.816627344
5185 1281 303678.45843788795 4174378.2457591183
5246 1281 304898.37656227255 4174376.4275650363
5307 1281 306117.7260015516 4174378.004630953
4087 1342 281718.9127909248 4173158.45475257
4148 1342 282938.93714731553 4173158.468963838
4270 1342 285378.774965342 4173158.4157386217
4514 1342 290259.14419631 4173158.343135032
4697 1342 293918.47250184615 4173157.7644462036
4819 1342 296358.30890784727 4173158.1401027376
4880 1342 297578.3096149179 4173157.9022337236
5063 1342 301238.5120560633 4173157.573731092
5124 1342 302458.4731952685 4173157.226054903
5185 1342 303677.2389791128 4173156.797276547
5307 1342 306118.3834114807 4173157.759609922
5429 1342 308558.67405681405 4173158.155110779
4148 1403 282940.9673769942 4171938.1443634145
4331 1403 286598.6225819844 4171938.065755277
4636 1403 292698.7242112373 4171937.8695952464
4819 1403 296359.0603252006 4171938.3250395907
4880 1403 297578.1076347467 4171937.5518528763
4941 1403 298798.09181655967 4171937.7403890723
5002 1403 300017.88782192674 4171938.7716435203
5063 1403 301238.2759986443 4171937.4796121567
5124 1403 302457.9996685471 4171937.2506142985
5246 1403 304898.4807770932 4171938.1951286364
5307 1403 306118.187381184 4171937.86758707
5429 1403 308558.0570310933 4171937.594482368
4331 1464 286598.5613658746 4170718.18222724
4392 1464 287818.5168257352 4170717.804482911
4514 1464 290258.2950284517 4170717.8598752916
4575 1464 291478.42653515394 4170718.0450000055
4636 1464 292698.528352813 4170718.0261539463
4697 1464 293918.63231230876 4170718.0284494683
4819 1464 296358.4500848622 4170717.3513499293
4880 1464 297578.89323023986 4170718.1127516404
4941 1464 298798.7685066584 4170718.873330608
5002 1464 300018.1506688241 4170717.4437467093
5063 1464 301237.91039271967 4170717.5480596423
5124 1464 302458.36262658425 4170717.918216492
5246 1464 304897.75771721883 4170717.8879676173
5429 1464 308558.4032587598 4170718.0440570693
4514 1525 290258.2387360007 4169498.10679025
4636 1525 292698.8126981669 4169498.238792793
4697 1525 293919.236752723 4169498.1877761446
4880 1525 297577.65463838784 4169498.022089828
4941 1525 298798.0879721559 4169498.0172776943
5002 1525 300017.94493618404 4169497.9683502857
5124 1525 302458.5013617812 4169497.777153357
5246 1525 304898.09190658305 4169497.6249093404
5368 1525 307338.6006116853 4169497.956898018
5429 1525 308558.61790904356 4169497.952010613
4514 1586 290258.329141518 4168277.807931098
4575 1586 291478.5718519608 4168277.4649671772
4636 1586 292698.48940351757 4168277.8931383826
4697 1586 293917.517512935 4168277.7343617165
4819 1586 296358.2584847561 4168277.465044247
4941 1586 298798.04429898405 4168277.6215964835
5002 1586 300018.4009025641 4168277.936562922
5063 1586 301238.07638144016 4168277.700057555
5185 1586 303678.3385142856 4168277.44411249
5246 1586 304897.7411079963 4168278.1362581933
5307 1586 306117.8956740344 4168277.317336524
5429 1586 308558.95707680855 4168277.7497622585
4514 1647 290258.34297034703 4167057.845310823
4697 1647 293918.39963405556 4167057.993281994
4758 1647 295138.24613829236 4167057.481363536
4819 1647 296358.19531136093 4167057.954510633
4880 1647 297577.6449886275 4167058.2665447807
4941 1647 298798.56702733197 4167057.8546723938
5002 1647 300018.2107299363 4167057.7195350733
5124 1647 302458.3984326668 4167057.7454460496
5185 1647 303678.32070327934 4167057.558121267
5246 1647 304898.53378972143 4167057.925846124
5307 1647 306117.9051197125 4167057.3467211165
5368 1647 307338.1606176284 4167057.656275574
5429 1647 308558.85042041325 4167057.7562210625
4514 1708 290258.59862522327 4165837.8922340227
4697 1708 293918.7480004525 4165838.377256484
4819 1708 296357.8833518123 4165838.0957157323
4880 1708 297578.03809489624 4165837.6728751548
4941 1708 298798.16065884265 4165837.773505185
5002 1708 300018.61830974213 4165837.8148144763
5063 1708 301238.64695438754 4165837.7696720315
5124 1708 302458.71987442265 4165838.208152053
5246 1708 304897.92604606884 4165837.752072908
5429 1708 308558.15755530633 4165837.933018119
5490 1708 309778.82795799605 4165838.42864048
4636 1769 292698.80745883647 4164617.94202564
4697 1769 293918.6496650933 4164618.0061176447
4758 1769 295138.55433779187 4164618.3546523424
4819 1769 296358.0804485685 4164618.2705587856
4880 1769 297578.4798349846 4164618.166551045
4941 1769 298798.41425481485 4164617.98079273
5002 1769 300018.31404614844 4164617.3796654437
5063 1769 301238.58593794226 4164617.788906131
5124 1769 302458.41304019204 4164617.8708482143
5185 1769 303678.17678971495 4164617.525095216
5246 1769 304898.0366681016 4164617.2499565007
5307 1769 306118.4313820039 4164617.637236288
5368 1769 307338.2785353858 4164617.5665973444
4575 1830 291478.8728430499 4163398.3909335937
4636 1830 292698.8460807497 4163398.5483319284
4697 1830 293918.5761674655 4163398.0806785747
4758 1830 295138.5098000311 4163397.5964049036
4819 1830 296358.37886067084 4163397.6177933533
4880 1830 297578.3876787687 4163398.422670237
4941 1830 298798.1886555066 4163397.922500656
5002 1830 300018.1286895564 4163397.873856901
5063 1830 301238.07336511044 4163397.762652062
5124 1830 302458.4418610255 4163397.7789461724
5185 1830 303678.47035936994 4163398.0896648252
5307 1830 306118.39454494324 4163397.6241093297
5368 1830 307338.5836192023 4163397.827282911
5429 1830 308558.4118991755 4163398.155286406
4697 1891 293918.11332038656 4162177.5800774638
4758 1891 295138.7990511041 4162178.137494849
4819 1891 296358.1040677808 4162178.0855624676
4880 1891 297577.9823854054 4162177.595827111
4941 1891 298798.27224980097 4162177.8426225614
5002 1891 300018.77364253404 4162177.752077423
5063 1891 301238.3369847585 4162177.790662816
5185 1891 303678.0288291323 4162177.5678744856
5246 1891 304898.4158721636 4162177.845607916
5307 1891 306118.462156074 4162178.116957194
5429 1891 308558.5444173011 4162177.6665756376
4697 1952 293918.91221480817 4160958.1984043047
4758 1952 295138.26967097505 4160957.988495333
4819 1952 296358.2122218824 4160957.9070912814
4880 1952 297578.0830351589 4160958.171779912
4941 1952 298797.83289393113 4160957.4444901776
5002 1952 300017.93543892354 4160958.487485729
4758 2013 295138.2805688983 4159738.1378152827
