3904 0 278059.51369198546 4200001.460625646
3965 0 279278.33731033467 4200001.949465303
4148 0 282939.5068784829 4200000.859994464
4209 0 284160.8718918293 4200001.46987601
4514 0 290258.5198894991 4200002.101637434
5307 0 306120.5395699799 4200001.281362909
5429 0 308559.18741972715 4200001.447553057
5490 0 309778.22843121644 4200001.82145135
3965 61 279278.884596441 4198781.2692288635
4026 61 280498.6353548754 4198782.223961738
4087 61 281721.13919935847 4198782.061408808
4148 61 282938.85735442286 4198781.919430671
4209 61 284161.0462226244 4198782.0065867035
4514 61 290258.3169381565 4198782.158086448
4636 61 292698.33970234677 4198782.353445839
5063 61 301238.49648968317 4198782.185225013
5124 61 302458.68875225715 4198781.896107287
5307 61 306119.18372224097 4198781.473643972
5429 61 308559.27140129544 4198781.285549545
5490 61 309779.63491371676 4198781.507361264
3965 122 279278.62457141664 4197561.722254739
4087 122 281717.75673450937 4197562.519231392
4270 122 285378.24648513383 4197562.776725654
5002 122 300020.01167276176 4197560.0166181065
5124 122 302458.64314787043 4197562.080043491
5185 122 303678.17893107294 4197562.121595936
5246 122 304898.9890516592 4197561.672816537
5307 122 306118.7016032569 4197561.3606610475
5368 122 307340.34321788256 4197561.441937059
5429 122 308559.51584867557 4197561.368620017
5490 122 309780.47935995937 4197561.258477451
4026 183 280498.49334770563 4196342.676340628
4087 183 281718.0456856836 4196342.029344774
4209 183 284157.95996995835 4196342.340026736
4331 183 286598.20646913024 4196342.699130875
4636 183 292698.4062678531 4196342.399990189
4697 183 293917.47829933075 4196342.243981861
5002 183 300019.99558378465 4196340.006063365
5124 183 302458.9817449627 4196342.542000899
5185 183 303679.15536820074 4196342.180859168
5246 183 304899.07512395456 4196342.330466801
5307 183 306119.04465271544 4196342.22079235
5368 183 307339.24721292465 4196341.514104626
5429 183 308559.07195245184 4196341.843126104
4026 244 280499.17159887357 4195121.937565898
4087 244 281718.4463037208 4195121.793677099
4270 244 285378.9879322857 4195122.0078986
4453 244 289038.0837436471 4195121.438195658
4575 244 291479.1569629132 4195123.081633239
4636 244 292698.12867195695 4195122.812785371
4819 244 296358.0956766092 4195122.295867972
4880 244 297577.7264681812 4195122.062766586
5124 244 302458.7992525696 4195121.666134818
5185 244 303678.58979552885 4195121.183678771
5307 244 306119.0930384346 4195121.504304226
5368 244 307338.84707757575 4195121.494065164
5429 244 308559.4153166157 4195121.589679817
3965 305 279277.83754786523 4193902.3314043423
4026 305 280498.03231736587 4193902.349237767
4148 305 282938.9997039113 4193902.061186825
4392 305 287818.9833900274 4193902.217365997
4514 305 290259.0153318291 4193902.013877403
4575 305 291478.907981231 4193902.2312740954
4636 305 292699.07591901196 4193901.8956747046
4758 305 295138.4556597023 4193901.884031702
4880 305 297577.6126333344 4193902.6234928416
5063 305 301238.21903282567 4193902.153204147
5124 305 302458.69672390335 4193901.7685992783
5185 305 303678.73767597746 4193902.117883358
5246 305 304898.43650258426 4193901.5656184247
5307 305 306118.3586039606 4193901.7098756135
5368 305 307338.8891731688 4193901.185162002
5429 305 308558.50800979754 4193901.4680825556
4026 366 280498.5884825533 4192682.63910833
4148 366 282937.5072545168 4192682.2840035353
4209 366 284158.97099275794 4192682.300952292
4331 366 286598.6045787991 4192681.7352502756
4514 366 290258.66146611224 4192681.5871963818
4575 366 291478.4236830666 4192681.828629964
4636 366 292698.8987390819 4192681.018749237
4758 366 295138.682690158 4192682.0625702254
4819 366 296359.0765489011 4192681.234717289
4880 366 297579.17460075516 4192682.0000894237
4941 366 298798.5439483435 4192682.009624429
5002 366 300018.4698813604 4192682.0669467775
5063 366 301238.26086798706 4192681.7403291725
5185 366 303678.1619992212 4192682.1789855706
3904 427 278058.755007894 4191460.539747364
3965 427 279278.8624712459 4191460.9774906123
4026 427 280498.68910878326 4191461.3020538576
4209 427 284157.59181055456 4191461.939808484
4453 427 289038.1295720565 4191462.0812478065
4636 427 292698.7182137682 4191460.926852937
4697 427 293919.2065707189 4191461.193223374
4758 427 295138.7252937917 4191461.8767046398
4819 427 296358.1596612532 4191461.287219449
4880 427 297578.81903265894 4191461.244979593
4941 427 298798.29127691727 4191461.7747503296
5246 427 304897.4273214048 4191462.207288705
5307 427 306118.35099165654 4191461.9253644096
3965 488 279278.34144313354 4190240.9420540193
4026 488 280498.38370280864 4190241.1833517347
4087 488 281718.5189286355 4190241.150398014
4148 488 282938.51771102584 4190240.890290878
4270 488 285378.8019699104 4190241.2835595356
4331 488 286597.85021060915 4190241.5505244453
4514 488 290257.76142843533 4190242.025630039
4758 488 295138.65362052113 4190241.820252857
4819 488 296359.01207685925 4190241.5389561607
4941 488 298798.82332561107 4190240.7120417813
5002 488 300018.13415986404 4190241.4711190434
5063 488 301238.01833678747 4190242.045452534
5124 488 302458.1351100756 4190241.850616684
5185 488 303678.76005411823 4190241.7591322754
5246 488 304898.3981027403 4190241.772155191
4148 549 282938.1464520577 4189021.4612691924
4270 549 285378.3310143936 4189021.386782163
4392 549 287818.2269952756 4189021.1067818254
4819 549 296358.6726914075 4189021.9343614774
4880 549 297578.8807097033 4189021.2456587637
4941 549 298798.1370599262 4189022.131571535
5002 549 300019.20844986243 4189022.484047991
5246 549 304898.6334660724 4189022.0891594114
5429 549 308558.57112219883 4189021.7960489662
3721 610 274399.4408512858 4187801.2345801676
3904 610 278059.4259887778 4187801.167180448
3965 610 279279.3914709722 4187801.145784718
4026 610 280499.30165882944 4187801.244799653
4148 610 282938.75214023585 4187801.3510526884
4209 610 284158.57316399855 4187800.8815599717
4270 610 285378.61935197935 4187801.3775837757
4331 610 286598.5649800855 4187801.7724838248
4392 610 287818.2716219419 4187802.0134052634
4636 610 292697.86753216456 4187801.8449752824
4697 610 293918.2360230962 4187801.9444403015
4880 610 297578.8330152697 4187801.5046672486
5002 610 300019.1697919942 4187801.3660367914
5063 610 301238.6621371764 4187802.0981528815
3782 671 275619.1585457979 4186581.7986264266
3843 671 276840.0592530066 4186581.3768898966
3904 671 278059.4700321625 4186581.481825891
3965 671 279280.43637922616 4186581.5792453075
4026 671 280499.5364985749 4186581.8261943897
4087 671 281719.29358212766 4186581.1761225294
4148 671 282940.40664811083 4186581.177522932
4209 671 284159.32602141605 4186581.19274542
4270 671 285379.4272610544 4186581.3295741733
4331 671 286599.8504533307 4186581.3034570673
4392 671 287819.01919578377 4186581.151115692
4453 671 289039.33716015593 4186581.651169397
4636 671 292697.9915860547 4186582.244740286
4758 671 295138.45328741067 4186581.696345851
4819 671 296357.5583063351 4186582.267808459
4880 671 297578.1224351713 4186581.3500336
4941 671 298797.9989947417 4186581.86492478
5002 671 300018.21325884986 4186582.186825472
5124 671 302458.3490672979 4186581.7779803704
5429 671 308558.87971090165 4186581.4240891747
3965 732 279279.15331439057 4185361.2308042133
4026 732 280499.2684682394 4185361.178054787
4087 732 281719.3386000423 4185361.436096485
4148 732 282939.03560757963 4185361.5451376494
4270 732 285379.0278090284 4185361.3306851294
4331 732 286599.23077036836 4185361.829629233
4392 732 287818.8736938864 4185361.681055691
4514 732 290259.23948069185 4185361.583520717
4575 732 291479.063776116 4185361.52271662
4636 732 292700.4991052298 4185361.32050718
4697 732 293919.34609770076 4185361.3937928993
4758 732 295139.62671206484 4185361.2260639593
4819 732 296358.7414507037 4185361.7720025005
4880 732 297578.2695074322 4185362.052370636
5246 732 304898.75094432535 4185362.2266150704
3843 793 276837.84039087524 4184142.3337670537
3965 793 279278.4803730202 4184141.3181889504
4087 793 281720.44570477394 4184142.0233517885
4148 793 282939.3209072696 4184141.3848171076
4209 793 284159.4383918308 4184141.1778590037
4270 793 285379.06062347913 4184141.547378188
4331 793 286600.5443987968 4184141.4142393786
4697 793 293919.19688738126 4184141.328957252
4880 793 297579.34325220843 4184140.903421743
4941 793 298798.3728561405 4184141.487236716
5063 793 301238.1275406501 4184142.183668767
3843 854 276838.42237591406 4182921.9378225626
3904 854 278058.3187247985 4182922.128514816
4026 854 280497.5483801896 4182922.441633219
4087 854 281717.824988176 4182922.0464507686
4148 854 282937.843946774 4182922.006976218
4209 854 284158.4631661644 4182921.836226711
4270 854 285378.8894987762 4182921.8747871844
4331 854 286599.0846485305 4182921.435177872
4392 854 287819.1505208338 4182921.6954091173
4758 854 295138.8104311768 4182921.66494962
4880 854 297578.43022592494 4182922.018711797
5246 854 304898.10293372325 4182922.9976976085
5368 854 307337.6308538097 4182922.3888419066
3843 915 276838.083415768 4181702.3821993936
4087 915 281718.18321281124 4181702.239285117
4148 915 282938.2419460309 4181701.8861826826
4270 915 285377.5118794857 4181702.1283938363
4331 915 286597.7519089832 4181702.172602582
4392 915 287817.7235064717 4181701.7730340324
4453 915 289038.2101661621 4181701.796368636
4514 915 290258.76681647607 4181701.7635678807
4575 915 291479.39117149863 4181701.7388410224
4697 915 293919.3309918635 4181701.4369335165
4758 915 295139.5349549026 4181701.290750347
4880 915 297578.0073652372 4181701.6842500567
4026 976 280497.7080575529 4180481.808808322
4087 976 281718.1206922241 4180482.6860947013
4148 976 282937.6432287346 4180482.4079237925
4209 976 284157.6999517208 4180482.1632624418
4270 976 285378.04918150185 4180482.41023851
4514 976 290258.09361490875 4180481.6996169575
4636 976 292698.5070259025 4180481.721496123
4758 976 295138.3947513111 4180482.5036363574
4819 976 296359.2920905171 4180481.5441622417
5307 976 306118.7076867393 4180481.818839754
4026 1037 280498.8537992891 4179262.1377783874
4087 1037 281718.81853656063 4179262.670715607
4148 1037 282938.7101941628 4179262.1164565617
4331 1037 286597.7728493145 4179261.9658711627
4575 1037 291478.8740378778 4179262.123617446
4819 1037 296357.75927464047 4179262.6445813337
4880 1037 297578.6659040071 4179262.1706140414
5063 1037 301238.0358464178 4179262.093191481
5307 1037 306118.37297113566 4179262.588111385
5429 1037 308558.0241146583 4179261.7269542227
3904 1098 278058.7462567295 4178042.0345180137
3965 1098 279278.6931873609 4178042.062221274
4026 1098 280498.8923468931 4178042.1714615924
4087 1098 281719.12366104533 4178042.1823804853
4209 1098 284159.2769679837 4178042.313955891
4270 1098 285379.37326477125 4178041.9088749466
4453 1098 289038.62236990954 4178042.6612908654
4514 1098 290258.6933521441 4178041.9829779593
4575 1098 291478.14487782144 4178043.7253565807
4636 1098 292697.62031368434 4178042.117623831
4697 1098 293917.7055638706 4178042.707454864
4758 1098 295137.8763308377 4178042.9289738955
4880 1098 297577.9785581338 4178041.621009296
4941 1098 298797.77376859495 4178042.09268183
3904 1159 278059.20416950417 4176822.3539366405
3965 1159 279279.05110267684 4176822.1181911184
4026 1159 280498.8204021561 4176822.4076216873
4087 1159 281718.6069249924 4176822.153620383
4209 1159 284158.6863288049 4176821.741024714
4270 1159 285379.0205596245 4176822.4710441167
4331 1159 286599.17295077024 4176822.235634773
4453 1159 289038.6452992239 4176822.075236327
4575 1159 291479.53014708636 4176822.3066016287
4636 1159 292699.1890389073 4176822.09008238
5002 1159 300018.5919718861 4176821.4975884743
5307 1159 306117.9718396689 4176821.7769674817
5368 1159 307337.4470904361 4176821.4866353394
5429 1159 308557.5180560073 4176821.5909738177
5490 1159 309779.0103014186 4176822.1617741715
3965 1220 279278.84322132333 4175602.4348986913
4026 1220 280499.3823059548 4175602.1409127293
4087 1220 281719.3688614265 4175602.198093747
4148 1220 282939.37349442416 4175602.2562038163
4209 1220 284159.0295571081 4175602.2303610733
4575 1220 291478.153396665 4175602.0565026384
4636 1220 292698.5946327342 4175602.0767928176
4697 1220 293918.1901483643 4175601.624145156
5368 1220 307338.0820869281 4175601.786648418
3965 1281 279277.1547991777 4174381.449879299
4087 1281 281718.01215874427 4174381.212450673
4209 1281 284158.73595252354 4174382.060741459
4270 1281 285379.44421045645 4174382.1474141665
4392 1281 287819.03688018385 4174382.5825007968
4514 1281 290258.61194037984 4174381.7102652183
4575 1281 291478.13658208377 4174381.706814509
4636 1281 292698.5424537901 4174382.1072013844
4880 1281 297578.65059726103 4174381.664783445
4941 1281 298798.5877690563 4174381.768369319
5185 1281 303678.8470418698 4174380.8011734057
5246 1281 304897.94345796504 4174381.8825962115
4148 1342 282937.82356401125 4173161.282841025
4270 1342 285377.5009246418 4173161.473049787
4331 1342 286597.5681328977 4173161.4354794677
4392 1342 287817.9694325776 4173162.278878752
4453 1342 289038.6245085708 4173161.9619649677
4514 1342 290258.81146664 4173161.8474606806
4575 1342 291479.30224378436 4173161.9042065265
4636 1342 292698.1732923043 4173161.672462797
4697 1342 293918.7641508383 4173161.6886458583
4758 1342 295138.2223222346 4173161.754084423
4819 1342 296359.04007780715 4173161.053936095
4880 1342 297579.03773849236 4173161.260599725
4941 1342 298799.2835797098 4173161.6575043574
5063 1342 301239.1898325271 4173161.2541243844
5124 1342 302459.1899416781 4173161.579661335
5246 1342 304898.12367771345 4173161.6848754175
5307 1342 306119.0793585654 4173161.5256942045
5429 1342 308558.47589697276 4173161.7199895903
5490 1342 309778.06782573485 4173161.850695418
4148 1403 282937.75988103467 4171941.9709114516
4209 1403 284157.79628989147 4171941.7925628843
4514 1403 290257.8079122959 4171941.838955635
4697 1403 293919.16960868274 4171941.373653913
4819 1403 296359.2978964615 4171941.3012800375
4880 1403 297579.045581287 4171941.4618717358
4941 1403 298799.1512987065 4171941.0179341696
5063 1403 301239.27510675986 4171941.1973450063
5124 1403 302459.39163848874 4171941.065251872
5185 1403 303679.8054910578 4171941.3534475556
5246 1403 304899.467926378 4171941.0727624604
5429 1403 308559.85292130365 4171941.253720952
4392 1464 287817.36113061453 4170722.21318522
4575 1464 291477.2442636612 4170722.15292597
4636 1464 292697.7563739878 4170721.82946741
4758 1464 295137.8116946451 4170722.1231957544
4819 1464 296358.3542451075 4170722.139299184
4880 1464 297579.01351604995 4170721.7982854964
4941 1464 298798.61020955164 4170721.2869145945
5002 1464 300019.0201496099 4170722.0412177676
5063 1464 301239.32959477394 4170721.414326789
5124 1464 302459.50060504983 4170721.1311355755
5246 1464 304899.74496086116 4170721.222066963
5429 1464 308559.19217912585 4170720.9055109276
4636 1525 292697.980040633 4169501.375961424
4697 1525 293917.7007560441 4169502.07286508
4880 1525 297577.7147664671 4169501.5053724255
4941 1525 298798.2422018576 4169501.968160227
5002 1525 300018.3848051587 4169501.999920207
5063 1525 301238.7480773007 4169502.0419898527
5124 1525 302459.37101146264 4169501.536945969
5246 1525 304899.2454049917 4169501.810871019
5368 1525 307339.67260464287 4169501.2090316424
5490 1525 309778.83020156 4169501.2393200947
4514 1586 290259.4665976272 4168281.507155529
4575 1586 291479.2425791505 4168281.7731334977
4636 1586 292698.91076336824 4168281.5226057377
4697 1586 293918.6099689934 4168282.0955843544
5002 1586 300018.2425653827 4168281.704235427
5185 1586 303678.3539667672 4168282.122118883
5307 1586 306118.8774213035 4168282.3863563566
5429 1586 308559.4580800163 4168281.7806962198
4636 1647 292699.0563627501 4167061.795537675
4758 1647 295138.3375895232 4167062.506735947
4819 1647 296358.17612911493 4167062.2663646713
4941 1647 298798.3669241228 4167062.3804474277
5002 1647 300017.9628256628 4167062.527732797
5124 1647 302458.5076074498 4167062.172939541
5185 1647 303678.49254234176 4167062.08642779
5246 1647 304898.6073087127 4167062.2427194286
5368 1647 307338.58156473393 4167061.9923598347
5429 1647 308558.94241583196 4167062.200656566
5490 1647 309778.0569141974 4167061.096489097
4514 1708 290258.06643349596 4165841.433633252
4575 1708 291478.5432101552 4165841.4529514415
4697 1708 293918.79646464705 4165841.6050820174
4941 1708 298799.1959862709 4165842.342760795
5063 1708 301238.9033070307 4165842.2588751717
5124 1708 302459.06792700983 4165842.2021857807
5185 1708 303678.29049993644 4165843.171789797
5246 1708 304897.8686806938 4165843.3186436463
5307 1708 306118.37151865894 4165842.5781139666
4575 1769 291479.0767155674 4164621.7295273505
4636 1769 292698.4927544126 4164621.5101310518
5307 1769 306119.30386046815 4164622.2271185005
5368 1769 307339.1695398093 4164622.6709986217
5429 1769 308558.8759110509 4164622.590398359
5490 1769 309779.3800292941 4164622.1311586685
4636 1830 292699.17727283225 4163401.7120944746
4880 1830 297578.5982769234 4163401.6989545487
5429 1830 308558.56756048056 4163402.301388162
4697 1891 293919.33220298326 4162182.7694070097
4758 1891 295139.0444128257 4162182.1636438416
5002 1891 300018.25114836637 4162182.2582827257
5490 1891 309778.19875529513 4162181.8790317997
4758 1952 295139.0203738115 4160961.9049308663
4819 1952 296358.7260260455 4160962.59942519
4880 1952 297579.02281078976 4160962.0753857577
4941 1952 298798.912817937 4160962.5692823324
5002 1952 300019.37666005944 4160962.119424141
4758 2013 295138.64365876786 4159741.4403606523
