122 0 702397.9233953025 4700038.264481959
2196 0 743879.0054471989 4700041.573466777
3599 0 771936.8350719542 4700041.605620701
3660 0 773155.9692692872 4700042.28176064
427 61 708498.3325372988 4698822.617769867
610 61 712157.7399273217 4698822.683968919
793 61 715817.8672918379 4698821.752438556
976 61 719477.7408309209 4698820.878982766
1037 61 720696.887271561 4698821.590711629
1159 61 723137.0266602086 4698822.540496594
1220 61 724357.9847222407 4698820.94969026
1281 61 725576.5235515919 4698821.973002096
1342 61 726798.2197383154 4698822.691941048
1403 61 728017.4852318631 4698822.586141356
1464 61 729237.5411042448 4698821.362420974
1525 61 730458.5197474472 4698821.044595482
1647 61 732898.0910077409 4698823.067507024
1830 61 736557.8266948459 4698819.307977306
1891 61 737778.3370333116 4698820.748771241
2013 61 740218.6372210009 4698821.970574372
2501 61 749977.6008077646 4698822.566737956
2562 61 751197.7226241786 4698822.631126691
2684 61 753636.8370853921 4698821.415353074
2806 61 756077.8163523058 4698822.0975293415
2989 61 759738.624050917 4698822.789543725
3233 61 764618.840145295 4698822.496125873
3294 61 765837.2035861339 4698819.014771834
3538 61 770717.6921404636 4698822.8851954155
3721 61 774376.814251434 4698821.81408633
3782 61 775596.0677040212 4698823.541879328
3843 61 776817.4959820096 4698822.004610958
3904 61 778036.8771082829 4698821.323691941
3965 61 779256.866703694 4698821.497545118
4087 61 781698.0683388278 4698822.040546212
61 122 701180.5632098381 4697601.740829223
122 122 702397.9567959474 4697602.210015742
366 122 707277.6716099798 4697602.417189435
549 122 710937.4471398649 4697598.358274894
610 122 712157.396397898 4697602.149272271
854 122 717038.060023845 4697601.506703234
1037 122 720697.4157215584 4697602.069551084
1098 122 721917.6755499989 4697602.133355427
1159 122 723138.7163298625 4697601.504526526
1220 122 724356.747916001 4697601.441557693
1281 122 725577.8132768183 4697601.607565527
1342 122 726797.3938484308 4697600.7608978115
1403 122 728017.2654065852 4697602.664965244
1525 122 730456.9900099749 4697601.921345074
1830 122 736558.4026082115 4697601.126084615
1891 122 737777.2444333144 4697601.245757673
1952 122 738997.7882936127 4697601.961058781
2013 122 740217.3385317199 4697601.645665694
2074 122 741438.0261533362 4697602.178642468
2257 122 745097.1200505835 4697603.22749771
2379 122 747538.3205307801 4697601.1486835275
2440 122 748758.4278497443 4697601.789818699
2501 122 749977.0550401876 4697602.739023111
2684 122 753637.8224424665 4697601.879883884
2928 122 758517.923332244 4697602.897053927
2989 122 759737.0826590079 4697601.711294864
3111 122 762177.2497836429 4697603.567775975
3172 122 763397.3907336652 4697602.258334318
3233 122 764618.1046212503 4697601.9247219805
3599 122 771937.2353198023 4697603.121105687
3660 122 773157.5307092856 4697602.268228051
3721 122 774377.0878321737 4697602.663250484
3782 122 775597.366806204 4697602.513447613
3965 122 779257.4738793157 4697601.661047874
4026 122 780476.6125041841 4697601.929691366
4087 122 781696.9690023516 4697601.313604443
244 183 704838.1789509053 4696382.0254742615
305 183 706058.242535883 4696382.537197132
366 183 707278.006885874 4696382.3993579745
427 183 708497.9824978915 4696382.114050589
488 183 709717.3607238805 4696382.444865504
610 183 712157.6750712716 4696382.861200979
976 183 719477.0967581592 4696379.263584673
1037 183 720697.1481783224 4696379.051370519
1098 183 721917.0309182229 4696382.167434048
1159 183 723136.7782899992 4696382.659135119
1281 183 725577.4840109076 4696382.533915638
1342 183 726796.8189174357 4696382.735530612
1586 183 731676.1711033396 4696382.07354576
1830 183 736557.1235609185 4696382.767145215
1952 183 738997.5009016325 4696382.081303157
2013 183 740218.1673387217 4696381.760953017
2074 183 741438.3136719452 4696378.565467709
2135 183 742658.029489824 4696381.512207761
2318 183 746317.5507965464 4696381.706517473
2440 183 748756.6665598678 4696381.765749348
2562 183 751197.8663371435 4696383.427613315
2745 183 754857.8960744739 4696381.56750498
2989 183 759738.0466835757 4696381.21804497
3111 183 762177.8043019614 4696382.7004330605
3538 183 770717.2432316925 4696381.968514793
3599 183 771936.7330937574 4696382.727707099
3660 183 773157.8106135768 4696382.684194924
3721 183 774376.9395876864 4696383.011083676
3782 183 775597.2787593262 4696381.731251404
3843 183 776817.0630317004 4696381.85727487
3904 183 778036.537112333 4696382.566400438
4026 183 780476.9415998132 4696382.694427872
4087 183 781697.3052507456 4696381.927563261
4148 183 782916.7854420642 4696382.321380868
244 244 704837.9317362639 4695162.390407934
366 244 707277.7307005652 4695162.675715822
610 244 712157.9408108523 4695162.2872403115
671 244 713377.5954167655 4695162.608184883
732 244 714597.6770986188 4695162.76094843
793 244 715817.2689919767 4695162.012623773
976 244 719476.777614787 4695161.951399636
1037 244 720697.1698939727 4695161.657034751
1098 244 721918.1246661613 4695161.787364293
1159 244 723138.6257357028 4695160.562102445
1281 244 725577.6241186971 4695161.971485526
1342 244 726798.199211714 4695163.2958124615
1586 244 731678.6721651816 4695161.910243327
1769 244 735337.1418634246 4695161.645345451
1830 244 736557.2387616667 4695161.824311934
2074 244 741437.7025164347 4695162.228921364
2135 244 742657.9350754231 4695161.395523041
2623 244 752417.3885376783 4695161.5747019835
2684 244 753637.9667969599 4695162.466415882
2745 244 754857.6862096735 4695162.10242649
2928 244 758517.9266259292 4695162.061164989
2989 244 759737.667367551 4695161.992268383
3050 244 760957.8528799199 4695162.101595423
3233 244 764616.1714823766 4695161.277203906
3538 244 770716.2423696374 4695163.698185383
3599 244 771936.7978585758 4695162.755588125
3660 244 773156.8281209287 4695162.785446211
3721 244 774376.9121138122 4695162.257445487
3782 244 775597.2408864191 4695162.601950358
3843 244 776817.9119837632 4695160.9875742635
3904 244 778037.0155158278 4695161.665630139
4087 244 781697.7007344 4695161.016724343
427 305 708498.3537772135 4693942.089493064
488 305 709717.5263011429 4693942.395472143
549 305 710938.15368729 4693942.544176028
610 305 712157.7424714565 4693942.555010339
915 305 718257.3542374617 4693941.892271467
976 305 719477.369246165 4693942.699867263
1037 305 720697.5950761389 4693941.432835763
1159 305 723138.4857767085 4693938.127340328
1281 305 725577.2469834083 4693942.326335031
1342 305 726798.0280235971 4693942.259878506
1403 305 728018.4606088744 4693942.359149328
1464 305 729237.5584096365 4693941.590262362
1647 305 732897.877296312 4693941.474664814
1891 305 737778.2372563358 4693941.308221845
2013 305 740217.5789039971 4693941.894019855
2074 305 741437.7813453167 4693941.845176422
2135 305 742658.2989815552 4693942.534680283
2318 305 746318.6917062853 4693941.092062469
2440 305 748758.3647798123 4693940.967196895
2501 305 749977.69708908 4693942.074795787
2562 305 751198.1631527158 4693942.014544365
2745 305 754858.367785767 4693942.339675207
2806 305 756077.3932869727 4693942.291211892
3050 305 760958.5412349981 4693942.04088123
3172 305 763398.151594072 4693941.518559811
3721 305 774377.4776479785 4693942.645596211
3782 305 775596.7520446314 4693943.312993242
3965 305 779256.1431482414 4693942.5424118545
4026 305 780476.3530360772 4693942.78984231
4087 305 781696.186823891 4693942.947950766
366 366 707278.2721788145 4692722.648679575
488 366 709718.3731702372 4692721.478355234
671 366 713377.1378188388 4692722.595383092
854 366 717037.8586189076 4692719.554113131
976 366 719477.1898467732 4692723.0112474505
1098 366 721916.8791718942 4692721.937059759
1281 366 725577.9558341429 4692722.175865892
1342 366 726797.2584820187 4692721.535641225
1403 366 728017.8493643408 4692720.911157702
1647 366 732897.2267103317 4692721.808831432
1708 366 734118.2688269769 4692722.140988158
1769 366 735337.6587594321 4692721.6050921315
1830 366 736557.1360996992 4692721.442496246
1891 366 737777.8575280247 4692721.388938226
2135 366 742657.4462250327 4692722.380274412
2440 366 748757.9853165612 4692721.750627785
2501 366 749977.9798555312 4692721.624061318
2623 366 752417.5125345886 4692722.60719588
2745 366 754857.6602782178 4692722.238084435
2806 366 756077.4945553172 4692722.332885715
2867 366 757298.9684696201 4692721.2591774175
2928 366 758518.0509494389 4692722.477283565
2989 366 759737.903403204 4692722.847050431
3172 366 763397.8057640523 4692722.115251879
3233 366 764617.314836514 4692721.624256774
3294 366 765836.9237821545 4692722.00328917
3660 366 773157.5840114014 4692722.275405023
3782 366 775596.7460523935 4692722.139486099
3843 366 776817.1690243938 4692722.536619625
3965 366 779257.1451979206 4692722.863383711
4026 366 780476.923362573 4692722.191425159
4087 366 781697.5218115163 4692722.167265335
854 427 717036.7968141778 4691501.577882169
976 427 719477.1700801642 4691502.404961019
1037 427 720697.7398372511 4691502.953863264
1342 427 726798.612792451 4691501.176232902
1403 427 728017.7502305716 4691502.020137165
1464 427 729237.3197235152 4691501.988833374
1525 427 730456.7483910389 4691500.7923896145
1586 427 731677.7597406316 4691502.061320895
1708 427 734116.9474776066 4691502.738765659
1769 427 735338.0050251824 4691502.054285502
1830 427 736556.8377413136 4691501.733407727
1891 427 737778.2219142758 4691501.622392225
1952 427 738998.1093173429 4691498.829829077
2013 427 740218.3053868611 4691501.805500442
2074 427 741438.3686337112 4691501.94848595
2135 427 742657.6526070549 4691501.498027134
2196 427 743877.8790558777 4691501.297027704
2257 427 745098.0336531048 4691501.582325016
2501 427 749978.1923422186 4691501.083758516
2623 427 752417.6985578428 4691501.206974869
2684 427 753637.7759915014 4691502.605228654
2806 427 756076.2819899285 4691503.239338021
2867 427 757297.2230506077 4691502.394371793
2928 427 758516.5249617106 4691503.006375605
2989 427 759739.6520586569 4691500.601011159
3111 427 762177.5898271222 4691502.224366803
3355 427 767056.3834780456 4691503.660222249
3660 427 773157.0969160087 4691503.154749043
3721 427 774377.1653518731 4691503.473691168
3782 427 775597.7082728996 4691502.334876242
3843 427 776817.3681352567 4691502.421400687
4026 427 780476.2534592071 4691501.233755736
4087 427 781697.1521311214 4691502.629907377
610 488 712161.5774704653 4690281.366621458
732 488 714596.662290474 4690281.456923644
793 488 715816.784133278 4690282.129978863
854 488 717037.0419404475 4690279.002134367
976 488 719477.1529810744 4690282.000272495
1037 488 720697.3226207132 4690281.928938665
1098 488 721917.3394156869 4690282.005957329
1220 488 724357.4305761479 4690281.944258334
1342 488 726797.1999975182 4690281.70955961
1525 488 730457.4960876573 4690282.632289353
1586 488 731677.6469105865 4690280.758861421
1647 488 732897.8939392021 4690281.526609555
1708 488 734117.7597512858 4690279.471489604
1830 488 736558.3777906864 4690281.628592334
1891 488 737777.9435781062 4690281.832882523
1952 488 738997.6198417421 4690281.788320429
2013 488 740218.8560503288 4690282.804339376
2074 488 741437.6339882403 4690282.654529167
2135 488 742657.8033592349 4690282.04606796
2196 488 743877.357703226 4690282.228868223
2318 488 746317.8570171373 4690281.802503971
2379 488 747537.4909467758 4690281.254743827
2440 488 748758.2721418978 4690281.696485668
2501 488 749977.8674325129 4690281.886444347
2684 488 753637.8218295119 4690281.879958808
2745 488 754858.456335851 4690283.085150443
2867 488 757297.8061418149 4690280.83496588
2928 488 758516.3121512847 4690282.811382426
3294 488 765837.8597994847 4690281.71216446
3660 488 773157.7165301858 4690282.881203046
3965 488 779257.3653730013 4690282.38092502
4026 488 780476.8813588927 4690282.201372932
4087 488 781696.3209597714 4690283.250502987
854 549 717037.5164235578 4689058.742099872
915 549 718257.1940359403 4689062.0126904715
976 549 719476.8069032138 4689062.077198773
1037 549 720697.2637740643 4689062.193799466
1098 549 721917.5671719521 4689061.787786345
1220 549 724356.5884297509 4689062.740182721
1281 549 725577.5874931819 4689062.671225078
1342 549 726797.5083927108 4689061.550280441
1525 549 730457.3256423734 4689061.274925096
1586 549 731677.3062394976 4689062.0366617935
1647 549 732898.5356604435 4689061.300909642
1708 549 734117.6252907696 4689061.896746629
1769 549 735338.3966660318 4689060.79070597
1830 549 736557.651639919 4689061.519746511
1891 549 737777.7548088593 4689061.847445312
1952 549 738998.1291228066 4689062.3213752275
2074 549 741437.5368115527 4689061.907047802
2135 549 742657.9839636859 4689061.575600907
2196 549 743877.2442150606 4689062.15141252
2257 549 745097.530037703 4689062.444955413
2379 549 747537.9686178142 4689062.043523114
2440 549 748758.0360329158 4689061.749454034
2684 549 753637.0959480705 4689063.389605639
2806 549 756076.0106653322 4689062.649141323
2867 549 757296.519351726 4689062.716824665
2928 549 758517.7942079641 4689062.237678215
3294 549 765838.0111761632 4689062.371244383
3477 549 769497.8693235021 4689062.672558721
3538 549 770716.9150370831 4689062.007619065
3660 549 773156.8398725584 4689063.327635975
3843 549 776816.8656799707 4689063.4503716435
3904 549 778037.6783528682 4689062.807701816
793 610 715817.2762511212 4687842.80476789
854 610 717036.9276546933 4687840.94274253
976 610 719476.7705043578 4687841.833065408
1098 610 721917.2739107282 4687841.815388693
1159 610 723137.1105052978 4687841.544481002
1342 610 726797.7979842765 4687841.008057162
1403 610 728017.5855178366 4687842.045344308
1525 610 730457.0588433058 4687841.322190804
1586 610 731678.2511413619 4687842.173319095
1647 610 732897.298136633 4687841.709920008
1708 610 734117.103316618 4687842.032651126
2074 610 741438.0188187836 4687841.7802838525
2135 610 742657.3706078673 4687841.885114804
2196 610 743878.1205503729 4687842.232793962
2440 610 748757.4213171735 4687842.1362795755
2501 610 749978.2293502627 4687842.509533119
2745 610 754857.2478846413 4687843.167932528
2867 610 757297.493968719 4687841.611380517
3538 610 770717.5962994022 4687842.167576376
3599 610 771936.4654726487 4687843.314961217
3660 610 773157.2997547757 4687842.067572374
3721 610 774377.8580622702 4687842.49114278
3843 610 776816.6755955777 4687843.111832852
3904 610 778037.0826265739 4687842.341630832
976 671 719476.8623478372 4686622.817478502
1037 671 720696.4399300257 4686621.000468729
1220 671 724357.4398029228 4686622.155400397
1281 671 725577.352263458 4686622.14643564
1342 671 726797.0236204764 4686621.818163765
1403 671 728017.3226784157 4686622.178708753
1464 671 729237.3537816514 4686621.48949631
1525 671 730458.0584401421 4686621.470269517
1586 671 731677.6021638755 4686621.571330575
1891 671 737778.2740899228 4686621.785123297
1952 671 738998.1614518757 4686621.792039136
2013 671 740217.9602589032 4686622.40838998
2074 671 741438.2527473839 4686621.486475703
2135 671 742658.4792076449 4686621.032996039
2196 671 743877.6876589927 4686621.360862466
2440 671 748757.7209046389 4686618.929146647
2501 671 749978.5384170095 4686620.822708449
2562 671 751197.7774950995 4686621.351353328
2623 671 752418.3788090933 4686620.935563758
3050 671 760957.4942324631 4686622.573507007
3233 671 764615.7917949051 4686623.571138223
3599 671 771937.0358258683 4686623.098490128
3782 671 775598.0270843859 4686621.60187149
3843 671 776817.4053781747 4686622.302102299
976 732 719476.9895251156 4685402.608741219
1098 732 721916.8139910533 4685401.260173532
1220 732 724357.3842971644 4685402.069013387
1281 732 725578.5848173159 4685398.456924176
1403 732 728017.8832979518 4685402.319303264
1525 732 730457.0034276218 4685401.873192373
1586 732 731678.1988528946 4685401.884981627
1647 732 732898.2816066721 4685401.307377282
1830 732 736557.2889037797 4685401.09226755
1891 732 737778.038438029 4685401.909593498
1952 732 738997.7330987076 4685401.382117556
2013 732 740217.8883154765 4685401.894409689
2135 732 742657.6643833886 4685402.117445397
2196 732 743878.0222592654 4685401.686504554
2440 732 748757.6635196517 4685401.79685151
2501 732 749977.7468665548 4685401.772201368
2562 732 751197.2485235977 4685402.577937883
2623 732 752417.7343569158 4685400.972435106
2745 732 754857.3037584536 4685402.365830461
3050 732 760958.4614038161 4685402.632672183
3782 732 775597.7008602597 4685401.625354503
3843 732 776816.8746387119 4685402.469445042
3965 732 779258.2240701445 4685402.691952719
976 793 719477.8398007504 4684181.170816339
1037 793 720697.2740118803 4684182.514533132
1159 793 723137.2323206981 4684178.849483708
1342 793 726798.1035312006 4684181.197167019
1464 793 729236.8861435882 4684183.574443902
1525 793 730457.2443194443 4684181.338045098
1586 793 731677.7466047787 4684181.834184485
1647 793 732897.7668755386 4684181.948350985
1708 793 734117.6890169762 4684181.872743494
1830 793 736557.1395113318 4684181.699057152
1952 793 738997.0451198018 4684182.374280836
2013 793 740217.6484664386 4684182.548916203
2074 793 741438.0139242407 4684181.504820211
2257 793 745097.9547960205 4684181.32949704
2501 793 749976.7835369575 4684182.2929414315
2562 793 751197.6018353787 4684181.887865477
2623 793 752418.4351961974 4684181.7503597895
2684 793 753637.9974928404 4684181.984696405
2745 793 754858.2910468621 4684181.7761271745
3782 793 775597.2971676803 4684182.711725161
3843 793 776817.0473696403 4684181.621852532
3965 793 779257.689565075 4684181.431519222
1098 854 721917.3716366235 4682962.312079666
1342 854 726798.0797336246 4682963.174925772
1464 854 729238.0945546879 4682962.198971089
1586 854 731677.9306066054 4682961.539533254
1647 854 732897.6574835085 4682962.609302662
1708 854 734118.3804520828 4682958.646678096
1769 854 735337.8380054348 4682962.147079084
1830 854 736558.4874985775 4682961.3870275775
1891 854 737778.210810708 4682962.131978202
1952 854 738997.8374375125 4682962.11092115
2074 854 741437.4645660144 4682961.569020626
2135 854 742658.0039106179 4682961.56007141
2196 854 743878.3907059908 4682961.487633557
2257 854 745097.8947398209 4682961.896407905
2318 854 746318.7804726424 4682959.261812933
2562 854 751197.5145979193 4682961.606268049
3599 854 771938.2260596241 4682962.584567897
3660 854 773157.4485594543 4682962.137831617
3721 854 774376.8432247405 4682962.191796536
3843 854 776816.6861187061 4682962.193970109
1098 915 721917.2310523528 4681742.425669924
1586 915 731677.953430011 4681741.834077635
1647 915 732897.917406403 4681743.143788453
1769 915 735338.5320128866 4681740.794150641
1891 915 737778.098057293 4681741.59440759
2074 915 741439.1159511117 4681740.730028511
2135 915 742658.0956694508 4681742.121783863
2196 915 743877.360100499 4681741.478108365
2257 915 745097.8785166205 4681742.2655352205
2501 915 749977.4290025263 4681741.951369138
2562 915 751198.1271056125 4681742.021239157
3599 915 771936.4415882366 4681741.552181217
3660 915 773157.6157161413 4681742.320340743
3721 915 774377.2661884326 4681742.326536098
3843 915 776817.317483717 4681741.926555277
3904 915 778036.8571490368 4681741.3542382475
3965 915 779256.953969532 4681741.6368368035
1098 976 721917.2862043409 4680522.149053331
1281 976 725576.1614670804 4680522.043895068
1586 976 731677.3894645573 4680523.174712033
1708 976 734119.1447897495 4680522.056391032
1769 976 735337.5809234148 4680521.860845586
1830 976 736557.6002549082 4680520.353373806
1891 976 737777.7139104975 4680522.983782786
2074 976 741438.0463540539 4680521.2981560705
2135 976 742657.9309955683 4680521.2762107225
2196 976 743877.4085074079 4680521.995571112
2257 976 745097.5121857341 4680521.690507143
2318 976 746317.9518013434 4680522.43633937
2501 976 749977.7328305456 4680521.752673124
2562 976 751197.9934470773 4680521.837754506
2623 976 752418.0237887305 4680522.032069474
3111 976 762177.4089224442 4680523.430513299
3599 976 771937.0167768927 4680522.754066199
3660 976 773157.2939380913 4680522.325540502
3782 976 775596.8560500538 4680521.631305927
3843 976 776816.345457629 4680522.7228067275
3904 976 778037.843826737 4680521.396267155
1281 1037 725577.7175691876 4679301.837206901
1586 1037 731678.6292706571 4679302.55573184
1647 1037 732898.6779242086 4679302.226992459
1708 1037 734118.5137478467 4679302.983557288
1769 1037 735337.8922716419 4679301.285523179
1830 1037 736558.1722890134 4679301.207885006
1891 1037 737777.1968611828 4679302.416249586
2196 1037 743877.5689919429 4679302.137172697
2257 1037 745097.6666429285 4679301.574518717
2318 1037 746317.3425638025 4679301.697002367
2379 1037 747537.9923418526 4679302.135765837
2440 1037 748757.2882065517 4679301.85142051
2501 1037 749977.4567272667 4679301.600265523
2562 1037 751198.1043402503 4679301.527743319
2623 1037 752417.7292069806 4679301.630275826
2684 1037 753637.5733650442 4679302.513496961
2745 1037 754857.6421821904 4679302.806607159
2806 1037 756077.5608711416 4679302.136128612
2867 1037 757297.8298056367 4679302.568712511
2928 1037 758516.6594293044 4679303.050464407
3050 1037 760957.4242615972 4679303.761107338
3233 1037 764617.8228540668 4679302.329576641
3355 1037 767056.935793469 4679302.507689371
3416 1037 768276.9457090657 4679302.399545587
3538 1037 770716.4204469814 4679302.2497402495
3660 1037 773157.5847242402 4679302.874784685
3782 1037 775597.5081765247 4679302.365337255
3843 1037 776816.9382111498 4679301.559866932
1281 1098 725577.7433049278 4678082.603022692
1342 1098 726797.7746263152 4678081.6309954375
1525 1098 730457.7212256773 4678081.51716422
1586 1098 731677.4165150042 4678078.903920025
1647 1098 732897.7070455285 4678082.532673725
1708 1098 734118.0740089501 4678081.582141964
1769 1098 735338.8913037822 4678082.913933288
1830 1098 736556.81225796 4678083.0579435835
1891 1098 737778.2445185623 4678082.342638011
1952 1098 738998.5351469938 4678081.762987514
2013 1098 740218.1959062214 4678082.252352134
2074 1098 741437.5551007207 4678082.458185929
2135 1098 742657.8558322152 4678081.86674962
2196 1098 743877.8531635107 4678081.895665797
2257 1098 745097.4282717829 4678081.978520773
2318 1098 746317.7102760128 4678081.835218576
2379 1098 747537.0002548372 4678081.910292549
2501 1098 749978.1086386486 4678081.82956526
2562 1098 751198.3866397233 4678081.708288692
2623 1098 752417.5981956405 4678082.264500843
2684 1098 753636.7879527328 4678082.716000008
2806 1098 756077.9836316523 4678082.139890456
2928 1098 758517.6282387512 4678082.295364568
2989 1098 759737.600052723 4678082.537213426
3050 1098 760957.6962395168 4678082.434068329
3111 1098 762177.2567457554 4678082.1456348775
3172 1098 763396.8496557073 4678082.341465465
3233 1098 764617.3474594313 4678082.581114237
3355 1098 767057.3488880241 4678081.937012345
3477 1098 769497.3783232331 4678081.796141602
3843 1098 776817.5272205583 4678081.728366785
1342 1159 726797.0506593821 4676862.289293868
1403 1159 728017.492875207 4676862.003150637
1525 1159 730456.77659666 4676861.3181547085
1586 1159 731678.4753738873 4676863.098227257
1708 1159 734117.6267752864 4676861.82968206
1769 1159 735338.2740813477 4676862.121965402
1830 1159 736557.0643957221 4676861.582697865
1891 1159 737777.1565972592 4676862.297520247
1952 1159 738997.5799534714 4676862.459073086
2013 1159 740217.8919062178 4676862.0131055955
2074 1159 741438.6999661902 4676861.948920814
2135 1159 742657.767856367 4676861.996824732
2196 1159 743877.5060566975 4676861.661314138
2257 1159 745098.0867532901 4676861.810279861
2318 1159 746318.1163776747 4676862.284030433
2501 1159 749978.7350764481 4676860.720944245
2562 1159 751199.1989732259 4676860.696180555
2623 1159 752418.1293231704 4676862.345312696
2684 1159 753637.8464424263 4676861.369982419
3111 1159 762176.9043073588 4676862.792612397
3172 1159 763397.0378750309 4676862.573114834
3355 1159 767057.8578631064 4676862.272841512
3416 1159 768275.2570647135 4676862.842991773
3538 1159 770717.0719155538 4676862.264497982
3782 1159 775597.1100713739 4676861.791281687
3904 1159 778037.9248247432 4676861.102491699
1525 1220 730457.8400669936 4675642.172879616
1647 1220 732897.9929377228 4675641.545070496
1769 1220 735337.7556055753 4675641.764318883
1830 1220 736558.0714263888 4675641.919215503
1891 1220 737780.8551299949 4675642.22939704
1952 1220 738997.7735625177 4675641.976254693
2074 1220 741438.8046375286 4675642.5225116
2135 1220 742656.8477979599 4675642.356344415
2318 1220 746318.120405135 4675641.767303011
2501 1220 749977.7739781998 4675641.661357853
2623 1220 752417.4358894556 4675642.340657986
3538 1220 770717.4412617005 4675641.898460978
3782 1220 775597.4555761166 4675642.104519402
1342 1281 726797.7688648909 4674422.30387881
1464 1281 729236.637573422 4674421.731816329
1586 1281 731677.7651139338 4674422.928134989
1647 1281 732898.1364104451 4674421.4510338735
1769 1281 735336.9568450173 4674421.019878437
1891 1281 737778.8700391679 4674422.473031554
2074 1281 741437.9183082895 4674422.2645785315
2196 1281 743878.1672925643 4674422.929968839
2257 1281 745097.3391149685 4674422.1982971635
2318 1281 746317.489462368 4674421.324292487
2379 1281 747538.5577381593 4674421.677978548
3599 1281 771937.1939919938 4674422.947761733
3782 1281 775596.314709202 4674422.5763782505
1464 1342 729237.7975068956 4673201.51659828
1525 1342 730458.2826922219 4673202.435285065
1647 1342 732897.8892143855 4673202.154571394
1708 1342 734118.3410291551 4673201.852462399
1830 1342 736557.7831320898 4673202.731152766
1891 1342 737777.1304150362 4673201.306309151
1952 1342 738998.0326731292 4673201.601993605
2196 1342 743878.1570067864 4673202.209814913
2257 1342 745097.5004637509 4673202.109622207
2379 1342 747537.3974316663 4673201.701707461
3599 1342 771937.5601070112 4673202.625599216
3660 1342 773158.1794409984 4673202.180785904
3721 1342 774378.3285964112 4673202.178416814
1403 1403 728017.4415226855 4671981.990309298
1647 1403 732896.0529589731 4671981.862699737
1708 1403 734117.7516052111 4671981.744615947
1891 1403 737778.0646709186 4671982.045167314
1952 1403 738998.475131206 4671982.5309722945
2135 1403 742658.3565498743 4671982.445745832
2196 1403 743877.444514734 4671982.196559522
2379 1403 747538.1102348726 4671982.378120458
3599 1403 771937.4029556203 4671982.054154348
3660 1403 773156.8250506311 4671981.956666434
1464 1464 729238.1167481783 4670761.389694548
1525 1464 730457.1545331418 4670761.298167458
1647 1464 732900.4377322628 4670761.435762902
1708 1464 734118.1362022096 4670761.484273934
1769 1464 735337.8359141318 4670762.182188716
1830 1464 736558.4208021056 4670762.1279618805
1891 1464 737777.7647010906 4670762.184802937
1952 1464 738998.3449962932 4670762.362097956
2135 1464 742655.1804341954 4670762.691359638
2257 1464 745098.4305015366 4670762.053879775
3599 1464 771937.6140026661 4670761.973693818
3721 1464 774378.1580883275 4670762.091243229
3843 1464 776816.7115481533 4670761.718895146
1464 1525 729238.2109185479 4669541.665731844
1525 1525 730456.8463570508 4669542.6424082825
1586 1525 731677.9643975288 4669542.148308828
1769 1525 735338.478737037 4669542.043197355
1830 1525 736557.5926533542 4669542.161223537
2013 1525 740218.0836483082 4669541.869678165
2196 1525 743877.9799218023 4669541.798934382
2257 1525 745098.1092728273 4669542.558009728
2379 1525 747539.2475856333 4669543.032403646
3599 1525 771936.873454349 4669541.559175096
3660 1525 773157.2205531582 4669542.307322852
3721 1525 774378.3228220363 4669542.128725178
3782 1525 775597.8365473953 4669542.459867494
1586 1586 731678.0232695672 4668321.651739706
1769 1586 735338.3723101451 4668322.692383197
1830 1586 736558.4113794296 4668322.14560546
1891 1586 737777.9615245134 4668321.857942701
1952 1586 738997.8632983043 4668322.804284154
2013 1586 740217.5658146364 4668322.28536176
2074 1586 741437.7483399917 4668322.823045538
2135 1586 742658.5260873409 4668321.647193992
2257 1586 745098.0787904328 4668321.499580121
2318 1586 746318.3672648537 4668321.991986651
2379 1586 747538.1776335859 4668321.259855479
3599 1586 771937.3375916475 4668322.271090763
1647 1647 732897.1111330658 4667101.616933428
1769 1647 735337.8407960203 4667102.142471718
1830 1647 736557.9270916381 4667102.42125751
1891 1647 737778.1007335844 4667102.122731741
1952 1647 738997.5010139352 4667102.204193839
2013 1647 740217.8974391146 4667102.082000985
2074 1647 741437.9958418552 4667101.52906901
2196 1647 743877.0559609949 4667101.985870148
2501 1647 749977.9913400483 4667101.145050989
2684 1647 753637.3234191277 4667102.424239747
2867 1647 757297.6669140481 4667103.650431446
3599 1647 771937.3717013425 4667102.254014831
1525 1708 730458.5642053605 4665883.621599535
1708 1708 734118.5175386146 4665882.51557665
1891 1708 737777.4096308689 4665881.726533433
1952 1708 738997.6573398545 4665882.209171625
2318 1708 746318.1223074708 4665882.118987612
2379 1708 747538.2280662166 4665882.135700953
3599 1708 771937.4265364466 4665881.483722122
3660 1708 773157.5096979219 4665883.002400541
3721 1708 774377.5621647722 4665882.001462477
3782 1708 775597.046533653 4665882.716800821
1708 1769 734118.6827413307 4664662.381000185
1769 1769 735337.2893413062 4664663.331837245
1891 1769 737778.1544179012 4664661.785769577
1952 1769 738998.3125081811 4664661.999301152
2013 1769 740218.1639145436 4664661.463221124
2074 1769 741438.5706314003 4664662.144798811
2257 1769 745098.4473143461 4664661.349796985
2379 1769 747537.9196150252 4664661.270440953
1708 1830 734117.6140607703 4663443.048449123
1769 1830 735337.3836321045 4663442.352078328
1830 1830 736558.2538291778 4663441.512053054
1647 1891 732896.4807444152 4662224.054989657
1830 1891 736558.2203956996 4662221.514405902
1891 1891 737778.1454032745 4662222.251143013
2074 1891 741438.4706655657 4662221.845710042
2379 1891 747538.4108624399 4662221.62872998
1708 1952 734117.9134626478 4661002.590449158
1769 1952 735338.599758097 4661002.114731256
1830 1952 736557.2542463277 4661002.679373949
1891 1952 737777.9755746113 4661002.1569231795
2013 1952 740218.0890674678 4661001.995557833
2074 1952 741438.3945205071 4661002.437516852
2135 1952 742658.5635036008 4661002.458828521
2257 1952 745099.21888287 4661001.220513182
2318 1952 746318.2841633331 4661001.566217891
2867 1952 757297.6338626246 4661002.538299472
3050 1952 760957.7991100667 4661001.836007828
3111 1952 762177.2277972441 4661002.159307721
3172 1952 763396.968742637 4661002.118597305
3233 1952 764616.8606279664 4661002.306719036
1708 2013 734118.2875011939 4659782.40641192
2013 2013 740217.2667583842 4659783.037136844
2074 2013 741438.3154594159 4659782.580763823
2379 2013 747538.842028915 4659781.479356288
2745 2013 754858.6965190112 4659782.999249562
2806 2013 756077.6889090809 4659782.708298863
2867 2013 757298.0977716949 4659782.584949794
2989 2013 759737.4387753042 4659782.501256733
3172 2013 763397.7896269824 4659781.644865592
3233 2013 764618.0335212349 4659782.085828877
3294 2013 765837.4245412466 4659783.0487718545
3355 2013 767056.8661005099 4659783.678390475
3538 2013 770717.5993885213 4659782.785207361
1952 2074 738995.7801756938 4658562.407974619
2013 2074 740217.7035080618 4658562.186596208
2135 2074 742658.67172727 4658561.843063385
2196 2074 743877.6809312684 4658562.203046626
2257 2074 745098.6613334488 4658561.37501405
2379 2074 747538.5057392232 4658561.853731116
2440 2074 748757.3294402495 4658562.260841593
2501 2074 749977.3115706077 4658562.970062006
2623 2074 752418.5647850414 4658562.261905399
2867 2074 757298.0589812192 4658563.187595238
2928 2074 758517.6811278062 4658561.98512704
2989 2074 759737.6051369737 4658562.240832895
3111 2074 762177.5656057436 4658562.004837247
3172 2074 763397.1224877443 4658562.18618521
3233 2074 764617.6640371581 4658562.467790909
3294 2074 765837.0208816506 4658563.526301121
3355 2074 767057.487025323 4658562.525869063
3416 2074 768276.5374503485 4658562.911860286
3538 2074 770717.1382486206 4658562.61235258
2379 2135 747537.8037833681 4657341.736887888
2440 2135 748758.6742482512 4657341.86820148
2623 2135 752417.4339970497 4657343.218593469
2745 2135 754858.3225225626 4657342.366926907
2806 2135 756078.046875649 4657342.562797085
2928 2135 758517.7803843407 4657342.404776544
3050 2135 760957.1885541348 4657342.491094802
3172 2135 763397.8227023204 4657342.0466779955
3294 2135 765836.9564007771 4657342.730656161
3355 2135 767056.939334355 4657342.892665154
3599 2135 771936.7879966045 4657342.684619952
2379 2196 747536.3288153862 4656121.898321471
2440 2196 748757.5237129744 4656121.537635296
2501 2196 749976.7034153577 4656123.133904757
2562 2196 751198.2926163885 4656122.223753507
2684 2196 753637.4048779854 4656123.460993026
2745 2196 754858.0621982546 4656123.131120533
2806 2196 756078.4610497562 4656122.816824524
2867 2196 757297.9700474316 4656122.799888167
2928 2196 758517.9747702279 4656121.298445883
3050 2196 760956.8287956123 4656121.311543909
3111 2196 762176.8580375547 4656122.559521402
3172 2196 763397.4269377042 4656122.551402434
3233 2196 764617.8140942102 4656123.331097955
3294 2196 765837.214071925 4656122.337388275
3538 2196 770717.7003795145 4656123.191356331
3599 2196 771936.7200801016 4656122.046302302
3660 2196 773157.4868274712 4656122.5407787515
2379 2257 747537.9754882049 4654901.935346845
2562 2257 751198.6988152227 4654903.226364412
2684 2257 753637.736292071 4654903.828328514
2867 2257 757297.5082152504 4654901.669076668
2928 2257 758517.4492481183 4654902.203581737
2989 2257 759737.2807445447 4654902.698480059
3050 2257 760957.0728973673 4654902.145551671
3111 2257 762177.7482049572 4654902.445838069
3172 2257 763397.6602484193 4654901.622121838
3233 2257 764616.8247867925 4654901.430855837
3355 2257 767057.8101576294 4654902.201914068
3538 2257 770716.6203060154 4654902.715360522
3660 2257 773157.6528941448 4654902.029764491
2562 2318 751196.4835167172 4653682.8523066165
2684 2318 753637.0557148305 4653683.595754811
2867 2318 757296.6857599805 4653682.105792445
2928 2318 758517.2033460945 4653682.938148041
3050 2318 760956.5366298466 4653682.644189257
3294 2318 765837.2169075359 4653682.464275648
3355 2318 767055.7409968289 4653681.9961645715
3416 2318 768276.2323019683 4653682.126705765
3477 2318 769497.5720464909 4653682.077802051
3538 2318 770716.586800239 4653681.903493761
2867 2379 757297.2582340209 4652462.424976203
2928 2379 758516.5626638974 4652462.293401649
2989 2379 759737.7689629752 4652462.508227366
3172 2379 763397.1247686495 4652462.10371914
3233 2379 764617.1092694311 4652462.417050476
3294 2379 765837.4900130252 4652461.869239257
3355 2379 767056.5134086205 4652462.285367961
3416 2379 768276.412557845 4652462.375779675
3538 2379 770716.4632632955 4652462.087084582
3599 2379 771936.3212001178 4652463.395741872
2684 2440 753636.6045551394 4651241.943700753
2867 2440 757297.0936098468 4651242.414152486
2928 2440 758517.0559193636 4651244.909028667
2989 2440 759737.1248921006 4651241.740446191
3172 2440 763396.1678582728 4651243.18109274
3233 2440 764616.69294821 4651243.01206591
3294 2440 765836.8529738806 4651241.2444180995
3416 2440 768276.613147766 4651242.579918075
3477 2440 769495.6394172191 4651242.948591041
3599 2440 771936.8219118783 4651243.493976559
2867 2501 757297.0649176001 4650023.179144436
2928 2501 758515.5311526386 4650024.866320611
3050 2501 760956.1592571512 4650022.010848429
3172 2501 763397.2891806215 4650022.085661239
3233 2501 764616.9390087834 4650022.883247108
3294 2501 765837.0891359678 4650023.020053511
3355 2501 767058.1509643821 4650021.934834953
3477 2501 769496.626238621 4650022.149533106
3538 2501 770717.1886371691 4650022.112458966
3599 2501 771937.0934331458 4650022.066296552
2928 2562 758516.2277256957 4648802.524523136
3050 2562 760956.860717953 4648802.137098171
3111 2562 762176.2223723677 4648803.792917464
3172 2562 763395.4363577578 4648804.3323992295
3233 2562 764616.626281083 4648802.8955474775
3294 2562 765837.3455266008 4648801.755671035
3416 2562 768275.8771512157 4648802.348863607
3538 2562 770717.1266596923 4648801.785665752
2928 2623 758516.0550781172 4647584.067730451
2989 2623 759737.567363197 4647582.355826057
3233 2623 764617.441617331 4647582.766164299
3294 2623 765836.5616920779 4647581.942588517
3111 2684 762177.0824562588 4646361.138648032
3233 2684 764616.2260481833 4646362.595169565
3355 2684 767057.7983269597 4646362.206166656
3538 2684 770716.1456663054 4646361.553033137
3294 2745 765836.797590199 4645142.003280696
3172 2806 763396.9166821525 4643922.423528217
3233 2806 764616.1454981552 4643923.601413044
3355 2806 767056.8092531182 4643922.263213998
3477 2806 769497.119438605 4643922.50436431
3477 2867 769496.7615478585 4642703.034250923
3233 2928 764615.8671435424 4641484.095914207
3294 2928 765837.1967678204 4641482.725105551
3355 2928 767057.5971082778 4641482.162727513
3416 3050 768276.5677341176 4639042.380002606
3355 3172 767057.2025884516 4636601.7701981375
