4026 122 440215.4298980619 5098782.014192313
4514 122 445095.63498077175 5098782.529505932
7320 122 473155.36213933607 5098783.943628894
7442 122 474375.511408451 5098782.031439599
7564 122 475595.83504812804 5098783.596134022
7686 122 476816.0523959113 5098782.107707497
8174 122 481696.2808134052 5098781.32458287
8296 122 482915.5471865884 5098783.141884576
3782 244 437775.9068772547 5097562.759608795
3904 244 438995.1421498812 5097562.896535944
4026 244 440216.03570068144 5097562.947722109
4148 244 441436.01897229214 5097562.752164184
4392 244 443875.4252680537 5097562.526497264
7442 244 474376.66747289477 5097562.292192555
7686 244 476815.7350425092 5097563.665386354
4270 366 442655.50006737903 5096343.546624837
7442 366 474375.31735248305 5096342.376810397
8174 366 481695.08302376943 5096342.744306664
3538 488 435335.60795695207 5095123.606970581
4270 488 442654.45131718676 5095122.028913478
4392 488 443876.19399767555 5095123.357509345
4880 488 448754.1615436595 5095122.271031373
5856 488 458517.05109469604 5095122.935922802
7320 488 473156.2663441947 5095123.472566916
8296 488 482915.5057017786 5095122.200080335
4392 610 443876.27672849887 5093900.8909352515
4514 610 445095.12406689144 5093901.484711632
5124 610 451193.9952099262 5093902.493329377
6710 610 467056.5271549728 5093901.442263476
5368 732 453635.86900003563 5092682.658727844
5734 732 457296.48125548376 5092682.605472695
5856 732 458514.5518927686 5092682.504348389
6710 732 467055.57889115886 5092682.609074212
7198 732 471935.7832831156 5092681.563029264
8052 732 480475.61619562143 5092682.19162389
8418 732 484141.724559655 5092680.824064834
1586 854 415818.1459303588 5091462.018237356
2074 854 420696.0740129493 5091462.336556718
5002 854 449975.0856510419 5091463.489839225
5368 854 453634.24089503905 5091462.34361286
5734 854 457295.51896986744 5091463.506740733
5856 854 458516.4464365283 5091462.730094085
5978 854 459735.1955304775 5091462.891804107
6100 854 460956.4661036015 5091462.9278609725
6222 854 462176.2253000099 5091463.11601636
6344 854 463394.24021432956 5091462.210273103
6466 854 464616.06152930314 5091462.703188762
6588 854 465835.0834879095 5091463.592754274
6954 854 469496.03939165396 5091462.387836058
7076 854 470715.3804727414 5091462.866552126
2928 976 429237.6013313772 5090243.011692401
5368 976 453636.21646758454 5090241.224923553
5490 976 454855.37390981667 5090244.13842958
5734 976 457299.659041007 5090244.910799255
5856 976 458516.3576990765 5090242.618337539
5978 976 459735.8297852699 5090242.6670277165
6344 976 463395.72873438447 5090243.5705687925
6588 976 465836.399086785 5090242.176715371
6954 976 469495.44732380874 5090243.578130248
7076 976 470716.2422330542 5090242.162637811
7686 976 476815.3100782071 5090241.670264523
8418 976 484136.0466164364 5090241.912313542
6100 1098 460955.6668585253 5089022.660718591
6222 1098 462175.1136963773 5089023.063367542
6344 1098 463396.4695906491 5089023.671747949
6466 1098 464618.3064347811 5089022.794583626
6832 1098 468275.92227899865 5089023.705339594
7442 1098 474375.46645030344 5089023.001626112
8296 1098 482914.0076171755 5089023.674240056
9028 1098 490235.98060209776 5089023.2732243575
5368 1220 453635.6424865505 5087803.530940442
5490 1220 454855.94074334705 5087803.11033909
5856 1220 458516.4666194506 5087801.990788613
6222 1220 462175.8474772653 5087803.090063178
6466 1220 464616.41337633017 5087803.337382902
6588 1220 465836.63665006764 5087801.499975266
6710 1220 467055.31454318145 5087801.308192205
8296 1220 482920.1284143779 5087800.343019063
8418 1220 484136.35408595996 5087802.036629538
8540 1220 485356.3463181235 5087801.737211986
8662 1220 486577.05914193473 5087801.470822942
9150 1220 491455.828670197 5087802.705486873
5612 1342 456075.71943435 5086583.629120517
6588 1342 465835.60050700966 5086582.042495933
8174 1342 481695.62040393066 5086582.581597219
8296 1342 482919.62259363796 5086584.819010162
8418 1342 484135.620985802 5086582.628454599
5734 1464 457297.5979025785 5085363.247290294
5978 1464 459735.0913113873 5085364.043528833
8174 1464 481694.42974974174 5085367.067944811
8296 1586 482916.5114960456 5084143.245861319
5490 1708 454855.99314899783 5082922.700220594
6100 1708 460956.79932740104 5082922.198670718
6954 1708 469495.95765657147 5082923.482358107
7198 1708 471934.0200516914 5082922.581662169
7442 1708 474376.0795579739 5082922.605443433
7564 1708 475595.00823632005 5082923.581651487
7686 1708 476815.2672774376 5082924.908812299
7930 1708 479255.11038694036 5082922.790739704
9150 1708 491453.9413314683 5082922.031316858
6222 1830 462179.50371252344 5081699.859128382
6954 1830 469493.6574063341 5081702.190932463
7320 1830 473155.3693435419 5081703.672254009
7442 1830 474376.91481957724 5081702.211077122
7564 1830 475595.213237611 5081703.592387978
7808 1830 478035.6498575679 5081701.827823331
2318 1952 423136.71845777874 5080481.433541302
5368 1952 453639.05359198997 5080480.929961243
7320 1952 473155.22428941063 5080482.988517195
7564 1952 475595.26998522587 5080483.709177908
7686 1952 476815.02202475374 5080482.954806717
7808 1952 478036.02097961126 5080481.566368686
732 2074 407276.90288541163 5079261.32623165
1098 2074 410935.87339237105 5079262.154751778
2318 2074 423137.4556887213 5079259.396040448
2440 2074 424357.4970891852 5079261.668787958
5246 2074 452414.5663927019 5079261.267133276
5368 2074 453638.9611218972 5079261.287906313
5490 2074 454856.15127773624 5079262.330607664
6466 2074 464615.7878752126 5079261.6676680725
7076 2074 470716.54990550695 5079263.167331762
7320 2074 473156.08459419094 5079263.258551222
7442 2074 474375.27828666515 5079264.060812268
7564 2074 475595.04028309043 5079264.900757691
9150 2074 491455.35451973736 5079262.46199338
732 2196 407275.38091489073 5078042.695597036
854 2196 408496.0264708217 5078041.459349025
2806 2196 428015.1620291776 5078040.603472219
7198 2196 471936.6733629989 5078042.247543554
7564 2196 475595.6241569938 5078041.054516439
7686 2196 476816.4175558781 5078044.844661296
7930 2196 479253.8844819813 5078042.809326058
9150 2196 491457.957222729 5078041.4688015
854 2318 408496.9129025241 5076821.813198127
976 2318 409715.924786745 5076823.122945738
1098 2318 410936.76138620893 5076823.023259332
5490 2318 454853.6794195652 5076821.845617212
6588 2318 465835.1114644109 5076822.403787453
7320 2318 473155.5246443714 5076822.838557033
7686 2318 476814.6238691896 5076824.272516913
8296 2318 482915.80536794534 5076822.999153453
3904 2440 438996.7201630481 5075602.1543510435
4270 2440 442655.01439603016 5075603.38252615
4392 2440 443876.5655445505 5075602.147171526
5612 2440 456075.64463797695 5075603.037060598
7320 2440 473155.56261756964 5075600.753641604
7442 2440 474375.0242778993 5075600.133900379
7564 2440 475596.11533619394 5075602.077148401
7686 2440 476819.10650234995 5075600.363917376
8174 2440 481695.5893724171 5075602.076155347
8540 2440 485355.6712829667 5075602.694132326
9272 2440 492674.98345712596 5075602.182048585
10492 2440 504876.3681895936 5075603.946043007
3538 2562 435337.44330750924 5074379.960724215
4148 2562 441441.06914754305 5074381.417544569
5124 2562 451195.66522388207 5074383.236409791
5368 2562 453639.08296005474 5074380.12771542
5612 2562 456077.1308693948 5074381.540062007
6588 2562 465836.113236409 5074382.562061073
7442 2562 474377.2498097619 5074382.43579066
7686 2562 476819.99837950745 5074379.9948327225
7808 2562 478039.1018539035 5074379.561948007
7930 2562 479257.46892969543 5074380.703639416
8052 2562 480476.33755031007 5074381.066938304
8174 2562 481695.35143765766 5074382.575207414
8296 2562 482919.76582441677 5074379.913313308
8418 2562 484137.99595880427 5074382.469403412
9028 2562 490236.2816735907 5074382.170325195
732 2684 407276.34704550466 5073161.96435504
854 2684 408495.662862773 5073162.172362021
3172 2684 431679.31670697173 5073160.724349136
4148 2684 441436.349120022 5073162.013637448
4270 2684 442656.6721840862 5073161.114363311
5124 2684 451196.0804623902 5073162.516213517
7198 2684 471935.7789271777 5073162.022449219
7320 2684 473156.25177882577 5073161.637814727
7686 2684 476816.8550126714 5073163.135483102
8174 2684 481697.80435213237 5073161.230235899
8418 2684 484137.1664912144 5073162.900929691
9028 2684 490236.2965221757 5073163.717140938
10004 2684 499996.13677778665 5073161.72195386
10736 2684 507316.23713721917 5073162.281243557
3050 2806 430454.2143742902 5071942.499358831
5246 2806 452419.1809076212 5071939.485380605
6222 2806 462176.55731513974 5071941.61942532
6344 2806 463396.936965296 5071941.061451355
6954 2806 469495.73992739985 5071941.491324449
7076 2806 470716.1958371584 5071941.4405877255
7198 2806 471934.2112796353 5071942.460759944
8296 2806 482919.39298854745 5071940.672067244
8418 2806 484139.82819188316 5071940.394799661
8540 2806 485355.568155256 5071942.336444257
8784 2806 487796.8741349638 5071942.128475348
9028 2806 490239.73354508035 5071944.734312199
10370 2806 503655.1394257267 5071943.476640782
10614 2806 506098.4254032551 5071941.463851701
854 2928 408493.61692643136 5070724.022749792
4392 2928 443875.85241191206 5070723.570827784
5856 2928 458515.3286907114 5070722.91335047
5978 2928 459735.37797514553 5070721.743924617
6222 2928 462175.5475911549 5070721.944033187
6710 2928 467055.3043175055 5070722.995839034
7076 2928 470715.6331195249 5070722.177410882
7198 2928 471935.583344848 5070721.945425924
7686 2928 476815.0744102947 5070722.784687359
8174 2928 481695.0451842143 5070722.791920276
8662 2928 486580.1709392338 5070725.090932802
9150 2928 491457.01996835787 5070718.902971719
10492 2928 504875.256396529 5070723.520885609
10614 2928 506095.2232500524 5070724.197105146
10736 2928 507313.935624106 5070722.797650884
0 3050 399956.06314800127 5069503.75958116
122 3050 401176.23574101913 5069501.755099956
244 3050 402395.2937221241 5069501.9781448
854 3050 408499.75435072964 5069500.382225251
1098 3050 410932.38794864115 5069503.433994525
5368 3050 453639.40574751655 5069499.577563781
5612 3050 456074.7432986002 5069502.325160449
5856 3050 458514.0508265938 5069502.110657882
5978 3050 459735.4363714598 5069502.9061919125
6222 3050 462175.3269960844 5069502.784222764
6344 3050 463395.9141556608 5069502.4846322015
6710 3050 467054.2149247438 5069502.8324497165
7076 3050 470715.69318686274 5069503.051702464
7198 3050 471935.6868013384 5069502.598059002
7442 3050 474375.34805751167 5069503.587664171
8296 3050 482916.1170817288 5069502.248167192
8540 3050 485354.5268456791 5069502.262310272
10370 3050 503657.3101999772 5069502.2221465185
10492 3050 504876.3989084001 5069502.75612352
10614 3050 506097.57665471133 5069500.8610539595
10736 3050 507314.1288467065 5069504.158612277
10858 3050 508535.7096428987 5069502.74047819
244 3172 402397.06206389953 5068282.633684642
366 3172 403615.0276114916 5068283.4057625
488 3172 404835.34839733184 5068283.256644315
1098 3172 410936.2414323416 5068282.561536166
4392 3172 443873.9262509619 5068281.153334328
5368 3172 453636.05654781486 5068282.931343547
5490 3172 454859.8052970294 5068279.552141065
5612 3172 456076.66180135653 5068281.732512318
5856 3172 458515.32799045905 5068282.301890303
5978 3172 459735.1788507396 5068279.453240579
6222 3172 462175.19959688204 5068282.455448874
6344 3172 463396.9243328058 5068281.957083053
6466 3172 464614.72723943053 5068280.599547084
6832 3172 468274.0376861777 5068281.460172935
7076 3172 470720.1218621216 5068282.195044037
7198 3172 471937.14581170917 5068283.318964745
7442 3172 474376.0433439071 5068281.972800014
7686 3172 476818.7861639599 5068281.488989355
7930 3172 479253.64293110283 5068282.114605387
8174 3172 481696.795282673 5068282.071367709
10004 3172 499996.29394571605 5068282.218623603
10126 3172 501216.20550620515 5068282.646387734
10248 3172 502436.01150271215 5068282.741905305
10614 3172 506096.9631572853 5068285.209996359
10858 3172 508537.3827946227 5068282.916431
366 3294 403613.9031395338 5067062.744528231
976 3294 409715.2511236614 5067062.577037818
1098 3294 410936.06527415325 5067063.138332665
4270 3294 442656.9884658121 5067061.484072631
5612 3294 456075.9220001486 5067062.321698507
5734 3294 457296.83546056336 5067061.791222203
5856 3294 458516.267421288 5067061.0792926885
6832 3294 468275.74136998184 5067062.733613845
6954 3294 469495.4808136595 5067062.133133182
7076 3294 470715.7858197567 5067063.708336957
7198 3294 471935.1527858929 5067062.838713466
7930 3294 479254.265315248 5067062.58837737
8052 3294 480475.6734831638 5067063.977685288
8174 3294 481694.37217187916 5067061.619217798
9028 3294 490236.03164762916 5067064.5956198955
9150 3294 491455.2631008227 5067061.858522431
10004 3294 499995.587297625 5067063.654686126
488 3416 404835.46922364953 5065842.636498345
4514 3416 445096.5928633018 5065841.894154665
5368 3416 453636.78648066 5065843.067891976
5978 3416 459735.9513145198 5065843.22348448
6100 3416 460956.3162692496 5065842.231756119
6344 3416 463397.2106222108 5065840.177323731
6466 3416 464619.67542828684 5065839.665175018
6588 3416 465836.82552863134 5065842.265366943
6954 3416 469495.5427886513 5065843.555287787
7076 3416 470715.22152915417 5065842.796314697
7320 3416 473155.55437834933 5065843.475605904
7564 3416 475595.62074663106 5065843.421525778
8052 3416 480474.68969885807 5065843.279768437
9272 3416 492675.45244261785 5065841.454463627
10492 3416 504875.64371957857 5065841.462347939
10614 3416 506095.4714626051 5065842.652451572
10736 3416 507316.229522244 5065841.509229415
244 3538 402395.0781390824 5064620.325584455
732 3538 407273.09693327645 5064621.627788643
4514 3538 445097.41165550385 5064621.39542053
4636 3538 446318.66075639456 5064619.208430954
4758 3538 447535.85490269 5064621.599463652
5246 3538 452415.4996097242 5064623.006727802
5368 3538 453635.0636500364 5064622.074546359
5490 3538 454855.46911624813 5064623.1149528455
5612 3538 456075.4261254901 5064623.567973447
5856 3538 458515.3051559679 5064621.984289885
5978 3538 459736.0625312448 5064623.195739286
6100 3538 460954.17723967496 5064620.285245222
6344 3538 463397.37403303146 5064618.795553668
6466 3538 464616.38769791287 5064623.081267574
7076 3538 470714.5126071479 5064620.706883159
7198 3538 471935.2219764573 5064623.942526499
7442 3538 474375.9876701513 5064621.863838802
7564 3538 475595.62561103835 5064622.755419227
7808 3538 478034.582877667 5064622.2264047
8174 3538 481694.0016716081 5064621.844778072
8540 3538 485355.3615768711 5064623.63409538
9272 3538 492676.1176360081 5064622.27908092
10614 3538 506097.27816207934 5064619.08683732
10858 3538 508539.8191362778 5064620.094928325
488 3660 404835.85139466386 5063402.448435342
5246 3660 452417.30731587094 5063402.6848876
5368 3660 453635.9387201581 5063403.056348874
5490 3660 454856.24340453214 5063402.764212929
5612 3660 456076.0738073281 5063402.461658907
5734 3660 457295.9620652859 5063402.221585936
5978 3660 459735.1688267816 5063403.0476501
6100 3660 460957.3874275418 5063403.215848732
7320 3660 473155.7632543271 5063401.890614991
7686 3660 476818.31227472227 5063402.214428294
8174 3660 481699.7192139278 5063403.038366253
8296 3660 482915.4943501604 5063402.365620399
8418 3660 484133.807886637 5063403.303101928
8540 3660 485356.1724707576 5063402.554379618
9150 3660 491458.3991724595 5063401.843588166
9272 3660 492674.601679294 5063403.340496699
10492 3660 504875.34626691544 5063402.056300091
10980 3660 509760.00528894097 5063400.004738962
0 3782 399957.13820400054 5062181.677194335
122 3782 401176.6491482277 5062181.74611291
610 3782 406055.17234480573 5062182.302503637
4514 3782 445096.1810258804 5062178.799511903
5368 3782 453636.6229538983 5062182.963663214
5490 3782 454855.94018962374 5062183.59175802
5612 3782 456076.23141779157 5062183.521385454
5734 3782 457295.41218218463 5062182.1653440455
5978 3782 459735.01636033726 5062179.156415546
6222 3782 462175.3107317331 5062181.489236359
6344 3782 463393.2034676693 5062181.47838502
6466 3782 464616.6966912377 5062182.70293424
6588 3782 465836.2001981793 5062183.612011485
6710 3782 467056.51764089114 5062183.957913443
7198 3782 471935.7915329866 5062178.83526462
8174 3782 481695.4801606658 5062182.51317022
8296 3782 482917.1158773433 5062182.189766796
8418 3782 484135.21459160076 5062184.482805591
8662 3782 486577.0006850584 5062183.584673275
9272 3782 492677.3915356536 5062182.534286808
9760 3782 497555.1170964293 5062182.659006111
1098 3904 410933.74428279203 5060961.919698094
5246 3904 452416.210677861 5060962.854311631
5612 3904 456076.5587657879 5060963.554422834
5856 3904 458517.2096393494 5060962.234062794
6100 3904 460956.1712128126 5060962.542851247
6222 3904 462179.9073937063 5060960.15322182
6466 3904 464613.0779798776 5060962.275167376
6588 3904 465834.3201374808 5060962.478204101
6710 3904 467056.18485234986 5060962.199575794
6954 3904 469496.9448032933 5060961.207863535
7198 3904 471935.12293289474 5060959.863405607
8296 3904 482914.4450905363 5060961.05699998
8418 3904 484137.87359165854 5060961.302257435
10248 3904 502435.1625688135 5060960.340813677
122 4026 401176.2265152385 5059742.687983525
244 4026 402396.2360784967 5059743.234817094
1220 4026 412155.9688160312 5059741.741505593
4880 4026 448755.34752199455 5059743.267612775
5002 4026 449976.658952635 5059742.807211476
5246 4026 452415.8897058618 5059742.498968926
5368 4026 453636.6038412257 5059742.35798175
5490 4026 454856.3499342727 5059744.760338709
5856 4026 458516.9703708718 5059738.82934511
5978 4026 459735.4008465845 5059742.554873107
6588 4026 465834.0578310518 5059742.589613466
6710 4026 467054.47426779283 5059741.48713942
7076 4026 470715.0957546982 5059744.910366265
8174 4026 481696.4344718838 5059746.0870940015
8418 4026 484136.6975627581 5059743.102506469
9150 4026 491455.48475288413 5059742.034803504
9272 4026 492675.6305752127 5059741.71705487
9638 4026 496336.9186908654 5059743.64268301
1220 4148 412156.6974694557 5058521.919335592
4148 4148 441435.8604520979 5058521.627656263
5124 4148 451195.2902625522 5058523.543062007
5246 4148 452415.76668643625 5058521.022481379
5368 4148 453635.5069963211 5058523.062920147
6100 4148 460955.08454394626 5058524.321353645
6222 4148 462173.4490830483 5058522.360051288
6466 4148 464616.981896142 5058522.2833856
6710 4148 467057.166516845 5058522.334881842
6832 4148 468275.24397840595 5058522.90249979
6954 4148 469498.3061213606 5058522.696649825
7076 4148 470714.443245347 5058522.382206142
7320 4148 473155.8452132299 5058522.735963463
7442 4148 474377.95469247503 5058521.187689931
7564 4148 475595.4501473431 5058524.5407050885
7808 4148 478036.26250381133 5058522.469076278
8540 4148 485357.2589135322 5058521.882369692
8784 4148 487796.1381049773 5058522.170367892
9516 4148 495114.4357832085 5058522.14072712
9638 4148 496336.67367475963 5058522.403299771
0 4270 399957.2757745084 5057301.378929667
122 4270 401176.4339987238 5057302.558176474
1220 4270 412153.17697213974 5057301.360094022
4270 4270 442656.7565813289 5057302.118853126
5002 4270 449976.06881125725 5057303.258556619
5246 4270 452415.0820485723 5057302.955125165
5368 4270 453635.144010681 5057303.872040874
6222 4270 462175.36750376306 5057303.399386245
6710 4270 467055.6785507292 5057303.308048334
7686 4270 476815.9103977535 5057304.788204882
8540 4270 485356.52150851017 5057302.218693082
8662 4270 486576.366434506 5057302.228244368
8784 4270 487796.9135457229 5057298.431549099
0 4392 399957.5800029105 5056081.489150141
122 4392 401176.8568351003 5056082.119527843
4270 4392 442655.45039927075 5056083.5580177475
5002 4392 449974.5328192584 5056080.235357908
5124 4392 451195.4056087698 5056082.252332294
5490 4392 454855.43722146784 5056083.949659658
5612 4392 456075.0596902354 5056079.865681832
5734 4392 457295.86567534984 5056081.809427989
5856 4392 458517.2132480516 5056079.127982896
5978 4392 459736.903011576 5056078.894762487
6100 4392 460952.83386993024 5056082.260127487
6954 4392 469495.0898842035 5056082.849115412
8540 4392 485357.2861108899 5056083.138226344
8662 4392 486577.38915018295 5056082.0688062655
8906 4392 489016.62216351525 5056081.887141017
9516 4392 495115.6620560342 5056083.255314388
9638 4392 496333.3561456949 5056083.107008282
10858 4392 508535.80095334863 5056081.103499098
10980 4392 509755.3873261292 5056081.998790671
244 4514 402397.7736291771 5054861.842605419
4026 4514 440215.4036975501 5054861.525583825
4392 4514 443876.25446300313 5054862.926486993
4514 4514 445093.0206746796 5054861.70018144
5246 4514 452416.08147778304 5054864.063939851
5490 4514 454855.0503503282 5054862.499054774
5734 4514 457293.92388943833 5054862.084533846
6222 4514 462177.15236489556 5054859.058062614
6832 4514 468275.3619126405 5054862.40806604
6954 4514 469495.0819147541 5054862.608911032
7076 4514 470716.3072112835 5054863.130647967
7930 4514 479255.1200805241 5054862.887794188
8540 4514 485356.76144251134 5054862.822308598
10858 4514 508536.4550573775 5054860.919867174
732 4636 407276.4632113416 5053642.571325809
854 4636 408496.34859927424 5053642.652924561
976 4636 409715.6254090255 5053641.412639243
1098 4636 410936.54119580373 5053640.965856112
3782 4636 437775.3692290356 5053642.451910557
3904 4636 438993.76729746483 5053642.50411778
4392 4636 443875.85598942253 5053641.675231952
4514 4636 445095.9610249725 5053642.531838494
4636 4636 446313.52943777206 5053640.136784408
4758 4636 447536.0077982053 5053642.734108167
4880 4636 448756.3912579509 5053641.397166269
5002 4636 449975.28361618344 5053642.254173691
5246 4636 452417.7624855611 5053643.240704048
5368 4636 453636.15172530076 5053641.344011198
5490 4636 454855.5076426144 5053642.255437034
5612 4636 456074.3264042435 5053641.670360855
5734 4636 457295.92275539716 5053641.488066973
6100 4636 460955.42561489757 5053642.298434979
6710 4636 467053.11256790685 5053641.633502023
6954 4636 469495.0771280285 5053641.459351531
7076 4636 470715.0114017963 5053639.680740328
7198 4636 471932.54473282746 5053643.209202013
8052 4636 480475.0355425262 5053643.599126984
8296 4636 482915.20343604113 5053641.503941126
8540 4636 485356.2314797821 5053641.822231256
8662 4636 486575.5362304808 5053642.120772198
10858 4636 508535.35340459313 5053644.333395327
10980 4636 509757.32202355325 5053642.202834672
244 4758 402396.85819217406 5052423.130018025
366 4758 403618.2329937202 5052422.660843652
488 4758 404837.33564608544 5052423.610280549
854 4758 408496.17981126107 5052423.269899063
3660 4758 436556.6848245844 5052422.825857811
3782 4758 437775.2302278495 5052423.350806003
3904 4758 438992.9262802586 5052422.883748462
4026 4758 440216.1292263614 5052422.517796794
4270 4758 442655.7762117857 5052422.738965186
4514 4758 445095.7120359704 5052421.872437181
4758 4758 447533.6785649529 5052425.664310757
4880 4758 448756.71602304967 5052419.694722736
5002 4758 449976.0631522759 5052420.926548926
5124 4758 451195.93803164014 5052422.313997966
5368 4758 453635.630702961 5052419.137144315
5856 4758 458514.3592191294 5052421.6383020785
5978 4758 459735.3077883252 5052422.467148711
6100 4758 460956.2099037937 5052420.943852019
6588 4758 465837.0451534675 5052421.695955761
6710 4758 467056.04064487637 5052419.19865258
6832 4758 468276.9157666114 5052420.230276703
7320 4758 473156.2136810897 5052421.886924709
7686 4758 476815.84524264926 5052422.585990656
8174 4758 481695.5755174116 5052422.2526359
8418 4758 484136.03233158035 5052423.443897147
8662 4758 486574.0771334077 5052421.952829222
10858 4758 508535.0267155769 5052421.983914962
3172 4880 431673.9045635556 5051202.678202675
3416 4880 434115.7985045653 5051202.570412197
3538 4880 435332.60244271817 5051202.234510427
3782 4880 437776.7735163711 5051204.589865235
3904 4880 438998.82851509796 5051201.548473886
4026 4880 440214.0210621076 5051202.048467586
4148 4880 441435.37480016233 5051203.649577392
4270 4880 442655.6363328872 5051203.069910786
4392 4880 443876.8543843893 5051201.672788747
4514 4880 445097.1321402026 5051203.764685871
4636 4880 446315.87061999337 5051203.52167268
4880 4880 448754.2640037125 5051202.065784632
5002 4880 449977.89864312136 5051203.282389839
5124 4880 451194.38686822937 5051204.0077096075
5368 4880 453635.5450866529 5051202.498110135
5490 4880 454856.31663614843 5051198.37674417
5612 4880 456073.82837953424 5051202.913759154
5856 4880 458516.650477966 5051204.080453531
5978 4880 459734.83473342215 5051201.648357188
6100 4880 460955.83063208294 5051202.538932339
7076 4880 470713.4592348654 5051201.549975604
7442 4880 474375.2089627608 5051201.889781495
7686 4880 476816.37546327175 5051201.835356639
7930 4880 479253.81355005444 5051203.357332085
8174 4880 481695.23271517886 5051203.541716288
8540 4880 485356.19962512475 5051202.812124947
9882 4880 498776.5658365585 5051203.015388042
10004 4880 499995.20491192857 5051202.685088883
10614 4880 506095.37244292407 5051201.43322848
10736 4880 507317.7307003641 5051198.099767416
2684 5002 426795.9211879515 5049982.861225461
3172 5002 431675.8618548337 5049983.05488818
3294 5002 432896.6035252828 5049983.4853939945
3538 5002 435335.7898638873 5049981.393358171
3660 5002 436552.92039071023 5049981.518019826
3782 5002 437776.2004799846 5049983.392387376
4514 5002 445095.4994878233 5049983.92597183
4636 5002 446316.0530301651 5049983.978211201
4880 5002 448752.85900321207 5049982.986503871
5002 5002 449975.148613753 5049983.338646272
5124 5002 451192.8738266834 5049982.4097633185
5246 5002 452416.6710693567 5049979.149903988
5734 5002 457295.0790241015 5049983.676604519
5856 5002 458515.35199716064 5049983.567611829
5978 5002 459736.727328963 5049983.199030048
6100 5002 460955.3806737222 5049983.661890406
6344 5002 463392.68990124116 5049982.364928669
6466 5002 464618.1256390899 5049982.341835429
7198 5002 471937.10756646405 5049984.824335469
7442 5002 474373.63607719005 5049984.645150448
8052 5002 480474.90691841027 5049981.379011921
8174 5002 481695.04513784294 5049981.9715387365
8418 5002 484135.03187673603 5049983.137571106
9150 5002 491455.35948731465 5049984.402225995
9272 5002 492676.06422595674 5049983.675219845
9638 5002 496334.4385742603 5049982.05455128
9760 5002 497555.3984276379 5049982.360024803
9882 5002 498775.1068133839 5049981.602688727
10004 5002 499996.2136064245 5049978.540580725
10492 5002 504873.27910889086 5049981.82569847
2684 5124 426796.2724113532 5048762.066871146
3294 5124 432893.46143442934 5048762.439966171
3538 5124 435335.24817010656 5048761.699944942
3782 5124 437774.1959549446 5048762.322478823
4026 5124 440213.2350043778 5048762.254961641
4392 5124 443875.2255185876 5048762.087935304
4514 5124 445096.6193379415 5048761.937526263
4636 5124 446315.9326588053 5048762.360132096
4758 5124 447536.3712187232 5048764.088872954
4880 5124 448755.17313983705 5048762.718112137
5124 5124 451195.12048393005 5048763.614438244
5612 5124 456075.74908592267 5048764.056143905
5734 5124 457295.8209982646 5048762.823471962
5978 5124 459736.9656556741 5048763.584371272
6100 5124 460956.65430655156 5048763.268592252
6588 5124 465836.02272385336 5048762.968750289
7930 5124 479255.5900987092 5048762.2389919525
8174 5124 481693.4706387804 5048762.350870324
8296 5124 482916.1272096964 5048762.680330042
8540 5124 485355.4229348417 5048761.993493575
8906 5124 489013.0413231597 5048761.931221487
9394 5124 493895.83772102394 5048763.326657012
9516 5124 495115.6330291037 5048762.637550807
10370 5124 503655.2670657215 5048761.784029454
10492 5124 504875.2453918088 5048761.775955405
10858 5124 508538.320505662 5048760.2222058205
854 5246 408499.12064797047 5047539.333652306
2684 5246 426796.16703107266 5047542.4268527
2806 5246 428015.785495994 5047542.851962105
3172 5246 431676.28026824584 5047542.416184573
3294 5246 432893.99202281155 5047542.025183718
3416 5246 434116.3101416076 5047542.6481537735
3782 5246 437776.66471099877 5047543.9573842855
3904 5246 438995.7664528209 5047542.252172825
4148 5246 441437.51602175704 5047542.996938751
4270 5246 442656.75312760903 5047539.06743495
4514 5246 445095.4962890069 5047542.711340864
4758 5246 447533.94109199184 5047543.124778895
5124 5246 451194.3248901788 5047543.576391672
5734 5246 457295.3288368077 5047541.817503016
5856 5246 458515.48429326876 5047543.204428192
5978 5246 459735.82017968793 5047539.338245978
6100 5246 460956.6121486053 5047541.116850857
6832 5246 468276.0798905825 5047543.932406912
7442 5246 474376.25758111355 5047541.069216526
7808 5246 478037.7736912489 5047539.426205477
8296 5246 482915.0824232509 5047544.806501518
8418 5246 484138.037200281 5047541.4791837465
8540 5246 485356.35917966644 5047542.708164811
9272 5246 492677.4016449565 5047547.69829151
9394 5246 493896.31552982377 5047541.763922258
9516 5246 495117.30384881474 5047542.202411522
9638 5246 496335.0097534631 5047542.716236639
9760 5246 497556.726827548 5047543.136765312
9882 5246 498776.2514136065 5047544.1499468135
10126 5246 501215.533239427 5047543.324882234
10248 5246 502435.30443099246 5047543.675739898
10736 5246 507316.66089430783 5047542.939811926
10858 5246 508536.56612161495 5047542.912781913
10980 5246 509753.0551805391 5047542.62280743
610 5368 406057.0132862316 5046322.37549876
2684 5368 426795.42480906384 5046321.116006962
2806 5368 428012.5572560259 5046322.24216343
2928 5368 429235.6359486958 5046322.935403026
3172 5368 431675.5447006845 5046318.207447572
3416 5368 434115.56204053154 5046318.564586266
3538 5368 435335.1101147111 5046319.367751704
3660 5368 436556.73230030737 5046323.834069422
4148 5368 441436.846045588 5046318.355744123
4270 5368 442655.8358775694 5046319.029901443
4514 5368 445096.66526870214 5046321.909652104
4758 5368 447534.46344079473 5046320.817388059
4880 5368 448756.42310372763 5046323.859027268
5246 5368 452414.86738126114 5046318.462784209
5856 5368 458515.5831827683 5046319.636830339
6100 5368 460956.93297793367 5046321.243450815
6832 5368 468276.0729835935 5046318.3382490175
7930 5368 479254.1249045648 5046322.448674317
8174 5368 481695.82999531727 5046321.701703174
8296 5368 482916.44339067576 5046322.1394539755
8418 5368 484133.5660597825 5046323.2563354755
8662 5368 486576.6247249398 5046322.93980861
9882 5368 498776.3697594569 5046322.284892969
10126 5368 501215.891738399 5046321.469582504
10248 5368 502436.34950200294 5046323.043750426
10370 5368 503655.3853773146 5046324.640789444
10492 5368 504875.32325704274 5046323.232949162
10614 5368 506095.0572827456 5046324.223933213
10736 5368 507318.79718287796 5046322.973382179
854 5490 408496.9726685879 5045103.178070758
2318 5490 423136.1203622975 5045103.992185497
2440 5490 424356.53952219203 5045103.014815062
2562 5490 425576.2888938949 5045102.66369103
2684 5490 426795.8271480492 5045101.991349179
2928 5490 429236.0470524612 5045101.814414637
3050 5490 430455.14842937054 5045104.446328122
3172 5490 431676.5262785843 5045103.447635938
3294 5490 432895.8208690654 5045103.861086078
3660 5490 436555.5234174162 5045101.484560087
3782 5490 437776.07009446074 5045102.439666546
3904 5490 438994.2411676251 5045103.365169882
4148 5490 441433.89400756505 5045102.286478006
4392 5490 443875.3612481009 5045102.543548231
4880 5490 448755.3207181791 5045103.988949168
5002 5490 449975.19302614755 5045103.489313589
5246 5490 452418.00601574156 5045104.732124422
5612 5490 456075.8026130884 5045098.5411004
5856 5490 458515.93409956933 5045102.340379682
5978 5490 459736.20189309353 5045102.312280181
6100 5490 460955.23855704186 5045102.256233354
6344 5490 463397.37053818227 5045101.825566041
6466 5490 464615.5901147662 5045098.508257403
6588 5490 465835.534207127 5045098.712599761
7198 5490 471935.5578541858 5045102.5781984925
7320 5490 473155.7556603228 5045102.343363415
7442 5490 474372.8028906897 5045102.396580562
8174 5490 481696.06127003144 5045101.86573148
8540 5490 485353.28272178856 5045101.378861396
9394 5490 493896.08688729093 5045098.044634974
9516 5490 495117.93303659145 5045100.755505233
9638 5490 496334.7171889816 5045102.023747597
9760 5490 497555.59263449354 5045101.748060804
9882 5490 498776.5431295634 5045101.681842263
10004 5490 499994.1824301422 5045101.756204007
10370 5490 503655.9818089339 5045102.283868044
10492 5490 504872.88003481517 5045101.470537586
10614 5490 506095.8891070896 5045098.957250081
10858 5490 508535.49175797426 5045104.7232865235
2440 5612 424355.2798474084 5043881.364743229
2562 5612 425575.62002998334 5043883.095259339
2684 5612 426796.17281747516 5043882.968286629
2806 5612 428016.15364888863 5043882.012120311
3904 5612 438995.6549803422 5043882.820789903
5246 5612 452416.1568329579 5043883.265729827
5368 5612 453636.2381571682 5043883.33361047
5490 5612 454856.9266306556 5043883.529822895
6100 5612 460955.1304143177 5043881.1553973295
6222 5612 462175.9380665233 5043882.659434562
6344 5612 463398.5654485331 5043880.491869788
6954 5612 469495.92008525756 5043881.588477277
7076 5612 470715.1007330019 5043883.394182012
7320 5612 473155.82400019345 5043882.183726823
7442 5612 474374.41158040176 5043882.56893592
8174 5612 481698.1440895641 5043882.60586392
8418 5612 484135.211600539 5043883.27778079
8540 5612 485356.95258454076 5043882.570259197
8662 5612 486576.03614129743 5043878.428140271
8906 5612 489016.9445783388 5043881.129742132
9516 5612 495117.2139502929 5043881.668617599
9638 5612 496336.8687906625 5043881.713150683
9760 5612 497557.43266867986 5043882.47597596
10004 5612 499996.6117262258 5043881.7282356545
10370 5612 503654.925649203 5043878.327389217
10858 5612 508536.8104603485 5043882.691545271
2318 5734 423135.7118262599 5042663.04752392
2562 5734 425575.2909478555 5042664.538494053
2806 5734 428011.4726347623 5042662.445939662
3416 5734 434115.30869873316 5042662.243328466
3538 5734 435335.85557643836 5042663.107754878
3660 5734 436554.6496474419 5042662.095477001
3904 5734 438995.62643650384 5042662.882602309
4026 5734 440216.7352508115 5042661.178365085
5612 5734 456075.7822910924 5042661.56583373
5734 5734 457295.7818815852 5042661.773439551
6100 5734 460954.36677378434 5042658.6890679
7442 5734 474375.9146367857 5042660.619751883
8052 5734 480475.76800439414 5042662.789072507
8418 5734 484135.22392200923 5042658.521141171
10004 5734 499996.56762616616 5042663.244084565
10370 5734 503654.40105973027 5042662.391598281
10492 5734 504875.93412274827 5042664.208619343
10614 5734 506096.1005681779 5042661.230537268
10736 5734 507315.04192040086 5042661.7535686875
10858 5734 508533.68832064705 5042661.197666245
2074 5856 420696.44951554923 5041442.167516308
2196 5856 421917.23324837803 5041441.062989967
2318 5856 423137.00416258135 5041442.831968754
2562 5856 425574.0838861118 5041442.4238128485
2806 5856 428016.3699229805 5041441.921230822
2928 5856 429237.1253003023 5041442.499804074
3294 5856 432895.6033604859 5041440.936051795
3416 5856 434116.75476733077 5041441.177983929
3660 5856 436555.82748300006 5041441.945424629
3782 5856 437775.5129024918 5041443.60800096
4026 5856 440217.7256710215 5041440.157292677
5124 5856 451196.64060477156 5041442.514663667
5246 5856 452420.2245813912 5041444.9005474895
5368 5856 453636.5757899764 5041443.412425132
6222 5856 462175.13002417376 5041443.51519021
7442 5856 474375.04705532454 5041443.485241362
7930 5856 479257.1405930812 5041443.199103753
8052 5856 480473.79365015787 5041443.042489007
8540 5856 485357.1398435233 5041442.274154874
9028 5856 490236.3356895854 5041442.729686916
9638 5856 496337.007273103 5041443.403711856
10248 5856 502439.6141492149 5041440.515671902
10614 5856 506096.97569878766 5041441.638211668
10736 5856 507316.5881747371 5041442.276839719
10858 5856 508536.3781742287 5041442.247916405
854 5978 408493.7041200752 5040222.955216413
1098 5978 410934.8624686054 5040220.3369542565
1220 5978 412156.1346684405 5040222.69272318
2806 5978 428013.7247136482 5040222.952466509
3050 5978 430455.30437296734 5040223.694395546
3294 5978 432895.44717271294 5040219.21007033
3416 5978 434114.58627930697 5040221.633004988
3538 5978 435335.85583042604 5040221.767313901
3660 5978 436555.15739262186 5040221.920587634
3904 5978 438992.7291561977 5040221.877370234
4026 5978 440217.3004139886 5040221.902693393
4514 5978 445095.8053012819 5040222.764213664
4636 5978 446317.4219398645 5040223.264976487
5246 5978 452416.4288927984 5040222.730816698
5490 5978 454855.0458711002 5040218.330596376
6832 5978 468273.2976449609 5040222.10446163
7320 5978 473157.15527886664 5040223.41414859
7442 5978 474377.91892448894 5040219.162792668
7686 5978 476815.21737458697 5040224.58288167
8174 5978 481695.33928124944 5040223.172909765
8296 5978 482918.11613531696 5040222.0374676585
8906 5978 489015.11143084435 5040224.422843722
9150 5978 491456.1954546611 5040221.556852686
9272 5978 492675.7309084473 5040222.848634153
9638 5978 496335.8423832057 5040222.1775242025
10004 5978 499994.95658495586 5040222.315930116
10248 5978 502435.0901354181 5040219.10449979
10370 5978 503655.79008219496 5040222.30851452
10614 5978 506096.8179766922 5040221.377427112
10736 5978 507316.6164530947 5040219.8959489195
10858 5978 508537.267977523 5040222.094744577
854 6100 408493.13141985005 5038999.681743968
1098 6100 410934.47476447525 5039004.523136019
2318 6100 423135.6063559461 5039003.341739515
2440 6100 424355.721149009 5039002.270900535
3172 6100 431676.7362145867 5039002.704360878
3416 6100 434114.2115460641 5039001.7586446395
3538 6100 435335.11886602594 5039002.588139172
3660 6100 436555.8881347077 5039004.002044183
3782 6100 437776.02024621825 5039002.616655404
3904 6100 438995.9659107904 5039000.990513459
4148 6100 441433.8833895936 5039002.3477960965
4270 6100 442655.0323989193 5039004.546063285
4758 6100 447535.2057704583 5039003.06138411
5490 6100 454854.6004922657 5039005.614406385
6466 6100 464616.0470278845 5039001.569986516
7686 6100 476813.5271422372 5039000.714518272
8052 6100 480472.541621206 5039001.149492825
8906 6100 489016.1235552415 5039001.5572993485
9394 6100 493895.39637456887 5039002.392132905
9516 6100 495117.92877211067 5038998.631807294
9638 6100 496337.663848803 5039001.613251351
10126 6100 501215.3060452766 5039003.199615107
10248 6100 502437.0052226491 5039000.9365601465
10492 6100 504875.4943866169 5039002.67408161
10614 6100 506096.3106597591 5039001.791711956
10736 6100 507316.07874236297 5039002.039181823
10858 6100 508535.12135857163 5039004.303418382
1464 6222 414595.76053114934 5037782.555838446
1586 6222 415815.14942895103 5037783.903762456
2074 6222 420694.2612972626 5037782.728031634
2196 6222 421916.28776425985 5037782.270054127
2318 6222 423133.5323792299 5037782.471840089
2440 6222 424354.2521837591 5037782.634097152
2928 6222 429239.839797992 5037779.8109305035
3172 6222 431676.48104341177 5037777.969824202
3416 6222 434116.8799384445 5037783.985839957
3538 6222 435335.50652617536 5037781.987281482
3660 6222 436555.29440047755 5037782.333747556
3782 6222 437775.46532599087 5037782.33442567
3904 6222 438994.87169629964 5037779.953414377
4026 6222 440213.30320972705 5037778.870520652
4636 6222 446315.1481819397 5037783.954434709
5490 6222 454856.07164687273 5037778.082025722
6954 6222 469496.3836850791 5037782.3943977095
7076 6222 470714.9790103377 5037782.263975877
7320 6222 473156.33187387633 5037778.53056395
7442 6222 474375.39476362645 5037778.625362356
7564 6222 475597.11310617137 5037782.1840347955
7808 6222 478035.7458848401 5037783.0544579895
8052 6222 480473.836819034 5037781.887185881
8540 6222 485356.14278846653 5037778.394751846
8906 6222 489016.7610330493 5037781.461155791
9028 6222 490236.9199065381 5037783.090212286
9638 6222 496337.1547830772 5037781.442606812
10004 6222 499996.44589514675 5037782.232907633
10248 6222 502438.95432391675 5037779.8965309085
10492 6222 504875.3382774602 5037782.740320389
610 6344 406055.4827852265 5036562.383525999
732 6344 407274.27626375115 5036561.265533293
1220 6344 412155.2818161401 5036561.942790183
1708 6344 417035.162520353 5036562.786024649
1830 6344 418256.82767255744 5036563.525275609
2440 6344 424352.6673400411 5036562.629503087
2562 6344 425575.1394019094 5036563.1628025705
2806 6344 428017.2880352394 5036558.3688094225
3294 6344 432895.4302015107 5036563.552570072
3416 6344 434113.90190679114 5036562.176852981
3660 6344 436556.03521655744 5036563.950340355
3782 6344 437775.5772905863 5036562.29536757
4514 6344 445095.45538516744 5036562.883880943
5002 6344 449975.94322551804 5036563.758519828
5734 6344 457295.03549086384 5036562.588138672
6832 6344 468273.92967941187 5036561.6654067105
6954 6344 469495.8691012556 5036562.822988144
7198 6344 471935.50988145114 5036564.637640966
7808 6344 478036.2884862137 5036562.180914034
7930 6344 479255.6156535549 5036563.218595029
8052 6344 480476.058546695 5036563.233957295
8174 6344 481697.32704387174 5036562.396016744
8784 6344 487795.7496601724 5036563.946268295
8906 6344 489019.7070079317 5036560.118654998
9272 6344 492676.17790463765 5036562.067000699
9882 6344 498776.05793144164 5036565.41674007
10004 6344 499995.4673891513 5036563.032276279
10370 6344 503656.8012188154 5036559.0626187315
10492 6344 504875.8698596402 5036561.9062675405
10614 6344 506095.69910584606 5036561.063163678
732 6466 407272.8396261652 5035341.961031084
854 6466 408491.6279251407 5035342.303926223
1220 6466 412155.92936930835 5035342.785827579
1342 6466 413377.18042016815 5035342.510833122
1464 6466 414596.5464018341 5035341.200974888
2318 6466 423135.5030024269 5035342.311182998
2806 6466 428015.68727801356 5035342.904282315
3294 6466 432894.38202516804 5035341.8707379075
3416 6466 434115.33250633103 5035342.356418837
4392 6466 443874.033378652 5035342.260844212
4514 6466 445095.06797577866 5035343.1046153195
6222 6466 462173.0693445507 5035343.475721247
6954 6466 469495.1442815755 5035341.468941278
7198 6466 471935.21452092094 5035342.962729316
8174 6466 481696.56036026106 5035343.107488274
8296 6466 482916.18575465167 5035343.862082166
8540 6466 485356.0038737049 5035343.494331527
8784 6466 487795.40524159785 5035342.575935714
8906 6466 489016.464984441 5035341.7193320645
9028 6466 490235.3941484625 5035338.29024162
9150 6466 491458.4046421608 5035338.3894062145
9516 6466 495115.5666912912 5035342.052431667
9638 6466 496335.16483642417 5035341.726661876
10126 6466 501218.5162496407 5035340.46845467
10614 6466 506096.8837557709 5035342.819279229
10858 6466 508536.39204861043 5035341.6926789
244 6588 402395.4846913579 5034122.966923211
366 6588 403617.49905191857 5034123.0277154725
610 6588 406055.8347029251 5034123.470194665
1220 6588 412154.9920353203 5034121.7533327155
1708 6588 417036.0763219389 5034121.369790473
1952 6588 419477.50392793026 5034121.874859801
2318 6588 423136.10019215266 5034122.901896133
2440 6588 424355.22654491535 5034123.471721664
2562 6588 425573.79081650556 5034118.725534693
2684 6588 426793.8677829184 5034121.838535921
2806 6588 428015.36824595794 5034121.647315705
2928 6588 429238.30667304463 5034122.483332802
4148 6588 441435.3131598143 5034124.390683876
4514 6588 445095.7345423486 5034121.3849084675
4758 6588 447535.42368400266 5034122.46752531
6222 6588 462172.2566617437 5034122.785572417
6710 6588 467056.03343716887 5034123.013140868
6832 6588 468274.5377377512 5034124.160458242
7076 6588 470715.0146624363 5034124.168732852
7198 6588 471936.8407271555 5034121.630428803
8174 6588 481691.81201665726 5034121.992798739
9028 6588 490237.3959950178 5034123.452971526
9394 6588 493893.1643914419 5034121.754766018
10126 6588 501218.9264899522 5034120.966856722
10492 6588 504875.0247526319 5034121.516101916
10614 6588 506098.1235764964 5034120.357061934
10858 6588 508535.27852235996 5034124.443577245
366 6710 403613.3421617344 5032902.098624855
610 6710 406053.41539229994 5032902.051912833
732 6710 407276.4813488104 5032902.717333746
854 6710 408493.9819726436 5032902.317825398
1830 6710 418256.86283694714 5032902.614707255
1952 6710 419475.6721569257 5032902.50651957
2440 6710 424355.42278422054 5032897.814115156
2562 6710 425575.63361224753 5032899.129453776
2684 6710 426795.4779542855 5032902.8554737875
2806 6710 428014.37945993996 5032903.053470126
3538 6710 435333.6901589643 5032901.353285234
3660 6710 436553.2488252552 5032903.389902788
4392 6710 443877.09339358064 5032902.019264472
4636 6710 446317.12232667004 5032902.052542662
5856 6710 458517.71494391275 5032902.6006067265
6222 6710 462174.01802085096 5032901.867568335
6344 6710 463395.9092336349 5032902.72729376
6466 6710 464616.00612961926 5032901.893434494
6588 6710 465835.0962391138 5032900.9947536355
6710 6710 467056.55447635084 5032903.099966189
6832 6710 468277.3725198509 5032903.285683401
7076 6710 470716.5306850613 5032897.706696948
7198 6710 471935.4388882566 5032902.575923111
7442 6710 474375.3326250581 5032904.773476402
9150 6710 491455.50626719656 5032903.591944312
9882 6710 498775.0967659383 5032904.286012603
10248 6710 502434.00297101337 5032901.364413097
10370 6710 503654.7288716722 5032898.696034135
10492 6710 504876.1988215912 5032903.338268402
10858 6710 508536.4757618767 5032902.386612646
732 6832 407272.37808675156 5031681.068506952
1708 6832 417035.32426144806 5031678.546611824
1952 6832 419475.4038526877 5031678.804986919
2562 6832 425575.0864658773 5031681.754380505
3050 6832 430455.70028233516 5031681.733830772
3172 6832 431676.78480656823 5031683.30418464
3904 6832 438996.7195452486 5031681.777116709
4758 6832 447535.0848457755 5031681.946036914
5246 6832 452413.1959108937 5031681.923469446
5856 6832 458513.51321098267 5031678.463363276
6832 6832 468276.2756480814 5031683.177875626
6954 6832 469495.83906878595 5031684.155978751
7076 6832 470713.5687042555 5031678.895906607
7442 6832 474376.8923354517 5031682.268609205
7564 6832 475598.98721231695 5031682.717257602
8052 6832 480475.54475097754 5031683.854692908
8296 6832 482915.7678250659 5031682.47988573
8418 6832 484135.3471794396 5031683.519272381
8662 6832 486576.01784029795 5031684.576528781
9028 6832 490236.0332939601 5031683.223436745
9150 6832 491455.20504960464 5031682.772356628
9272 6832 492675.30315655144 5031681.879564459
10370 6832 503656.32378410397 5031682.921628475
10492 6832 504879.0833489685 5031679.446355271
10614 6832 506097.6304015542 5031681.963550709
10736 6832 507315.9948289258 5031682.206860977
366 6954 403616.35494759056 5030462.309697547
732 6954 407275.1945725306 5030462.334793633
1708 6954 417035.98682781606 5030462.321721166
1830 6954 418256.0418015986 5030463.348185997
2196 6954 421919.63627202506 5030460.344169737
2318 6954 423133.70914421504 5030461.420495081
2684 6954 426795.39950178977 5030462.496108431
2806 6954 428015.01629547775 5030463.440363157
2928 6954 429233.88324761635 5030462.485359537
4514 6954 445095.7131244236 5030463.112894891
5124 6954 451194.735989322 5030459.386033264
6344 6954 463396.1127220226 5030462.543083143
6588 6954 465835.3160529193 5030462.688698331
7808 6954 478036.4742482468 5030463.181423195
7930 6954 479257.0916895671 5030461.2585776765
8296 6954 482915.49333952693 5030462.687471373
8418 6954 484137.6720957018 5030463.900184678
8662 6954 486575.902577359 5030462.117170153
8784 6954 487795.661352307 5030462.76659695
9150 6954 491456.29359232436 5030462.083297642
9394 6954 493895.7080544844 5030457.588757774
9516 6954 495115.4978153284 5030461.7025813395
10370 6954 503656.5167363359 5030460.922571038
10492 6954 504875.4843027858 5030461.827191212
10614 6954 506096.39125938533 5030462.527374594
10858 6954 508535.4596787172 5030462.411969335
10980 6954 509755.1737233848 5030461.431702017
732 7076 407275.9925001094 5029238.473396236
2074 7076 420696.77265068743 5029238.1105499165
2196 7076 421915.5424004891 5029242.028996034
2684 7076 426795.03389401827 5029237.908778778
2806 7076 428015.39407261275 5029242.3963105865
2928 7076 429234.2955207039 5029241.665577836
3050 7076 430454.0991027155 5029242.099944908
3172 7076 431675.0935382273 5029243.019420627
3294 7076 432895.21492138854 5029242.744220131
3538 7076 435332.5927161728 5029241.890202001
3660 7076 436556.0561151413 5029244.810427705
4026 7076 440215.5089599248 5029244.353789358
8296 7076 482914.09276109794 5029242.238567208
8784 7076 487795.9709137438 5029243.417853651
9272 7076 492677.2477732602 5029242.04638768
9394 7076 493896.49663810147 5029241.780417948
10004 7076 499995.7477402298 5029243.14082467
10370 7076 503657.44260221976 5029243.408251967
10492 7076 504875.58317128365 5029243.314397982
10614 7076 506096.6660356115 5029242.5063077845
732 7198 407273.1215167058 5028022.991695079
2196 7198 421913.3748654963 5028021.749380091
2318 7198 423135.9614301006 5028018.472202255
2562 7198 425579.4426875198 5028021.57231777
2806 7198 428015.7449413465 5028023.998889665
3172 7198 431673.7371768468 5028021.969271471
3416 7198 434116.9306644882 5028021.730374735
3538 7198 435335.6129906794 5028023.014065829
3782 7198 437775.087012643 5028024.25297912
4514 7198 445095.4069279245 5028022.086213683
5124 7198 451195.13183375483 5028021.253562008
6832 7198 468275.33548605844 5028022.2163065495
7198 7198 471935.4546250662 5028023.410931128
8418 7198 484135.6342769343 5028022.933897955
10370 7198 503656.0147077087 5028021.441269538
10614 7198 506096.01462906494 5028022.599349167
0 7320 399955.6960952299 5026803.737864345
122 7320 401172.7799080193 5026801.852293578
244 7320 402395.5993534488 5026803.688314006
732 7320 407276.3416246139 5026798.845136216
1220 7320 412155.5547791414 5026803.782947549
2562 7320 425574.4701093202 5026802.712909539
2684 7320 426793.6320775103 5026803.228295452
3172 7320 431673.5991229356 5026802.157316241
3294 7320 432895.41232835664 5026803.481183647
3416 7320 434115.0732861603 5026804.648785371
3538 7320 435334.18496187165 5026799.678337929
4148 7320 441435.26354027004 5026803.554706509
4392 7320 443876.25490185054 5026803.65529486
5978 7320 459735.86651001713 5026800.371735082
6710 7320 467056.36417306855 5026803.91545931
7930 7320 479257.7493927457 5026798.859485257
9272 7320 492675.34221607377 5026802.979650562
10370 7320 503656.2717257087 5026801.250681821
10492 7320 504875.1001095522 5026804.124314825
244 7442 402396.21830008185 5025582.2650250085
732 7442 407275.9338126227 5025583.379231772
854 7442 408492.85447817453 5025582.083585331
1342 7442 413373.87064798817 5025582.836127268
2684 7442 426795.8438720862 5025582.110511697
4148 7442 441435.6909445516 5025581.3469490595
5002 7442 449977.0160186016 5025585.400725088
6710 7442 467055.5854761305 5025578.295017662
6832 7442 468276.15197884635 5025582.116627885
8052 7442 480476.5101057986 5025580.993771557
9394 7442 493895.6625463814 5025583.928389959
1952 7564 419475.73415238404 5024361.6505924305
2562 7564 425575.7836121749 5024358.125645421
2684 7564 426793.65562521503 5024358.304810369
3538 7564 435335.6355957779 5024362.770469365
4392 7564 443875.500051629 5024362.579392481
4514 7564 445095.45466023555 5024357.830982185
6100 7564 460955.04884096247 5024364.700895934
6222 7564 462176.04301526403 5024359.245665511
6954 7564 469494.3972609005 5024363.144699786
7808 7564 478035.0404150272 5024357.974116695
7930 7564 479258.0636280647 5024361.4743462475
8662 7564 486576.82010660064 5024363.015597204
8906 7564 489015.21716282447 5024361.678110465
9028 7564 490235.74621190346 5024361.240994676
9150 7564 491455.0194071178 5024357.8314375095
9516 7564 495115.04483828146 5024361.955469329
9760 7564 497555.82260662125 5024361.459593138
9882 7564 498775.85090117546 5024361.686063827
10370 7564 503655.8921647881 5024362.447534019
10492 7564 504876.06089263415 5024362.301098546
122 7686 401175.308778426 5023141.736051589
1098 7686 410936.1843772926 5023139.1021838775
2928 7686 429234.5933006804 5023143.786476799
3538 7686 435333.4854180389 5023138.5552239865
3660 7686 436555.76544635324 5023144.830022635
4636 7686 446317.21324616205 5023144.505388319
5002 7686 449971.8662361208 5023141.0108744055
5246 7686 452416.23583655816 5023143.021720821
5856 7686 458513.64061786776 5023138.278927126
5978 7686 459732.2572399807 5023138.742310611
6832 7686 468275.8617553781 5023143.721140583
7686 7686 476815.4033664125 5023137.820171921
7808 7686 478035.1360344595 5023144.8844559835
9028 7686 490236.5374367096 5023143.730172939
9272 7686 492674.3419995764 5023142.598504972
9394 7686 493895.08817496896 5023141.826748552
9516 7686 495116.62481422495 5023143.250174944
10004 7686 499996.6189084996 5023141.112606143
10126 7686 501216.34921426384 5023142.607756726
10248 7686 502437.19572077465 5023138.69100739
10370 7686 503656.5904477873 5023142.112665821
10492 7686 504876.0317774509 5023142.5678050425
10858 7686 508534.73122980597 5023142.899496289
610 7808 406058.2569053436 5021922.673196782
1098 7808 410935.36178781505 5021922.067030597
1220 7808 412153.9238831175 5021918.6745359525
1586 7808 415815.76207896014 5021918.105811385
2196 7808 421916.7181881478 5021921.900737873
2318 7808 423135.6078889735 5021923.396510202
2440 7808 424357.27279544296 5021921.350204594
4636 7808 446315.239255654 5021922.764899879
5246 7808 452415.3081697223 5021922.894993579
5368 7808 453633.3535368835 5021921.142259015
5734 7808 457293.5571343378 5021918.342744713
7320 7808 473155.9175100271 5021923.522823143
8784 7808 487797.3550161075 5021922.927251132
9516 7808 495115.95221746195 5021923.406786966
9638 7808 496335.74267223757 5021922.323096952
10004 7808 499996.69983705407 5021921.224566148
10248 7808 502436.52654723503 5021922.206368977
0 7930 399952.7028182945 5020701.98221515
244 7930 402395.1373891921 5020703.124651349
1220 7930 412156.71333602874 5020703.3468930805
1708 7930 417036.2815840633 5020703.717218971
2196 7930 421913.52693239466 5020701.312150903
3538 7930 435332.83305898076 5020700.330741497
4636 7930 446314.0508443473 5020702.247755475
5368 7930 453633.29124646407 5020703.504363924
5490 7930 454854.77824978123 5020702.67819267
5856 7930 458515.29210190073 5020702.860608447
8296 7930 482915.3946628849 5020698.924199935
8906 7930 489013.59446438676 5020700.520516152
9638 7930 496335.13923113485 5020701.591782065
10248 7930 502436.05648732866 5020698.2690462535
1220 8052 412153.65411436267 5019479.50701584
2074 8052 420695.2327869922 5019482.086868173
3538 8052 435332.306514148 5019481.515098543
3660 8052 436554.47093765705 5019478.663039631
4026 8052 440215.9143663705 5019484.817061215
4270 8052 442655.7677133209 5019483.737390252
5246 8052 452416.7290909737 5019482.483115263
5734 8052 457294.17292147997 5019477.885783772
6588 8052 465835.21102932317 5019484.616569247
7564 8052 475595.53448166995 5019481.720917945
8418 8052 484135.60930277815 5019477.5058138035
8906 8052 489016.8082605275 5019483.869139026
9516 8052 495112.9465249146 5019482.530452764
10126 8052 501216.45680503617 5019477.495811744
10248 8052 502435.3458431038 5019482.425843974
10736 8052 507317.1752959844 5019480.840271345
976 8174 409712.65035097377 5018262.575775178
1220 8174 412152.12279452075 5018261.390978779
1708 8174 417036.4854280636 5018264.191570181
1952 8174 419475.8255954463 5018262.354883797
2074 8174 420695.85542370874 5018262.589746534
2318 8174 423134.33642293885 5018263.748658452
2684 8174 426796.4688643734 5018263.328642467
2928 8174 429236.13986403315 5018262.453525924
3050 8174 430455.1713195917 5018263.596521726
3782 8174 437774.47705420677 5018257.999179094
4270 8174 442655.09227650356 5018263.246283098
5246 8174 452415.5868570745 5018263.572152068
5368 8174 453635.73811515514 5018263.648621863
5490 8174 454855.5887042006 5018263.235982386
7686 8174 476815.0737498154 5018265.055402869
8418 8174 484136.64840049006 5018259.42802731
8784 8174 487795.81656720885 5018261.741674817
8906 8174 489016.72672682215 5018262.600243262
9150 8174 491456.17145904055 5018262.470689381
9638 8174 496335.9861509676 5018257.557412106
9760 8174 497555.02183675714 5018262.908607413
10736 8174 507316.0883352272 5018261.3864316335
122 8296 401175.4630953552 5017040.923392462
244 8296 402396.5188886587 5017039.425376889
1464 8296 414595.58214512904 5017044.227236367
1586 8296 415817.8475969357 5017042.307981018
2318 8296 423136.2973332987 5017041.454758972
2440 8296 424354.1300562163 5017037.819962876
3172 8296 431676.7948035625 5017042.216717852
4514 8296 445096.7925227301 5017044.491209193
5124 8296 451193.50017557753 5017037.72947791
5246 8296 452416.9116013281 5017042.982464613
8906 8296 489015.13412692945 5017043.607270822
9882 8296 498777.75977253646 5017043.3598561855
10126 8296 501214.91975857446 5017042.417339472
10614 8296 506097.21278462437 5017043.299867436
122 8418 401173.15310482756 5015818.390265735
366 8418 403615.69765286765 5015818.467741131
1220 8418 412156.95889985265 5015818.227529945
2440 8418 424351.9995228772 5015818.863295566
2562 8418 425575.86178552604 5015822.232811124
2684 8418 426795.9212052711 5015824.7730141645
5124 8418 451197.7157030795 5015823.225093609
5246 8418 452418.01636833244 5015821.435507076
5368 8418 453632.52393349796 5015822.2740601115
5734 8418 457295.08164158766 5015822.632876783
5856 8418 458515.29386390717 5015822.258130269
6954 8418 469495.9007992905 5015824.948260404
7686 8418 476814.267469241 5015822.620439627
7808 8418 478035.9857488414 5015821.362683571
8418 8418 484135.64073550137 5015821.629381665
8540 8418 485355.2969106093 5015822.684115275
8662 8418 486575.23429667647 5015820.143721457
8906 8418 489015.1581709036 5015821.993626762
9760 8418 497556.29663789377 5015818.216973366
9882 8418 498778.0632465037 5015821.217743169
10248 8418 502436.3800750385 5015822.840160435
610 8540 406056.11469655763 5014601.647160266
732 8540 407276.2426223888 5014602.134287393
854 8540 408494.18951310543 5014603.365853928
1342 8540 413376.2759796224 5014599.190860822
1708 8540 417035.1703258012 5014597.531505355
2318 8540 423135.25365734403 5014602.517470614
2440 8540 424355.0168356035 5014602.644724093
2684 8540 426797.7223805206 5014602.32380189
2806 8540 428013.3047425848 5014602.112373403
3782 8540 437775.5367570539 5014603.355778433
4026 8540 440216.1932476819 5014598.574904259
4514 8540 445096.45024687494 5014597.603978833
4636 8540 446315.790067089 5014601.5824498935
4758 8540 447537.57407186646 5014603.395314336
5368 8540 453636.2870147098 5014601.321465774
5490 8540 454855.25292888243 5014602.967220442
5856 8540 458515.66095867637 5014602.706489364
6100 8540 460952.9500297533 5014597.711390781
7442 8540 474375.7241490383 5014603.570937672
7930 8540 479256.67721831 5014597.707739661
8052 8540 480479.7367067653 5014600.201226362
8174 8540 481697.0765199738 5014602.708413984
8418 8540 484135.0361059024 5014602.188427713
8540 8540 485352.8171076518 5014601.644814226
8784 8540 487795.915238847 5014598.367358822
9150 8540 491455.31919615035 5014600.603193584
9760 8540 497555.3189689061 5014601.386792269
9882 8540 498777.1119824957 5014598.16929886
122 8662 401172.5864462203 5013382.6620703675
244 8662 402395.0620704307 5013384.052327514
732 8662 407276.38209152705 5013381.166969451
2196 8662 421915.2543013692 5013382.622470676
2318 8662 423133.09934186813 5013381.931182223
4148 8662 441435.0096187773 5013383.87501699
5612 8662 456075.1520400579 5013383.350717966
6222 8662 462175.5249527996 5013383.52466236
7442 8662 474375.20034209697 5013381.769404542
7808 8662 478034.841732753 5013378.0777919935
7930 8662 479255.2850030575 5013377.933120997
8052 8662 480476.0679333519 5013381.135432939
8906 8662 489017.877881585 5013383.279293017
9028 8662 490235.73340754444 5013382.774138795
9150 8662 491456.09753893776 5013381.798867053
9394 8662 493896.33768882457 5013378.338024079
9516 8662 495115.7870595123 5013382.835873909
9638 8662 496336.3227122813 5013379.388934841
10248 8662 502432.45897948596 5013381.689897899
10370 8662 503656.186559607 5013379.853821962
10492 8662 504873.0853071437 5013378.051496447
10614 8662 506094.3433634297 5013381.702674598
122 8784 401176.9274481148 5012158.488301516
732 8784 407276.80388821766 5012158.706834428
976 8784 409715.3816865372 5012160.221614727
1464 8784 414594.0318494178 5012163.082736913
1952 8784 419472.9008032522 5012158.668974254
2196 8784 421915.423381228 5012161.945350337
3416 8784 434116.0863431376 5012163.224945389
3660 8784 436554.52957320225 5012163.359324959
3782 8784 437775.895458791 5012162.2678750185
4026 8784 440216.12206872273 5012162.35960425
5368 8784 453633.15091837064 5012162.412579754
8052 8784 480476.07886529353 5012162.797678809
8784 8784 487796.57486919104 5012160.9895247305
8906 8784 489015.5770340226 5012163.954489784
9028 8784 490236.1491443712 5012162.399310584
9394 8784 493896.0431523271 5012162.916233034
9516 8784 495115.15389742143 5012158.447424295
9760 8784 497556.32508083066 5012157.2569644
10004 8784 499996.38756346214 5012163.15333404
10492 8784 504875.84748084936 5012161.780347691
10614 8784 506096.07398625097 5012163.421221401
976 8906 409715.7410023689 5010937.687638035
1952 8906 419475.1699638421 5010937.47246077
2196 8906 421915.6639734712 5010943.8367681755
2318 8906 423135.77948721754 5010942.758317291
3294 8906 432896.6550572276 5010944.578111104
3416 8906 434115.26931416045 5010937.229349845
4270 8906 442655.98211881286 5010943.111417899
4392 8906 443876.15987526055 5010942.843180069
4758 8906 447535.88811491465 5010942.0785063375
6100 8906 460954.19120687223 5010942.960907718
6222 8906 462176.37329682347 5010943.02385812
6954 8906 469494.8413218673 5010939.708428119
7198 8906 471939.8553752121 5010940.0561801605
7564 8906 475595.14644750993 5010942.929663707
7808 8906 478035.6667857199 5010937.56997278
8784 8906 487795.0785006666 5010942.900565849
8906 8906 489015.487314051 5010943.515875358
9272 8906 492675.63534854964 5010942.516306723
9760 8906 497555.63152371877 5010942.294617075
10370 8906 503655.5221943834 5010943.383057394
10492 8906 504876.8197107961 5010944.417454862
10614 8906 506096.0184034304 5010942.774730196
244 9028 402398.2225109449 5009722.898143962
366 9028 403616.90512679465 5009722.749429958
488 9028 404835.0576845851 5009717.432922954
732 9028 407275.03702058963 5009722.503981898
976 9028 409716.28996557987 5009721.990620139
1464 9028 414595.9605198528 5009717.583499305
1586 9028 415815.0091190612 5009720.245866544
1952 9028 419474.75620488107 5009724.716724262
2318 9028 423132.38263453625 5009722.818558788
4270 9028 442656.61012706655 5009723.792457923
4758 9028 447536.3773836741 5009722.656492117
5002 9028 449976.4165958947 5009724.190874636
5124 9028 451195.9075101274 5009721.230103348
5734 9028 457296.205552296 5009721.119440615
5856 9028 458516.65269076626 5009717.873642268
6588 9028 465834.7442353729 5009723.982191399
7564 9028 475595.4232268237 5009722.384487099
7686 9028 476816.56572201 5009721.424335104
8418 9028 484135.80853492254 5009724.807232026
10248 9028 502436.64857144863 5009722.9742572615
10492 9028 504877.488820542 5009718.244378836
0 9150 399957.4392506783 5008502.141714268
244 9150 402395.14350036223 5008502.022009918
610 9150 406053.7407951258 5008498.4701352
1220 9150 412152.8469545372 5008501.6649493445
1464 9150 414593.5735972257 5008499.037143528
1708 9150 417036.1470928405 5008499.114589213
2074 9150 420695.27746261965 5008498.956286848
2806 9150 428018.2166563408 5008502.398933804
5002 9150 449975.783760179 5008502.593414725
5856 9150 458517.6820553183 5008497.727510758
6832 9150 468275.7161607838 5008501.993114203
8418 9150 484135.7087337417 5008502.862786567
9394 9150 493895.6662984889 5008497.680094136
9638 9150 496335.3182546128 5008501.524337541
10126 9150 501215.96744094504 5008498.482723094
10614 9150 506095.16485096846 5008501.428715427
244 9272 402395.1004752959 5007281.851555202
610 9272 406055.6597338504 5007283.528116749
1220 9272 412153.37352024985 5007282.880387264
1342 9272 413371.85333142267 5007280.829716264
1464 9272 414595.5215481976 5007283.868804269
1708 9272 417035.1787800377 5007283.12175429
2440 9272 424357.869697542 5007282.852017362
2562 9272 425574.4980430202 5007282.80066664
2806 9272 428013.5031526226 5007283.630477438
3294 9272 432896.2933340549 5007283.020593188
3782 9272 437776.0251630022 5007284.194680616
4026 9272 440216.19348738686 5007283.420457315
5368 9272 453635.05197056493 5007282.835839443
5612 9272 456075.2189638777 5007283.579157345
5856 9272 458513.89867327554 5007282.235133652
6588 9272 465834.4347430422 5007277.4012822965
7808 9272 478035.83872625395 5007278.686166008
8174 9272 481694.2619012151 5007282.271106283
9150 9272 491456.31095238443 5007278.033755511
9516 9272 495115.1878277689 5007281.862873446
9638 9272 496335.49330404494 5007278.490028125
9882 9272 498775.03366650356 5007282.121320645
10126 9272 501215.355986393 5007282.456488133
10614 9272 506095.159527162 5007277.808285664
732 9394 407276.29395978374 5006062.319171306
1098 9394 410933.25026269385 5006060.793947979
1342 9394 413375.33568086463 5006062.887767837
1708 9394 417033.63767829887 5006058.070316599
1830 9394 418256.4368544781 5006061.421588427
2440 9394 424357.27409551153 5006058.293140316
4270 9394 442656.6667378878 5006062.236353968
4392 9394 443877.5512320282 5006061.9134114925
5124 9394 451195.1797673322 5006062.271330474
5368 9394 453635.196179229 5006064.438124613
5734 9394 457293.1843778786 5006057.980523077
9150 9394 491456.4893982381 5006064.6646137815
9394 9394 493895.8176823744 5006062.779336421
9638 9394 496335.5018809285 5006056.864687384
9760 9394 497556.04459179344 5006062.591225296
9882 9394 498775.2142458099 5006063.078506223
10004 9394 499995.23466989974 5006064.077772418
10736 9394 507315.48963414767 5006058.077435363
244 9516 402396.143793829 5004842.428939608
488 9516 404837.05370373186 5004842.489796154
610 9516 406055.6749491892 5004842.388020128
732 9516 407275.5346467069 5004842.785021089
1098 9516 410933.09910967055 5004840.910466045
1220 9516 412154.07870452985 5004842.079824585
1830 9516 418253.89602549997 5004843.056326588
2928 9516 429233.740166401 5004843.2692627
3660 9516 436555.3826516978 5004843.702681442
4270 9516 442655.2873496623 5004843.0370644685
4392 9516 443875.10268191143 5004839.691691977
4636 9516 446316.3310308764 5004841.38388308
5490 9516 454853.9600847118 5004836.866073025
5734 9516 457295.60853330273 5004841.18763027
6100 9516 460958.3330732879 5004842.825016066
6222 9516 462176.653548772 5004843.298191019
6954 9516 469494.6573524994 5004837.490276021
7442 9516 474375.3756679366 5004841.112154789
8296 9516 482916.3907021173 5004842.9861764265
9028 9516 490232.99129275745 5004837.834102993
9272 9516 492672.46366792417 5004840.885301713
9394 9516 493895.26172427874 5004844.972655043
9516 9516 495115.0028218314 5004842.965629108
9760 9516 497555.256356999 5004842.477459985
9882 9516 498775.29060695204 5004843.1741459835
10004 9516 499996.4393249003 5004842.18177711
10126 9516 501217.19881887024 5004844.619159015
10370 9516 503655.5366416788 5004843.872200565
10492 9516 504875.3076597982 5004842.937621468
10736 9516 507315.648045 5004842.471998991
10858 9516 508534.39378809504 5004842.994151313
732 9638 407276.3355790185 5003622.632961729
854 9638 408495.1027789309 5003617.456430584
3294 9638 432895.04320440267 5003623.06945516
4758 9638 447532.4976915971 5003622.429851432
4880 9638 448752.6195305122 5003622.105681132
5002 9638 449974.045024548 5003622.245539543
5490 9638 454855.17222820665 5003622.54208733
5612 9638 456075.82828655525 5003618.628814651
5734 9638 457297.0865113234 5003620.994228445
8662 9638 486577.50495180336 5003620.497578345
9638 9638 496335.0984515831 5003620.094265386
10004 9638 499994.10952679475 5003622.949919145
366 9760 403613.41688915226 5002398.435101458
854 9760 408493.4075314832 5002398.643482243
1220 9760 412155.27865674073 5002402.442585893
1342 9760 413373.3708299763 5002402.1592272185
1464 9760 414595.1700956598 5002402.953917299
1586 9760 415815.7197756363 5002403.366658939
1708 9760 417033.2868177836 5002402.437230128
2684 9760 426793.33061348816 5002402.328994701
2928 9760 429235.23121436575 5002403.083074174
4270 9760 442655.77797918156 5002402.575097987
4392 9760 443879.6364918429 5002401.168966044
4758 9760 447533.2636532167 5002397.4240700845
4880 9760 448755.56093760696 5002401.095655161
5612 9760 456075.89944622264 5002397.370292317
6100 9760 460955.00498486904 5002404.157901948
6588 9760 465836.2845156648 5002402.78399385
8296 9760 482915.53739129944 5002404.435892521
9028 9760 490234.0555248004 5002403.591167681
9516 9760 495115.4197408296 5002402.59643433
9638 9760 496336.04320564296 5002403.09908951
10004 9760 499998.4748351925 5002404.2387284245
10126 9760 501212.8263662874 5002403.375799036
10370 9760 503655.6603616129 5002402.2029108545
244 9882 402394.2445031086 5001182.814778547
366 9882 403616.73361620784 5001182.930546164
488 9882 404837.3709452971 5001183.430530741
1220 9882 412152.868157872 5001181.990136877
1342 9882 413375.4236344944 5001183.3805604745
1464 9882 414595.2604233823 5001183.050421895
1830 9882 418252.6932828903 5001183.2739091385
1952 9882 419475.223312309 5001183.3258631155
2074 9882 420694.0994050869 5001183.83472992
2318 9882 423132.8823929455 5001182.791159054
2684 9882 426795.43293376814 5001178.139264256
2806 9882 428014.1882135843 5001182.912932204
2928 9882 429236.10352397116 5001182.659389966
3050 9882 430455.40073940606 5001182.420848972
3660 9882 436555.40790702956 5001182.77075537
3782 9882 437774.7638671041 5001183.540146625
4148 9882 441435.2198634652 5001178.613669978
4270 9882 442655.16696183226 5001181.816659925
4392 9882 443875.5722055383 5001182.614016773
4636 9882 446315.375002314 5001180.448610875
4758 9882 447535.2012337999 5001177.99981977
5490 9882 454853.8627765095 5001182.054981298
6344 9882 463395.12043459713 5001183.006838939
7686 9882 476814.4899773865 5001182.961419418
9150 9882 491455.4135489395 5001181.836063849
9394 9882 493894.43516351323 5001183.487058166
10004 9882 499997.08773211256 5001178.142858535
10492 9882 504876.0757387106 5001184.017865465
10736 9882 507315.5300124093 5001182.269074041
366 10004 403615.8819265538 4999963.557197038
488 10004 404835.06284394686 4999960.376346079
1464 10004 414592.6923728732 4999961.867760773
1586 10004 415816.1442213549 4999963.653750001
1708 10004 417035.38813287707 4999964.879416857
2074 10004 420693.3524028551 4999962.409872523
2196 10004 421914.0982109959 4999958.818740504
2318 10004 423136.3995429691 4999963.452507998
2562 10004 425573.75443081383 4999962.193459293
2684 10004 426795.2101607173 4999962.832260557
2806 10004 428015.3960877974 4999961.234248104
2928 10004 429234.0682417296 4999962.114057891
3050 10004 430455.5740515258 4999962.772660031
3538 10004 435335.5307415067 4999962.330439352
3660 10004 436555.7661619741 4999961.971444456
4148 10004 441435.92810704996 4999962.203024783
4270 10004 442655.2615676796 4999962.4404533915
5124 10004 451196.175810686 4999963.325351786
5368 10004 453635.0911970827 4999963.7335571535
5612 10004 456075.8988372308 4999962.704758668
5734 10004 457296.51569154084 4999963.3338757465
6100 10004 460956.5768611841 4999958.499034359
6588 10004 465835.8089628028 4999963.465495159
6710 10004 467057.6545845536 4999961.927408081
9272 10004 492675.56981406 4999962.308935706
9516 10004 495115.66008257127 4999963.8677150635
10614 10004 506093.816514193 4999962.230952549
10736 10004 507315.71343556995 4999961.080391561
0 10126 399955.8414978909 4998739.0972626675
244 10126 402392.221819214 4998740.047667492
1342 10126 413374.3564214185 4998742.148887967
1464 10126 414595.32740546664 4998743.691754357
1586 10126 415815.1672026236 4998742.717769726
1708 10126 417035.9840963903 4998743.029551782
1952 10126 419476.45234401594 4998737.810864625
2196 10126 421915.240392146 4998743.027487961
2318 10126 423134.00904193753 4998741.476010456
2440 10126 424351.6127328044 4998741.636381095
2562 10126 425573.8319654227 4998742.370562983
2684 10126 426793.46505080914 4998741.834595633
2928 10126 429235.6698989768 4998742.158057634
3050 10126 430454.92484349373 4998738.9075699365
3172 10126 431672.81455305376 4998741.563435919
3294 10126 432895.02300867136 4998742.59662156
3538 10126 435335.5823786805 4998742.498806293
3660 10126 436553.6193703152 4998742.374911455
4148 10126 441433.933428696 4998743.290237046
4270 10126 442655.21325416985 4998743.256587879
4514 10126 445093.6716505567 4998742.371125065
4758 10126 447535.6640503247 4998743.616089376
5856 10126 458516.6405879699 4998743.088373655
6710 10126 467056.24688353314 4998737.699151024
7076 10126 470718.8876845483 4998743.348387143
9150 10126 491455.28242766386 4998744.459442859
9394 10126 493895.48675322614 4998742.562658766
9516 10126 495114.0620788298 4998741.199604754
9760 10126 497555.1033749165 4998736.824609059
9882 10126 498774.7956565209 4998744.371209356
10248 10126 502436.472394532 4998737.480467132
10492 10126 504875.4115813348 4998740.771791978
10614 10126 506096.86852926534 4998742.4793588985
0 10248 399956.23831152474 4997523.794913164
122 10248 401176.31089507 4997522.597565423
244 10248 402396.00034599396 4997523.134989936
732 10248 407275.04957572464 4997523.102065396
1464 10248 414595.3692721857 4997523.177262071
1586 10248 415815.63111342135 4997522.244322485
1708 10248 417038.03297976416 4997523.7160812775
2196 10248 421915.7565741508 4997524.074998274
2318 10248 423135.086713734 4997524.204735416
2440 10248 424355.17274791823 4997524.236606316
2562 10248 425573.58411416603 4997518.164264609
2684 10248 426793.3208993106 4997523.012917987
2806 10248 428012.45905211166 4997520.813821103
2928 10248 429233.6401827586 4997518.762196465
3050 10248 430452.31413852604 4997519.574169107
3172 10248 431674.5825157531 4997521.90827894
3294 10248 432895.7087685696 4997518.652060689
3660 10248 436556.0445649367 4997522.27143907
4148 10248 441435.47392220097 4997519.365429146
4270 10248 442655.14910814044 4997523.157020385
4880 10248 448755.2524480559 4997523.388345867
5002 10248 449975.6161995301 4997523.147471131
5124 10248 451195.09518620814 4997523.65528006
5246 10248 452415.42193953745 4997523.21447819
5368 10248 453633.69647765835 4997523.28759924
5490 10248 454855.4133171445 4997521.904598033
5612 10248 456069.90306560823 4997519.892938783
5856 10248 458515.80115746317 4997523.569147315
5978 10248 459736.1298822564 4997517.260928234
6344 10248 463392.9713779593 4997521.361052147
6954 10248 469497.61135219433 4997521.955646221
8418 10248 484138.70475550386 4997522.333473324
8906 10248 489015.62567375455 4997517.659171265
9760 10248 497555.8238668683 4997521.042129782
9882 10248 498772.5812663039 4997522.2341011595
10126 10248 501213.4610225752 4997517.259840931
10248 10248 502433.5939161875 4997518.6975424765
10370 10248 503653.5383604591 4997521.917586761
10736 10248 507316.37937497575 4997521.065353805
488 10370 404834.080641559 4996301.985041024
1098 10370 410934.9469104186 4996300.156347462
1342 10370 413373.5337343557 4996301.971503513
1464 10370 414595.03300568217 4996302.751380457
1586 10370 415813.26819661487 4996302.3087756885
2440 10370 424353.81497279776 4996301.861264136
2684 10370 426793.4511697966 4996302.51985567
2928 10370 429233.28885925096 4996301.04488282
3172 10370 431673.67488682497 4996302.054357821
3294 10370 432896.2702218088 4996302.214158563
3660 10370 436555.2584037191 4996302.108293425
3782 10370 437773.9896076248 4996302.522418699
3904 10370 438994.0243593709 4996302.883115137
4026 10370 440213.6977837537 4996302.3466020245
5246 10370 452416.14117724035 4996302.304035201
5368 10370 453635.55211580516 4996302.143854058
5490 10370 454855.11968930694 4996302.257980907
6100 10370 460955.5820300022 4996302.316140793
6222 10370 462177.55542895774 4996298.446699851
6954 10370 469495.83462419355 4996303.383764347
8052 10370 480472.2947225541 4996302.183814752
8296 10370 482915.11733243574 4996302.4852008
8784 10370 487795.771318323 4996298.106186033
8906 10370 489018.16997476056 4996302.196399717
9150 10370 491455.0932242975 4996296.682412564
9272 10370 492675.51797378267 4996301.994688296
9760 10370 497556.1689912633 4996297.330369648
10126 10370 501216.45872340066 4996302.69259371
10736 10370 507315.80225407187 4996302.369905189
10858 10370 508536.45499655436 4996302.443000599
0 10492 399955.9332075985 4995082.354453475
244 10492 402398.0568155812 4995081.126648777
1220 10492 412155.4969405972 4995082.514818871
1342 10492 413373.65226271015 4995082.657811635
1586 10492 415815.15674566093 4995082.043331534
2684 10492 426796.62328314275 4995081.821488279
2806 10492 428016.1217337791 4995082.61414515
3782 10492 437775.05964383396 4995079.053495226
3904 10492 438995.1945678728 4995082.775631952
4026 10492 440216.49776566704 4995082.569182209
4148 10492 441436.3331283059 4995081.8074702555
4636 10492 446315.0440589132 4995083.888458541
4880 10492 448754.083998388 4995082.447330113
5002 10492 449976.58612806204 4995079.540134447
5124 10492 451195.1571316991 4995082.605660183
5246 10492 452415.8177120677 4995082.551704993
5368 10492 453634.36898568016 4995078.416016594
5490 10492 454853.90461134765 4995081.64588058
6466 10492 464615.48596884485 4995082.293257934
8052 10492 480477.0286385117 4995082.541156345
8906 10492 489017.1422109423 4995083.020739424
9394 10492 493895.0293371877 4995084.455233702
9516 10492 495116.72487543296 4995079.305270117
10004 10492 499996.1882579889 4995080.996027892
10370 10492 503655.6680818544 4995077.995652466
2684 10614 426795.45978416735 4993862.664951174
3416 10614 434115.7873090771 4993862.703574227
3538 10614 435336.57800510194 4993865.170976978
3660 10614 436553.0302634583 4993862.931363133
3782 10614 437775.1771955015 4993859.78742564
3904 10614 438995.6367475985 4993863.587124201
4026 10614 440214.4418459282 4993862.307576099
4148 10614 441434.6689276527 4993859.121265844
4270 10614 442653.779116229 4993862.860986452
4392 10614 443873.8937133838 4993862.092934115
4636 10614 446316.38070134056 4993858.61501076
4758 10614 447536.53544872126 4993862.706751992
4880 10614 448753.2781070775 4993861.9888296975
5002 10614 449975.81177796243 4993862.394832038
5124 10614 451195.3833566125 4993862.0253078835
5246 10614 452415.95656145323 4993862.278329929
5734 10614 457293.8798369473 4993862.271661842
6710 10614 467053.5628951419 4993861.64062836
7930 10614 479258.36185174185 4993862.71600957
8052 10614 480473.6536110762 4993862.534699054
8174 10614 481697.0873065392 4993863.44343175
9150 10614 491455.3165603886 4993862.855607626
9394 10614 493895.43404220196 4993862.091808356
9516 10614 495113.6094470111 4993862.4790373845
10370 10614 503656.34475086443 4993858.108544495
10980 10614 509755.06850241945 4993860.869389669
2684 10736 426793.4129749148 4992643.603657938
3904 10736 438995.4028146369 4992642.051707364
4270 10736 442655.5371966322 4992643.267874484
4392 10736 443875.09663249354 4992643.197664913
4514 10736 445092.5579662327 4992642.109305361
4636 10736 446315.37746354827 4992643.8753109
4758 10736 447535.9755814082 4992643.118966021
5002 10736 449973.5979547793 4992642.214101868
5124 10736 451194.0716536966 4992638.914671046
5246 10736 452416.41713241144 4992640.661676165
5368 10736 453635.8694971127 4992639.348391463
5490 10736 454855.7289104457 4992641.415417475
5734 10736 457295.1514825816 4992641.949896884
6100 10736 460954.33620033663 4992641.404917919
6466 10736 464614.8106633324 4992643.531376333
6588 10736 465836.5399691733 4992642.706789798
7076 10736 470714.0445656713 4992643.1699906625
7808 10736 478037.9195484916 4992639.543893292
7930 10736 479255.76694385434 4992642.620669699
8662 10736 486576.51344966906 4992643.191898505
8784 10736 487796.5633451381 4992642.249978817
8906 10736 489016.9057441289 4992642.757482718
9272 10736 492674.27634224633 4992642.5713367155
9760 10736 497557.0714680336 4992637.679834911
10858 10736 508536.80958280293 4992641.5147858625
4270 10858 442654.1735748112 4991422.501378946
4392 10858 443871.45437836816 4991419.061736574
4636 10858 446317.3689698387 4991420.097913473
4758 10858 447535.4121066661 4991422.590179779
5002 10858 449975.2173185998 4991422.026672215
5124 10858 451195.4360513039 4991421.324584704
5246 10858 452415.18201888487 4991422.052977718
5734 10858 457295.66243058204 4991424.115781048
5856 10858 458515.9466030649 4991421.027499555
5978 10858 459736.1971942341 4991422.656649358
6100 10858 460955.328343948 4991421.843810064
7198 10858 471936.15393496834 4991422.825334974
8174 10858 481693.34465072607 4991421.2181251
8540 10858 485355.8699374586 4991423.55127026
8784 10858 487796.0643094252 4991417.176411394
10126 10858 501217.38828611304 4991418.173812111
10248 10858 502435.4528539161 4991422.722557613
10492 10858 504878.07885744626 4991422.682144679
10614 10858 506096.08549806464 4991418.077855178
10858 10858 508538.4065477147 4991417.762018367
5002 10980 449975.98315404303 4990197.449807276
