4758 122 647581.314794972 5098788.960158433
5368 122 653676.9886608719 5098789.004329818
6466 122 664659.262511485 5098788.402084688
6588 122 665877.5534074327 5098787.497617111
4148 244 641477.8120287478 5097567.735304084
5002 244 650018.7714635591 5097566.794983134
6588 244 665877.7735681158 5097568.357713295
6832 244 668316.9075077405 5097566.168370624
4880 366 648798.2845511496 5096347.916782726
5246 366 652462.0842063419 5096344.765262931
4880 488 648796.7368955876 5095127.296038796
5002 610 650018.050890703 5093908.506664051
5124 610 651235.6614169333 5093904.74449497
5368 610 653678.3005877949 5093907.029498632
5978 610 659777.6862696959 5093909.172826923
4758 732 647577.1929766653 5092687.82734037
5124 732 651237.6615884447 5092686.726392919
5734 732 657337.098303888 5092684.793356475
7320 732 673197.6367870076 5092688.870376537
4636 854 646355.6701971461 5091468.801297107
4758 854 647580.1238446744 5091469.956326934
6710 854 667097.657043121 5091464.837006913
4758 976 647578.3622896088 5090248.476185362
6100 976 660996.280228892 5090252.207472578
2684 1098 626837.9213887769 5089029.4062236585
4148 1098 641477.2204527989 5089023.117527474
4636 1098 646356.7411024891 5089031.682620007
4880 1098 648796.7803216565 5089026.294808466
5978 1098 659778.488444436 5089029.149724775
6100 1098 660997.4755447769 5089027.61613416
2684 1220 626836.8872311976 5087807.020160771
4026 1220 640257.5515327026 5087804.899173929
4514 1220 645137.1504305714 5087808.299687909
4758 1220 647577.6792374796 5087806.848652979
6466 1220 664657.2299239404 5087808.305618651
2440 1342 624402.9310702314 5086584.062984415
4270 1342 642696.1606344011 5086588.536942191
4514 1342 645142.0671041085 5086586.997630998
4758 1342 647576.5170976634 5086588.54354524
5612 1342 656118.0107555991 5086587.482040877
5734 1342 657336.6133515426 5086591.04611003
4270 1464 642692.42435754 5085365.8650672035
4392 1464 643918.2456303852 5085367.268895344
5612 1464 656115.9531279332 5085371.698834398
5978 1464 659778.4710159824 5085367.516239568
4270 1586 642696.8128709322 5084151.33432034
4392 1586 643917.035863408 5084148.3873258
5612 1586 656117.1358214364 5084149.359319335
5856 1586 658552.6662802038 5084151.439943888
5978 1586 659777.7723819786 5084148.64709717
4270 1708 642695.7641965242 5082924.259349002
4636 1708 646362.9489982929 5082923.542512118
5978 1708 659777.6915689902 5082924.405132564
6100 1708 660997.2681039759 5082928.281995863
6222 1708 662217.8072709036 5082927.586090858
6344 1708 663436.1024764631 5082931.447704109
2318 1830 623176.8664318973 5081711.391513551
4880 1830 648796.8843216999 5081706.611987785
5978 1830 659781.1402649841 5081706.371124977
2196 1952 621957.9137190756 5080483.818184884
5246 1952 652453.1710041426 5080483.976848613
5368 1952 653676.5831162117 5080487.0270933155
5612 1952 656116.8734046931 5080484.731746403
5734 1952 657339.7958024933 5080489.740598373
5978 1952 659776.9448523547 5080487.05580185
6222 1952 662218.1878860968 5080483.35199587
5612 2074 656117.9106913112 5079271.762792811
5734 2074 657341.9781902687 5079264.598204071
1952 2196 619515.892223211 5078044.304004757
5368 2196 653677.6179935621 5078047.877577242
5612 2196 656117.5344402036 5078048.494951133
5734 2196 657339.2382320925 5078047.568121932
2074 2318 620737.8207258212 5076824.44079149
4026 2318 640256.889710333 5076830.977452421
5490 2318 654897.659157766 5076830.75903704
1342 2440 613416.4979947155 5075610.402996186
1952 2440 619516.4394603821 5075609.3421487305
3172 2562 631722.9437693777 5074386.435489711
3904 2562 639041.3245960851 5074383.367204163
5734 2562 657337.3207505811 5074390.265897913
1830 2684 618299.9999402649 5073159.999940265
3904 2684 639040.6254145063 5073161.214979327
4270 2684 642701.1349889783 5073162.795740056
5856 2684 658556.3087989632 5073167.268271575
6344 2684 663438.2674708205 5073168.249138447
3416 2806 634157.994195076 5071943.607848613
3782 2806 637816.2731061634 5071947.190198134
4148 2806 641480.26015909 5071940.635158225
5490 2806 654899.0199309577 5071949.245150809
5612 2806 656117.1364613965 5071941.875087617
976 2928 609757.6213364563 5070724.258784652
3172 2928 631716.9237891227 5070731.658457737
3538 2928 635377.7723197325 5070728.326671017
3782 2928 637820.2767392613 5070720.21274627
3660 3050 636601.628487447 5069501.0579453865
4026 3050 640260.6856519652 5069501.813661341
5612 3050 656117.0817770932 5069509.649742379
5734 3050 657337.9394514959 5069506.501258864
7198 3050 671977.1463047034 5069507.671837834
7442 3050 674417.7261476547 5069503.7886833865
2684 3172 626838.9860753565 5068284.695038831
3416 3172 634158.0709804508 5068282.898725662
4026 3172 640259.2321897385 5068280.4587903535
5246 3172 652456.1059313855 5068291.05357879
5490 3172 654896.9026543334 5068280.530929613
7320 3172 673195.581502728 5068291.95120229
610 3294 606096.6309494349 5067066.817425746
854 3294 608537.5442471148 5067063.576349022
2928 3294 629276.6301318529 5067064.862773496
3050 3294 630496.7921885625 5067067.710601427
3172 3294 631717.2575142283 5067066.768884551
3416 3294 634156.6574487175 5067068.356867307
7320 3294 673195.4761429332 5067064.527753788
244 3416 602436.1660008809 5065849.280802004
3904 3416 639038.9019516616 5065841.705715024
3904 3538 639039.1849776757 5064628.013033583
3050 3660 630493.3407483516 5063408.383232603
3782 3660 637817.6435933546 5063403.109791018
7076 3660 670756.9685804116 5063407.642877516
122 3782 601218.9328632707 5062187.065723146
244 3782 602436.3184775686 5062187.745497762
488 3782 604878.0261527281 5062184.895226138
3050 3782 630503.3675810959 5062182.986778095
4636 3782 646355.9995044942 5062192.707663456
366 3904 603661.4600958049 5060967.93287408
2440 3904 624396.2407515644 5060964.895919815
2684 3904 626838.009880353 5060969.88746431
2806 3904 628058.2728308135 5060970.541007677
488 4026 604877.5117634624 5059747.044888015
2806 4026 628056.5722284026 5059749.367170512
7442 4026 674417.0681927549 5059746.959389521
1952 4148 619515.3441877975 5058529.709108539
2440 4148 624396.2940681331 5058528.024864157
3782 4148 637815.9337816024 5058529.469953278
4880 4148 648796.1461571764 5058527.48245288
5124 4148 651237.9043593277 5058531.337127184
6466 4148 664658.7538706247 5058532.3970009405
1220 4270 612198.7330084727 5057308.406940399
2684 4270 626837.4223299918 5057307.761150538
4392 4270 643917.408315556 5057308.479189967
4636 4270 646356.1901310488 5057311.542850474
4758 4270 647576.4448025189 5057303.345470611
5490 4270 654895.1581183906 5057306.864070027
7320 4270 673196.034293038 5057311.850947374
1098 4392 610975.6265167738 5056084.045296875
2440 4392 624401.7993251267 5056088.232867066
3294 4392 632940.0028478728 5056080.002491523
3660 4392 636596.1252942777 5056090.65822427
4148 4392 641476.2857756878 5056087.747152198
4270 4392 642695.803511227 5056089.012988227
5246 4392 652458.1152099594 5056086.4527731845
5490 4392 654896.9795994982 5056089.524198809
610 4514 606096.7327157464 5054866.490767187
1342 4514 613419.1154001084 5054868.278638929
2440 4514 624397.8815927695 5054864.211242982
3294 4514 632940.7499996212 5054864.266755957
3416 4514 634158.2155620139 5054868.547334413
3904 4514 639035.6814999385 5054872.5839738315
4026 4514 640257.2647519676 5054866.578357229
4392 4514 643921.7081302421 5054868.091533041
5002 4514 650020.8616872538 5054867.387675676
5124 4514 651238.407824591 5054868.470623823
5368 4514 653677.1873684691 5054869.202326671
5612 4514 656116.790494956 5054872.206201626
7076 4514 670756.4708214221 5054872.6052424405
244 4636 602437.4719259841 5053648.25697341
732 4636 607317.3297760141 5053647.479050649
854 4636 608537.0558185275 5053647.926331522
1098 4636 610976.46199307 5053646.249327366
1708 4636 617076.5087685486 5053643.293475484
3172 4636 631720.0024752256 5053640.002454184
3782 4636 637818.2368417528 5053646.763757032
3904 4636 639035.4365052962 5053648.400314215
4026 4636 640257.1598622465 5053648.406909459
4148 4636 641478.484101016 5053649.0480564665
5002 4636 650016.7856713041 5053648.449711662
5246 4636 652455.7795917396 5053647.961648584
5368 4636 653678.1996413931 5053651.61435067
5490 4636 654895.9373662579 5053647.271875233
6588 4636 665876.487159854 5053651.9311811
6710 4636 667096.9531507702 5053644.9382758
244 4758 602437.7250339086 5052427.283806627
488 4758 604877.2984412621 5052424.231926353
854 4758 608536.5525850885 5052428.38586673
976 4758 609756.8099806181 5052426.078355636
1464 4758 614636.5124656856 5052427.052371505
1708 4758 617076.7315334347 5052427.918706321
3172 4758 631721.8349285908 5052421.7192500075
3538 4758 635377.3667797154 5052425.841000573
3660 4758 636596.4162379825 5052427.650349417
3904 4758 639037.0393409827 5052431.230992017
4148 4758 641475.4816459997 5052424.601363918
4270 4758 642697.6500625582 5052427.7942240685
4880 4758 648798.5561909459 5052431.187506301
5490 4758 654901.3018416109 5052427.811352404
5612 4758 656119.0714942388 5052427.831049226
5856 4758 658557.8878553491 5052424.756032097
6710 4758 667097.8462934635 5052430.681395692
7076 4758 670756.0599443922 5052431.277592865
1220 4880 612197.9950991288 5051207.033818797
1342 4880 613419.0320894017 5051207.802270256
2074 4880 620739.8426699762 5051200.0
3172 4880 631719.7993612371 5051203.3934692135
3294 4880 632938.260765994 5051203.868871731
3660 4880 636597.2631728243 5051208.504235099
3782 4880 637817.8591161375 5051209.183205219
4026 4880 640257.1683850066 5051205.398578461
4148 4880 641482.3203941671 5051207.214090243
4270 4880 642697.2020773984 5051206.756164052
4880 4880 648797.6016264515 5051208.81567395
5002 4880 650016.7477385105 5051211.203636364
5246 4880 652457.2652430485 5051208.081280332
5490 4880 654896.9401496996 5051207.659226891
6588 4880 665876.8294780259 5051212.413974922
1342 5002 613423.853396688 5049988.043842718
1586 5002 615859.1133160045 5049987.338153795
1952 5002 619517.4961308171 5049989.172112261
3050 5002 630499.6812224976 5049979.257426424
3416 5002 634158.7109018051 5049988.921213234
3782 5002 637818.1016412524 5049989.128483925
4026 5002 640257.4980866632 5049988.44828307
4636 5002 646358.0570248244 5049991.284831661
4758 5002 647575.7449893838 5049987.933205284
5124 5002 651237.9999082851 5049989.3321634745
5246 5002 652455.868315545 5049990.886164416
5856 5002 658556.2347716225 5049991.295025988
5978 5002 659776.538176877 5049988.03572337
6100 5002 660996.8133168828 5049991.76065898
488 5124 604879.1156064742 5048768.308970909
732 5124 607317.7584521704 5048767.2845586175
1098 5124 610977.5166280847 5048767.440419914
1220 5124 612201.0632408154 5048764.55908498
1586 5124 615854.2530154819 5048762.863256201
1952 5124 619518.9180992644 5048768.627228586
2074 5124 620741.6143419283 5048771.660105677
3050 5124 630498.289983537 5048763.029410563
3660 5124 636597.6635793069 5048766.811514524
3904 5124 639042.544695105 5048764.072610968
4758 5124 647576.7202486519 5048767.387101078
5124 5124 651237.3187269287 5048768.420179645
5246 5124 652457.6471733684 5048770.953154146
5612 5124 656117.7095479452 5048764.421158982
6222 5124 662218.2484636094 5048772.773855759
6710 5124 667101.4844755224 5048767.559716465
6832 5124 668315.4992992505 5048767.400482951
610 5246 606098.0867029321 5047548.188185504
732 5246 607319.2676641725 5047548.626373197
976 5246 609757.54198501 5047548.035692229
1220 5246 612196.2894446651 5047546.919717179
1342 5246 613417.8634498238 5047549.029567508
1586 5246 615858.3519775212 5047548.007826634
1830 5246 618298.050530287 5047548.9930440085
2074 5246 620741.0442038509 5047541.50621603
2318 5246 623180.0002751616 5047539.999940738
3050 5246 630499.9943547817 5047540.000236177
3294 5246 632939.9992845905 5047540.000507831
3660 5246 636598.2153507461 5047547.1531255385
4026 5246 640257.5861103865 5047552.665275247
4514 5246 645136.3873404398 5047547.655077312
4636 5246 646356.9589415634 5047546.555277602
4758 5246 647577.4333285928 5047546.695907264
5002 5246 650017.1928259614 5047550.657677378
5124 5246 651236.1117863738 5047541.865948252
5246 5246 652457.8670367096 5047547.614474663
5612 5246 656118.077926196 5047544.959563737
5978 5246 659776.6349351997 5047551.733900912
6222 5246 662218.5268811015 5047547.359152575
6588 5246 665876.2819751303 5047547.673025355
7076 5246 670756.5859278364 5047551.403555176
244 5368 602435.6009978058 5046326.1377846
488 5368 604882.1581626876 5046323.368502515
610 5368 606096.2416601724 5046324.976156585
732 5368 607317.354006638 5046328.437101075
1098 5368 610979.2652078505 5046331.779183845
1464 5368 614634.9515749108 5046325.619644743
1586 5368 615861.0612273016 5046331.092943714
1708 5368 617077.4976151845 5046327.836081696
1952 5368 619516.9046236931 5046327.42418322
2318 5368 623180.9854334961 5046320.526427782
3416 5368 634157.3438115038 5046323.852196201
3660 5368 636596.3639614508 5046327.686969916
3904 5368 639037.1365565395 5046328.532118502
4514 5368 645138.4130069038 5046328.574520143
4636 5368 646358.1766993537 5046326.221558083
5002 5368 650017.5208048391 5046327.85831702
5612 5368 656119.3663012703 5046324.455958652
5734 5368 657336.5043891879 5046330.552574945
5978 5368 659778.3847526946 5046327.77365008
6344 5368 663437.2043790992 5046326.757260615
6466 5368 664656.4355187035 5046331.540217218
6588 5368 665876.7963213244 5046327.784911046
6832 5368 668317.8723721198 5046331.535359849
7076 5368 670758.2787996058 5046328.901203339
122 5490 601218.0919374852 5045108.004880819
244 5490 602436.4396659591 5045101.832914649
732 5490 607318.1537579692 5045108.0134697305
976 5490 609758.4000151327 5045108.516046491
1586 5490 615856.874735428 5045104.665428377
1952 5490 619515.8344181464 5045103.768548319
2074 5490 620738.0180485015 5045112.590890435
2318 5490 623178.529463773 5045100.309631732
3416 5490 634159.3996030907 5045102.200384121
3782 5490 637820.0390094304 5045110.008886785
4392 5490 643917.4828126362 5045103.951224319
4514 5490 645137.4062353091 5045108.047234547
4636 5490 646357.5485561163 5045108.1886278475
5002 5490 650017.0639152556 5045108.072206595
5612 5490 656117.0635985167 5045108.449902171
5734 5490 657337.8116622248 5045111.044968631
5856 5490 658557.4764208108 5045112.311708199
5978 5490 659776.8356880321 5045112.389811883
6100 5490 660996.7999231473 5045108.827995992
6344 5490 663437.6545194162 5045111.541301765
6466 5490 664657.4928507066 5045108.493138209
6710 5490 667096.7934481248 5045110.934156265
6832 5490 668316.4967206862 5045106.157366288
122 5612 601217.6637287365 5043888.700566701
366 5612 603660.0821271543 5043889.924605138
732 5612 607320.1854640344 5043890.124631059
854 5612 608537.3597050211 5043888.229250037
976 5612 609758.2030887395 5043888.212251256
1464 5612 614637.7467950995 5043887.671055258
1708 5612 617076.8957428926 5043888.529334552
2074 5612 620737.1859434659 5043888.846668661
3660 5612 636599.7589309483 5043890.06352785
4270 5612 642696.5850530287 5043886.717149642
4514 5612 645137.8313372886 5043888.511566727
4636 5612 646356.7884178557 5043887.897902577
4758 5612 647577.1313358075 5043887.724240717
4880 5612 648797.3487648027 5043892.186756711
5002 5612 650015.8325553103 5043891.135209894
5490 5612 654897.3936840643 5043886.863142741
5734 5612 657337.1036198946 5043884.739561547
5856 5612 658558.217330494 5043882.755036543
5978 5612 659777.6388875814 5043890.712458602
6222 5612 662217.6771758462 5043887.678627355
6344 5612 663436.0239987286 5043887.176239643
6466 5612 664656.7517982133 5043886.921474594
6588 5612 665877.1444384494 5043890.979274079
6710 5612 667098.5123570015 5043890.946314552
122 5734 601216.4638260099 5042666.088847059
366 5734 603658.3969449726 5042667.652242405
488 5734 604881.9573242238 5042664.438662872
732 5734 607318.3823382816 5042667.728971959
854 5734 608539.8200402411 5042670.556600381
1220 5734 612197.493573594 5042667.717348908
1708 5734 617078.5084467838 5042664.524007601
1830 5734 618297.4310358365 5042668.792684567
2074 5734 620738.6995084698 5042661.862390699
2196 5734 621959.9991580496 5042659.999657012
3782 5734 637817.7588941661 5042664.89956947
3904 5734 639036.831885462 5042667.704706048
4270 5734 642697.2610925711 5042666.660056486
4392 5734 643917.704741971 5042668.912023251
4514 5734 645137.2426814482 5042671.031122706
4880 5734 648800.0791289685 5042669.801491332
5002 5734 650016.7495916345 5042668.154836311
5246 5734 652456.2442623536 5042668.549247843
5368 5734 653677.6143429374 5042668.293006999
5490 5734 654896.9031628903 5042668.812443644
5734 5734 657337.2216954624 5042668.839091767
5856 5734 658557.4763751235 5042670.387676398
6100 5734 660992.7413742633 5042670.914379902
6344 5734 663437.0588995279 5042667.81801444
6954 5734 669537.4429049235 5042672.9260499375
610 5856 606097.8124410548 5041448.341525267
732 5856 607318.6260281523 5041447.9418112775
854 5856 608541.7953641028 5041448.117878976
976 5856 609760.1736051126 5041445.181537243
1952 5856 619520.8010542159 5041441.424886267
3538 5856 635378.2658504384 5041443.785056728
3782 5856 637816.8686084992 5041447.831796023
3904 5856 639038.3625139156 5041448.831183417
4148 5856 641479.7472438758 5041444.300063664
4270 5856 642697.5971808744 5041444.399829741
4392 5856 643917.9331312953 5041448.1306771925
4636 5856 646358.4551652088 5041450.912317381
4880 5856 648797.9530591576 5041451.185928532
5002 5856 650016.8064502466 5041447.216101665
5368 5856 653677.9313510773 5041448.669014722
5734 5856 657337.0569383176 5041447.029466187
5856 5856 658555.7683075009 5041449.185627039
5978 5856 659777.4746995091 5041448.757385303
6100 5856 661002.0406654024 5041448.806469821
6222 5856 662215.1363201453 5041451.766946128
6588 5856 665877.3542482108 5041448.651869994
6710 5856 667097.7660715784 5041447.7579075005
6832 5856 668317.1515726534 5041451.515609483
366 5978 603661.0913665029 5040228.347651614
854 5978 608536.1557237498 5040226.439014956
1708 5978 617081.981274178 5040227.204685734
1830 5978 618301.345445717 5040221.149129777
3904 5978 639037.4766101235 5040227.907983806
4026 5978 640257.8260099988 5040228.259165815
4270 5978 642696.9908423893 5040228.308627264
4514 5978 645135.9779806547 5040232.254378514
4636 5978 646361.700900277 5040228.058745086
4880 5978 648797.7035355312 5040228.685679767
5002 5978 650019.8631865077 5040232.494049519
5124 5978 651236.868828881 5040231.204942251
5246 5978 652457.7453644363 5040227.4684439385
5368 5978 653678.0136720766 5040228.34786288
5490 5978 654897.4013271182 5040228.0196686825
5612 5978 656116.490389282 5040232.342653661
5978 5978 659775.1792290249 5040232.842167092
6100 5978 660996.7093602229 5040231.627224868
6222 5978 662217.2712951563 5040228.464820992
6344 5978 663435.9083541835 5040231.732702332
6466 5978 664656.0622398728 5040228.84448245
6588 5978 665876.6129329919 5040231.634745997
6710 5978 667096.1719366567 5040230.743305322
122 6100 601221.5169062896 5039011.337765875
610 6100 606098.0120864698 5039005.667465595
1586 6100 615856.8784543826 5039007.769992768
1830 6100 618298.7908361349 5039001.74519189
2562 6100 625617.8540514469 5039002.326700207
3538 6100 635381.0107771498 5039003.752281868
3660 6100 636596.7928997996 5039007.9213734325
4148 6100 641476.819815919 5039013.3106276095
4636 6100 646354.7153625804 5039008.351037032
5246 6100 652461.3626790778 5039004.245537051
5368 6100 653677.8215922946 5039006.546828337
5490 6100 654897.7875064901 5039008.877048211
5612 6100 656117.8037594896 5039007.935113268
5856 6100 658556.5764535092 5039007.947109333
5978 6100 659777.4065709535 5039008.530556912
6100 6100 660996.7358926345 5039007.949368062
6344 6100 663436.5814348244 5039008.851855844
6466 6100 664657.5213955144 5039007.614449776
6588 6100 665876.128010671 5039011.18843996
6710 6100 667096.9313152072 5039007.89817421
6832 6100 668316.5229732161 5039008.269598362
122 6222 601217.2239876317 5037784.94193719
610 6222 606096.2665420758 5037784.823817835
1342 6222 613416.3325862682 5037783.485816439
1830 6222 618302.2462988802 5037790.223190388
2562 6222 625619.0105348541 5037783.49734694
3538 6222 635377.7322159312 5037787.757823452
4880 6222 648797.587008784 5037789.0120520005
5368 6222 653678.1528768636 5037789.335644311
5490 6222 654896.4965647912 5037788.304158125
5612 6222 656121.6428978174 5037786.988386651
5734 6222 657337.5858140518 5037789.414073997
5978 6222 659777.2201624096 5037789.210295075
6100 6222 660996.2839941595 5037791.185201301
6222 6222 662216.0370917999 5037789.773792942
6344 6222 663437.0709557856 5037786.979397482
6466 6222 664656.5114444628 5037791.03540072
6588 6222 665877.4346564087 5037789.249050589
6710 6222 667096.7080701832 5037788.232054438
6832 6222 668315.643318097 5037786.858991764
122 6344 601221.1125258757 5036568.398886489
1098 6344 610977.50560226 5036568.357038882
1220 6344 612197.294698604 5036563.277068453
1586 6344 615855.9561077188 5036563.677806916
1830 6344 618297.1307395784 5036571.689116106
2074 6344 620742.0963962518 5036560.941127419
3416 6344 634160.5735755247 5036560.740564889
3782 6344 637817.6728748194 5036568.537196794
3904 6344 639036.9529627934 5036567.812306482
4148 6344 641477.4637638516 5036567.601151119
4636 6344 646360.0694088942 5036570.071553159
4758 6344 647577.219669867 5036568.310996424
5978 6344 659776.7557463755 5036568.354248616
6222 6344 662216.2097860026 5036571.081302477
6344 6344 663436.5916090802 5036566.316266269
6832 6344 668317.4440480478 5036571.365363841
122 6466 601217.3496419477 5035348.477805149
610 6466 606100.6591384343 5035348.161574722
732 6466 607318.5737269789 5035348.26896623
854 6466 608537.2586200504 5035344.897660322
1342 6466 613421.1182242783 5035348.062011254
1464 6466 614639.1239669526 5035344.585834763
1952 6466 619517.1793693542 5035348.231557996
2074 6466 620737.7895796521 5035347.74715053
2440 6466 624398.868632629 5035344.345896373
2684 6466 626837.9504352193 5035341.714643665
3660 6466 636596.9124008187 5035347.436745239
4026 6466 640257.9426884659 5035351.812947459
4392 6466 643918.5450243 5035347.295195451
4514 6466 645136.9393949121 5035348.4714573575
4880 6466 648795.7808146452 5035346.810678604
5124 6466 651237.7602151682 5035348.836693143
6100 6466 660999.1951999257 5035346.982103454
6222 6466 662215.4154861122 5035351.136342113
6344 6466 663436.7232681791 5035350.676287427
6466 6466 664655.9586329754 5035352.576718966
6588 6466 665876.7876584302 5035351.31976678
6710 6466 667098.5927709241 5035351.221221584
1830 6588 618304.022351696 5034124.5724877035
2196 6588 621955.0920468754 5034129.868622446
2440 6588 624400.5938465378 5034132.553001575
2562 6588 625621.0855577427 5034131.264393352
2684 6588 626838.6027782665 5034127.676059543
2806 6588 628057.0550011991 5034130.977683171
3050 6588 630499.3413346646 5034123.611958168
3172 6588 631721.0822013475 5034121.849459696
3538 6588 635378.1212629155 5034127.686561923
3782 6588 637816.6679555611 5034128.978132104
4026 6588 640258.2475813833 5034127.970823913
4270 6588 642698.4675485884 5034127.763949521
4392 6588 643915.6629588391 5034133.078686678
4636 6588 646357.640536955 5034129.4337623855
5124 6588 651237.2003615457 5034128.294531532
5368 6588 653672.3214265348 5034127.126234603
6100 6588 660998.2079185201 5034126.3467250075
6344 6588 663437.242247923 5034131.602920169
6710 6588 667100.4251887016 5034124.411747694
244 6710 602437.9804038815 5032904.582092589
366 6710 603657.8230365742 5032909.004791382
488 6710 604877.6912156832 5032908.384076112
1342 6710 613417.0286162111 5032909.560396432
1586 6710 615856.8491240443 5032907.537640545
1952 6710 619517.5467600588 5032908.535809318
2196 6710 621960.1824862299 5032910.1378049655
2806 6710 628058.1905026321 5032912.983767946
2928 6710 629277.6941471377 5032907.289338664
3050 6710 630500.2110397979 5032900.096611484
3538 6710 635376.9197929134 5032908.875557064
3904 6710 639035.3027801156 5032909.952063027
4026 6710 640257.9449680692 5032910.665120734
5124 6710 651236.8251562131 5032908.53620567
5978 6710 659777.1997266453 5032911.614479012
6100 6710 660999.7604021955 5032907.110579071
6344 6710 663442.511325455 5032907.609183685
6588 6710 665877.2037517647 5032911.777256732
6710 6710 667096.8226233593 5032911.139776105
488 6832 604877.1862307021 5031684.922111621
610 6832 606098.5820282472 5031687.063938621
976 6832 609757.4939031756 5031687.093349447
1586 6832 615860.0916098034 5031689.955489785
1708 6832 617081.1250710668 5031683.118776314
2074 6832 620737.0721637188 5031685.959340958
2562 6832 625617.6898383019 5031688.400993864
2928 6832 629277.0877267941 5031683.693664747
3172 6832 631717.3112491422 5031688.983048129
3538 6832 635376.8663111437 5031689.324520238
4026 6832 640255.3753516118 5031691.063448688
4148 6832 641477.2972908901 5031684.919706651
4880 6832 648800.7165554353 5031690.724276493
5734 6832 657337.1451199894 5031688.529145115
732 6954 607318.5488718381 5030468.728299352
854 6954 608538.5299834359 5030469.168297386
1220 6954 612202.5204972365 5030472.887808125
1342 6954 613423.6159180405 5030464.918050822
1464 6954 614640.0798071845 5030470.072192397
1708 6954 617077.5920764079 5030467.309542073
2562 6954 625615.0505468531 5030470.280057029
3782 6954 637816.7198905669 5030471.321312544
4636 6954 646355.035905337 5030467.659420939
5124 6954 651236.6463821706 5030462.941335473
5490 6954 654897.3927032568 5030472.339850939
5978 6954 659777.8934446931 5030470.688325803
244 7076 602438.6172207328 5029247.363230061
610 7076 606096.6683939266 5029247.721288688
2562 7076 625617.6015777551 5029248.886661878
3660 7076 636596.8772264901 5029244.861824858
3904 7076 639037.5763009868 5029248.224951188
4148 7076 641475.8903762604 5029251.836011971
4880 7076 648797.7461108719 5029248.316796584
244 7198 602441.2546238231 5028028.234552261
366 7198 603658.0416178514 5028023.004784618
2684 7198 626842.2100787356 5028029.17051707
3416 7198 634161.8708353444 5028024.441527133
3904 7198 639038.2927989569 5028027.181671475
4270 7198 642697.6756877038 5028029.458788145
4514 7198 645139.1010361573 5028028.296368302
5612 7198 656117.3320857127 5028031.804408994
5734 7198 657336.4398837158 5028029.195472283
5978 7198 659776.7183067467 5028031.011335461
1708 7320 617079.8715029682 5026809.945232881
2440 7320 624397.9167252375 5026805.851212645
2806 7320 628061.2248659733 5026807.787453865
2928 7320 629277.4925927182 5026807.156486928
3050 7320 630498.2098606761 5026808.060285225
3660 7320 636596.7921021731 5026811.6823952
3904 7320 639037.4529219277 5026808.162286374
4026 7320 640257.7253880448 5026806.046691655
4148 7320 641476.8321519434 5026810.415856243
4270 7320 642698.4475703989 5026811.44060465
4880 7320 648803.0112030731 5026803.690962841
5246 7320 652453.3509171813 5026809.511708626
5490 7320 654902.5562438999 5026808.046480768
5612 7320 656116.115317394 5026811.293616565
5978 7320 659771.3258241129 5026802.782689123
488 7442 604877.0035605221 5025588.033803099
1098 7442 610981.7242830844 5025583.829204878
1830 7442 618297.0727025787 5025586.895745619
2074 7442 620738.1689794245 5025582.2739751395
2928 7442 629277.2113561293 5025588.452562057
3538 7442 635381.4251868892 5025591.274574119
3782 7442 637817.5653994798 5025588.500093386
3904 7442 639037.4127217387 5025588.973055384
4026 7442 640255.7204565878 5025587.278885781
4270 7442 642694.9722672207 5025587.349644333
5246 7442 652458.309820181 5025584.362184084
5368 7442 653677.8701839756 5025589.7236525845
6588 7442 665877.814392973 5025592.112378387
488 7564 604882.1736702156 5024363.642476568
610 7564 606098.4768236253 5024363.727487602
1220 7564 612199.885179796 5024369.728289366
1708 7564 617076.9560777408 5024370.75948032
1830 7564 618295.0919024812 5024364.946270852
2196 7564 621960.4265980716 5024365.148069331
2562 7564 625616.5529228209 5024366.442685414
3172 7564 631717.2595686831 5024367.376855135
3904 7564 639037.8512256647 5024368.986649317
4148 7564 641475.946323151 5024363.043420157
4636 7564 646357.5474201685 5024371.3934650915
4880 7564 648796.4697703961 5024373.232813295
5124 7564 651237.1818353729 5024371.068492863
1098 7686 610981.9708726772 5023147.267961655
1220 7686 612195.0695627249 5023145.951603668
1708 7686 617077.4005630289 5023147.746348822
2074 7686 620737.5702919082 5023148.959988593
2562 7686 625617.1167067706 5023147.726969904
2684 7686 626837.2255613134 5023144.652361507
2806 7686 628057.4618394357 5023148.454880039
3172 7686 631722.7110576873 5023151.246909896
3782 7686 637817.6822044784 5023148.3620180255
4026 7686 640259.0385875736 5023146.78935929
4270 7686 642701.553057344 5023148.18268179
4514 7686 645137.0718751545 5023152.543957142
6222 7686 662221.1652719686 5023144.389727652
6466 7686 664656.5141586903 5023150.678584418
1830 7808 618295.1209046639 5021924.667347051
2074 7808 620735.9619039493 5021924.537888324
2196 7808 621963.3926020358 5021923.870364183
2562 7808 625617.114857939 5021928.444528243
3050 7808 630500.8035432196 5021923.4531333065
3172 7808 631717.7423910389 5021930.87885743
3660 7808 636597.7277073602 5021924.521110688
3782 7808 637818.8969762316 5021928.873612328
5368 7808 653677.5162373142 5021927.098475742
244 7930 602441.4522348356 5020701.061809151
1342 7930 613418.3413689064 5020704.933866314
1952 7930 619516.734886738 5020709.031392099
2318 7930 623177.2463714011 5020707.839817925
3050 7930 630496.7808315032 5020703.379013604
4392 7930 643917.0403814806 5020708.165152966
1098 8052 610978.8050762594 5019490.691095592
2196 8052 621958.4606410379 5019492.010061262
2562 8052 625616.7051386379 5019488.045548462
2928 8052 629277.7218738742 5019484.940350189
3294 8052 632937.3160312149 5019484.214892339
3538 8052 635379.3231555579 5019484.649858842
3660 8052 636600.6147870133 5019483.9926169
4148 8052 641476.0012513596 5019492.644405957
6100 8052 661002.6333951554 5019486.104285687
6222 8052 662214.5631645344 5019492.255462607
244 8174 602437.4122051097 5018266.526765055
488 8174 604879.0199097039 5018263.060791413
732 8174 607316.6767583536 5018267.280595611
1098 8174 610977.6104313981 5018270.681936835
1708 8174 617077.8637263407 5018264.927863153
3660 8174 636599.0870803981 5018264.197003342
4026 8174 640258.0433894055 5018271.671924367
4514 8174 645137.4858265952 5018263.429389982
3172 8296 631717.0236406997 5017047.98879951
3660 8296 636602.202680786 5017044.316191204
5734 8296 657336.1250214789 5017048.590035275
244 8418 602439.1213584249 5015832.415517595
610 8418 606101.6077060665 5015828.15605902
1098 8418 610981.2622729446 5015823.598277962
3660 8418 636603.042689231 5015822.0721326815
4270 8418 642701.6532871808 5015827.343531374
5490 8418 654896.9059469438 5015822.542203354
366 8540 603660.177711538 5014611.5793913575
1098 8540 610981.5806133155 5014609.35526311
2562 8540 625618.2038621117 5014607.017606228
3904 8540 639038.1717543738 5014608.857547242
4758 8540 647577.5981063382 5014610.658574806
244 8662 602437.201469223 5013387.585320944
2806 8662 628056.149372566 5013388.310757062
3416 8662 634157.319594834 5013387.842609946
3782 8662 637817.8516611303 5013389.510671286
5490 8662 654895.810110266 5013392.499606297
5612 8662 656117.3903247765 5013383.574811424
6222 8662 662219.3120197088 5013389.342035505
1586 8784 615857.8020727049 5012164.711990659
3416 8784 634157.0037635172 5012168.596791758
3538 8784 635376.7294297476 5012168.518169883
3782 8784 637816.5247227167 5012171.722587279
4026 8784 640261.1476584558 5012171.621750341
5734 8784 657337.1240201447 5012169.530192749
732 8906 607316.5536136492 5010946.205689594
1220 8906 612197.3324011605 5010947.107395246
1708 8906 617076.9103191419 5010946.876867971
2318 8906 623178.9011792031 5010951.334592487
3050 8906 630496.3196588857 5010944.572501876
3416 8906 634156.732834353 5010947.307324358
4514 8906 645137.925632125 5010951.909872405
5246 8906 652457.8563838655 5010947.540904472
366 9028 603658.5853304476 5009727.549136192
854 9028 608543.0879606177 5009727.54477442
3416 9028 634163.7099357457 5009722.176176759
244 9150 602438.4698173534 5008504.735246983
976 9150 609757.9406909497 5008503.946729074
3538 9150 635377.2841734758 5008512.592194653
122 9272 601217.8126639227 5007282.818168063
732 9272 607321.9281141785 5007284.903359649
3904 9272 639040.6554018498 5007283.600868253
4758 9272 647576.5793074762 5007288.877207051
5734 9272 657337.2509450521 5007292.346201865
5978 9272 659781.904102892 5007284.702401226
2440 9394 624397.538228927 5006071.158864708
2806 9394 628058.0071929994 5006067.456255923
3416 9394 634157.4439437672 5006067.767074429
5734 9394 657334.6052694037 5006068.408698512
5856 9394 658555.0333495352 5006070.412996893
488 9516 604881.7383124284 5004843.089168523
3538 9516 635377.6638787613 5004851.525213093
4026 9516 640257.9099776555 5004850.7743253205
4880 9516 648800.6168929228 5004851.470288436
2196 9638 621957.2577364265 5003624.938730247
2562 9638 625615.9982588922 5003624.525698315
3050 9638 630497.3976552228 5003633.536873967
3172 9638 631717.6414203449 5003627.587022675
3660 9638 636600.4031538336 5003621.019415901
4026 9638 640261.5066660881 5003621.276496978
4270 9638 642701.0611976199 5003629.352905134
4758 9638 647575.4872883525 5003631.229673144
5734 9638 657334.9112574969 5003629.259364941
2684 9760 626844.2557261363 5002404.601295827
2928 9760 629278.362120254 5002404.256658857
4026 9760 640258.6128713298 5002402.082337466
4148 9760 641482.1417220143 5002402.666725876
4880 9760 648798.5509563655 5002407.586753433
2440 9882 624398.6648355352 5001183.930649411
2562 9882 625622.2295176486 5001184.416900427
3538 9882 635378.1731589601 5001190.985338699
3782 9882 637816.7249808447 5001192.655353577
4148 9882 641482.1106364253 5001182.798005025
4270 9882 642697.7568827296 5001181.848922693
5002 9882 650019.6241280138 5001190.441373784
2074 10004 620737.9653790896 4999969.444172867
2196 10004 621957.4204945586 4999967.097683304
3050 10004 630498.4686681961 4999969.490257295
3660 10004 636601.5231205615 4999973.287751745
3904 10004 639037.1026580558 4999968.603551384
4148 10004 641475.0402266594 4999966.969205522
5246 10004 652460.102211126 4999970.193520895
5368 10004 653680.0704209355 4999969.947592086
2684 10126 626837.1127139294 4998744.533897956
3538 10126 635377.7455037797 4998746.987841729
4148 10126 641475.9091266842 4998751.856612987
4758 10126 647581.1283846676 4998751.340567007
4026 10248 640257.0028044803 4997532.0614948515
5124 10248 651237.7663787822 4997532.055024258
5734 10248 657335.0247866468 4997524.587358816
1464 10370 614637.5475927512 4996311.247506328
1952 10370 619527.760045307 4996307.514650535
1586 10492 615861.7518856993 4995091.896899519
1952 10492 619515.0273162071 4995089.500767622
2928 10492 629278.4243004683 4995088.898495472
3050 10492 630502.5892229183 4995083.305270777
2196 10614 621962.6013396572 4993868.187588686
2562 10614 625623.8545679125 4993867.364006348
3904 10614 639042.8488150807 4993872.151654099
4270 10614 642697.9339372503 4993869.524589753
4514 10614 645137.4812119086 4993868.572205233
4636 10614 646356.2927854822 4993874.681766002
2318 10736 623177.7295331006 4992648.204572606
1220 10858 612201.8603456976 4991424.523807895
2806 10858 628058.4455840817 4991431.052872019
4026 10858 640256.6400424025 4991433.990898327
4270 10858 642703.4246451973 4991428.989950041
4392 10858 643917.0197685361 4991434.1798706185
