4453 0 489021.6178089787 4400042.181742325
4880 0 497562.01250809786 4400042.68647837
4941 0 498782.35457792727 4400042.738551696
5002 0 500001.9838044452 4400042.941640346
5063 0 501221.77629828494 4400042.515301069
4148 61 482922.65345253964 4398823.0390876895
4209 61 484141.4931020616 4398822.494839278
4270 61 485361.07004538307 4398822.491481882
4392 61 487802.19129441056 4398822.249022993
4453 61 489022.293289793 4398821.900079077
4514 61 490242.95167232194 4398822.752449044
4575 61 491462.4533417186 4398822.919043134
4697 61 493901.1407064234 4398822.513520676
4758 61 495121.26448418514 4398822.215892899
5063 61 501222.2747641846 4398823.37931385
5124 61 502442.0631655391 4398823.136139251
5185 61 503661.3657285107 4398822.787844757
5246 61 504881.6013193071 4398822.875811151
5307 61 506101.367480554 4398823.0128893955
5368 61 507321.3379784514 4398822.808356619
5429 61 508541.5025790894 4398822.736907795
4148 122 482922.15419271484 4397602.746376229
4209 122 484142.76604230155 4397603.277055345
4270 122 485362.20099807 4397602.481598292
4331 122 486582.15736063273 4397602.83871766
4392 122 487801.8541371538 4397602.952922868
4453 122 489022.4102084436 4397602.556023979
4514 122 490241.94555175555 4397601.911109893
4575 122 491457.57302353997 4397602.674522992
4697 122 493902.3610999792 4397602.104160695
4880 122 497562.41551879694 4397603.100839905
5002 122 500001.35477203736 4397602.732734354
5063 122 501221.76891307975 4397602.243341372
5429 122 508541.5232314731 4397603.241660737
5490 122 509761.33914396743 4397603.256840906
4026 183 480481.48243947496 4396383.072634336
4087 183 481701.55373357586 4396382.574844242
4148 183 482921.6784307066 4396382.723603021
4270 183 485361.9216818877 4396383.1539704725
4331 183 486582.21993816947 4396382.508903069
4392 183 487802.15960186225 4396383.049967895
4453 183 489022.3287065478 4396382.302592926
4514 183 490242.21761870134 4396382.346311766
4575 183 491462.5805269426 4396383.229390021
4819 183 496342.2554791816 4396382.443709621
4880 183 497561.9506278453 4396382.053203396
5002 183 500002.1027378294 4396383.633847257
5307 183 506101.66974139895 4396382.9730613595
5490 183 509761.19438961224 4396382.260440724
3843 244 476822.124177544 4395163.182487346
3904 244 478042.40275079635 4395163.3504749965
3965 244 479261.83052777697 4395163.230409242
4087 244 481702.71180603665 4395163.881654597
4148 244 482922.5269091139 4395163.790022222
4331 244 486581.4377051838 4395163.172292306
4453 244 489021.17150325753 4395162.15541297
4514 244 490241.5074517193 4395162.413247799
4636 244 492681.6062199897 4395162.27539639
4697 244 493901.86657497514 4395162.731443579
5429 244 508541.55473301536 4395163.358818592
3904 305 478042.7309892262 4393942.292181544
4148 305 482921.39891493757 4393943.237325848
4331 305 486582.7822945107 4393943.485594257
4392 305 487801.9252571134 4393942.635421306
4453 305 489021.6504596595 4393942.34034719
4758 305 495119.1150693839 4393942.263410327
4880 305 497561.8037587598 4393942.844372025
3965 366 479261.03461940645 4392722.399796554
4148 366 482922.24841173686 4392723.046617233
4209 366 484142.6617992199 4392722.764772624
4331 366 486581.7490032937 4392722.953687335
4392 366 487801.8539490707 4392722.774439823
4453 366 489022.00102789764 4392722.663171102
4514 366 490242.2506613158 4392722.782185121
4575 366 491461.77427250566 4392722.639089571
4758 366 495121.85850899137 4392722.097081147
4941 366 498781.1733951913 4392721.421682231
5002 366 500001.5980118508 4392721.817564978
5063 366 501221.69287161063 4392722.101518795
5124 366 502441.5667644427 4392722.146979425
5185 366 503661.84188065707 4392722.5619322825
4209 427 484141.07188455027 4391501.815638343
4270 427 485362.00390754035 4391501.94985295
4331 427 486582.4272651246 4391503.08795101
4392 427 487802.3009887489 4391503.94035842
4453 427 489018.9596325631 4391502.919956976
4514 427 490241.1388275789 4391502.601374036
4575 427 491461.42346674576 4391501.483476118
4758 427 495122.44724631787 4391503.202509725
4819 427 496341.74137982965 4391501.837289439
4880 427 497562.2148336872 4391502.934391104
5002 427 500002.0333496353 4391502.421130768
3355 488 467061.7959793397 4390282.638385294
3416 488 468281.2647392301 4390282.448504429
3660 488 473158.56821297243 4390282.859630719
3721 488 474381.15645698144 4390282.922028491
3843 488 476822.617958564 4390282.825974713
4026 488 480482.1710329085 4390283.53970087
4209 488 484141.761641752 4390282.583226525
4270 488 485362.119704991 4390282.875077439
4331 488 486582.34188505716 4390283.263138467
4392 488 487802.20663468196 4390282.591954125
4453 488 489022.66029108147 4390283.221053584
4514 488 490242.2040488037 4390283.468976898
4575 488 491462.7442289585 4390283.333754879
4636 488 492678.4323711466 4390283.369692376
4758 488 495121.2104077814 4390282.411560325
4880 488 497561.8589448415 4390281.84866047
4941 488 498781.74623998697 4390281.639156359
5002 488 500001.7804717195 4390282.507461399
5063 488 501221.1866719891 4390282.844366928
5185 488 503658.4947557596 4390282.172276381
3416 549 468282.99322308914 4389063.037065209
3721 549 474381.81605249044 4389063.039251781
3904 549 478041.3967785355 4389062.564552805
4026 549 480481.8241074083 4389063.09124261
4209 549 484142.23070867965 4389063.751431033
4270 549 485361.9531392203 4389063.812021492
4331 549 486581.02808157785 4389063.274052756
4392 549 487801.5448389362 4389062.21989599
4514 549 490242.0875294707 4389062.9390367875
4636 549 492681.8112341472 4389063.374265093
4880 549 497559.54759077955 4389062.797190161
4941 549 498780.93942998664 4389061.944160932
5063 549 501218.936360781 4389061.814076077
5429 549 508538.70226478274 4389061.452553433
3416 610 468282.8086048605 4387844.492015625
3477 610 469502.56416129094 4387844.402855271
3538 610 470722.5917564647 4387844.620116815
3782 610 475601.5291469003 4387842.691909187
4209 610 484141.7053466634 4387843.497144623
4331 610 486582.3709880679 4387843.468541778
4392 610 487801.84726128884 4387843.066493741
4514 610 490241.6937178379 4387843.608700883
4575 610 491458.7809716985 4387843.130838644
4819 610 496341.7810044009 4387841.498805633
4880 610 497562.3711342565 4387842.276834207
5063 610 501221.55992232804 4387842.550392179
5307 610 506099.0903616646 4387842.292362365
3172 671 463401.63261076715 4386622.977924177
3416 671 468282.53867044754 4386622.354975664
3477 671 469502.0634990385 4386622.7751567615
3538 671 470723.34953825007 4386623.50004563
3599 671 471941.8238489131 4386624.888992293
3660 671 473162.43719514064 4386623.757206957
4209 671 484142.2102400653 4386622.2148712175
4270 671 485361.7996194928 4386623.023513239
4331 671 486582.5598873894 4386622.372350222
4392 671 487802.08006187866 4386622.632537674
4453 671 489022.22506152326 4386622.850000683
4514 671 490241.8263678631 4386622.209427152
4575 671 491461.2289139932 4386622.750944794
4636 671 492680.9832638261 4386623.207264701
4697 671 493898.1055063145 4386622.6167643815
4758 671 495121.15021750424 4386622.47183138
4819 671 496338.43378446955 4386622.670877766
4880 671 497558.3802446692 4386623.073709341
4941 671 498781.3640945025 4386621.900553807
5002 671 500001.947243516 4386621.908662586
5307 671 506101.1851998247 4386622.542256113
5368 671 507318.8954811856 4386622.644534697
5429 671 508540.8556890408 4386622.437658912
3233 732 464620.8958050205 4385402.465656714
3355 732 467062.49477321224 4385402.555905076
3416 732 468283.0370076185 4385402.403927971
3477 732 469501.3730264729 4385402.263221885
3599 732 471941.5766325394 4385401.753903651
3660 732 473162.11310860305 4385402.417077996
4148 732 482921.09753639105 4385403.496248888
4270 732 485360.1854063033 4385400.632216462
4331 732 486581.5864410346 4385403.14423125
4392 732 487802.95845970075 4385402.856303849
4453 732 489022.75377076387 4385403.78442423
4514 732 490242.61411438807 4385403.184267904
4575 732 491462.71404733177 4385403.49309461
4636 732 492681.9082273814 4385403.275375756
4697 732 493902.284454985 4385403.035626156
4941 732 498782.3527929437 4385402.622007855
5002 732 499998.5745225449 4385403.157797633
5063 732 501221.79723501287 4385402.194312
5124 732 502441.11797546037 4385402.357694843
5185 732 503661.73938308924 4385402.4267070545
3233 793 464622.673735491 4384183.793912854
3294 793 465842.1607340877 4384183.718388114
3355 793 467061.71571075846 4384183.372669338
3416 793 468281.0612312818 4384183.151921007
3477 793 469501.5772882669 4384182.504399933
3538 793 470721.144036904 4384181.61084081
3599 793 471942.1958863221 4384181.607304251
3660 793 473162.5325280399 4384182.268960615
3782 793 475601.10833594995 4384182.900986317
3904 793 478042.78402572934 4384182.272807891
3965 793 479261.67388335924 4384183.114827727
4148 793 482921.9652720385 4384182.92274596
4270 793 485359.1591120241 4384182.206776622
4392 793 487800.9407371055 4384182.915769777
4453 793 489021.2924990353 4384183.055466334
4514 793 490241.0627334801 4384182.750059715
4575 793 491458.4559818696 4384183.456374146
4697 793 493902.0644306756 4384184.026800581
4758 793 495121.591259523 4384182.202155993
4941 793 498782.50235051033 4384183.077538147
5063 793 501222.1513399582 4384182.478824655
5307 793 506100.96014780574 4384182.60028672
5368 793 507321.5070962639 4384182.530055929
3233 854 464622.3280851143 4382963.721306878
3294 854 465842.43900316744 4382963.909738638
3355 854 467062.2446676822 4382964.032756637
3416 854 468282.5609017805 4382963.880065503
3477 854 469502.2977203855 4382963.161477092
3538 854 470721.6721237198 4382963.522417984
3660 854 473159.6466158019 4382962.993930624
3721 854 474381.0618061908 4382962.394326758
4026 854 480481.0277252272 4382962.397415325
4148 854 482922.0135145916 4382962.373576702
4209 854 484141.88524478587 4382962.169804379
4453 854 489020.92835437856 4382962.646616918
4575 854 491461.5323112051 4382962.961909094
4636 854 492678.29956632206 4382963.445239231
4758 854 495120.9021131421 4382962.838418151
4941 854 498782.049499044 4382962.488259745
5002 854 499998.5579836135 4382963.029148536
5063 854 501221.87229376833 4382963.2744299425
5124 854 502441.71423443325 4382963.236003969
5246 854 504881.10466708126 4382962.37351601
5429 854 508539.4337885668 4382961.7008657865
3233 915 464622.3561173571 4381742.3285762835
3294 915 465841.7778555251 4381742.5144984
3355 915 467061.4369077664 4381742.681127954
3416 915 468281.48464809684 4381743.308471159
3477 915 469501.53560614056 4381743.104043554
3538 915 470721.19122230384 4381743.074023845
3599 915 471942.52807965345 4381743.547199588
3660 915 473162.3422701029 4381743.100817904
3721 915 474381.0389701859 4381742.440374318
3782 915 475600.88098642166 4381743.185902198
3843 915 476820.8929668141 4381743.217752337
3904 915 478039.75157895254 4381742.370781539
3965 915 479259.00703424064 4381741.572624676
4026 915 480482.05943945603 4381742.98312161
4087 915 481702.6216275954 4381742.326346389
4148 915 482921.49865787575 4381741.995988966
4514 915 490241.714541013 4381743.26717171
4575 915 491461.93626853253 4381742.617603202
4636 915 492681.43584519305 4381741.9564656215
4758 915 495120.44680616516 4381742.561036583
4880 915 497560.58379671833 4381741.315849883
5063 915 501220.3529062919 4381743.189498173
5124 915 502441.72612016014 4381742.598911585
5185 915 503660.3379829047 4381743.368730607
5246 915 504880.6188177644 4381742.7273201905
3233 976 464622.29276062537 4380522.709671004
3294 976 465841.82093746366 4380522.70100647
3355 976 467062.6836743816 4380522.648774745
3477 976 469502.7575789638 4380522.816992258
3599 976 471941.3581126157 4380521.467848908
3904 976 478039.85174605716 4380522.305787125
4026 976 480481.70559452433 4380523.276048061
4148 976 482917.97173892474 4380523.532326777
4209 976 484140.866563718 4380522.114529615
4270 976 485361.49495877285 4380523.078542941
4453 976 489021.1343759965 4380522.179640685
4575 976 491462.42225991515 4380522.539751903
4636 976 492682.25606643734 4380522.842479958
4819 976 496338.41181381984 4380523.275150607
4880 976 497561.153834288 4380522.495457397
4941 976 498780.98681750457 4380522.54072913
5002 976 500001.920581908 4380522.233521207
5063 976 501221.0258316814 4380523.575377154
5185 976 503661.29472487705 4380522.184629412
5307 976 506100.82025144616 4380522.880523018
5368 976 507318.8713239497 4380522.225171416
3355 1037 467061.4276638205 4379302.60547408
3416 1037 468281.76953064033 4379302.643087477
3477 1037 469501.51343117753 4379302.819551823
3660 1037 473161.97984666686 4379301.93042276
3721 1037 474381.7720444576 4379302.592873738
3843 1037 476822.2301912717 4379302.00085088
4026 1037 480481.284745191 4379303.33484078
4087 1037 481698.64252213953 4379303.752569205
4148 1037 482918.9710514737 4379303.274692713
4209 1037 484142.3593278155 4379302.158607454
4270 1037 485360.8747010027 4379303.128628846
4575 1037 491462.17229267093 4379303.340641017
4636 1037 492679.29862492497 4379302.435136396
4819 1037 496342.52410353837 4379302.285003176
4880 1037 497562.52535500925 4379302.996464344
5002 1037 500001.81830485974 4379303.324277397
5063 1037 501221.16942084936 4379303.24750761
5185 1037 503660.3101607933 4379302.934643481
5368 1037 507321.45873626246 4379302.531250592
3233 1098 464622.27507323463 4378083.484363781
3355 1098 467062.54161563615 4378083.512943471
3416 1098 468281.4877131726 4378083.402911881
3477 1098 469501.65795638383 4378082.662249871
3538 1098 470721.5691088479 4378081.713459583
3599 1098 471941.12139443005 4378081.7224031715
3660 1098 473160.3803348687 4378081.773106377
3782 1098 475602.7613236194 4378082.658218177
3843 1098 476819.4681246552 4378082.649477776
3904 1098 478041.39018586476 4378082.451799797
3965 1098 479262.4940201904 4378082.687706347
4209 1098 484141.90165199654 4378083.353013681
4270 1098 485361.82181778306 4378082.191558446
4575 1098 491461.6948097273 4378083.887421773
4636 1098 492681.6321772957 4378082.931167397
4697 1098 493902.0969175189 4378082.3348515695
4758 1098 495121.5059641678 4378082.57768436
4819 1098 496341.3761832721 4378082.742086229
4880 1098 497561.55042701657 4378082.771776621
4941 1098 498781.7459517715 4378082.4403684195
5002 1098 500002.1285523537 4378082.5012928285
5124 1098 502441.8633650002 4378082.591312323
5307 1098 506099.35324682196 4378082.656299061
3233 1159 464623.1186121436 4376863.853650371
3294 1159 465842.26195804396 4376863.45168008
3599 1159 471942.35709110746 4376863.334933346
3660 1159 473161.1664053647 4376863.24814041
3904 1159 478041.28444543877 4376861.9147871975
3965 1159 479261.1863642591 4376862.909175749
4148 1159 482921.077962001 4376862.950595458
4209 1159 484141.12981396035 4376862.6309924675
4270 1159 485362.152115288 4376863.27322441
4331 1159 486578.4004611913 4376864.079092995
4392 1159 487798.79623244697 4376862.00341049
4453 1159 489019.0759049527 4376862.865298653
4514 1159 490241.41236183816 4376862.171428573
4575 1159 491460.9456336341 4376862.873810171
4636 1159 492682.6806885632 4376863.075672655
4758 1159 495122.28071829025 4376862.410200488
4819 1159 496342.3827790585 4376862.358726535
4941 1159 498782.2848494181 4376862.35973368
5002 1159 500002.2510924545 4376862.809691881
5124 1159 502441.539372425 4376863.202893376
5185 1159 503658.88298558345 4376862.93367793
5246 1159 504878.038981015 4376862.980110642
3172 1220 463402.0460086299 4375642.617190221
3355 1220 467063.0353237096 4375643.158826598
3599 1220 471941.5354969047 4375642.506918092
3660 1220 473161.33600746706 4375642.933374903
3721 1220 474382.01595221873 4375643.435545456
3782 1220 475601.6873489581 4375643.070313218
3843 1220 476822.80760351213 4375643.686773034
4026 1220 480481.24231789494 4375643.197180142
4087 1220 481699.2771289347 4375642.6217667265
4148 1220 482923.0905635168 4375643.890075542
4209 1220 484141.1365670463 4375642.987202074
4270 1220 485363.4657870829 4375642.489781752
4392 1220 487801.2476729664 4375643.19399154
4453 1220 489021.46570537286 4375642.295184929
4514 1220 490238.55773253087 4375642.924468521
4575 1220 491461.0592218174 4375642.125210868
4636 1220 492680.97023900785 4375642.28487479
4697 1220 493901.09985010524 4375642.8895805
4758 1220 495117.8062567463 4375642.51636685
4819 1220 496341.66855958133 4375642.111876206
4880 1220 497561.4933259162 4375642.214264991
5002 1220 500002.01215711597 4375643.37527023
5063 1220 501221.4807020831 4375642.695251964
3111 1281 462181.56933599495 4374422.178260209
3355 1281 467061.51039452455 4374422.344370948
3416 1281 468281.9935485953 4374422.769445579
3477 1281 469502.18537063483 4374422.506886526
3538 1281 470722.0448005654 4374422.471240248
3721 1281 474382.56743758975 4374423.653582932
3782 1281 475602.2693404139 4374423.724629541
3843 1281 476821.58314637194 4374423.302201524
3965 1281 479261.44214027555 4374422.51327621
4026 1281 480482.16311552015 4374423.033806684
4087 1281 481702.70377710584 4374423.110770638
4209 1281 484141.60505045153 4374423.950315941
4270 1281 485362.0053412145 4374422.491114835
4514 1281 490242.8537189283 4374422.996649106
4636 1281 492682.13071145024 4374423.420359436
4697 1281 493901.7755106809 4374423.217086268
4758 1281 495121.66074092867 4374422.998401512
4819 1281 496342.01204855496 4374422.648861578
4880 1281 497561.2263372637 4374422.634669219
4941 1281 498778.189827597 4374422.682182739
5002 1281 499997.3227873607 4374423.834447063
5063 1281 501221.5841509943 4374422.532219284
5185 1281 503661.7316223384 4374422.80187283
3050 1342 460962.67410537787 4373202.239696328
3111 1342 462182.7844665605 4373202.6105362065
3355 1342 467061.7176160821 4373202.1364302
3416 1342 468281.6696468397 4373202.044232864
3782 1342 475602.20651100116 4373202.718805159
3843 1342 476821.7909287169 4373201.438945552
3904 1342 478043.133367768 4373203.837309887
3965 1342 479262.37371005205 4373203.754794118
4087 1342 481701.58480027696 4373203.431725337
4148 1342 482920.92966239364 4373202.145046079
4209 1342 484141.81462853716 4373202.792463673
4392 1342 487801.93639162777 4373202.954023859
4514 1342 490241.4053592534 4373203.93002236
4819 1342 496341.6757345983 4373202.974819609
4880 1342 497562.12825515727 4373202.506258667
5063 1342 501221.51527204533 4373202.679193923
5124 1342 502441.45600061177 4373202.665214166
5185 1342 503661.7153499755 4373202.2662787475
5246 1342 504881.2043972371 4373202.212366653
2989 1403 459742.48684856633 4371983.060495562
3050 1403 460961.8356623191 4371983.556856797
3599 1403 471942.3457492269 4371982.094540645
3660 1403 473162.3091237694 4371982.297374558
3721 1403 474382.1189558978 4371982.1232045805
3782 1403 475601.84656094806 4371982.250841374
3843 1403 476822.2032470098 4371982.768250595
3904 1403 478042.18322348804 4371982.618163048
3965 1403 479262.6481526413 4371984.606308119
4087 1403 481701.488925315 4371982.334684124
4148 1403 482920.81800361146 4371982.019806278
4209 1403 484141.06907911005 4371982.193262724
4270 1403 485361.54315535846 4371982.125590627
4392 1403 487802.0012565481 4371982.254954917
4636 1403 492681.350597771 4371982.718448946
4758 1403 495121.5929930526 4371983.350680835
4819 1403 496342.52095899964 4371983.484038194
5246 1403 504881.89174619206 4371982.488469994
5429 1403 508541.572419602 4371983.936261365
3050 1464 460962.66357909463 4370763.4275269415
3599 1464 471942.55490515917 4370762.573732456
3721 1464 474382.96328111633 4370762.518117912
3782 1464 475602.34896782495 4370762.5425131675
3843 1464 476822.5089464838 4370762.495842255
3904 1464 478042.1955865234 4370762.328420378
4087 1464 481701.9474726301 4370762.906624946
4148 1464 482921.9966752161 4370762.98668582
4270 1464 485361.50032121956 4370762.2001754865
4331 1464 486581.8032626081 4370762.041415877
4392 1464 487801.08858931356 4370762.042539618
4575 1464 491462.3028894478 4370761.956199805
4636 1464 492681.0250919285 4370763.068948279
4819 1464 496341.1632312128 4370761.930370077
4880 1464 497561.5646610807 4370762.323464656
5002 1464 500002.34114568523 4370763.248151865
5185 1464 503661.22859012824 4370762.673774734
5246 1464 504881.1961262253 4370763.951246804
3538 1525 470721.93886798917 4369543.788112823
3599 1525 471941.650918094 4369543.211814031
3660 1525 473161.37479847984 4369543.339781577
3721 1525 474381.5164274141 4369542.747358337
3782 1525 475601.8900258738 4369543.490381973
3843 1525 476821.73871574353 4369542.907577696
3904 1525 478042.0609353526 4369542.937349354
3965 1525 479262.1399251367 4369542.705080121
4087 1525 481700.55480130744 4369542.939476403
4148 1525 482918.26114564075 4369543.370442981
4209 1525 484138.07883904193 4369542.923453044
4270 1525 485357.81996576017 4369543.483517524
4697 1525 493901.8485810145 4369542.214565257
4819 1525 496341.9699210035 4369542.5750140725
4880 1525 497561.47241809755 4369542.56593196
4941 1525 498781.61062781577 4369542.198929011
5002 1525 500002.1143399707 4369543.004491391
5185 1525 503662.0634288746 4369542.648670855
5368 1525 507321.36211169866 4369542.3991956245
3599 1586 471940.5230145383 4368322.242804073
3660 1586 473161.98946640606 4368323.359959534
3721 1586 474381.74576327647 4368322.515917979
3782 1586 475601.4279896936 4368323.181427985
3843 1586 476821.7734822452 4368323.062846076
3965 1586 479261.2498841375 4368322.814810296
4026 1586 480481.3736301476 4368322.457063171
4087 1586 481701.65669349214 4368321.690439113
4148 1586 482922.18824416405 4368323.243168726
4209 1586 484140.60276137415 4368323.258935922
4453 1586 489021.3147093997 4368323.048622986
4514 1586 490241.0245800224 4368321.950957576
4575 1586 491461.9524386344 4368322.741062616
4636 1586 492678.80360924883 4368323.282118435
4941 1586 498781.0114459705 4368321.76540655
5002 1586 500002.0513288773 4368322.368327693
5063 1586 501217.3960037798 4368323.847365642
5185 1586 503661.7280862638 4368323.303642137
5246 1586 504881.2798655161 4368322.8839251185
5429 1586 508540.78397936607 4368323.543143923
3416 1647 468281.33778752806 4367102.778642958
3477 1647 469502.59741813707 4367102.8795032995
3599 1647 471942.7965340954 4367102.954569825
3660 1647 473163.0693297998 4367104.206718855
3721 1647 474382.5900117608 4367103.402121516
3782 1647 475602.20071958395 4367103.702489763
3843 1647 476821.286110834 4367103.404302186
3965 1647 479261.21226651553 4367102.984505664
4026 1647 480481.85196867527 4367103.040539934
4087 1647 481701.7728417147 4367103.846697257
4331 1647 486581.82474185113 4367103.0016889945
4453 1647 489019.6520938577 4367103.579022055
4575 1647 491461.32861947553 4367103.026553535
4697 1647 493901.485507856 4367102.594634225
4941 1647 498780.9912158184 4367102.659105049
5002 1647 500001.56097069953 4367102.70679563
5307 1647 506100.96956559125 4367103.611650738
5368 1647 507321.5762866776 4367102.830507059
3416 1708 468281.96993257763 4365882.931645498
3477 1708 469501.66422318615 4365882.882987158
3538 1708 470721.60907759174 4365882.58379897
3599 1708 471942.30172806577 4365881.961201918
3660 1708 473162.3310078633 4365882.408300537
3721 1708 474383.0355641721 4365882.58435396
3782 1708 475602.77374072594 4365882.711792544
3965 1708 479262.1560831278 4365883.506686433
4026 1708 480482.55024581455 4365883.222034877
4087 1708 481701.8186341649 4365882.866883611
4148 1708 482921.599730745 4365882.696505398
4209 1708 484141.3348917608 4365882.375852839
4270 1708 485361.2786684161 4365882.995910199
4331 1708 486581.2417382472 4365883.2923681885
4392 1708 487801.4584925674 4365884.019403427
4453 1708 489021.5243438544 4365884.205107681
4514 1708 490241.8897890113 4365883.5021570735
4575 1708 491462.01856172335 4365883.311745918
4636 1708 492679.3186919801 4365883.963944125
4697 1708 493900.85314887366 4365882.4491305845
4758 1708 495122.1149454269 4365882.104093271
5124 1708 502441.6005193414 4365882.44882579
5185 1708 503661.0059121025 4365882.559750633
5429 1708 508541.39266131603 4365882.853482783
3294 1769 465842.57578872197 4364663.018444199
3355 1769 467062.8651386415 4364662.3537725955
3416 1769 468282.94918004266 4364662.954532196
3477 1769 469502.44350731873 4364662.491237234
3538 1769 470722.0699682295 4364662.451641453
3599 1769 471942.3481084636 4364662.795270327
3660 1769 473162.15351857286 4364662.6239215825
3721 1769 474381.5397403059 4364662.678742613
3782 1769 475601.58108321414 4364662.585217694
3843 1769 476821.64174935635 4364662.219201647
3904 1769 478042.13534347404 4364662.195744838
3965 1769 479262.46300726454 4364662.724940913
4026 1769 480481.1489161506 4364662.453116767
4087 1769 481702.23281070136 4364662.094769816
4209 1769 484141.342252793 4364661.785851346
4270 1769 485362.3598669171 4364662.116349312
4331 1769 486581.7800887525 4364662.980509115
4392 1769 487801.4205420903 4364662.8915138915
4453 1769 489020.5509200119 4364662.206907731
4514 1769 490242.2604957474 4364662.70172934
4575 1769 491461.90307158977 4364663.3022605395
4636 1769 492682.83663873695 4364664.041469562
4697 1769 493900.87480964104 4364663.40691943
4819 1769 496338.966931565 4364663.919112204
4880 1769 497561.7158695301 4364663.578211047
4941 1769 498781.4441087251 4364662.567540177
5063 1769 501221.8845892422 4364661.807699666
5124 1769 502440.2235567322 4364661.968345054
5185 1769 503658.9090838089 4364662.0858942075
5246 1769 504881.63078664965 4364662.946405469
3111 1830 462181.44619994814 4363443.243638089
3294 1830 465842.34177292377 4363443.608144388
3416 1830 468282.8058577827 4363442.865550707
3477 1830 469502.9013045109 4363443.118793793
3538 1830 470721.8874313064 4363442.71535382
3599 1830 471942.59277447936 4363443.006610272
3660 1830 473162.18995992315 4363442.456807655
3843 1830 476822.54930437636 4363442.422514287
3904 1830 478041.9882102299 4363442.666662929
3965 1830 479262.0095520638 4363442.758030357
4026 1830 480482.4222628599 4363442.907012158
4087 1830 481702.7369829803 4363442.596425317
4148 1830 482922.63835448725 4363442.585621376
4270 1830 485360.62221551395 4363441.787907412
4392 1830 487801.9460959266 4363441.917757782
4514 1830 490240.65333736263 4363442.495885821
4697 1830 493901.3649755702 4363442.73632801
4758 1830 495120.7524196403 4363442.301830682
4941 1830 498782.29981841793 4363443.389637328
5002 1830 500000.933279761 4363442.597129756
5063 1830 501222.14430009184 4363443.06295252
5124 1830 502441.43797739886 4363443.803850963
5429 1830 508541.06678561354 4363442.097067679
2989 1891 459742.20364605344 4362223.429213521
3416 1891 468282.2396604158 4362223.691493195
3477 1891 469502.14069883997 4362223.2266658675
3538 1891 470722.5935836209 4362223.273172721
3599 1891 471941.36766671727 4362223.036059306
3660 1891 473162.062112138 4362223.679016744
3782 1891 475602.70044183277 4362223.071002332
3843 1891 476822.5494415005 4362222.832232712
3904 1891 478042.22679152613 4362222.969994585
3965 1891 479262.3060025242 4362223.412497991
4026 1891 480482.46274238225 4362223.823127516
4087 1891 481701.324780753 4362223.20266627
4148 1891 482921.942383907 4362223.689878748
4209 1891 484141.19901442376 4362223.135244986
4270 1891 485360.74122517457 4362222.7627495015
4331 1891 486582.0247416803 4362222.888216697
4453 1891 489020.63649138005 4362222.578531271
4514 1891 490240.7711470285 4362222.211305562
4575 1891 491461.3178277861 4362221.9321379205
4636 1891 492681.72755186155 4362221.744372702
4758 1891 495121.53295090125 4362222.565247145
4819 1891 496341.536905445 4362222.069271747
4880 1891 497561.1803429248 4362222.575447398
5002 1891 500000.99666363717 4362222.314282267
5185 1891 503658.54683991947 4362223.253036741
2989 1952 459742.3053145433 4361003.150412939
3050 1952 460961.82057112386 4361003.1660538465
3111 1952 462181.67315260874 4361003.430864719
3233 1952 464621.57907949184 4361003.323266874
3294 1952 465841.7817332871 4361003.159682252
3355 1952 467061.9607062802 4361003.028946039
3416 1952 468281.5427402401 4361003.158229422
3477 1952 469501.5897383951 4361003.349507626
3538 1952 470722.0754370146 4361003.301712526
3599 1952 471941.76009434985 4361003.077895188
3660 1952 473161.6113393206 4361003.07087908
3721 1952 474381.73666566005 4361003.076617058
3782 1952 475602.1147277949 4361003.160166227
3843 1952 476821.73099603254 4361003.242061904
3904 1952 478042.1509960598 4361003.319699566
3965 1952 479261.3277201816 4361002.70418699
4026 1952 480481.681319341 4361003.066048191
4148 1952 482922.251850357 4361003.222922498
4209 1952 484141.49943862966 4361003.192321038
4270 1952 485361.6912854046 4361003.018880053
4331 1952 486580.961299374 4361002.263693268
4392 1952 487801.39909275144 4361003.307362138
4453 1952 489021.40217350284 4361002.770416196
4514 1952 490240.8226347711 4361002.29526541
4575 1952 491462.20283182093 4361001.63379041
4697 1952 493901.4070040681 4361002.97781983
4758 1952 495120.70949646714 4361002.342786416
4819 1952 496341.40697088314 4361001.8885755325
4880 1952 497561.4082539227 4361002.938178561
4941 1952 498781.6679279592 4361002.157948001
5002 1952 500001.1430862134 4361002.735150102
5124 1952 502441.51537112246 4361002.417335326
3050 2013 460963.0109062821 4359783.221919383
3111 2013 462182.3971311206 4359783.240003964
3172 2013 463401.8360300073 4359782.833777532
3233 2013 464622.0289728098 4359782.88550113
3294 2013 465841.91855310916 4359783.128222358
3355 2013 467061.88921829883 4359782.747309251
3416 2013 468281.7742375039 4359783.159891971
3477 2013 469501.4562527601 4359783.477405985
3538 2013 470721.86568997736 4359782.8996496545
3599 2013 471941.3243209095 4359783.139020483
3660 2013 473161.7270705284 4359783.290259038
3721 2013 474381.56073051173 4359783.322762915
3782 2013 475601.24101882806 4359782.812248954
3843 2013 476821.6423636544 4359782.914730458
3904 2013 478041.62882543553 4359783.033668102
3965 2013 479262.47241801233 4359782.679204771
4026 2013 480482.87070027995 4359782.14765925
4087 2013 481701.6996835925 4359782.002787223
4148 2013 482921.9924214163 4359782.5639427425
4209 2013 484142.30034583766 4359783.069001037
4270 2013 485361.7578570328 4359783.760969784
4331 2013 486581.5309689948 4359782.639471243
4392 2013 487801.2669387161 4359782.2877493035
4453 2013 489021.38499879354 4359783.457333635
4514 2013 490239.0848445421 4359782.840019737
4575 2013 491460.8355676415 4359783.927716131
4758 2013 495121.40124543454 4359782.986457387
5063 2013 501221.1883640869 4359782.183342863
5124 2013 502441.7991749534 4359782.29013343
5246 2013 504881.27267606667 4359783.301541476
5307 2013 506101.72342735046 4359783.295910804
2867 2074 457301.625592526 4358562.2371363845
3050 2074 460962.08250050934 4358562.073462975
3111 2074 462183.47623668506 4358562.717956706
3172 2074 463402.65280404297 4358563.1125065135
3233 2074 464623.18929233094 4358563.469797478
3294 2074 465842.5463695576 4358563.409036933
3355 2074 467062.5960221163 4358563.423660305
3416 2074 468281.87065441435 4358562.767393068
3477 2074 469501.77770832466 4358562.975411272
3538 2074 470721.85014937556 4358562.938419147
3599 2074 471942.1598482235 4358563.150793908
3660 2074 473161.7936546093 4358562.592354519
3721 2074 474381.77465486084 4358562.747043056
3782 2074 475601.74693524925 4358563.359920198
3843 2074 476821.746750857 4358563.019527694
3904 2074 478042.1277620688 4358563.012838056
3965 2074 479262.20342448505 4358563.85590956
4026 2074 480481.6787338073 4358563.419231385
4087 2074 481701.3263629507 4358563.008631024
4209 2074 484142.66343794914 4358562.840595248
4270 2074 485363.274849528 4358562.286661563
4331 2074 486581.5449425091 4358562.373015376
4575 2074 491461.60714946757 4358562.579699374
4880 2074 497559.39023376384 4358563.398245406
4941 2074 498781.1888678338 4358562.440640844
5002 2074 500001.4316736755 4358562.859983611
5063 2074 501221.56336579553 4358562.214756757
2745 2135 454863.0301416298 4357342.720551461
2806 2135 456082.51061866235 4357343.020251589
2867 2135 457303.13393440057 4357343.672221284
2928 2135 458522.3611585327 4357342.835847093
2989 2135 459742.2851440972 4357342.001963589
3050 2135 460961.5662113367 4357342.478314426
3111 2135 462181.49109732546 4357342.275500084
3172 2135 463402.18225379154 4357342.238449511
3233 2135 464622.4480258437 4357342.048543947
3294 2135 465842.5485902304 4357342.366034896
3355 2135 467062.8581130829 4357342.502709109
3416 2135 468282.9455933337 4357342.99981437
3477 2135 469503.10705374327 4357343.32353039
3538 2135 470722.2918942474 4357343.241092016
3599 2135 471942.6001980144 4357343.198830988
3660 2135 473161.53330090863 4357343.232765389
3721 2135 474381.8923050475 4357342.709814928
3782 2135 475601.8075015467 4357342.847825025
3843 2135 476822.051569436 4357342.741117946
3904 2135 478042.4372813816 4357343.707845059
3965 2135 479262.0413230335 4357343.588761286
4026 2135 480481.42244929186 4357343.026456078
4209 2135 484141.0516484816 4357343.447274918
4331 2135 486581.8846714481 4357343.269625005
4392 2135 487801.9364937736 4357342.813123105
4453 2135 489023.13175199804 4357343.250113073
4514 2135 490241.9637542574 4357342.628292144
4697 2135 493902.8080345604 4357342.317016744
4758 2135 495121.80191260995 4357341.728134223
4880 2135 497562.22472507623 4357342.604737182
5002 2135 500001.22052261484 4357343.105985842
5124 2135 502441.4282572382 4357342.708093177
5185 2135 503661.2852783423 4357342.542948331
5368 2135 507321.9875819268 4357343.654307107
2745 2196 454862.32749806414 4356123.320367458
2806 2196 456082.51295993844 4356123.531866185
2867 2196 457303.0194661215 4356123.302086538
2928 2196 458522.1969060138 4356123.128427861
2989 2196 459741.9521225909 4356122.61350492
3050 2196 460962.05279705353 4356122.903083122
3111 2196 462182.30691052286 4356123.037277883
3172 2196 463402.34349678224 4356122.806500572
3233 2196 464622.1989883064 4356122.345538008
3294 2196 465841.4768723353 4356122.507968331
3355 2196 467061.7929358904 4356122.036035469
3416 2196 468281.7688429376 4356122.499303922
3477 2196 469502.3359788864 4356122.394179409
3538 2196 470722.6983179466 4356122.342604354
3599 2196 471943.0397045021 4356122.35155406
3660 2196 473163.4286324723 4356122.8057070235
3721 2196 474382.9418976488 4356122.794324546
3782 2196 475602.5932292021 4356123.289086246
3843 2196 476821.78704894736 4356122.965617558
3904 2196 478041.6851680223 4356122.636148427
3965 2196 479261.6691871973 4356122.131018948
4026 2196 480482.9103096577 4356121.851837469
4087 2196 481702.4636985853 4356122.262444796
4148 2196 482922.1089979888 4356122.9239983335
4209 2196 484142.05039715563 4356122.793803719
4270 2196 485362.5178017113 4356123.10303579
4331 2196 486581.20237818285 4356123.14958028
4453 2196 489021.3020753093 4356122.975970215
4697 2196 493902.5991883219 4356123.434626269
4758 2196 495122.5037517256 4356122.272921139
4941 2196 498782.14771045896 4356122.0772998305
5124 2196 502441.3729351138 4356121.834064466
2623 2257 452422.35772784066 4354902.891438174
2745 2257 454861.7801010978 4354903.417132273
2806 2257 456081.9065735113 4354903.410571066
2867 2257 457301.3567377072 4354903.677386129
2928 2257 458521.8526758737 4354902.517529301
2989 2257 459741.96197297686 4354902.927945809
3050 2257 460961.8871798466 4354903.270573682
3111 2257 462182.0567241842 4354902.914833051
3172 2257 463401.844037618 4354902.76036568
3233 2257 464622.20821527205 4354902.51289059
3294 2257 465841.84119737876 4354902.778988875
3355 2257 467061.6857836883 4354902.869079333
3416 2257 468281.90125950094 4354902.712344112
3477 2257 469501.67574759433 4354902.637515152
3538 2257 470721.85106944386 4354902.581122516
3660 2257 473161.35224297945 4354901.905257634
3721 2257 474382.6184444247 4354902.175999929
3782 2257 475602.552963396 4354902.312020884
3843 2257 476822.6825167395 4354902.537115572
3904 2257 478042.0224553975 4354902.533475031
3965 2257 479262.3763510665 4354902.599655743
4026 2257 480481.98558604944 4354902.480860155
4148 2257 482921.9386368067 4354902.42799692
4270 2257 485362.6653452608 4354902.57794094
4331 2257 486582.78502827603 4354902.980744908
4392 2257 487800.4311666944 4354901.330294761
4453 2257 489023.0621569565 4354902.150466262
4697 2257 493901.4923995244 4354902.523310487
4819 2257 496341.2002802064 4354902.651601472
4941 2257 498781.067005457 4354901.8987468975
5002 2257 500001.22488761705 4354902.09043764
5124 2257 502441.7261784437 4354902.7745553125
5307 2257 506101.07307275524 4354902.733279746
5368 2257 507320.5078923474 4354901.924821002
5429 2257 508540.9308720557 4354901.801440808
2806 2318 456082.0728663919 4353682.920857554
2867 2318 457302.26539185614 4353683.036798862
2928 2318 458522.52020279766 4353683.290073472
3111 2318 462181.8036786841 4353683.022032504
3172 2318 463401.7174856519 4353682.821473788
3233 2318 464621.63790976116 4353682.724426065
3294 2318 465841.55740048893 4353682.772828426
3355 2318 467061.4995443873 4353683.520908773
3538 2318 470722.1748430256 4353682.95250891
3599 2318 471941.6915914915 4353683.06296231
3660 2318 473161.7218940777 4353683.014963453
3721 2318 474380.6401759966 4353682.262555384
3782 2318 475601.8144969589 4353681.934169872
3843 2318 476821.6748378275 4353682.476830752
3904 2318 478041.45615315234 4353683.393922854
3965 2318 479260.3090700917 4353683.695101485
4026 2318 480479.0246805766 4353682.290811749
4087 2318 481701.161903031 4353682.7746744985
4209 2318 484141.9719115271 4353681.388639401
4331 2318 486581.0970430419 4353681.9173324425
4453 2318 489021.0171473568 4353682.465673225
4819 2318 496341.59527401405 4353685.374616998
4880 2318 497561.2430963805 4353682.790034741
5246 2318 504881.6466221086 4353682.112850927
2684 2379 453641.60436535475 4352463.0258872835
2745 2379 454862.01009804255 4352463.5480217
2806 2379 456082.3967247665 4352462.898223908
2867 2379 457302.1310604428 4352462.656282119
2928 2379 458522.7982937054 4352462.892274545
3050 2379 460963.0460722225 4352462.8757946165
3111 2379 462183.0952641937 4352462.917447732
3172 2379 463402.555906575 4352462.8092240235
3233 2379 464622.2631942272 4352462.420384676
3416 2379 468281.12013510143 4352463.2609717315
3477 2379 469501.699074857 4352462.839272069
3538 2379 470721.51992219186 4352462.690483847
3599 2379 471941.7558334127 4352462.480203289
3660 2379 473161.0073946101 4352462.211259239
3721 2379 474381.2832875856 4352462.324521629
3782 2379 475601.3380583399 4352462.604581645
3843 2379 476821.37589446246 4352463.188061388
3904 2379 478041.52192035987 4352463.148906818
3965 2379 479261.9295797206 4352463.623312201
4026 2379 480481.7711805782 4352463.229179387
4148 2379 482921.4337450456 4352462.565881777
4209 2379 484141.9217831726 4352462.80633409
4270 2379 485361.28741940926 4352462.418521651
4331 2379 486581.16413099377 4352462.752646087
4392 2379 487801.9304188299 4352462.032510503
4453 2379 489022.64199156436 4352462.199722488
4758 2379 495122.0890977568 4352462.5027246745
5063 2379 501221.3267739732 4352462.616431984
5185 2379 503662.020168897 4352462.64518041
2684 2440 453642.4710305293 4351242.950659765
2745 2440 454862.0339523731 4351243.086427187
2806 2440 456081.2959912769 4351242.714361878
2867 2440 457301.5909811351 4351242.750816708
2928 2440 458524.1879465464 4351243.472930743
2989 2440 459743.62161034346 4351239.430510302
3111 2440 462183.1273749221 4351243.093438478
3172 2440 463403.2419741703 4351243.111414874
3233 2440 464622.91739768506 4351243.290922984
3294 2440 465842.96822814934 4351243.459196755
3416 2440 468282.51220457454 4351243.728074928
3660 2440 473162.02258107584 4351242.598106674
3721 2440 474382.16467689583 4351242.7865652125
3782 2440 475601.91630203684 4351242.875983691
3843 2440 476822.5580078661 4351242.594928877
3904 2440 478043.7591081963 4351243.289510175
3965 2440 479262.49548832525 4351242.7222610805
4026 2440 480482.7707263021 4351242.68799157
4087 2440 481701.94645458687 4351243.550069065
4148 2440 482922.11723317625 4351242.892423504
4209 2440 484141.00982804154 4351243.4850680735
4270 2440 485361.35699413763 4351243.515114341
4331 2440 486581.12500329886 4351243.756254156
4392 2440 487798.8792577729 4351243.00440537
4453 2440 489020.9725629932 4351243.075209624
4575 2440 491460.9155349012 4351242.132087258
5124 2440 502441.9246875538 4351242.973431177
2745 2501 454862.88666399696 4350022.931419877
2867 2501 457302.6104356411 4350023.114424551
2928 2501 458522.64791272953 4350023.400919633
3050 2501 460962.78340292914 4350023.5873110825
3294 2501 465842.75995070295 4350023.091111283
3355 2501 467063.210884412 4350023.462251071
3416 2501 468282.45803318144 4350023.440236751
3538 2501 470723.2553415624 4350023.479786476
3599 2501 471943.07267148787 4350023.505136457
3721 2501 474383.4786571543 4350023.187126676
3782 2501 475602.88156931085 4350023.377668742
3843 2501 476821.3280857431 4350022.004323575
3904 2501 478041.3529893355 4350022.574396272
3965 2501 479261.87176602153 4350022.779201939
4026 2501 480482.6870525122 4350022.248435207
4087 2501 481702.34430753527 4350023.095239461
4270 2501 485362.5108843399 4350022.241946797
4331 2501 486582.45880241325 4350022.487414061
4392 2501 487802.5096397186 4350022.775393177
4453 2501 489021.826869403 4350023.558272613
4514 2501 490241.82632498693 4350023.66901141
4636 2501 492680.8043282285 4350022.812224961
4758 2501 495122.5240048878 4350023.262143309
4819 2501 496341.927408187 4350022.367868554
5124 2501 502441.4021521527 4350022.793748944
5185 2501 503661.06192078633 4350022.724463264
5368 2501 507317.9645645717 4350024.332201139
2623 2562 452421.2456132056 4348802.223786661
2684 2562 453641.6183162374 4348802.38249933
2745 2562 454861.7058024335 4348802.379241791
2806 2562 456081.9864979761 4348802.860688523
2867 2562 457302.41918782686 4348802.756758764
2989 2562 459742.9291179151 4348802.929472368
3050 2562 460963.24063385226 4348802.75505124
3111 2562 462183.16438225016 4348803.736884706
3172 2562 463402.2517116874 4348802.8264002185
3477 2562 469502.5162306421 4348802.542630243
3660 2562 473163.6033119515 4348803.059617324
3721 2562 474383.81084195216 4348804.07172912
3782 2562 475603.2593260096 4348802.953689173
3843 2562 476821.4982619847 4348803.384029784
3965 2562 479261.0062757664 4348802.250148119
4026 2562 480482.2409920097 4348803.708489242
4148 2562 482921.1028942151 4348801.960594722
4331 2562 486582.0967867012 4348802.517176596
4392 2562 487802.7179329119 4348802.906494115
4636 2562 492683.05941461 4348803.85630902
2562 2623 451201.5432495919 4347582.249570769
2623 2623 452421.8327338372 4347582.408719241
2684 2623 453641.84173201595 4347583.050698463
2745 2623 454861.7595360358 4347581.75096089
2806 2623 456081.6663640053 4347582.43358314
2867 2623 457301.5308577771 4347582.484121243
2928 2623 458521.78644816147 4347582.311840127
2989 2623 459741.8104832226 4347582.276097215
3172 2623 463402.52398327953 4347583.053087246
3233 2623 464623.1230111191 4347582.332445695
3294 2623 465842.51121481607 4347583.323475477
3355 2623 467062.80213214183 4347582.907225671
3416 2623 468282.47674573504 4347582.88286967
3599 2623 471942.0703587891 4347582.387065992
3660 2623 473162.5765454906 4347583.04035483
3721 2623 474382.3705435787 4347582.408735666
3843 2623 476821.6279667183 4347582.609451193
3904 2623 478042.385227531 4347583.398854743
3965 2623 479263.1231901217 4347584.090436477
4026 2623 480481.40336861246 4347583.666027076
4087 2623 481698.79809729557 4347583.887158825
4148 2623 482919.7426923878 4347582.800751355
4270 2623 485360.4140260862 4347582.53275492
4636 2623 492681.83318601805 4347582.631367595
4880 2623 497562.56250719517 4347582.787997929
5002 2623 499999.7530111285 4347584.9326128345
2501 2684 449981.32360650407 4346361.920537343
2562 2684 451203.09502876527 4346362.59927179
2745 2684 454862.0052188248 4346361.861582783
2806 2684 456082.39616549114 4346362.631141793
2867 2684 457302.1083456392 4346362.095308218
2928 2684 458521.5204364715 4346362.192286952
2989 2684 459741.33210128784 4346361.642087754
3111 2684 462181.91227870487 4346361.594450002
3233 2684 464621.92452148575 4346361.989275862
3294 2684 465842.0315879163 4346362.080911832
3355 2684 467062.59348705516 4346362.492217023
3416 2684 468282.9597927986 4346362.872541638
3477 2684 469503.3731035063 4346363.386460069
3538 2684 470723.09190333274 4346363.177091568
3660 2684 473162.1864702308 4346363.20523289
3721 2684 474381.61346129107 4346363.078007243
3782 2684 475602.625967128 4346363.039381269
3843 2684 476822.8610065238 4346364.079314912
3904 2684 478042.5995830027 4346363.73783192
3965 2684 479261.61857901927 4346363.06716231
4087 2684 481702.0167116384 4346363.096834923
4148 2684 482923.0209882494 4346363.650653674
4209 2684 484141.8597861875 4346362.352745467
4270 2684 485361.54313979263 4346362.160666396
4331 2684 486582.1021783909 4346362.749453013
4392 2684 487801.46629844385 4346362.612471802
4514 2684 490240.3813925724 4346361.215572854
4575 2684 491461.0706992002 4346362.017460494
4636 2684 492681.4415587564 4346361.935443292
4758 2684 495119.28089933674 4346362.541442038
4880 2684 497561.9034056301 4346362.647258599
4941 2684 498781.823173026 4346363.026634355
5246 2684 504881.2648677624 4346362.850555498
2440 2745 448761.34480563924 4345141.047592792
2501 2745 449981.7472601151 4345143.152699556
2562 2745 451202.19664851646 4345143.038045454
2623 2745 452421.96334620856 4345143.099338463
2684 2745 453642.73109626386 4345143.106946897
2745 2745 454862.7366043878 4345142.940204592
2806 2745 456082.6424359608 4345142.816211008
2928 2745 458522.61454419146 4345142.475534248
2989 2745 459742.62061570183 4345142.423948368
3050 2745 460962.5331319179 4345142.621136669
3111 2745 462182.12582146 4345142.591537549
3172 2745 463402.7517240472 4345142.029748797
3233 2745 464622.17330750363 4345142.102532381
3294 2745 465841.5777405309 4345142.264018581
3355 2745 467063.0226925453 4345144.745330958
3416 2745 468282.35270721634 4345141.921993188
3477 2745 469502.70642518403 4345142.1049555745
3538 2745 470723.08344037586 4345142.343700285
3599 2745 471943.1442490169 4345142.688425351
3660 2745 473162.7808506642 4345142.640242244
3721 2745 474383.3857009521 4345143.1481051985
3782 2745 475602.35187485564 4345142.065182259
3843 2745 476822.2462828795 4345142.612677545
3904 2745 478042.6607506375 4345142.796309752
3965 2745 479262.73985214747 4345143.445112267
4026 2745 480482.7602131308 4345142.957544688
4087 2745 481702.5371780434 4345143.624893916
4148 2745 482921.36790152534 4345142.849831665
4209 2745 484141.24135136773 4345143.351629976
4270 2745 485361.50434863317 4345142.872819721
4331 2745 486582.46766377194 4345142.460908809
4392 2745 487802.47419406846 4345142.969236412
4453 2745 489022.6989483149 4345142.999538664
4514 2745 490242.4976165165 4345143.012750263
4575 2745 491462.6228970029 4345143.513794589
4636 2745 492681.0549686467 4345142.951281621
4819 2745 496341.0854852524 4345141.948174856
4941 2745 498781.40217228304 4345142.352618795
2379 2806 447541.6874784016 4343922.278643337
2440 2806 448761.2141037586 4343922.232448339
2501 2806 449982.35002164915 4343923.3957405705
2562 2806 451201.6592291211 4343922.376228097
2623 2806 452421.4921792557 4343922.969023498
2745 2806 454862.1384536237 4343923.0888692755
2806 2806 456082.19768444507 4343923.692080449
2867 2806 457301.68767741055 4343922.847485779
2928 2806 458521.85660928005 4343923.050933123
2989 2806 459741.29137107474 4343922.589436169
3050 2806 460961.1210286718 4343923.002587631
3111 2806 462182.2722789841 4343922.813488677
3172 2806 463402.4023190284 4343923.100131126
3233 2806 464622.95719891065 4343923.034157952
3294 2806 465842.77996754274 4343922.661559235
3355 2806 467062.66938594094 4343922.43878465
3416 2806 468282.6405473377 4343922.728100858
3477 2806 469502.75471166294 4343922.270135283
3538 2806 470722.3860080852 4343922.009874484
3599 2806 471942.5938534681 4343922.002987182
3660 2806 473162.8291358875 4343922.391483861
3721 2806 474383.22579066484 4343922.576304737
3782 2806 475601.59809164325 4343922.162867297
3843 2806 476822.120584284 4343921.988506784
3904 2806 478042.1018621521 4343921.953141896
3965 2806 479262.15190788 4343922.653298461
4026 2806 480482.59273994336 4343922.553195172
4087 2806 481702.66277427896 4343922.412657231
4148 2806 482922.9277364503 4343923.0278157005
4209 2806 484143.23194260144 4343922.786540939
4331 2806 486582.6362176742 4343923.6531570135
4392 2806 487802.1225951941 4343923.369066396
4453 2806 489021.34762158216 4343923.168199535
4514 2806 490241.74196243635 4343923.350647711
4575 2806 491460.94089188037 4343922.867872441
4697 2806 493901.92627700156 4343922.856180215
4758 2806 495121.6939015567 4343922.005823534
4819 2806 496341.15467429726 4343923.000768969
2318 2867 446322.3561411145 4342702.570955546
2379 2867 447542.43561704387 4342702.7828569375
2440 2867 448763.23887596256 4342702.624112253
2501 2867 449982.2785263626 4342702.026822078
2562 2867 451202.26022333116 4342702.781636443
2623 2867 452422.2765321371 4342702.571552896
2745 2867 454861.30947767175 4342702.5465795295
2806 2867 456081.60148308176 4342702.330610571
2867 2867 457301.1851617638 4342703.025279391
2989 2867 459741.0375075494 4342702.371818629
3050 2867 460960.97179800307 4342702.505069731
3111 2867 462181.25509368646 4342702.6915627625
3172 2867 463401.6017477005 4342702.647247973
3233 2867 464622.04003680963 4342702.666417987
3294 2867 465841.9170870589 4342703.241703211
3355 2867 467061.6285546669 4342702.597347107
3416 2867 468282.04355707875 4342703.01543512
3477 2867 469502.6371499809 4342702.631048469
3538 2867 470722.8454470155 4342702.640037038
3599 2867 471943.0308836342 4342702.810404235
3660 2867 473162.469348244 4342702.791893664
3721 2867 474382.6535161125 4342702.939172214
3782 2867 475602.6991744322 4342702.697384649
3843 2867 476822.7762095885 4342702.499521703
3904 2867 478043.16977551504 4342702.51153167
3965 2867 479262.62222587765 4342702.4478575
4026 2867 480483.02266434574 4342702.205506769
4087 2867 481702.4888773852 4342702.295908188
4148 2867 482922.4760402122 4342702.234194334
4209 2867 484142.2744874882 4342702.113998915
4331 2867 486583.02450855507 4342702.7898744745
4392 2867 487802.360901474 4342702.714283299
4514 2867 490242.7446354479 4342703.165483227
4636 2867 492682.0848331503 4342703.407516092
4697 2867 493899.36587488605 4342702.953607541
4758 2867 495120.6869679387 4342702.63689473
4941 2867 498781.5936964583 4342705.103169271
5002 2867 500001.27730960934 4342702.747180619
5124 2867 502440.78428574593 4342701.375466439
2318 2928 446321.3719496706 4341482.528162304
2379 2928 447543.9039285329 4341483.410388597
2440 2928 448762.3171232349 4341483.368004225
2501 2928 449981.42883167975 4341483.043765177
2562 2928 451201.56574139145 4341482.589852973
2623 2928 452421.87378946046 4341482.511353759
2684 2928 453642.3514780683 4341482.67052279
2745 2928 454862.1174698582 4341482.723033725
2806 2928 456082.44647684554 4341482.769465073
2867 2928 457302.8556482174 4341483.048678852
2928 2928 458521.9427954283 4341482.9833256705
2989 2928 459741.56739457266 4341482.534442873
3050 2928 460960.96049039415 4341482.967434323
3111 2928 462181.5664531963 4341482.858880227
3172 2928 463401.18986634904 4341482.548497536
3233 2928 464621.31856557936 4341482.771203137
3294 2928 465841.17194094876 4341482.702135264
3355 2928 467061.62146865635 4341482.810045938
3416 2928 468281.5945327968 4341482.808824905
3477 2928 469500.70816934865 4341481.930570944
3538 2928 470721.82108592516 4341482.323911427
3599 2928 471941.7726887818 4341482.816496908
3660 2928 473161.81352145015 4341482.725093553
3721 2928 474381.92336642183 4341483.509791904
3782 2928 475601.989933456 4341483.719229879
3843 2928 476821.3509059921 4341483.301443899
3904 2928 478041.8179211665 4341482.985893734
3965 2928 479261.84026980324 4341482.898923024
4026 2928 480482.44159615866 4341482.630872019
4087 2928 481702.6511682656 4341482.750922678
4148 2928 482922.44227580575 4341482.472342333
4209 2928 484142.97256295744 4341482.466390966
4270 2928 485363.1195867955 4341482.796622208
4331 2928 486582.8323099544 4341482.437925804
4392 2928 487802.87262490345 4341482.253880497
4514 2928 490242.43941606564 4341481.980917841
4636 2928 492682.7317040407 4341482.540060661
2318 2989 446321.48284747545 4340262.432825842
2379 2989 447542.260257126 4340263.4178134715
2440 2989 448762.3433563451 4340263.722033026
2501 2989 449982.0982251687 4340263.412931704
2623 2989 452422.3361733285 4340263.416590425
2806 2989 456081.5897390224 4340262.4577891715
2867 2989 457301.985337255 4340262.424856154
2928 2989 458522.30791367334 4340262.788998986
2989 2989 459742.1821516491 4340262.8927208595
3050 2989 460962.7485854219 4340263.024007194
3111 2989 462182.2396612405 4340262.709230796
3172 2989 463402.11181724595 4340263.221859016
3233 2989 464621.7322094349 4340263.334928229
3294 2989 465841.3669494796 4340263.329432647
3355 2989 467061.211514411 4340262.860618588
3416 2989 468280.9710957114 4340262.321302564
3477 2989 469501.55945611285 4340262.550361308
3538 2989 470721.2950635012 4340262.161470829
3599 2989 471941.6735288091 4340262.047115034
3660 2989 473161.97974337457 4340262.44817081
3721 2989 474382.2237321759 4340263.567064802
3782 2989 475601.8001814233 4340263.767757037
3843 2989 476821.8170497189 4340263.648771655
3904 2989 478041.8259695032 4340263.230550453
3965 2989 479261.82901281357 4340263.207102027
4026 2989 480481.69737667823 4340263.230630789
4087 2989 481701.63506337226 4340263.458572968
4148 2989 482921.7637863212 4340263.239416667
4209 2989 484141.6684567273 4340263.112627723
4270 2989 485362.2983219891 4340262.948484281
4331 2989 486582.4274531991 4340262.763830955
4392 2989 487802.05678553134 4340262.61886063
4453 2989 489022.33210026124 4340261.6840388095
4514 2989 490243.1219323687 4340262.899177149
4575 2989 491463.09656468284 4340262.582859639
4697 2989 493902.942304067 4340262.772942455
4819 2989 496341.5581577061 4340262.323162099
5246 2989 504879.1235419612 4340261.722656031
2501 3050 449982.81877929997 4339043.688803799
2562 3050 451202.93451928627 4339043.88680329
2623 3050 452422.86355559056 4339044.374291921
2684 3050 453642.6596515724 4339043.775134769
2745 3050 454862.35918341053 4339043.187897965
2806 3050 456082.4612113178 4339043.139341078
2867 3050 457301.44827455503 4339042.825512506
2928 3050 458521.0799710435 4339043.091715501
2989 3050 459741.4652527693 4339042.992981891
3050 3050 460961.8869210179 4339042.778692466
3111 3050 462182.11672429275 4339042.780631284
3172 3050 463403.04168453324 4339043.085337744
3233 3050 464622.5225548778 4339043.041480118
3294 3050 465842.92988341546 4339043.037771765
3355 3050 467062.3717850191 4339043.18157091
3416 3050 468280.6267859413 4339044.892258038
3477 3050 469501.35814740206 4339042.690316409
3538 3050 470721.56283807836 4339042.362795623
3599 3050 471941.4032374106 4339042.365421233
3660 3050 473161.74136199453 4339042.780671676
3721 3050 474383.5023318634 4339043.50169396
3782 3050 475603.0811357618 4339043.694964018
3843 3050 476822.42311237054 4339043.660359333
3904 3050 478042.1326072059 4339043.4312982615
3965 3050 479261.9918791467 4339043.516396531
4026 3050 480481.23374424234 4339042.725689536
4087 3050 481701.6829834104 4339043.3173908945
4148 3050 482922.1936229706 4339043.081057698
4209 3050 484141.3357820769 4339043.171219497
4270 3050 485361.50896395015 4339042.924631962
4331 3050 486581.92854003055 4339043.147886596
4392 3050 487801.19083567447 4339042.986870764
4453 3050 489020.88262540183 4339042.683299495
4514 3050 490241.7566903677 4339042.852605769
4575 3050 491461.4719336014 4339042.302487537
4636 3050 492681.69040774653 4339042.375813008
4697 3050 493902.311711536 4339042.956964365
4819 3050 496342.5416368227 4339042.498830312
4880 3050 497562.5263221311 4339042.428714202
4941 3050 498782.18525010825 4339042.946420205
5185 3050 503656.83181470825 4339043.176287699
2501 3111 449982.97569245636 4337824.264483506
2562 3111 451201.6160148142 4337823.485373322
2623 3111 452421.88807618094 4337823.793694534
2684 3111 453642.20827017544 4337824.043251901
2745 3111 454861.9153603989 4337822.675941995
2806 3111 456082.3487306269 4337823.54710641
2928 3111 458521.99763655436 4337823.307864378
2989 3111 459742.00284271705 4337822.94880178
3050 3111 460961.78081729816 4337823.038493747
3111 3111 462181.5949519799 4337823.052141679
3172 3111 463401.74633355584 4337822.623236601
3233 3111 464621.9937382217 4337822.663203513
3294 3111 465841.8385506295 4337822.956239096
3355 3111 467062.13792098826 4337822.279057366
3416 3111 468283.25870914443 4337822.921921177
3477 3111 469503.00414623675 4337823.363066459
3538 3111 470721.9821971681 4337822.263296437
3660 3111 473161.5261291461 4337822.662319986
3721 3111 474381.3720267375 4337822.0563167455
3782 3111 475601.7399822199 4337821.717735728
3843 3111 476822.0293585095 4337821.982273413
3904 3111 478042.8211381324 4337822.493232521
3965 3111 479263.0658226322 4337822.52796444
4087 3111 481702.4726100751 4337823.780035004
4148 3111 482922.338289117 4337823.403189059
4209 3111 484141.6153943337 4337823.276825926
4270 3111 485361.6649579937 4337822.94870526
4331 3111 486581.7370075971 4337823.288458521
4392 3111 487801.193656701 4337822.90205271
4453 3111 489022.144066101 4337823.12136714
4514 3111 490242.0827400366 4337822.725272727
4575 3111 491461.3038594853 4337822.966856122
4636 3111 492681.9401416101 4337822.985288525
4697 3111 493901.1927605112 4337822.80784684
4758 3111 495121.4407654989 4337822.584122519
4819 3111 496341.20826501335 4337822.335303195
4880 3111 497561.65250716056 4337822.01960386
5063 3111 501218.6072193039 4337821.795918325
2501 3172 449982.19826301094 4336603.117637864
2562 3172 451202.63425238343 4336602.933753806
2623 3172 452422.0082554786 4336602.975965138
2684 3172 453641.39638861624 4336603.254802743
2745 3172 454861.3002972161 4336602.470228018
2806 3172 456081.4706146486 4336603.3326768195
2867 3172 457301.34677586326 4336603.3580441
2989 3172 459742.0443699008 4336602.637437375
3050 3172 460961.9760446215 4336603.784119275
3111 3172 462181.6943304761 4336603.255137906
3172 3172 463401.3956050641 4336603.185071853
3233 3172 464621.8187850272 4336603.215670171
3294 3172 465841.78612867434 4336602.860779614
3355 3172 467061.3649554483 4336602.625326911
3416 3172 468281.8363143752 4336602.378997079
3477 3172 469501.8979230653 4336602.726941652
3538 3172 470721.92726145854 4336602.6359625105
3599 3172 471942.0746758829 4336602.6705334345
3660 3172 473162.57612032053 4336603.038338617
3721 3172 474382.26319048833 4336602.523714811
3782 3172 475601.3110480413 4336602.986421405
3843 3172 476821.44600763614 4336602.594640584
3904 3172 478041.3671384169 4336602.13800414
3965 3172 479261.6477818783 4336602.510745957
4087 3172 481702.7578257262 4336602.19757713
4148 3172 482923.29352849594 4336602.507299154
4209 3172 484142.3860453105 4336602.549737509
4270 3172 485362.93634653045 4336603.327821951
4331 3172 486582.66132984497 4336603.401279183
4392 3172 487802.0400169314 4336603.55092946
4453 3172 489021.6425084755 4336603.413221614
4514 3172 490241.6605792779 4336603.301902674
4575 3172 491461.3420769407 4336603.29054901
4636 3172 492681.79805370234 4336603.396282369
4697 3172 493902.036714095 4336602.867631937
4758 3172 495122.0380865805 4336603.050439302
4819 3172 496341.95768850006 4336602.736256604
2623 3233 452422.9896103127 4335382.318797321
2684 3233 453642.5097170605 4335382.912812239
2745 3233 454862.8755321361 4335383.190949006
2806 3233 456082.7862929248 4335383.367443025
2989 3233 459743.5778866666 4335383.758150247
3050 3233 460961.2491912537 4335382.377056822
3111 3233 462182.0268663624 4335382.892166612
3172 3233 463401.4695945258 4335383.343366235
3233 3233 464621.54361837875 4335383.341157426
3294 3233 465843.5922097202 4335383.027334708
3355 3233 467061.54339659726 4335382.687308014
3416 3233 468281.2627341519 4335382.669694476
3538 3233 470720.72581970657 4335382.890684735
3660 3233 473162.35910998995 4335382.855180776
3721 3233 474382.176291651 4335382.371882518
3782 3233 475602.1277900746 4335382.603308818
3904 3233 478042.3393077604 4335382.203182038
3965 3233 479262.5113773871 4335382.366927786
4087 3233 481702.27457503957 4335382.826634941
4148 3233 482921.8505867691 4335382.772034408
4209 3233 484141.08909174113 4335382.288179182
4270 3233 485362.39192344114 4335382.552573564
4331 3233 486582.35413899977 4335382.163973796
4392 3233 487802.6873806328 4335382.312915622
4453 3233 489023.40629062173 4335382.688158085
4514 3233 490243.0350970253 4335383.1484517865
4575 3233 491462.76665595634 4335383.237887669
4636 3233 492682.3775748687 4335383.819470258
4697 3233 493901.6910290337 4335383.269217369
4758 3233 495121.72456200863 4335383.239484262
4819 3233 496341.5324867909 4335383.016390797
5063 3233 501220.4658491599 4335381.462334493
2623 3294 452422.6354392714 4334163.001489563
2684 3294 453643.35795146093 4334164.148595831
2745 3294 454862.5602722503 4334163.350666766
2806 3294 456082.78760950523 4334164.099807429
2867 3294 457302.5565659915 4334163.268447448
3111 3294 462183.0695188019 4334163.48238374
3172 3294 463402.7753975369 4334163.695091902
3233 3294 464622.64566889213 4334163.285157793
3294 3294 465841.966365666 4334163.296478058
3355 3294 467061.2993296152 4334163.247799172
3416 3294 468280.8974604347 4334162.883961749
3477 3294 469501.9133755757 4334162.953822454
3538 3294 470721.1273406588 4334163.412737946
3599 3294 471941.30610120104 4334163.052629174
3660 3294 473161.9036656458 4334163.506865174
3721 3294 474382.7562499516 4334163.488879428
3782 3294 475602.6953383634 4334163.29900533
3843 3294 476822.6313035739 4334163.084542986
3965 3294 479262.8939176074 4334163.629320976
4026 3294 480482.5796615159 4334162.73196274
4087 3294 481702.4327522012 4334162.342186593
4148 3294 482922.6359776559 4334162.870411697
4209 3294 484142.1646670267 4334162.500109657
4270 3294 485362.3534627929 4334162.939728988
4331 3294 486581.14767561125 4334162.442028207
4392 3294 487801.30069487536 4334162.449038265
4453 3294 489021.67207078467 4334162.492315093
4514 3294 490241.9404480949 4334162.212428346
4575 3294 491461.9355548045 4334162.372055175
4636 3294 492682.4841156162 4334162.332344653
4697 3294 493903.0760063525 4334162.867461663
4758 3294 495122.598545155 4334163.020340485
4819 3294 496342.8082552815 4334163.878962811
4880 3294 497562.42149175913 4334162.630091411
5063 3294 501219.2132531914 4334163.106608041
2623 3355 452422.78971028805 4332943.266953886
2684 3355 453643.0144398166 4332943.499356061
2745 3355 454862.78939163033 4332943.994137943
2806 3355 456082.55286302575 4332943.912627522
2867 3355 457302.7156492038 4332944.780718133
2928 3355 458522.5622761045 4332943.557986224
2989 3355 459742.4367025128 4332943.384914562
3050 3355 460962.4666457432 4332943.342536094
3111 3355 462182.3397948638 4332943.311086703
3172 3355 463402.26882535487 4332943.3642544355
3233 3355 464622.30129075795 4332943.26489206
3294 3355 465842.5541766359 4332943.26897816
3355 3355 467062.6254883569 4332943.552069185
3416 3355 468282.2331728836 4332942.972119076
3477 3355 469502.60317544354 4332943.18712895
3538 3355 470723.113930978 4332943.795977177
3599 3355 471942.17052562954 4332943.255112805
3660 3355 473161.55046106235 4332943.295985788
3721 3355 474381.9461477349 4332943.239773779
3782 3355 475602.302411146 4332943.671640672
3904 3355 478042.6290928119 4332943.577929379
3965 3355 479262.26246982685 4332943.406673197
4026 3355 480482.91863332904 4332944.441387564
4087 3355 481702.2673802616 4332943.542279054
4148 3355 482922.82113994757 4332943.737686911
4209 3355 484142.8484928273 4332943.154646277
4270 3355 485362.39090091514 4332942.827525819
4331 3355 486581.79557017586 4332942.699824602
4392 3355 487802.09054970025 4332942.827250983
4453 3355 489021.8146942265 4332942.741556492
4514 3355 490241.69536404696 4332942.4195910655
4575 3355 491461.8836985338 4332942.528415889
4636 3355 492681.7184288467 4332942.629984083
4697 3355 493901.4130177318 4332942.310719158
4758 3355 495121.9409033162 4332942.220070102
4819 3355 496342.25400369684 4332942.4752780525
2623 3416 452421.81460087054 4331723.270573323
2684 3416 453641.4700065832 4331722.80740279
2745 3416 454861.2742022483 4331723.164761163
2867 3416 457302.3167719662 4331722.393951903
2928 3416 458522.7101974146 4331723.04568311
2989 3416 459743.1027199658 4331723.935497673
3050 3416 460962.6434678218 4331723.62498331
3111 3416 462182.7524452736 4331723.765217489
3172 3416 463402.4603183194 4331723.47493718
3233 3416 464622.713022408 4331723.738738992
3294 3416 465842.2006888251 4331723.321886839
3355 3416 467061.17211086757 4331723.335570819
3416 3416 468282.09948372544 4331723.703425437
3477 3416 469501.764520365 4331723.246042983
3538 3416 470722.73230612796 4331723.765000021
3599 3416 471941.6502028842 4331723.035803609
3660 3416 473161.4876104072 4331723.372837288
3721 3416 474381.1990527164 4331723.058947591
3782 3416 475601.6293706483 4331723.496228065
3843 3416 476821.60743734945 4331723.452177717
3904 3416 478041.6242241411 4331723.380092527
3965 3416 479261.70542749343 4331723.325659343
4026 3416 480481.9329931936 4331723.938384809
4087 3416 481702.07269997505 4331723.363206492
4148 3416 482921.8793611855 4331723.417371988
4209 3416 484141.80936333025 4331723.956370282
4270 3416 485362.13871571346 4331723.089410966
4331 3416 486581.9074385721 4331723.583930455
4392 3416 487802.0597827424 4331723.065887937
4453 3416 489022.2399995213 4331723.054398422
4575 3416 491462.3982791524 4331722.744385832
4636 3416 492682.0964503918 4331722.895140471
4697 3416 493902.11330322514 4331722.865157656
4758 3416 495121.935840562 4331722.650911376
4819 3416 496342.28728175344 4331722.739250507
4880 3416 497561.5104624744 4331723.176658066
5002 3416 500000.93194877345 4331722.24658025
2623 3477 452422.4063204096 4330502.982525894
2745 3477 454862.3523525954 4330502.859544333
2806 3477 456082.03168897453 4330503.197530506
2867 3477 457301.53559689265 4330503.160831625
2928 3477 458521.1777613877 4330502.954429247
2989 3477 459741.5857813884 4330503.0341831995
3050 3477 460962.11418564763 4330503.184677684
3111 3477 462182.85992952 4330502.833135065
3172 3477 463402.721400099 4330502.912791726
3233 3477 464623.0836564612 4330503.648949462
3294 3477 465842.6883019199 4330503.538820456
3355 3477 467062.8041005842 4330503.798738197
3416 3477 468282.0602504435 4330503.618709002
3477 3477 469501.5780656517 4330503.389621622
3538 3477 470721.65603675076 4330503.04725545
3599 3477 471941.7336105007 4330502.633531941
3660 3477 473161.5460987788 4330502.280001762
3721 3477 474381.42648637714 4330503.180656918
3782 3477 475598.9777410619 4330503.327289253
3843 3477 476821.6889822053 4330503.001889845
3904 3477 478041.8256708221 4330503.339079279
3965 3477 479262.06227506313 4330504.059847125
4087 3477 481701.97561144654 4330503.182693549
4148 3477 482922.10792672186 4330502.8223202275
4209 3477 484141.78632704774 4330503.160865359
4270 3477 485361.69150684244 4330503.387667814
4331 3477 486581.8859905827 4330502.842267744
4392 3477 487801.7803713285 4330503.572166139
4514 3477 490241.9496300156 4330503.773598877
4575 3477 491462.0477364166 4330503.43162043
4636 3477 492682.25709542626 4330503.185350262
4697 3477 493902.0177394811 4330503.214856076
4758 3477 495122.2940353738 4330502.7206899375
4819 3477 496341.8379062759 4330502.496700202
2745 3538 454862.3383838793 4329282.89608464
2806 3538 456082.358215055 4329283.026687128
2928 3538 458521.0206386878 4329283.293755424
2989 3538 459743.0659352958 4329283.024743116
3050 3538 460961.3807689809 4329283.4950081315
3111 3538 462181.93936809694 4329283.158107259
3172 3538 463400.87403995194 4329282.468056048
3233 3538 464621.3158811526 4329282.065430952
3355 3538 467062.86343096115 4329283.09451988
3416 3538 468282.62727741717 4329283.104123554
3477 3538 469502.81107374415 4329283.009035326
3538 3538 470722.77143483155 4329284.106022555
3599 3538 471942.4237795042 4329282.464276141
3721 3538 474382.18033928174 4329283.177877459
3843 3538 476821.5402586589 4329282.216919784
3904 3538 478041.4945257397 4329282.850450828
3965 3538 479261.6182367728 4329282.93610056
4026 3538 480481.3585856861 4329282.815141595
4087 3538 481702.05627449433 4329283.074582152
4148 3538 482921.44470496004 4329282.997790343
4209 3538 484141.4509518835 4329283.059754373
4270 3538 485361.7854732725 4329283.668920962
4331 3538 486581.9366758926 4329283.333030476
4453 3538 489021.54783335386 4329283.420797484
4514 3538 490241.6715889816 4329282.854259254
4575 3538 491461.8786258667 4329283.0772056375
4697 3538 493901.4472626619 4329283.350013281
4758 3538 495121.7394832121 4329283.489446821
4819 3538 496341.79996555636 4329282.844903044
4880 3538 497561.80191575823 4329282.23447962
4941 3538 498782.3256478569 4329282.657317132
2440 3599 448760.96346287616 4328062.314186725
2806 3599 456082.62800049555 4328062.120931203
2867 3599 457302.37856007996 4328062.175050588
2989 3599 459741.92833695863 4328063.258594533
3050 3599 460962.82009909186 4328062.182619624
3111 3599 462183.3403283409 4328063.400721721
3172 3599 463400.6296774847 4328062.953711823
3233 3599 464622.0903819587 4328063.071508981
3355 3599 467061.94468281535 4328063.218195238
3416 3599 468281.5702379461 4328063.195986643
3477 3599 469501.61957775947 4328062.758444922
3538 3599 470721.5028336734 4328062.772813092
3599 3599 471941.3006052193 4328062.050746859
3721 3599 474382.3656947544 4328064.716759211
3782 3599 475602.2561444341 4328062.205716791
3843 3599 476822.8704561019 4328062.560323412
3904 3599 478042.1269152994 4328062.7065865155
3965 3599 479262.3696189383 4328063.099607509
4026 3599 480481.8381303659 4328062.987214799
4087 3599 481701.5676262876 4328062.799299153
4148 3599 482921.3797844044 4328062.594181715
4209 3599 484141.79613853287 4328062.910662326
4270 3599 485361.8396895885 4328062.650952301
4331 3599 486581.5158040345 4328063.04808465
4392 3599 487801.9922253025 4328063.404820499
4453 3599 489021.73973604053 4328063.298978766
4514 3599 490242.05291513796 4328062.99864088
4575 3599 491462.09555768146 4328063.531619328
4636 3599 492681.7593970941 4328062.922007672
4697 3599 493901.6346149887 4328062.924988092
4758 3599 495122.2321226992 4328062.89051712
4819 3599 496342.67054679693 4328063.183647351
4880 3599 497562.280265057 4328062.619963594
4941 3599 498782.0204174399 4328062.801310064
5002 3599 500001.7860563851 4328062.060288709
2257 3660 445101.6158971091 4326842.846862186
2318 3660 446322.57867649035 4326843.489965947
2379 3660 447542.13090694486 4326842.842163641
2440 3660 448762.2323830833 4326843.142400726
2501 3660 449983.28625172155 4326842.747813946
2562 3660 451202.23853449424 4326842.6284429375
2806 3660 456081.5689594129 4326842.268294051
2867 3660 457301.017459556 4326842.872105385
2928 3660 458521.2974295171 4326843.370540448
2989 3660 459743.1974732958 4326843.358462942
3050 3660 460962.3372857162 4326842.040472396
3111 3660 462181.701516683 4326841.563384075
3172 3660 463402.9134996992 4326842.662425799
3355 3660 467060.9771789853 4326841.040873992
3416 3660 468279.8944310461 4326840.592866047
3477 3660 469502.5793061696 4326843.297216515
3538 3660 470721.9459618434 4326843.106303104
3599 3660 471941.58245485177 4326842.694617061
3660 3660 473161.652700958 4326842.759013248
3721 3660 474379.24731155473 4326842.25226833
3782 3660 475600.98194950266 4326842.074472285
3843 3660 476821.2711101442 4326841.681803336
3904 3660 478041.7434921583 4326841.851349044
3965 3660 479262.1811249736 4326841.776950284
4026 3660 480482.43270848546 4326842.0634192955
4087 3660 481701.97949346143 4326842.53735992
4148 3660 482922.2297331029 4326842.50352376
4209 3660 484141.66576417437 4326842.830673103
4270 3660 485361.5304374828 4326842.617399819
4331 3660 486582.29315356305 4326842.544810742
4392 3660 487801.9178321998 4326842.585504195
4453 3660 489022.1188497203 4326842.966966782
4514 3660 490242.2020397299 4326842.721888566
4575 3660 491461.9698617583 4326843.128838077
4636 3660 492681.96434133616 4326842.8249132205
4697 3660 493902.15296912 4326842.9762702845
4758 3660 495122.37816401845 4326843.00492798
4819 3660 496342.65024161735 4326843.780597427
4880 3660 497562.4709192156 4326843.467570927
4941 3660 498782.74191657314 4326843.552914822
2257 3721 445102.5170521265 4325622.450507254
2318 3721 446322.96416915784 4325622.696453385
2440 3721 448762.52717242134 4325622.839225154
2501 3721 449982.22590869496 4325622.845158168
2562 3721 451202.0349855522 4325623.005085358
2623 3721 452421.9652565962 4325622.676871705
3172 3721 463401.6295551014 4325622.787510969
3233 3721 464621.9180107372 4325622.665537136
3294 3721 465842.33095434535 4325623.019015643
3477 3721 469502.6691279067 4325623.1943659205
3660 3721 473161.68877875013 4325623.7211292535
3721 3721 474381.4716397729 4325622.521846583
3782 3721 475601.34165878745 4325622.460394015
3843 3721 476822.01807623723 4325622.793972976
3904 3721 478041.15618475585 4325622.47946466
3965 3721 479261.0320203804 4325622.3506483035
4026 3721 480481.5623893256 4325622.16105713
4087 3721 481701.9201191993 4325622.109145207
4148 3721 482922.1176239423 4325622.100302449
4209 3721 484142.687559306 4325622.932382864
4270 3721 485362.9341662137 4325622.218223883
4331 3721 486582.81454117084 4325622.904060082
4392 3721 487802.53056984534 4325623.032257527
4453 3721 489022.1077578967 4325623.2653296
4514 3721 490241.93339771783 4325622.906240983
4575 3721 491461.7352271911 4325622.679525457
4636 3721 492681.65399695426 4325622.596159152
4697 3721 493901.59058684914 4325622.422953039
4758 3721 495122.1843570311 4325623.1606764225
4819 3721 496341.91681184253 4325622.602710987
4880 3721 497561.4416627936 4325623.009206049
4941 3721 498781.54239935 4325623.26690945
5002 3721 500002.15084482497 4325623.385879639
2257 3782 445102.62090154405 4324402.459941662
2318 3782 446322.13646188047 4324402.596287654
2379 3782 447542.03467764426 4324402.396215834
2440 3782 448762.2966073898 4324402.538102624
2501 3782 449982.3534859078 4324402.209011674
2562 3782 451202.7243657646 4324402.412932854
3050 3782 460961.70558958454 4324399.306936698
3111 3782 462182.51993938186 4324403.124217448
3172 3782 463403.16175121936 4324403.244348322
3233 3782 464622.8283567896 4324402.846364143
3294 3782 465842.6113025933 4324402.476578197
3538 3782 470721.96138524427 4324403.082313903
3599 3782 471941.2085979453 4324403.3419552725
3660 3782 473161.3079515814 4324403.229656451
3721 3782 474381.4472310913 4324403.337960756
3782 3782 475601.45327910234 4324403.479781545
3843 3782 476821.455642704 4324403.498572294
3904 3782 478041.7645925165 4324402.489740116
3965 3782 479261.4635865684 4324402.881951178
4026 3782 480482.04215973616 4324403.069138243
4087 3782 481701.33436547144 4324402.914409839
4148 3782 482921.3297130617 4324402.143540429
4209 3782 484142.02062196104 4324402.630855638
4270 3782 485361.31789726665 4324402.415633695
4331 3782 486581.9221910773 4324402.425107097
4392 3782 487802.07300310076 4324402.262597518
4453 3782 489022.83948476217 4324402.153989108
4514 3782 490242.73457513633 4324402.236237997
4575 3782 491462.0567131568 4324402.416790933
4636 3782 492682.56927746104 4324402.488183008
4697 3782 493902.36051283224 4324403.0474490365
4758 3782 495122.0979803712 4324402.9101868225
4880 3782 497561.8331649058 4324402.667408795
5002 3782 500001.2914706848 4324402.874726515
5124 3782 502441.34578623803 4324402.326284863
2257 3843 445102.14433522214 4323182.403115586
2318 3843 446322.3783768 4323182.423981427
2379 3843 447542.94694728026 4323182.34576908
2440 3843 448762.9286908887 4323183.124503705
2501 3843 449982.35486622405 4323182.92273869
2562 3843 451201.9234844849 4323182.671646442
2684 3843 453641.26235509285 4323181.727981716
3111 3843 462182.251985448 4323183.035639922
3172 3843 463404.5921678993 4323182.687108845
3294 3843 465841.9118947096 4323182.730172234
3355 3843 467062.12490111106 4323182.664891969
3416 3843 468282.2911051614 4323182.837766958
3477 3843 469502.5366740388 4323183.352695586
3538 3843 470722.56907161424 4323183.068230308
3599 3843 471942.5087313452 4323182.769712917
3660 3843 473162.2519528331 4323182.88818346
3721 3843 474382.15688289964 4323183.206710752
3782 3843 475601.23702581774 4323182.858102529
3843 3843 476821.5184406434 4323183.228608472
3904 3843 478041.44734830654 4323183.209024693
3965 3843 479260.8811770041 4323182.797532672
4026 3843 480481.4786152449 4323183.555651119
4087 3843 481701.5676003906 4323183.498337776
4148 3843 482921.5755559697 4323182.774255541
4209 3843 484141.84545289906 4323182.887390619
4270 3843 485360.7746814089 4323182.422180614
4331 3843 486581.55679352407 4323182.882049871
4392 3843 487801.8457982409 4323183.15301987
4453 3843 489021.2870988129 4323181.7607017765
4514 3843 490241.18102028436 4323182.016998527
4575 3843 491462.0878013392 4323182.175347568
4636 3843 492682.1758010891 4323182.229997134
4697 3843 493902.60999447585 4323182.232624769
4758 3843 495122.9757003788 4323183.347287676
4819 3843 496342.1386010498 4323183.443843657
4880 3843 497561.63461059757 4323183.205411157
4941 3843 498781.79917576816 4323182.545331917
5002 3843 500002.103458199 4323183.045199778
5185 3843 503661.6226822572 4323181.651088905
2257 3904 445101.89059006184 4321962.7037947895
2318 3904 446321.7525917253 4321962.706655461
2379 3904 447541.70343518397 4321963.121242714
2440 3904 448761.41833879217 4321962.930514936
2501 3904 449982.3665949682 4321962.892523374
2562 3904 451202.43873213057 4321963.116467916
2623 3904 452422.55582531577 4321962.335470733
3233 3904 464621.1591747796 4321962.045175905
3294 3904 465841.4862726333 4321961.540650283
3416 3904 468282.89922942594 4321963.245832397
3477 3904 469502.2359220082 4321962.717808814
3538 3904 470722.9939091167 4321963.1716813855
3599 3904 471942.4485120613 4321962.076850999
3660 3904 473162.9528754398 4321962.794769873
3721 3904 474382.6174398961 4321962.73935043
3782 3904 475603.0534359004 4321962.740546977
3843 3904 476822.6258296082 4321963.0391607145
3904 3904 478042.6473650536 4321963.092394042
3965 3904 479262.30312655435 4321963.127042362
4026 3904 480482.2984410494 4321963.2650020085
4087 3904 481701.8108892518 4321963.410207847
4148 3904 482921.78791995614 4321962.7713198485
4209 3904 484141.8392722845 4321962.940824019
4270 3904 485361.4392014929 4321962.464255279
4331 3904 486581.81378752756 4321963.557919297
4392 3904 487801.4128759583 4321963.07593529
4453 3904 489021.2007542049 4321962.748661435
4514 3904 490241.47322732984 4321962.853886829
4575 3904 491461.73698240606 4321962.344963471
4636 3904 492681.22255866707 4321962.52484545
4697 3904 493902.38745528477 4321962.457806387
4758 3904 495122.257386154 4321962.875687585
4819 3904 496342.24211033806 4321962.868733751
5063 3904 501222.11629933154 4321962.942171015
5124 3904 502441.79444859654 4321963.3871220015
2257 3965 445103.1593148148 4320742.307492184
2318 3965 446323.2009684599 4320742.957122886
2379 3965 447543.0391601668 4320742.992638425
2440 3965 448762.7701130229 4320742.851529424
2501 3965 449982.636293827 4320742.772234788
2562 3965 451202.1538836921 4320742.724628682
2623 3965 452421.62806978193 4320742.866518008
3233 3965 464621.62892429554 4320742.526598241
3355 3965 467062.4924090303 4320742.752641675
3477 3965 469501.5528996519 4320742.568187361
3538 3965 470721.4773440352 4320742.397486004
3599 3965 471942.59907384514 4320742.383032585
3660 3965 473162.80870796624 4320742.8946008105
3721 3965 474382.21946767974 4320742.322958149
3782 3965 475602.7893482105 4320742.752386675
3843 3965 476822.9530546809 4320743.174116375
3904 3965 478043.08223621314 4320743.099644515
3965 3965 479263.01908993896 4320743.55083591
4026 3965 480482.9822008882 4320743.060817913
4087 3965 481702.8997469954 4320743.150076317
4148 3965 482923.00626965676 4320743.092988135
4209 3965 484142.55097548047 4320743.201596804
4270 3965 485363.33936307277 4320742.8128472995
4331 3965 486582.04978496913 4320743.059479069
4453 3965 489021.26135846454 4320743.096807412
4514 3965 490241.4472989625 4320742.900341172
4575 3965 491461.734943323 4320742.792322494
4636 3965 492681.3788794141 4320742.877360217
4697 3965 493901.98214963777 4320742.294109944
4758 3965 495121.8982157327 4320743.524412273
4819 3965 496341.81505858706 4320742.674298046
4880 3965 497561.0857830319 4320743.612651349
5063 3965 501222.0474116834 4320742.809308747
2318 4026 446322.84670950426 4319523.064968793
2501 4026 449982.99069461244 4319523.321644502
2562 4026 451203.05993083376 4319523.405624666
2623 4026 452422.7340331334 4319523.806946013
3294 4026 465842.3035724496 4319522.873456727
3355 4026 467060.94989989296 4319522.1522923205
3416 4026 468281.44847046974 4319522.310097142
3477 4026 469502.8229262723 4319522.825856004
3538 4026 470722.34044603107 4319522.701666914
3599 4026 471942.4312850363 4319523.300913513
3660 4026 473161.5893359684 4319522.641396362
3721 4026 474381.38217193383 4319522.571158274
3782 4026 475601.699415546 4319522.227936148
3843 4026 476821.8952278274 4319522.230383142
3904 4026 478042.37233871873 4319522.357843958
3965 4026 479262.76073988224 4319522.91826092
4026 4026 480483.32887748635 4319523.387582475
4087 4026 481702.92845997383 4319522.967106193
4148 4026 482923.2009434931 4319523.21293733
4209 4026 484143.2732912075 4319523.254235741
4270 4026 485363.2953254927 4319523.710558703
4331 4026 486583.4956388622 4319523.599778704
4392 4026 487803.0858635401 4319523.649833134
4453 4026 489023.2855477123 4319523.191524275
4514 4026 490243.0489988358 4319523.315319137
4575 4026 491462.7201809228 4319522.564124622
4636 4026 492682.17508642253 4319523.045975743
4697 4026 493901.88802884304 4319522.566103421
4758 4026 495121.57179918827 4319522.545013978
4880 4026 497562.01333059795 4319523.270696022
5063 4026 501221.9446121569 4319522.838293819
2379 4087 447542.7739806579 4318303.741496105
2440 4087 448763.10137825005 4318304.007607814
2501 4087 449983.2275526641 4318303.391536681
2562 4087 451202.6316856073 4318303.1528347125
3294 4087 465841.7231506505 4318302.7789406385
3355 4087 467062.8423278579 4318302.744153762
3416 4087 468282.7940169755 4318303.406761452
3477 4087 469501.98485196475 4318301.653931347
3538 4087 470722.4106447122 4318302.386582267
3599 4087 471942.7564753739 4318302.458004199
3660 4087 473162.72510106163 4318302.551897004
3721 4087 474382.58710674796 4318302.715012316
3782 4087 475602.9414915812 4318303.044302119
3843 4087 476822.10899402015 4318303.085789738
3904 4087 478041.6067533689 4318303.010302077
3965 4087 479261.7286600446 4318302.506811017
4026 4087 480481.67933807557 4318302.348232125
4087 4087 481702.0660773363 4318302.598577303
4148 4087 482922.45038189617 4318302.404992865
4209 4087 484142.7364791717 4318302.55937612
4270 4087 485363.41588732344 4318303.118551175
4331 4087 486583.3181832647 4318303.1875582775
4392 4087 487802.8975467721 4318303.644755953
4453 4087 489023.1832946363 4318303.256518065
4514 4087 490243.0386533683 4318302.904331089
4575 4087 491462.75216574245 4318302.973840405
4636 4087 492683.0632472418 4318303.23427609
4758 4087 495122.45215158607 4318302.436105239
4880 4087 497561.89394093055 4318302.42061839
4941 4087 498780.96934126434 4318303.42552767
5063 4087 501221.13951497426 4318302.647671077
2379 4148 447542.5656208383 4317084.171089221
2440 4148 448761.8802340368 4317083.31820434
2501 4148 449981.86661309464 4317083.454662726
2562 4148 451201.86529884185 4317083.808067172
3172 4148 463403.1975012267 4317083.8013448985
3233 4148 464623.30496209057 4317082.756110357
3416 4148 468281.8442809527 4317082.63650252
3477 4148 469503.9280721606 4317082.846876279
3538 4148 470721.74300812936 4317082.4471783675
3599 4148 471942.04690128117 4317082.208084616
3660 4148 473162.14509027783 4317081.8043230865
3721 4148 474382.4383205582 4317082.097160087
3782 4148 475602.3214146424 4317082.200390904
3843 4148 476822.5131513332 4317082.205450965
3904 4148 478042.93328485935 4317083.0046349345
3965 4148 479263.0443003438 4317082.530405959
4026 4148 480482.673353004 4317082.916738653
4087 4148 481702.22842775006 4317082.92163426
4148 4148 482921.58190384303 4317082.77128031
4209 4148 484141.5342615657 4317082.305821558
4270 4148 485361.45886043017 4317082.237307175
4331 4148 486582.2820454399 4317082.17611011
4392 4148 487802.8997525315 4317082.81357277
4453 4148 489022.72637005296 4317082.649038275
4514 4148 490242.75222929165 4317082.921754381
4636 4148 492683.0564168702 4317082.965526562
4697 4148 493901.65874015854 4317082.226920077
4758 4148 495121.41427699104 4317082.525915602
2440 4209 448763.01217062847 4315863.3264073655
2501 4209 449982.76206365554 4315862.970270425
2562 4209 451202.5381886091 4315863.363835121
3172 4209 463403.22613318934 4315863.186292432
3233 4209 464622.6560145339 4315862.895148341
3294 4209 465842.6259321019 4315862.902721942
3355 4209 467062.0587291223 4315862.995387193
3416 4209 468282.49337332137 4315862.623376236
3477 4209 469502.4950428394 4315862.818995682
3538 4209 470721.7719627921 4315862.499399199
3599 4209 471941.87426903023 4315862.33356921
3660 4209 473161.8048987085 4315861.678869619
3721 4209 474382.0124328613 4315861.818705807
3782 4209 475602.22225511936 4315862.574208123
3843 4209 476822.24569767364 4315862.185529804
3904 4209 478042.06535937113 4315862.068335909
3965 4209 479262.60949248937 4315862.031724464
4026 4209 480482.6504315001 4315862.2164189555
4087 4209 481703.01213027444 4315862.267597188
4148 4209 482922.9043146035 4315862.331073467
4209 4209 484142.24876628234 4315862.075065328
4270 4209 485362.72009665344 4315863.088108647
4331 4209 486581.9768986706 4315862.923527703
4392 4209 487801.6694582863 4315862.741791943
4453 4209 489022.2697602144 4315862.740916373
4514 4209 490241.81159179413 4315862.398670406
4575 4209 491462.4844866312 4315862.413057508
4636 4209 492681.9722060816 4315862.667364117
4697 4209 493902.19898646313 4315862.39566705
4758 4209 495122.04213959485 4315861.74953606
4941 4209 498781.4864321305 4315862.199666965
2440 4270 448761.948835005 4314642.903801375
2501 4270 449981.49582570157 4314642.836311726
2562 4270 451201.4396738123 4314642.9786957465
3172 4270 463401.3364856787 4314642.706489612
3233 4270 464621.34934074513 4314643.249048563
3355 4270 467062.8436848755 4314643.310283435
3416 4270 468282.55568860105 4314643.306999096
3477 4270 469502.40115971013 4314643.346817683
3538 4270 470722.600948302 4314642.813151891
3599 4270 471941.8670362138 4314642.212489404
3721 4270 474382.69966646755 4314642.877006501
3782 4270 475602.6923068419 4314642.831982222
3843 4270 476822.6382596662 4314642.877454154
3904 4270 478042.3691386757 4314642.083923083
3965 4270 479262.31190667715 4314642.552427381
4026 4270 480482.4334763313 4314642.192114948
4087 4270 481702.61018666765 4314642.27798758
4148 4270 482922.3606956477 4314642.287849994
4209 4270 484143.10047954175 4314642.139241557
4270 4270 485362.8541592942 4314642.218681916
4331 4270 486583.183432136 4314642.492145302
4392 4270 487802.81159905926 4314642.792092219
4453 4270 489023.1381276468 4314642.621335827
4514 4270 490242.50104361353 4314642.837025346
4575 4270 491462.2682104809 4314643.001027598
4636 4270 492682.2539064104 4314642.474762766
4697 4270 493901.6451846788 4314642.821888147
4758 4270 495121.4916482975 4314642.342289741
4819 4270 496341.92477631615 4314642.160407329
4941 4270 498782.1185421607 4314642.205853637
2440 4331 448762.25714090874 4313422.369545859
2501 4331 449982.38285293593 4313422.36188896
2562 4331 451202.59800876403 4313421.882432202
3233 4331 464621.75083884073 4313423.222821937
3416 4331 468281.25096997136 4313423.204124782
3477 4331 469501.7930396984 4313423.282904701
3538 4331 470721.62336952874 4313422.492022048
3599 4331 471942.1504879228 4313423.347805624
3660 4331 473161.7627564487 4313423.22702033
3721 4331 474381.8517639766 4313423.332223326
3782 4331 475602.30903125525 4313423.148229991
3843 4331 476822.6858632076 4313422.795301884
3904 4331 478042.8386634253 4313423.081480845
3965 4331 479262.7112522612 4313422.556822411
4026 4331 480478.85790657747 4313422.568419312
4087 4331 481702.25355303776 4313422.592888925
4148 4331 482922.58074731077 4313422.686780954
4209 4331 484142.79366648215 4313422.087590885
4270 4331 485362.09138266416 4313422.534354217
4331 4331 486582.74715172214 4313422.310456718
4392 4331 487802.6497942708 4313422.60399726
4453 4331 489022.81149845704 4313422.209369301
4514 4331 490242.60082353075 4313422.021799854
4575 4331 491462.83521588164 4313421.990908916
4636 4331 492682.25206037384 4313422.501494606
4697 4331 493901.9163903768 4313422.455887881
4758 4331 495122.58223696705 4313422.347143885
4819 4331 496342.67728657334 4313422.166343544
4880 4331 497562.4564107903 4313423.656853281
3477 4392 469501.315332249 4312202.5189014
3538 4392 470721.202025583 4312202.8349839505
3599 4392 471941.8113649724 4312203.542066117
3660 4392 473161.7727927346 4312203.245157472
3721 4392 474381.7011515507 4312203.147376352
3782 4392 475601.4273262067 4312203.149261525
3843 4392 476821.1684949726 4312202.980978266
3965 4392 479261.88453846605 4312202.050810559
4026 4392 480482.08187108656 4312202.966168539
4087 4392 481702.3223631913 4312203.307493335
4148 4392 482922.55513584043 4312202.704042581
4209 4392 484143.24516423966 4312203.185122001
4270 4392 485362.9726708495 4312202.628453069
4331 4392 486582.1609693466 4312202.682791186
4392 4392 487802.96943657444 4312202.794305803
4453 4392 489023.00354795146 4312202.319635365
4514 4392 490242.97609802586 4312202.254024913
4575 4392 491462.7443494486 4312202.748435851
4636 4392 492683.1785959832 4312203.451369592
4697 4392 493902.7677603036 4312203.358120551
4758 4392 495122.38863641623 4312202.840283416
3416 4453 468282.5387500919 4310982.741197378
3477 4453 469502.09935312014 4310982.516408217
3599 4453 471942.0606217287 4310983.4018390225
3660 4453 473161.69068111724 4310983.287418696
3721 4453 474381.794505424 4310983.907187219
3782 4453 475601.823115519 4310982.826335122
3843 4453 476820.988684969 4310982.967537724
3904 4453 478041.27310263854 4310982.892653008
3965 4453 479261.3240971678 4310983.005031985
4026 4453 480481.25551173557 4310982.827399477
4087 4453 481701.3391947878 4310983.043555359
4148 4453 482921.3873946021 4310982.9575909
4209 4453 484141.34276737605 4310982.59720854
4270 4453 485361.58456972684 4310982.745935769
4331 4453 486581.9047276464 4310983.279626155
4392 4453 487802.7403074434 4310983.852928749
4453 4453 489022.5696372613 4310982.721524237
4514 4453 490242.42477418215 4310982.68429121
4575 4453 491462.2931402011 4310982.661963165
4636 4453 492682.794758609 4310983.562727478
4697 4453 493902.87347328296 4310983.244039552
3416 4514 468281.68341897975 4309762.857303491
3477 4514 469501.93260817946 4309763.2447425695
3538 4514 470722.1930677255 4309762.540298512
3599 4514 471942.70246286 4309763.069984641
3660 4514 473163.1075936216 4309763.458239551
3721 4514 474382.6573699706 4309763.789000466
3843 4514 476821.58716476115 4309763.167517441
3904 4514 478041.8321745396 4309763.318197568
3965 4514 479261.54864932434 4309763.249092919
4026 4514 480481.16156109987 4309763.15850781
4087 4514 481701.32713988837 4309762.9482584745
4148 4514 482921.1625188722 4309762.444785496
4209 4514 484141.4031091111 4309763.058967064
4270 4514 485361.6215417443 4309762.789092705
4331 4514 486581.2710029317 4309762.54583393
4392 4514 487801.48278359085 4309762.56366619
4453 4514 489021.0857133015 4309762.673289442
4514 4514 490241.4035339985 4309762.8545527
4575 4514 491462.6491459082 4309763.093813272
4636 4514 492682.6518712325 4309762.795927428
3416 4575 468282.05463399884 4308543.743470194
3477 4575 469501.95975171006 4308543.708959704
3538 4575 470721.15090934664 4308542.2101308
3599 4575 471941.51160831505 4308543.363357141
3660 4575 473161.37561768485 4308543.115903481
3721 4575 474381.8881075136 4308542.737720154
3965 4575 479262.999765261 4308543.209406603
4026 4575 480482.41008176876 4308543.206119345
4087 4575 481702.10427666025 4308543.150931618
4148 4575 482921.5609592825 4308543.398342426
4209 4575 484141.31306978053 4308542.865637773
4270 4575 485361.09229033114 4308542.96809678
4331 4575 486580.86938658514 4308542.770190621
4392 4575 487801.19654317613 4308542.630531343
4453 4575 489021.2327587463 4308542.422042234
4514 4575 490241.9801797151 4308542.541547098
4636 4575 492681.3397486407 4308543.267343528
3355 4636 467061.404948049 4307322.770387707
3416 4636 468282.5108496158 4307323.857642402
3477 4636 469502.20547677146 4307323.355697963
3538 4636 470721.2205468159 4307321.765801426
3599 4636 471941.8596620992 4307323.295949654
4087 4636 481702.7012582976 4307323.127812771
4148 4636 482922.5034948719 4307323.34890015
4209 4636 484142.5247912986 4307323.054902597
4270 4636 485362.22373719537 4307323.069633656
4331 4636 486581.8771364924 4307323.11359237
4392 4636 487801.84881281224 4307323.138853917
4514 4636 490241.8678747662 4307322.941182771
4575 4636 491462.5949042869 4307322.438939941
3355 4697 467062.59273571364 4306102.874286928
3416 4697 468281.60604220105 4306103.567405883
3477 4697 469501.91060975054 4306103.327839979
3538 4697 470721.7888240028 4306103.63428044
4087 4697 481701.39604686067 4306102.939834498
4209 4697 484141.9412254429 4306102.429097519
4270 4697 485362.57718151686 4306102.71343484
4331 4697 486582.74880551046 4306103.00687624
4392 4697 487802.5358730402 4306103.056177305
4270 4758 485360.7956654505 4304882.971261901
4331 4758 486580.8529744847 4304882.997835918
4392 4758 487800.63636244397 4304882.447072327
3477 4819 469502.83615702705 4303663.632017316
4270 4819 485361.24599160335 4303662.470955036
4331 4819 486581.65314914903 4303663.062103862
3477 4880 469503.1913300737 4302443.056204349
