1586 122 715822.8580370623 4698824.842360319
2440 122 724361.4656946075 4698824.679481962
2684 122 726796.3673897805 4698826.602853047
2928 122 729242.6243634077 4698823.824460438
3050 122 730459.637294514 4698823.625660907
3660 122 736562.236116944 4698824.095972233
4026 122 740221.5103392442 4698822.698809244
4148 122 741443.4392495961 4698824.9261786
4392 122 743882.3178037886 4698818.830294296
5002 122 749977.8818669236 4698828.395315274
5246 122 752416.9772038964 4698824.648676104
5490 122 754860.3923452976 4698824.8584752055
5856 122 758522.2021297944 4698828.14699638
7686 122 776821.1304638132 4698829.127220679
7808 122 778042.0369368328 4698824.023671306
7930 122 779259.0708739309 4698823.165115342
8174 122 781697.8382280106 4698828.688417946
2562 244 725583.8240271591 4697604.348973749
3904 244 738997.5110036341 4697607.037649401
4026 244 740222.5720591681 4697604.995179674
4148 244 741443.6907924055 4697604.550267425
4270 244 742663.8267172619 4697602.923123964
4392 244 743882.9047356902 4697603.784065873
4636 244 746321.5071327122 4697608.110279764
4758 244 747539.2977124158 4697609.129875424
7930 244 779258.104410534 4697607.153114367
8052 244 780481.2817393481 4697604.717863795
2318 366 723141.6795712656 4696388.585145414
2440 366 724362.0301143061 4696382.317471182
2684 366 726803.2097694507 4696384.212958433
2806 366 728022.2177438508 4696382.808156337
3538 366 735338.5070354292 4696390.950428214
3782 366 737777.8105894569 4696383.842336271
4026 366 740222.5961370623 4696384.317631115
4514 366 745103.387158172 4696384.560399653
4636 366 746322.3275224471 4696386.788040893
5246 366 752418.3456958052 4696390.676939349
6588 366 765842.275310608 4696384.2319780225
6710 366 767063.1339054719 4696383.381139345
7564 366 775601.688276402 4696385.176902589
8418 366 784138.3368328412 4696387.963605887
2562 488 725580.1170787852 4695168.556119767
2684 488 726802.2436170462 4695172.365842734
3660 488 736562.3937438295 4695172.924458211
3904 488 739001.6386956446 4695163.916865106
4148 488 741442.5879577242 4695164.468979692
4270 488 742663.5014681513 4695162.493034932
4636 488 746321.9649061662 4695167.426893918
7686 488 776822.0292547996 4695163.981937644
8174 488 781702.3697584093 4695164.686241127
2318 610 723138.1159283934 4693943.609255032
2562 610 725577.9755148209 4693943.948729013
2806 610 728022.2467794238 4693944.957236366
2928 610 729236.7426324975 4693944.35189148
4148 610 741442.0713224122 4693944.574810211
4758 610 747543.2620566211 4693944.468832777
5002 610 749979.0401503387 4693951.724712386
5734 610 757304.5301607655 4693943.790932275
6710 610 767061.338076996 4693942.741745467
2196 732 721917.2897512643 4692723.259880102
2806 732 728024.2525002739 4692724.260115876
3538 732 735343.3871628928 4692724.599374797
3782 732 737781.8910549425 4692725.701995227
4026 732 740223.4063212868 4692723.913298066
4880 732 748762.6889060352 4692724.632059605
6100 732 760963.4221845748 4692724.032814781
6344 732 763404.1732564269 4692724.8506097775
7076 732 770718.484815455 4692728.512310592
8174 732 781702.882331863 4692724.860643738
1952 854 719478.2976054164 4691504.36968922
2562 854 725578.2967307646 4691502.903749599
2684 854 726802.5146950278 4691504.582344237
2806 854 728021.2570551485 4691507.827272876
3050 854 730458.3834556704 4691511.71107899
3782 854 737782.1096071946 4691506.988181612
3904 854 739003.486938745 4691502.1435578
4026 854 740223.165986783 4691503.731214011
4270 854 742661.3655212984 4691503.528233847
4514 854 745102.5039741677 4691506.060872594
5978 854 759739.553850113 4691500.278734213
6100 854 760960.6084172186 4691500.846030169
6344 854 763400.0175719559 4691499.624536306
6832 854 768278.2253510248 4691509.640466411
8052 854 780478.1339582744 4691503.433278422
8296 854 782916.8492902557 4691507.256767784
2806 976 728017.6557028512 4690287.580144989
3172 976 731676.7500517224 4690283.209300341
3660 976 736563.4906156976 4690286.363679007
3782 976 737781.645379029 4690284.049162654
3904 976 738997.722199158 4690286.573441791
4148 976 741438.3006672096 4690291.915396764
7320 976 773163.061849225 4690286.956626705
8174 976 781698.9867577166 4690283.608534373
1952 1098 719477.3618742826 4689071.764992699
2684 1098 726797.1347967227 4689064.3745229365
2806 1098 728018.2191777605 4689062.828613593
3294 1098 732901.6537947113 4689064.032094786
3416 1098 734116.8287628075 4689064.476542363
3538 1098 735338.2145328961 4689064.395380366
3660 1098 736561.7985507279 4689064.7963874135
3782 1098 737783.1301504823 4689064.057081822
3904 1098 739004.0425033986 4689065.114871755
4270 1098 742662.6819054434 4689063.946594789
4392 1098 743882.2194078245 4689063.161346141
6344 1098 763400.2435091883 4689060.263903483
1586 1220 715823.0402687131 4687843.865384033
1952 1220 719478.8333154395 4687844.144552588
2684 1220 726801.791275333 4687843.820333811
2806 1220 728018.5382905591 4687849.000701989
3416 1220 734121.7861423726 4687844.2326775305
3660 1220 736563.0193323101 4687843.426448667
3782 1220 737781.888740869 4687846.613459089
4026 1220 740223.3439614067 4687842.485924502
4148 1220 741441.8522042645 4687846.930565046
6344 1220 763398.788836108 4687851.412157374
2684 1342 726798.7210015057 4686624.157769919
2806 1342 728021.8056869804 4686631.803456847
2928 1342 729236.7873529376 4686624.175395708
3172 1342 731681.0571601345 4686624.842766032
3538 1342 735341.3868889345 4686624.055824572
4026 1342 740217.6038135157 4686628.505982781
4392 1342 743883.553701483 4686624.69970486
4514 1342 745102.4045589748 4686624.99662058
4758 1342 747537.7376974298 4686624.964962673
4880 1342 748763.5143099804 4686624.075678355
6710 1342 767058.0746099055 4686628.537486878
7076 1342 770717.3309751862 4686623.694878299
7564 1342 775602.6780137955 4686623.265736408
7686 1342 776817.9327892839 4686624.85766054
8052 1342 780476.534958189 4686622.95081924
1830 1464 718262.7157557579 4685404.617619213
2562 1464 725582.9220481166 4685404.359170232
2928 1464 729241.2346604009 4685408.361135914
3294 1464 732902.085880079 4685403.669449438
3538 1464 735344.859043225 4685404.314262417
3904 1464 739002.3093328797 4685404.634175934
4758 1464 747538.2907252999 4685403.878192941
7198 1464 771941.7673633347 4685408.647434559
2684 1586 726798.9092794267 4684183.555123765
2806 1586 728018.569172179 4684191.220621676
3050 1586 730456.5750994085 4684184.798804971
3416 1586 734122.4939227541 4684189.184824309
3782 1586 737778.8589759058 4684188.327930744
5856 1586 758523.3743207593 4684184.504050088
6100 1586 760958.8870224694 4684191.996857387
6710 1586 767063.5267732872 4684185.378547719
7930 1586 779262.3347824146 4684184.688228024
2562 1708 725578.2449936199 4682970.627357274
3172 1708 731677.584549571 4682971.581032841
3416 1708 734123.3724039296 4682964.4438670855
5490 1708 754862.3155897495 4682964.959810378
8052 1708 780479.1035320397 4682964.476433967
3172 1830 731681.4436719711 4681749.273289416
3538 1830 735339.4704607015 4681742.703829962
3660 1830 736561.2542492722 4681743.182708205
3782 1830 737781.5609133214 4681748.071111748
4392 1830 743881.5329663147 4681744.0185317565
6344 1830 763403.1287837003 4681743.620237515
6710 1830 767056.7760421684 4681744.340462866
6954 1830 769502.0084994431 4681743.901239247
3172 1952 731676.2146348385 4680524.945605746
3782 1952 737781.9578821142 4680528.374527592
4636 1952 746318.7415274176 4680529.412407821
7564 1952 775602.1758889859 4680524.186381447
7808 1952 778041.1195111189 4680524.453569457
3538 2074 735339.2498635651 4679309.03462435
3660 2074 736559.2258798976 4679310.796581964
3904 2074 738997.5047066404 4679306.522654113
4392 2074 743881.8359957981 4679306.9637642875
4636 2074 746322.8585363894 4679304.369794919
5612 2074 756081.8098196511 4679304.994469654
7686 2074 776822.7351859867 4679304.092293854
3294 2196 732898.7075656389 4678091.926703016
3416 2196 734118.251435811 4678088.070878684
3660 2196 736558.1033287368 4678087.9426241545
3782 2196 737778.661985705 4678092.686906965
4026 2196 740221.2819530002 4678088.024376231
4148 2196 741442.3483360196 4678088.180669928
4514 2196 745101.1491836334 4678088.438545175
7564 2196 775599.0265422668 4678088.551666031
7808 2196 778042.7880130116 4678083.6945801
3416 2318 734118.6362201219 4676871.329564332
3538 2318 735339.0191170886 4676870.693696596
3904 2318 739001.9413379199 4676867.887317125
4758 2440 747541.2183341901 4675644.505614749
3416 2562 734118.8612841455 4674431.029150196
3538 2562 735342.1960819265 4674427.889636366
4636 2562 746318.5191240734 4674429.285708098
4758 2562 747537.777459289 4674424.588363683
6344 2562 763397.089537821 4674427.550125534
6588 2562 765837.5735946171 4674423.381532686
7686 2562 776818.9132567386 4674424.45172167
4514 2684 745098.2697197427 4673211.420161834
4636 2684 746322.1012024595 4673207.815580595
4758 2684 747542.1221958242 4673207.330148823
6222 2684 762176.6866711545 4673203.939400864
7442 2684 774378.7099436068 4673208.909573612
4636 2806 746321.5890543169 4671988.047546782
4758 2806 747538.0024495873 4671986.78158634
5124 2806 751201.8249445471 4671983.533860367
5978 2806 759737.6660801806 4671989.690929496
6344 2806 763402.478120711 4671982.9302312285
4392 2928 743878.603046346 4670771.700133475
4758 2928 747542.1371180739 4670767.58493093
5368 2928 753641.4718648884 4670768.036997247
7076 2928 770721.1631346025 4670761.618659186
7564 2928 775603.4034298488 4670764.58082049
4270 3050 742663.0904579104 4669543.555995646
5612 3050 756078.3068782395 4669552.736453257
5978 3050 759743.4341850989 4669543.552052836
7198 3172 771940.4297987354 4668330.769684859
5490 3294 754858.1737444585 4667111.957092061
5856 3294 758523.8095473048 4667104.781484806
5978 3294 759743.1210003361 4667103.862870649
4758 3416 747542.8903463682 4665887.256265569
5978 3416 759741.5618779794 4665886.220165294
5612 3538 756082.8927061387 4664671.279493531
5856 3538 758521.1053472445 4664670.173200591
7442 3538 774376.4583858827 4664668.450041728
6344 3660 763398.1281075916 4663452.702329832
7442 3660 774377.7867602542 4663452.675373535
7564 3660 775597.9309675929 4663452.451878743
6832 3782 768278.0751571018 4662224.395293429
3904 3904 738999.0520391086 4661008.34491546
6588 3904 765843.0603793171 4661004.9838047875
3416 4026 734118.6755262164 4659790.77276398
3538 4026 735338.1891027549 4659791.878808134
4026 4026 740217.3002024665 4659792.1262950115
4270 4026 742661.9758344187 4659791.51953693
6344 4026 763401.4365546084 4659783.272192429
7320 4026 773156.4415414295 4659784.71462707
4636 4148 746317.4297871803 4658572.086216691
4758 4148 747541.484810394 4658564.412557857
4392 4270 743881.7781108007 4657348.44466244
4880 4270 748762.7238938891 4657343.952793223
6344 4270 763401.7528288435 4657344.457612016
6832 4270 768277.7993212097 4657352.299137615
6344 4392 763404.143570185 4656125.9641144965
5856 4514 758517.4700462088 4654904.921446473
6100 4514 760963.5372946975 4654904.922977097
6344 4514 763397.4209312107 4654904.430933071
6832 4514 768278.5197578048 4654909.11344273
6344 4636 763399.4071504414 4653684.666422882
6832 4636 768277.0566433498 4653684.999478753
7076 4636 770717.9619086136 4653691.66388072
5856 4758 758517.1640301107 4652464.948976924
6222 4758 762177.3143046629 4652472.741854969
6588 4758 765837.238978382 4652464.581600549
5368 4880 753637.6081440307 4651252.661495881
6466 4880 764617.9693261967 4651249.51956191
7320 4880 773157.5797328952 4651246.7561279815
6344 5002 763402.3399025168 4650023.8443799745
6710 5002 767061.5565682931 4650024.647880259
6954 5002 769503.1048166541 4650024.428310044
7198 5002 771938.3495631942 4650028.3273220165
6588 5124 765843.4880837268 4648803.715626767
5734 5246 757300.0870980315 4647589.913448326
6588 5246 765843.0440374117 4647584.992738574
6710 5246 767057.8117044836 4647584.1219740715
7076 5368 770717.4202883551 4646363.270849501
6588 5490 765841.2630880806 4645147.8597693015
6222 5612 762177.415853934 4643933.012641503
6954 5612 769497.6611330372 4643924.930310078
7076 5612 770717.647900536 4643923.804300091
6466 5734 764621.9440157141 4642703.913403289
6832 5856 768280.5065903462 4641492.18816145
6954 5856 769498.3037390193 4641488.098418277
7076 5856 770715.097784849 4641487.413670305
6588 6100 765837.4368426309 4639053.009836164
6588 6222 765839.84011869 4637825.004182248
