5124 976 451202.74755774566 4090284.285559176
5002 1586 449982.5816704259 4084183.555108089
5368 1586 453642.89044842037 4084184.121518358
5246 1708 452422.1409144988 4082963.766424692
5368 1708 453642.8489764084 4082963.913857387
5490 1708 454862.45429543994 4082963.192500044
5368 1830 453642.58124181995 4081742.9656410236
5368 1952 453641.52902646764 4080523.527615949
5612 2318 456082.75603645615 4076863.9594334736
5978 2562 459741.4540006956 4074422.5866557793
6466 2562 464622.8012471649 4074424.285173255
