2440 1647 448764.6927404244 4467062.300116353
2501 1647 449986.05078311154 4467060.372159628
2501 1708 449987.2987153313 4465841.350389961
2562 1708 451204.4076207392 4465843.200942864
2623 1769 452424.88906884886 4464623.158282437
2745 1769 454864.5521611965 4464622.647978043
2806 1769 456084.1166718213 4464622.877960211
2867 1769 457305.4954010606 4464620.9557716325
2745 1830 454864.5553135078 4463402.878215111
2806 1830 456084.4915273388 4463402.483641571
2867 1830 457304.14813761844 4463403.173725946
2928 1830 458524.1863342375 4463401.619125858
3050 1830 460963.19610903534 4463402.366511656
2806 1891 456084.26677120815 4462181.886877575
2928 1891 458523.72750182106 4462182.0326285865
2989 1891 459744.6050444998 4462181.591148942
3050 1891 460964.47362798883 4462182.409694338
3111 1891 462184.8168732624 4462181.8697229475
2806 1952 456085.86635117384 4460962.113038249
2928 1952 458523.967840665 4460962.764357026
3050 1952 460964.43566071097 4460961.948328085
3111 1952 462184.877361895 4460961.891750361
2867 2013 457304.64934326196 4459742.36268101
2928 2013 458524.29773986025 4459742.042018235
2989 2013 459742.99715273175 4459742.238240067
3050 2013 460964.12719241116 4459741.721370266
3111 2013 462184.20445280016 4459741.761562658
2867 2074 457304.83227736864 4458521.943924333
2928 2074 458523.6531673119 4458521.715196723
2989 2074 459744.1722671432 4458522.656069968
3050 2074 460964.32967741706 4458522.389982097
3111 2074 462183.7557634623 4458522.114525224
2806 2135 456082.8979110957 4457301.327636228
2867 2135 457304.36515997676 4457302.349906304
2928 2135 458524.5063294526 4457302.450155036
2806 2196 456084.2834383117 4456082.220345508
2867 2196 457303.8974137808 4456082.668951987
2928 2196 458524.1914543808 4456081.508663653
2989 2196 459744.03953004396 4456082.439302926
2806 2257 456084.49867276225 4454862.482504289
2867 2257 457304.9066844064 4454862.529809876
2745 2318 454864.33023150254 4453642.774049538
2867 2318 457303.6561533161 4453641.46105197
2989 2318 459744.73526048387 4453641.972710496
2745 2379 454863.23428733984 4452422.1312475735
2806 2379 456084.57457880164 4452422.270432403
2745 2440 454864.19391124835 4451203.064127728
2867 2440 457303.4288162254 4451202.034820195
2928 2440 458524.1515019819 4451202.056645511
2745 2501 454863.8461030675 4449981.542359173
2867 2501 457302.55780979537 4449982.382146863
2928 2501 458524.4161822764 4449982.654065682
2745 2562 454863.85358393076 4448761.848477601
2806 2562 456084.5287261928 4448762.7191114295
2867 2562 457304.4469216271 4448761.850676977
2928 2562 458524.44629955635 4448760.837082795
2745 2623 454864.2263223631 4447543.086554329
2806 2623 456084.134022497 4447541.346166878
2867 2623 457304.5967744598 4447542.277415629
2928 2623 458524.1310481279 4447541.947345706
2745 2684 454864.28535660927 4446321.935713707
2806 2684 456083.9593852376 4446321.923441166
2867 2684 457304.93912507844 4446321.697234343
2745 2745 454864.085637577 4445101.969179321
2806 2745 456084.3529619731 4445102.4494858105
2867 2745 457304.56757598295 4445099.588779506
2928 2745 458524.16414585547 4445101.724170338
2806 2806 456083.96841850434 4443881.984108661
2806 2867 456084.6566091838 4442662.94432014
2928 2867 458523.99418278784 4442662.220059096
2806 2928 456084.1503092179 4441442.472249289
2867 2928 457304.7951928682 4441442.346715887
2928 2928 458524.5840321586 4441442.533557466
2867 2989 457304.4453903839 4440221.543879195
2928 2989 458524.12213155074 4440222.649158918
2928 3050 458524.55176316027 4439001.893981602
2867 3111 457303.45909876924 4437782.296094398
2928 3111 458524.3865252884 4437782.209965758
2989 3111 459744.83881595 4437782.475194316
2867 3172 457304.28418247966 4436562.4827600615
2928 3172 458524.4188323041 4436561.94414141
2989 3172 459746.3323412828 4436561.715233525
2806 3233 456086.1690901505 4435341.819347688
2867 3233 457304.7132184895 4435343.910347201
2867 3294 457304.4077418212 4434121.975358169
2684 3355 453646.09344325913 4432903.273932657
2745 3355 454865.886331054 4432902.037266817
2806 3355 456085.99421087874 4432901.828826168
2867 3355 457304.70124642225 4432902.262986121
2928 3355 458523.2154677694 4432901.725300727
2379 3416 447543.6407895258 4431682.347316403
2745 3416 454864.4725920392 4431682.510704194
2501 3477 449983.6076160992 4430462.816759231
2806 3599 456084.3209254474 4428021.570925411
2745 3660 454862.87700725335 4426802.641604425
2501 3721 449983.72984629235 4425577.990241524
2501 3782 449983.4943245299 4424362.377215867
2562 3782 451203.7045054706 4424362.231696923
2501 3843 449982.9823654459 4423141.765602306
2562 3843 451203.7076737357 4423142.776194078
2623 3904 452422.6538694655 4421921.765337875
2501 3965 449983.37947715184 4420701.632284696
2562 4026 451203.20085332735 4419482.571786731
2623 4026 452424.19431252964 4419481.992210649
2562 4087 451203.0573614699 4418262.490638538
2623 4087 452422.79031567037 4418261.198266034
2501 4148 449983.58663839154 4417041.91200727
2562 4148 451202.46765828214 4417042.416584546
