3538 0 570741.121691806 4400039.222791214
3721 0 574397.9798621645 4400041.953241276
3477 61 569517.9677962416 4398822.459621598
3538 61 570737.3601871494 4398822.032490452
3599 61 571957.7018370822 4398821.914036406
3721 61 574397.5324515209 4398822.734872769
3904 61 578058.1769236567 4398822.388639795
4087 61 581722.8661703323 4398822.014850921
4514 61 590262.733070123 4398821.7976866495
4819 61 596358.1568781552 4398821.574535783
4880 61 597578.119705311 4398821.328478534
5002 61 600018.6382993178 4398821.13551829
5063 61 601238.7360750483 4398821.11615152
5246 61 604898.0508508112 4398821.626940952
5307 61 606119.0113291806 4398821.3545537805
5429 61 608560.7755494992 4398821.30592171
3477 122 569518.7767667121 4397601.749757477
3538 122 570737.5932497513 4397602.100187114
3599 122 571957.4518325676 4397602.040127875
3721 122 574397.2815499285 4397602.324468684
3782 122 575617.9934212558 4397602.143604658
4392 122 587823.0528479137 4397602.221443036
4575 122 591481.5066625753 4397602.943695713
4819 122 596361.633929029 4397601.811518098
4880 122 597581.41111281 4397601.381453179
4941 122 598797.7636197433 4397601.917705846
5063 122 601237.6583125843 4397601.054126494
5185 122 603680.9859795382 4397600.42423048
5246 122 604898.473623501 4397602.114406601
5368 122 607338.5363349209 4397602.130820403
3477 183 569517.8962662353 4396382.195887341
3538 183 570738.0553442074 4396382.054968178
4331 183 586602.5393775422 4396381.885904788
4514 183 590261.7988123709 4396381.453849882
4697 183 593918.8601375127 4396381.578275773
4819 183 596358.9446600777 4396381.364365593
4880 183 597582.0812873887 4396381.50480713
5124 183 602458.208943385 4396381.375298145
5246 183 604898.1785403944 4396382.448067392
5368 183 607339.0067712734 4396381.428339101
3538 244 570737.2693105579 4395162.525316192
3599 244 571957.5800300448 4395161.740973086
4331 244 586602.624675469 4395161.625515004
4575 244 591478.6146776751 4395161.566234258
4636 244 592698.6177970285 4395161.650738242
4697 244 593921.475960115 4395161.628235741
4819 244 596358.5219400974 4395161.748247128
4941 244 598797.9694898087 4395161.5369643
5002 244 600018.4703715838 4395161.206809837
5185 244 603677.9901732011 4395161.432292453
5246 244 604898.5249635612 4395161.854245523
5368 244 607338.08118294 4395161.840233004
5429 244 608558.5290030832 4395161.727605049
5490 244 609778.9835316301 4395161.366380957
4758 305 595138.1775589648 4393941.428834907
5002 305 600018.6637611754 4393940.939559523
5307 305 606118.0810204872 4393941.453327655
5368 305 607338.0845632515 4393941.6944498755
5429 305 608558.3029503478 4393941.497021887
3538 366 570737.7767909968 4392721.441028943
3599 366 571957.9790177128 4392721.4415215645
3660 366 573177.7677708552 4392721.60197401
4331 366 586602.1983678986 4392721.647125247
4453 366 589042.0542866971 4392721.589883351
4636 366 592701.2793230055 4392721.554754603
4819 366 596361.6283098825 4392720.892956066
5124 366 602461.4538393421 4392721.395641334
5307 366 606119.1671804705 4392722.669632822
5368 366 607338.0987505282 4392721.627631926
5429 366 608559.1746008134 4392721.642016767
3599 427 571958.0655513733 4391501.691550315
3660 427 573181.4069213883 4391501.402319946
4697 427 593921.5081129003 4391501.8651350755
4758 427 595141.3983060503 4391501.46068661
4941 427 598798.9911384354 4391501.731124677
5063 427 601238.3620010731 4391501.800283594
5124 427 602458.3934808059 4391502.329361118
5185 427 603678.3697561782 4391501.797804199
5307 427 606121.481102837 4391501.617664319
5368 427 607338.3233600955 4391501.346979142
5429 427 608558.5301251609 4391500.87424289
4392 488 587818.9950016232 4390281.387825307
4453 488 589041.372489376 4390280.912069477
4636 488 592701.7348941469 4390281.482095144
5124 488 602461.67577426 4390281.933957398
5307 488 606118.4931849863 4390281.738582731
5368 488 607338.3568125695 4390282.072440031
3660 549 573178.1059133534 4389062.043355289
4392 549 587821.4368506237 4389061.051966298
4453 549 589042.4157421326 4389061.067004894
4514 549 590261.5838031368 4389061.24481951
4575 549 591478.556006301 4389061.378015682
4819 549 596358.7375539982 4389061.428266495
5124 549 602459.0251690457 4389061.870281994
5185 549 603678.6720224511 4389062.391325495
5246 549 604899.2513342043 4389061.906930393
5368 549 607338.61370599 4389061.74809869
5429 549 608559.1328856818 4389061.862489747
4392 610 587822.8561724247 4387841.514654996
4453 610 589041.7196247794 4387841.197034824
4758 610 595141.3603485157 4387841.362452826
4819 610 596357.7309908769 4387840.604107268
4880 610 597581.4268168472 4387841.31147837
5063 610 601238.9302267393 4387841.272175677
5307 610 606118.7585586428 4387842.065868926
3721 671 574397.425745184 4386621.662609153
4270 671 585381.8025938261 4386621.354925067
4453 671 589041.5346125395 4386621.154961401
4514 671 590261.4129607133 4386621.267881938
4697 671 593921.3155886612 4386621.721011752
4819 671 596362.3222149373 4386621.01042571
5063 671 601238.3150357252 4386621.413580653
5124 671 602458.9630103555 4386621.570239311
5368 671 607338.4907575449 4386621.524957979
5429 671 608558.2644888007 4386622.159900193
4270 732 585382.4334686543 4385401.137542168
4331 732 586602.550803998 4385400.829655916
4392 732 587821.7630576994 4385402.283640095
4697 732 593921.5781701368 4385398.60934519
5246 732 604898.5123738719 4385401.639928876
5368 732 607338.4440278115 4385401.623472158
5429 732 608558.1056629287 4385401.914473903
4209 793 584162.4617871536 4384181.667230892
4331 793 586602.6771168136 4384181.339512724
4880 793 597581.8425734335 4384181.528227465
5063 793 601238.4018033181 4384181.635588083
5185 793 603677.9594958317 4384181.707049486
5246 793 604897.8912082539 4384182.590911665
5307 793 606121.1572185536 4384181.836365408
5429 793 608558.6598714573 4384182.097833087
3843 854 576839.066550788 4382961.39248128
4575 854 591481.73068566 4382961.423498888
4758 854 595138.1391354544 4382961.267847054
5185 854 603678.4423001087 4382961.662048771
5246 854 604898.4114796882 4382962.32209777
5368 854 607337.9919251421 4382961.697644432
5429 854 608558.7248280358 4382961.783171542
3782 915 575621.8797350358 4381741.873793127
4331 915 586602.8360619794 4381741.868232012
4453 915 589042.3826429332 4381741.503553323
4514 915 590261.3904061513 4381740.53362875
4575 915 591482.3998997731 4381740.932860429
5124 915 602458.2761933997 4381741.915119688
5185 915 603678.1306218707 4381741.785046301
5246 915 604898.2854045816 4381742.443771859
5429 915 608561.5399645527 4381741.998033784
3782 976 575617.9893164015 4380521.491194239
4453 976 589042.4262917624 4380521.94158015
4514 976 590258.4704711876 4380521.594418315
4575 976 591481.3801899205 4380522.051043593
4880 976 597581.6982327772 4380518.659800134
5002 976 600018.0513754378 4380521.838932977
5124 976 602457.7735523456 4380522.247745197
5246 976 604897.6478240236 4380521.507173193
5429 976 608558.1095717764 4380521.390258961
3782 1037 575621.5096833461 4379301.4157602675
3843 1037 576838.5406213552 4379301.637100358
4453 1037 589042.0152184553 4379302.452246825
4697 1037 593921.5062949928 4379301.421892258
5002 1037 600017.7545860892 4379302.140918805
5307 1037 606118.6439519732 4379302.248595068
5429 1037 608558.5745404095 4379302.020275769
3904 1098 578060.9695347825 4378081.48213238
4514 1098 590262.0803322257 4378081.420686808
4575 1098 591480.7381339029 4378081.869014881
5063 1098 601238.3486439222 4378081.879011103
5124 1098 602458.4246415496 4378081.854069626
5429 1098 608558.4829294061 4378081.356824352
3965 1159 579282.6599645165 4376861.2633701945
4026 1159 580502.845923943 4376861.364453161
4270 1159 585381.6106868245 4376861.420641807
4575 1159 591482.5092717275 4376861.321631189
4941 1159 598798.2711321646 4376861.6905801
5063 1159 601238.185778755 4376862.363374538
5124 1159 602458.245935698 4376862.07461178
5368 1159 607338.5702245077 4376862.117559305
5490 1159 609780.4904671016 4376860.848549398
4148 1220 582940.8848985429 4375641.109522271
4209 1220 584162.6793357572 4375641.927126916
4697 1220 593922.0667226845 4375638.99889302
5124 1220 602458.3410689982 4375640.906424651
5185 1220 603678.0656945347 4375641.524004601
5246 1220 604898.635503905 4375641.458416542
5429 1220 608558.2428311956 4375641.622839336
4148 1281 582941.4780719557 4374421.666606221
4697 1281 593922.7857013606 4374422.236724168
4819 1281 596361.3196342568 4374421.095344488
5002 1281 600017.7643493629 4374421.589165819
5063 1281 601238.2381360428 4374422.200382601
5246 1281 604899.227203722 4374422.082397067
5368 1281 607338.7953017112 4374421.840044289
5429 1281 608558.4687991082 4374421.898635188
4087 1342 581721.9070308172 4373201.573887728
4148 1342 582942.3902334254 4373201.345807928
4941 1342 598797.9337572525 4373201.6124657905
5002 1342 600017.6400694589 4373202.130928613
5063 1342 601238.0275433367 4373201.8730560215
5124 1342 602458.5496066625 4373201.329981474
5307 1342 606119.4575385302 4373200.457921142
5368 1342 607338.2899767016 4373201.811454805
5429 1342 608558.1570252248 4373202.572219521
4758 1403 595141.7907753078 4371979.033885555
4880 1403 597578.2658610968 4371981.8434548965
5429 1403 608558.5297164656 4371980.749562781
4148 1464 582941.7608015848 4370761.626739636
5124 1464 602458.3021260172 4370761.634181301
5429 1464 608561.2223081891 4370761.90125569
5002 1525 600018.0576773714 4369542.022687686
5063 1525 601238.4345406103 4369541.705636234
5185 1525 603681.6567507614 4369541.381373458
5368 1525 607338.5289132646 4369541.4774019085
4819 1586 596358.6613178431 4368321.96583921
4941 1586 598798.5918088865 4368321.47572597
5002 1586 600021.8489025263 4368321.759937034
5063 1586 601238.2174705276 4368321.890437672
5124 1586 602458.0952605293 4368321.915004467
5185 1586 603678.333335781 4368321.646388799
5368 1586 607338.7300058024 4368320.749506741
5429 1586 608558.134949175 4368321.748246603
4270 1647 585382.3636507273 4367100.417108228
5002 1647 600017.8259820875 4367101.907260323
5124 1647 602458.106408969 4367101.862478395
5185 1647 603678.5701637756 4367101.043453673
5429 1647 608557.7667307251 4367102.062118794
4331 1708 586601.8756967792 4365881.191173694
4819 1708 596361.4445070734 4365881.208291331
4941 1708 598801.2920634402 4365880.914148113
5124 1708 602458.6598399861 4365881.864651258
5307 1708 606117.4814120248 4365881.931754954
5429 1708 608558.0323687189 4365881.95560877
4331 1769 586601.271342401 4364662.856494819
4941 1769 598798.1249172887 4364661.780737939
5002 1769 600018.2334138723 4364661.596314368
5063 1769 601238.5597624636 4364661.5625172015
5185 1769 603678.2612145391 4364661.664174789
5368 1769 607338.0783007939 4364661.771928858
5429 1769 608558.4490456537 4364662.519741037
5490 1769 609777.9926988848 4364661.578942409
4392 1830 587821.7578189125 4363441.35080739
4819 1830 596361.4925525619 4363441.618091977
4880 1830 597577.5527722503 4363441.716059775
5063 1830 601238.263219809 4363441.666574594
5124 1830 602458.3585790377 4363441.346730919
5185 1830 603678.2104246377 4363442.010181843
5246 1830 604898.5100279936 4363441.404012515
5307 1830 606118.190222637 4363441.60112793
4880 1891 597578.191473268 4362221.742125094
4941 1891 598798.1068530795 4362221.545775332
5002 1891 600017.3354355367 4362222.175383255
5246 1891 604898.8715863193 4362221.4147632
5307 1891 606118.4394838517 4362221.798157644
4392 1952 587822.1153842148 4361001.294606283
4758 1952 595141.4369979894 4361001.241152431
4819 1952 596357.6792522222 4361002.836652133
4941 1952 598801.5001541199 4361001.501961128
5002 1952 600018.4063755872 4361001.780938192
5063 1952 601238.504868946 4361001.721472391
5307 1952 606118.140130982 4361001.655315517
5368 1952 607337.9195962502 4361001.537854502
5429 1952 608558.3788420979 4361001.630044372
5063 2013 601237.5551653269 4359781.982119985
5307 2013 606118.025333077 4359781.914300173
5429 2013 608558.2895826868 4359781.620898923
4453 2074 589042.0999164972 4358560.56234278
4819 2074 596361.7704568566 4358561.8429143755
4941 2074 598798.5910823348 4358561.580440359
5002 2074 600018.6965526319 4358561.460984623
5063 2074 601238.8306805117 4358561.369619496
5124 2074 602458.3393970306 4358561.463737578
5185 2074 603681.5665282775 4358561.495558021
5307 2074 606118.1288961538 4358561.755044134
5429 2074 608558.1044480656 4358561.896180802
4819 2135 596362.8626488379 4357342.278114356
5002 2135 600021.609527617 4357341.737985048
5063 2135 601241.5280406494 4357341.468085944
5246 2135 604898.0299273406 4357341.909660642
5429 2135 608558.1578967534 4357342.05522464
5490 2135 609778.3653602888 4357341.5982251
4819 2196 596361.9622707301 4356122.0984991025
4880 2196 597578.3778581687 4356121.884302587
5002 2196 600018.2084850993 4356121.067452238
5063 2196 601238.5128332649 4356121.559637086
5124 2196 602458.2122627632 4356122.0391344335
5002 2257 600021.6500326083 4354901.324237092
5124 2257 602458.3486600362 4354901.99855927
5185 2257 603678.2971000805 4354901.869551608
5307 2257 606117.4375782111 4354902.198162967
4880 2318 597582.1512909897 4353681.672864132
5063 2318 601237.7830680048 4353682.30555651
5185 2318 603678.997194032 4353682.1162487315
5307 2318 606118.1551501119 4353681.752736009
5063 2379 601237.9852206745 4352461.719139597
5185 2379 603681.8873785103 4352459.587777993
5246 2379 604898.2206061981 4352462.381307319
5307 2379 606118.1437828178 4352461.867418112
4941 2440 598802.3207729101 4351241.987208523
5002 2440 600021.0814419487 4351241.513673591
5307 2440 606118.2406720654 4351241.909966568
5002 2501 600018.507839594 4350022.22683505
5124 2501 602458.3364896858 4350021.480929542
5185 2501 603677.8724239087 4350020.8996364875
5307 2501 606117.7632771542 4350022.39832347
5429 2501 608558.1522460056 4350021.928024311
4941 2562 598800.9764035284 4348801.894035383
5002 2562 600017.9631930704 4348801.887561978
5063 2562 601237.7078890596 4348801.90250629
5124 2562 602461.1472407281 4348802.061707927
5246 2562 604898.1174586143 4348802.140203418
5307 2562 606118.0135636722 4348801.816657846
5368 2562 607337.7114565931 4348802.047015862
5063 2623 601238.4942868168 4347581.848611578
5185 2623 603678.0308878708 4347582.066284552
5368 2623 607338.2594892045 4347581.478532914
5429 2623 608557.7645773706 4347582.1783797955
5002 2684 600022.1355532345 4346361.6320819445
5063 2684 601242.0310918281 4346361.59507928
5124 2684 602457.8706335494 4346362.028580473
5307 2684 606118.3899927437 4346362.277052931
5063 2745 601241.4206818878 4345142.01117646
5307 2745 606122.6547086155 4345141.896125082
5368 2745 607337.6564640272 4345142.328812958
5063 2806 601238.4111920143 4343922.408122415
5124 2806 602462.3681226118 4343921.693452193
5246 2806 604898.5380475644 4343922.093526082
5307 2806 606118.2172044739 4343921.494477085
5368 2806 607341.3515453606 4343921.942363444
5429 2806 608557.7476735811 4343921.658395846
5246 2867 604897.7884745882 4342701.596736954
5307 2867 606121.5666311542 4342702.3492230885
5368 2867 607338.0065954104 4342702.095466517
5124 2928 602462.6355191455 4341482.075506642
5246 2928 604897.4886113679 4341481.853664554
5307 2928 606117.9813809944 4341482.272081258
5368 2928 607341.2580162887 4341481.570900004
5429 2928 608558.9218647083 4341481.667746233
5124 2989 602461.9465547978 4340261.500001174
5307 2989 606122.709500612 4340262.810099564
5185 3050 603681.9769656025 4339041.568408084
5246 3050 604901.4390564134 4339041.952219815
5429 3050 608561.7187539446 4339042.12607891
5246 3111 604902.1906890994 4337820.273285462
5307 3111 606121.7476959139 4337822.267451887
5368 3111 607342.4432736865 4337822.161634198
5429 3111 608557.8624842982 4337822.166801418
