4392 122 587822.6784481772 4397604.628924604
4514 122 590263.2573998949 4397604.418894661
5185 122 603682.0429518668 4397603.580581498
5246 122 604901.775482622 4397607.315180354
4453 183 589037.9779153515 4396384.567100799
5124 183 602456.4805170174 4396384.628684404
4514 244 590261.5144100513 4395164.804351807
5002 244 600022.491910913 4395162.799450205
5063 244 601237.3177448234 4395162.786920783
4270 366 585383.0551079802 4392723.4125844585
4392 366 587822.2588438787 4392722.5902168
4453 366 589042.9507662291 4392718.589777372
4575 366 591477.8122947298 4392724.33327341
4392 427 587818.6326825584 4391504.668220443
4453 427 589041.5023558971 4391503.991879509
4514 427 590262.5004363756 4391502.502097838
4697 488 593921.9626178766 4390283.92264683
4941 488 598799.40350023 4390278.933950448
5307 488 606120.5539985397 4390284.353192623
4819 549 596362.2513572006 4389058.565625758
5002 549 600018.8472156401 4389061.134655582
5124 549 602462.8204843854 4389064.032752363
5368 549 607341.5469166429 4389064.214148418
4941 610 598800.7638757236 4387841.397265131
4575 671 591481.5100182893 4386624.8933733525
4697 671 593923.3761373865 4386623.084182354
5063 671 601243.0411480083 4386624.62091612
4819 732 596362.6809576785 4385401.381568618
5368 732 607342.9450661115 4385404.274668878
5368 793 607343.4178654996 4384184.933445749
4819 854 596361.2744511899 4382963.12694208
5002 1220 600022.5390914087 4375643.564451942
5124 1342 602463.213893146 4373202.147272529
5124 1464 602462.5219814226 4370764.157214387
5307 1464 606122.2010626569 4370764.703881671
5368 1464 607342.6584753676 4370764.677300112
5124 1708 602462.5328106072 4365884.16282261
4941 1769 598802.5791546837 4364663.990644911
5185 2074 603681.5947921255 4358557.471493814
