1037 0 520722.73343513714 4100041.628296799
122 61 502422.7301040809 4098821.3155070716
366 61 507302.09802140127 4098818.6202359986
488 61 509743.4873120654 4098819.1045667455
549 61 510962.4593767006 4098820.305211041
793 61 515842.3206327401 4098822.1269256063
915 61 518281.3655522029 4098822.6819349523
976 61 519501.91907641734 4098821.933845333
1037 61 520721.9265127099 4098822.215935778
1220 61 524381.785958163 4098822.1562720235
1342 61 526822.1309352121 4098822.304745191
61 122 501203.1684366455 4097603.5978262625
122 122 502421.90385288117 4097602.826803757
183 122 503642.27489545464 4097598.7661607624
244 122 504863.033815923 4097602.419113188
427 122 508522.60669173964 4097602.735180771
793 122 515841.7069161751 4097602.704571684
976 122 519499.60675346054 4097601.8297105003
1037 122 520722.61534659896 4097603.090069722
1159 122 523161.28243551025 4097603.825094947
1281 122 525601.4617579577 4097602.812103541
1403 122 528041.7352867647 4097602.22864565
61 183 501202.93369472754 4096380.941050505
122 183 502423.0229149805 4096381.733739457
244 183 504862.4380288386 4096382.7483485504
305 183 506082.1341112518 4096382.8709541913
366 183 507303.1910487345 4096382.119145079
427 183 508522.69300940714 4096382.550303053
549 183 510962.08365655714 4096381.195683586
671 183 513402.22510818235 4096381.542196432
793 183 515841.25129787956 4096382.250188409
854 183 517061.34562498715 4096382.498742527
915 183 518281.6047464151 4096381.098675291
1098 183 521943.7763382064 4096383.895235049
1464 183 529261.7505752294 4096381.9764076513
61 244 501203.45651069697 4095162.230839237
122 244 502422.45552492916 4095162.455825814
183 244 503642.1987779281 4095162.124608132
244 244 504862.25489411765 4095162.1533491355
305 244 506082.5994726386 4095162.776373013
427 244 508522.4862884338 4095162.4167387015
488 244 509742.7454598392 4095158.6263547163
549 244 510962.0652820729 4095162.520101996
610 244 512182.5301234449 4095160.6308306684
732 244 514622.00762208266 4095161.645094076
793 244 515841.61945368646 4095163.0289325938
915 244 518281.0407322569 4095161.6130981906
1037 244 520720.9846700437 4095163.74724183
61 305 501203.0552350929 4093942.417320965
122 305 502424.16000952676 4093939.8665769813
244 305 504863.0099271898 4093940.6788479616
305 305 506083.92622877925 4093941.718163155
366 305 507303.04467519786 4093942.4732490573
427 305 508522.9671699993 4093938.5359481853
793 305 515842.53868690593 4093942.0363293164
976 305 519502.8708540778 4093942.2648373577
61 366 501203.36021708464 4092722.3907142645
427 366 508523.3290745195 4092721.753209979
610 366 512182.8116392359 4092719.163465835
732 366 514621.9296691536 4092721.189852688
915 366 518282.38089802134 4092722.0888726385
61 427 501202.6662907168 4091501.948639292
122 427 502423.231857421 4091502.502356489
610 427 512183.22020910925 4091503.823333239
671 427 513403.41205891065 4091499.012800562
732 427 514622.25890989916 4091503.4647899754
61 488 501203.4536455402 4090282.680273734
122 488 502423.57931840915 4090283.5425616205
183 488 503643.7806405671 4090281.561174194
244 488 504862.93912007066 4090283.355085659
305 488 506082.96687467647 4090283.3313120035
366 488 507301.98626388074 4090283.5657244916
488 488 509742.1093371222 4090282.294472041
854 488 517062.5763293004 4090278.547953397
61 549 501204.57780469576 4089063.633342524
122 549 502423.5804282947 4089062.9985051816
183 549 503642.60624142713 4089061.2313551176
244 549 504862.3469628711 4089063.1480237683
305 549 506082.4824107987 4089062.3092444986
366 549 507301.99644444603 4089061.2623331686
488 549 509742.65415207675 4089063.1087871543
549 549 510962.39414773637 4089063.257412223
610 549 512182.46049526555 4089064.496218079
671 549 513402.14806320897 4089062.83347918
732 549 514622.29677738075 4089062.304098254
793 549 515842.27420796076 4089062.1414090567
122 610 502423.21260116907 4087842.5295426343
183 610 503643.2795732121 4087840.712113602
244 610 504862.8003572081 4087842.971128312
305 610 506082.0876812976 4087843.074283207
549 610 510963.37140215246 4087842.8243192188
610 610 512182.5458098242 4087842.0513515123
732 610 514621.7948728081 4087842.151249248
122 671 502423.00046952465 4086623.1315570665
366 671 507302.7249904651 4086622.411475493
488 671 509743.2739716065 4086622.5429914384
549 671 510961.7788127104 4086622.468711681
610 671 512181.88790530997 4086622.1118028867
671 671 513402.1319707427 4086623.3513428853
732 671 514622.756329808 4086623.532925018
61 732 501202.33410577854 4085403.390437975
122 732 502423.5651063658 4085402.019554831
305 732 506082.8618810352 4085402.667371758
366 732 507303.4721418966 4085402.8273442374
427 732 508522.3267316519 4085402.236744624
488 732 509742.46099933714 4085401.5203935066
549 732 510962.90971089876 4085402.4326719656
244 793 504862.93682291894 4084183.0395614244
366 793 507303.29779446195 4084181.2828866523
610 793 512182.49562873435 4084182.9160334994
61 854 501202.77006350266 4082962.9886709014
244 854 504862.94287971826 4082961.586313943
366 854 507302.727577474 4082962.79845666
427 854 508521.7846806011 4082961.624734645
488 854 509741.49930563977 4082961.95493615
610 854 512182.2729115111 4082963.535730698
61 915 501202.4547482435 4081741.3141556643
122 915 502422.9374092858 4081742.8735002154
305 915 506082.89410890796 4081743.445789063
61 976 501202.9817707237 4080522.870906655
244 976 504863.0072058876 4080521.7681720145
366 976 507302.38828465494 4080521.8477876266
488 976 509742.632835952 4080523.160721573
549 976 510962.19922676124 4080523.5173656777
61 1037 501202.93938863504 4079302.283293165
122 1037 502422.60874983965 4079302.782749042
244 1037 504861.93386553106 4079301.632451868
305 1037 506083.3553213175 4079299.601038662
366 1037 507302.58483144996 4079303.0257230024
427 1037 508521.53272123035 4079301.7897865875
488 1037 509742.3566746806 4079302.977733353
61 1098 501203.39160379616 4078082.9470427013
122 1098 502422.2568243681 4078082.5839321455
183 1098 503642.049638979 4078081.7122107684
244 1098 504862.1541966901 4078082.362760808
427 1098 508522.69331684656 4078082.098425842
61 1159 501202.64626059483 4076862.897114018
122 1159 502422.8326942756 4076861.4028430753
183 1159 503642.9656348466 4076861.0342791923
244 1159 504862.8048248059 4076861.6663865126
366 1159 507302.8871654314 4076863.0624735886
61 1220 501201.6499487002 4075642.878183858
122 1220 502423.239085911 4075644.117320248
183 1220 503642.3256085758 4075643.0480145216
244 1220 504863.2683132771 4075640.3967774315
305 1220 506082.0618623772 4075641.4633764657
366 1220 507302.9938800136 4075642.197167104
244 1281 504863.33265452867 4074421.48149072
305 1281 506082.72431203123 4074421.6749649174
366 1281 507302.637929026 4074422.011799753
427 1281 508522.145320654 4074423.0952907614
61 1342 501202.5588991275 4073202.0964520117
122 1342 502423.69181134476 4073202.7482972764
244 1342 504862.5007045353 4073202.4933230286
305 1342 506081.92722636455 4073202.753043473
366 1342 507302.5531318069 4073202.287002025
61 1403 501201.97642397 4071981.445543337
366 1403 507302.56528527144 4071982.2317990423
183 1464 503642.31784421625 4070762.341206553
305 1464 506081.8078599959 4070762.547491186
366 1464 507300.5589984584 4070759.8580006026
183 1525 503642.72315178724 4069541.3132069632
427 1525 508522.1037914445 4069542.716140535
61 1586 501202.5046411094 4068321.794920701
122 1586 502422.7854132124 4068323.0414361297
305 1586 506081.38698752125 4068322.87844779
122 1647 502423.01311650383 4067103.5902952976
244 1647 504862.9578659278 4067102.537481172
305 1647 506082.87137862935 4067102.0474051465
427 1647 508522.378657815 4067103.290112636
427 1769 508522.41120068036 4064663.086983721
488 1769 509741.0231659375 4064663.3872985523
61 1830 501201.0619053894 4063440.632349689
183 1830 503642.57131761516 4063442.4845008883
366 1830 507302.3032513888 4063442.7646560348
488 1830 509741.5690411594 4063442.8826230327
61 1891 501201.3821366779 4062223.0683461446
610 2013 512178.49316747545 4059783.596356429
