3904 122 439003.0497843145 4498777.732289576
4392 122 443882.84193117573 4498778.175244669
5124 122 451202.7026075025 4498781.714146633
5246 122 452421.64109172684 4498781.203003254
5368 122 453642.44552605285 4498778.244230693
5978 122 459741.55269173044 4498778.443084598
6100 122 460962.2619302544 4498780.7472344
6588 122 465841.9480374237 4498781.541021209
7198 122 471942.01206102705 4498778.478029815
7808 122 478043.9854303427 4498777.164030712
8052 122 480482.7881557281 4498777.348057969
8418 122 484142.12425900734 4498777.75081327
8662 122 486582.34977959876 4498778.65174421
9638 122 496341.770311429 4498779.46039797
10004 122 500001.3827637746 4498781.450595543
10370 122 503662.32764205243 4498777.925717954
10492 122 504881.841335204 4498777.953200156
10614 122 506102.70278401277 4498781.758395047
3904 244 439002.1681619711 4497558.442780157
4148 244 441442.61167765706 4497558.8389515355
4270 244 442661.9914663104 4497558.422611761
4392 244 443882.6499331281 4497561.032234227
4636 244 446322.5644142882 4497557.949386097
5002 244 449981.74049593747 4497561.085957163
5124 244 451202.70475246495 4497561.702742673
5246 244 452422.8745571642 4497561.74887058
5734 244 457302.83081270294 4497561.43890862
5856 244 458522.49235239276 4497557.239175521
6100 244 460961.77066445 4497561.109307496
6466 244 464623.1731661644 4497561.062698631
6710 244 467061.5202102728 4497559.232459889
6832 244 468281.15365119575 4497561.317080585
6954 244 469501.84384038777 4497561.520586309
7564 244 475602.2289622119 4497558.527355278
7686 244 476822.7731803649 4497557.896569548
7808 244 478043.4708126313 4497556.864841343
7930 244 479262.61633409985 4497557.273882786
8174 244 481702.8865029336 4497558.500876679
8296 244 482922.88965634705 4497558.863215968
8418 244 484142.1448612836 4497558.428413205
8540 244 485363.2339073011 4497557.692941656
8662 244 486581.99735615484 4497557.18129964
10126 244 501222.0388264444 4497561.426649243
10248 244 502442.7505304518 4497557.791959756
10492 244 504882.59019986424 4497558.297119262
10736 244 507321.87864997843 4497558.026025822
3538 366 435342.38499010116 4496341.61336912
3660 366 436562.3008359012 4496338.482934726
4270 366 442662.56828215485 4496341.323913311
4392 366 443882.3858931181 4496341.813310749
4514 366 445102.5477230755 4496339.268613422
4636 366 446322.56173493416 4496339.5809645755
5002 366 449982.7094979314 4496338.630475225
6222 366 462182.20438894205 4496339.057673099
6344 366 463402.61386687064 4496338.917315746
6466 366 464622.6251601039 4496338.325482529
7564 366 475602.29062720557 4496339.597660277
7686 366 476822.51636877144 4496338.631832147
7808 366 478043.1256264187 4496338.078104573
7930 366 479263.16867136233 4496338.261788515
8174 366 481702.76545400644 4496340.701172473
8540 366 485362.62963767565 4496337.987512381
8662 366 486582.32246339653 4496337.541816805
8784 366 487802.0606803367 4496341.274098831
9760 366 497562.70542639843 4496341.185164259
10004 366 500002.22122659796 4496341.346413776
10126 366 501222.5361827618 4496338.78489871
10248 366 502442.7867544975 4496337.574113454
10370 366 503662.5434548731 4496337.402574736
10492 366 504882.55963686074 4496338.457366556
10614 366 506102.48123924946 4496341.466692623
10858 366 508542.38894266495 4496341.541870939
4270 488 442661.97238696954 4495121.239364506
4392 488 443881.7553822278 4495121.739810404
4514 488 445101.94187031966 4495121.093733474
4758 488 447542.4265838383 4495117.690695121
4880 488 448762.62161531165 4495118.188586225
5002 488 449982.9783623813 4495121.795632374
5124 488 451202.6950321233 4495121.29356867
5246 488 452422.1716365 4495117.997594943
5856 488 458522.6852025721 4495121.856291555
5978 488 459742.6357731975 4495121.386487817
6100 488 460962.1475191573 4495120.9122856865
6222 488 462182.0495980255 4495118.562806754
6588 488 465841.66191296437 4495121.46199071
6710 488 467061.13236218994 4495117.771936074
6832 488 468281.87663922674 4495118.223288827
7076 488 470721.9095233568 4495118.797578824
7564 488 475603.23502466164 4495118.001941534
7808 488 478042.5271989838 4495121.6920081135
7930 488 479262.717863949 4495117.442894128
8052 488 480483.9118656298 4495117.306653821
8174 488 481702.23838309216 4495117.709577817
8418 488 484142.6389548238 4495118.43084918
8540 488 485362.5389669643 4495118.042259706
8662 488 486582.5130454312 4495121.807816307
8906 488 489022.3930086096 4495116.343906194
9516 488 495122.98372710607 4495119.2496040175
9760 488 497562.1347267193 4495121.0783972265
10126 488 501221.682835524 4495118.807151914
10370 488 503663.17454540863 4495116.78418192
10858 488 508541.69675792113 4495118.931512336
3660 610 436561.8970376981 4493898.6401273925
3782 610 437782.3341748732 4493898.241793241
4148 610 441440.82946022553 4493899.657030721
4636 610 446322.8088503638 4493898.640539112
4758 610 447541.60317728197 4493901.333799646
4880 610 448762.48476357217 4493901.479851672
5246 610 452422.67627917195 4493897.604983267
5368 610 453643.280060089 4493901.317241066
5490 610 454862.8855369301 4493897.357653311
5612 610 456082.30790398875 4493898.069286672
5978 610 459741.77706575074 4493898.822714935
6100 610 460962.1397918797 4493898.461518943
6222 610 462181.53091207717 4493898.843331306
6588 610 465841.53930536314 4493898.854144239
6954 610 469502.2356382226 4493898.454928778
7076 610 470722.1688650719 4493897.638990558
7564 610 475602.95263694064 4493901.805330777
7808 610 478043.2098629847 4493898.208584258
8174 610 481702.2371989738 4493897.599023122
8296 610 482922.64683473995 4493898.19324229
8418 610 484142.2320105878 4493897.5665600635
8540 610 485362.7071157099 4493897.767063203
8784 610 487801.6687967071 4493898.660072509
9150 610 491462.13114124927 4493898.116658954
9516 610 495122.5883429779 4493897.403153015
9638 610 496342.59043655504 4493898.428729887
9882 610 498782.39780804014 4493897.620667891
10126 610 501222.25150979735 4493898.993932177
10370 610 503662.74858535075 4493897.912487215
10492 610 504882.62980921415 4493898.286795814
10614 610 506103.07368400216 4493896.962070618
10736 610 507322.80406964355 4493897.778670275
3416 732 434122.6460163625 4492677.4928679755
3538 732 435342.59728763736 4492679.343207925
4392 732 443883.92685956025 4492677.221496354
4514 732 445102.49741946644 4492680.997742243
4636 732 446322.5347473184 4492678.266467613
5246 732 452422.2473631977 4492681.821522731
5612 732 456081.77046710555 4492678.043760985
5734 732 457302.6395209249 4492678.39860162
5856 732 458521.83014929725 4492678.085174019
5978 732 459742.251050489 4492678.431380367
6100 732 460962.2477051993 4492677.017954512
6222 732 462182.28058612806 4492677.860737295
6344 732 463401.09788379294 4492681.327228222
6710 732 467061.80274252605 4492677.471290874
6954 732 469503.34884517547 4492676.967546078
7320 732 473162.18218701956 4492678.606211411
7442 732 474384.2042995334 4492677.039664467
7564 732 475603.107235589 4492677.935970806
7686 732 476822.67637448845 4492680.996477387
7930 732 479262.11003120185 4492680.978323912
8052 732 480483.03070423653 4492679.018920034
8296 732 482923.3436330223 4492677.758676976
8540 732 485362.27909172606 4492677.203348881
8906 732 489021.94585337694 4492679.050562378
9516 732 495122.3469003525 4492678.672316499
9638 732 496342.3427573867 4492677.923817938
10614 732 506102.9393190435 4492676.664421816
10858 732 508542.06820519106 4492676.88525854
4636 854 446321.5958699939 4491458.478936829
5246 854 452422.01556482085 4491460.858262104
5490 854 454862.3835867645 4491458.493214821
5734 854 457302.1773350529 4491458.80795697
5856 854 458522.1232285105 4491458.3378767595
5978 854 459742.094450799 4491461.36809351
6100 854 460963.49906981614 4491456.842355389
6222 854 462182.7302439733 4491456.680297832
6344 854 463401.60303507186 4491461.362616694
6832 854 468282.43304880394 4491457.845823628
7076 854 470720.11098408356 4491459.857591761
7198 854 471943.1815921827 4491458.289091928
7320 854 473163.43848425517 4491457.659619041
7564 854 475601.95189821196 4491461.121281982
7808 854 478043.04335474037 4491457.54064282
7930 854 479262.8068461807 4491457.130351488
8052 854 480482.8419088906 4491458.350543571
8174 854 481702.82132450416 4491459.249123424
8418 854 484142.68563066074 4491461.5148282545
8540 854 485363.31935973297 4491461.716540438
8906 854 489021.528067187 4491459.466119161
9150 854 491461.713380283 4491461.518257603
9394 854 493902.6930605562 4491458.823910176
9516 854 495122.31986068125 4491458.913145151
9638 854 496342.16325343674 4491458.38483309
10370 854 503662.6071544487 4491457.863662712
10614 854 506102.54645962565 4491457.825386244
4514 976 445102.83473289513 4490241.312472404
4758 976 447542.775704833 4490241.441708217
4880 976 448762.78274419956 4490241.391347906
5124 976 451203.7369765575 4490241.030834477
5246 976 452422.6044438151 4490238.363128758
5368 976 453641.9692322371 4490238.412657551
5734 976 457302.50038109085 4490237.631835827
5856 976 458521.9988653991 4490238.842465346
5978 976 459740.49772275944 4490240.899231032
6100 976 460961.3965369073 4490237.471064727
6710 976 467061.47326746833 4490238.157124564
6832 976 468282.66894514405 4490241.877539395
6954 976 469501.950504743 4490237.829674747
7198 976 471942.8263602874 4490237.323202424
7320 976 473163.23832955165 4490237.31891092
7442 976 474383.202815797 4490238.2638425
7564 976 475602.3197710816 4490237.615423378
7686 976 476823.1690704073 4490238.092385897
7808 976 478043.6755721927 4490237.55923382
7930 976 479263.21831646655 4490238.035698658
8052 976 480482.5656643591 4490241.104565352
9394 976 493902.5404526152 4490238.164546914
9516 976 495121.84010538395 4490239.094101957
9882 976 498782.7408740609 4490241.156902201
10126 976 501222.40577133937 4490237.357411204
10248 976 502442.6168085345 4490238.949520217
10370 976 503662.6287348322 4490237.7800759785
10858 976 508543.1436299717 4490236.710171184
4514 1098 445102.4633059806 4489020.572086793
4636 1098 446322.133420303 4489019.158967218
4758 1098 447542.0683487975 4489020.982304016
4880 1098 448763.23931157636 4489021.878824502
5002 1098 449982.30282121 4489021.400248989
5124 1098 451202.7915229408 4489018.732958636
5368 1098 453642.8347001494 4489018.070403368
5490 1098 454862.37042336975 4489018.389520437
5612 1098 456082.2703567326 4489018.41868053
5856 1098 458522.8585873629 4489018.381943346
5978 1098 459742.2197061425 4489016.850086187
6100 1098 460961.86963581276 4489017.523398321
6222 1098 462182.0886472093 4489018.3917405885
6588 1098 465841.70639931556 4489019.23858721
6832 1098 468282.16644771217 4489017.663558612
7320 1098 473163.39444201376 4489017.991715366
7442 1098 474382.419067727 4489018.585253436
7564 1098 475602.84893149225 4489021.082678193
7686 1098 476822.57352810446 4489021.259246297
7808 1098 478042.0296953735 4489018.2922178125
8052 1098 480483.2856544422 4489016.5236629695
8174 1098 481702.9104687852 4489018.133022141
9028 1098 490243.3762421748 4489019.373266522
9150 1098 491461.68337289133 4489018.1018184675
9394 1098 493903.30916262453 4489017.579861982
9638 1098 496343.1305602275 4489018.553799117
9760 1098 497562.36746803246 4489019.159509856
10004 1098 500002.24144832854 4489018.976025574
10126 1098 501221.90442833235 4489021.438736933
10248 1098 502443.007157616 4489017.729135373
10370 1098 503663.39546566224 4489017.824324297
10492 1098 504883.8946749547 4489017.619796449
10614 1098 506102.57864732924 4489017.541566935
10736 1098 507322.71082561096 4489017.2278617155
10858 1098 508542.6057163388 4489018.328427872
4392 1220 443883.0852224521 4487801.103486166
4636 1220 446322.4943530028 4487797.672448112
5002 1220 449982.93139258353 4487797.697159551
5124 1220 451202.62808834296 4487798.381048786
5246 1220 452422.8993609079 4487801.776365632
5368 1220 453642.5330714887 4487798.087612803
5490 1220 454862.82825027773 4487797.284513121
5612 1220 456081.88517441397 4487797.988392178
6100 1220 460962.1873309824 4487797.094943903
6222 1220 462182.04231456754 4487797.77953142
6344 1220 463402.0334753307 4487798.288745267
6466 1220 464621.6578985335 4487798.060700635
6588 1220 465842.6738503275 4487798.532085592
6832 1220 468281.9192890812 4487797.370551474
7076 1220 470722.81296625786 4487797.350513088
7442 1220 474383.17089653853 4487797.828509109
7564 1220 475602.4029208604 4487801.108056466
7686 1220 476824.2661434059 4487796.740835627
7930 1220 479263.64493764227 4487796.929464199
8052 1220 480482.807897644 4487798.674286717
8174 1220 481703.1506466805 4487798.447020794
8540 1220 485362.5979764874 4487798.9288715385
9028 1220 490242.91696148994 4487801.887423048
9272 1220 492683.8549469361 4487797.767143555
9394 1220 493902.4449970952 4487797.693700148
9516 1220 495122.35159229493 4487798.057074304
9760 1220 497562.14877920033 4487801.631074
10004 1220 500003.1935534184 4487798.499393307
10248 1220 502442.8673800731 4487801.8842594195
10370 1220 503663.5073879551 4487798.354357787
10492 1220 504883.681664218 4487798.137209311
10736 1220 507322.8469678392 4487798.431150295
10858 1220 508542.5492778709 4487798.062560296
4392 1342 443882.5436766662 4486581.4525967445
4514 1342 445101.9637721893 4486581.592158072
4636 1342 446322.88432652235 4486581.802076446
4758 1342 447542.4245075554 4486581.543263056
5124 1342 451202.7281512395 4486577.36909316
5246 1342 452422.7910239895 4486577.426782108
5490 1342 454862.1509200673 4486578.172806409
5612 1342 456082.6512143231 4486577.6531209415
5734 1342 457302.7763467012 4486578.44345083
5856 1342 458522.0852393923 4486581.452725309
5978 1342 459742.2874588951 4486577.095602158
6100 1342 460962.0179564137 4486576.621187643
6222 1342 462182.4159652869 4486577.268904227
6344 1342 463402.744054468 4486577.773981318
6466 1342 464621.8897642192 4486578.473386832
6710 1342 467062.33265140915 4486576.841916091
6832 1342 468282.00131257414 4486577.283353365
6954 1342 469501.66806039005 4486577.9984301
7076 1342 470722.3548393625 4486576.891884308
7198 1342 471942.55942845234 4486578.028633942
7442 1342 474382.6623844029 4486581.366382923
7930 1342 479261.3552963928 4486578.2529123835
8052 1342 480482.71809382277 4486581.907455236
8174 1342 481702.8201458378 4486578.82827586
8296 1342 482922.510908216 4486581.214772596
8906 1342 489021.8827753948 4486578.6762823
9516 1342 495122.08611428377 4486578.245425043
9882 1342 498782.0706372888 4486578.073540763
10126 1342 501222.58503664105 4486582.010703129
10248 1342 502442.3507383778 4486578.131658223
10370 1342 503662.67955564655 4486581.553519688
10492 1342 504883.41143934295 4486578.343634523
10614 1342 506103.3340497063 4486577.293564618
10736 1342 507323.51773559646 4486577.997058151
4392 1464 443882.5636108038 4485361.423331301
4514 1464 445102.05875976814 4485361.5256840065
4636 1464 446322.613031597 4485361.162829194
4758 1464 447542.39358066994 4485361.407802207
4880 1464 448762.2260150625 4485361.768543997
5002 1464 449982.98820044904 4485357.874554991
5124 1464 451202.9297039215 4485357.255210768
5246 1464 452422.48775195715 4485358.2647248255
5612 1464 456082.87378115946 4485357.589561584
5856 1464 458523.044375326 4485356.950097482
6100 1464 460962.209050047 4485356.257149781
6222 1464 462182.76325743244 4485357.413667934
6344 1464 463401.8620928792 4485357.937197789
6466 1464 464622.8000535076 4485357.910078978
6588 1464 465841.53044384636 4485358.381692704
6710 1464 467063.257973956 4485357.415878866
6832 1464 468283.1427415701 4485356.451563661
6954 1464 469502.23998139706 4485357.389869955
7076 1464 470722.3569253972 4485358.520311978
7198 1464 471942.93511226797 4485357.833285893
7564 1464 475601.6612997927 4485361.536260486
7808 1464 478042.1178953464 4485361.238205504
7930 1464 479263.0329122147 4485359.235657182
8052 1464 480483.29077982047 4485357.787549148
8174 1464 481703.68739715876 4485357.759662749
8418 1464 484143.0333333811 4485361.298474908
8662 1464 486582.9368164934 4485358.811770688
8784 1464 487801.80252172094 4485360.729783387
8906 1464 489022.136467244 4485358.94310335
9272 1464 492682.97749080486 4485358.243151675
9394 1464 493902.7557544297 4485358.326112305
9516 1464 495122.1392474148 4485358.479720253
9638 1464 496342.11453949154 4485361.165180382
9760 1464 497562.2535690589 4485358.01157903
10004 1464 500002.96613025304 4485358.123471573
10248 1464 502443.6793222593 4485358.026754935
10370 1464 503662.20522246993 4485357.7685527
10614 1464 506103.5946595906 4485361.836159479
10858 1464 508542.3947825162 4485361.807708628
4758 1586 447541.71047041134 4484141.985214957
4880 1586 448762.5742880814 4484138.643784185
5002 1586 449982.12111732597 4484138.110543782
5124 1586 451201.5777016135 4484138.214162646
5246 1586 452422.3793895846 4484138.192080918
5368 1586 453642.8731231063 4484137.642468691
5612 1586 456081.9222127019 4484138.331420572
5734 1586 457303.204147991 4484137.187406348
6100 1586 460962.98866613617 4484138.227124328
6222 1586 462181.78939268406 4484138.728702738
6466 1586 464621.9366372444 4484137.735310172
6588 1586 465842.16002113704 4484137.747281767
6710 1586 467062.33623187017 4484138.902239674
6832 1586 468282.82310706226 4484138.5321703395
6954 1586 469502.0927724412 4484138.1782813035
7198 1586 471943.5309759873 4484136.2497528745
7564 1586 475602.7136342162 4484140.94285058
7808 1586 478042.80704328825 4484138.515350341
7930 1586 479263.0083746803 4484141.353475582
8296 1586 482923.64770597214 4484138.855379228
8418 1586 484143.93454852497 4484138.5183109855
8662 1586 486582.9153932948 4484141.429133727
8784 1586 487802.98724096565 4484136.9715581415
8906 1586 489023.0256652195 4484141.043680482
9272 1586 492683.08068496943 4484137.028614883
9394 1586 493903.08075751504 4484136.87672678
9516 1586 495123.7114932365 4484138.013232897
9638 1586 496342.8207132615 4484137.879967439
9760 1586 497560.8251766327 4484139.071610109
10126 1586 501221.6162817013 4484138.604439589
10248 1586 502442.53300700744 4484138.374781788
10370 1586 503662.5779959061 4484137.734617229
10492 1586 504882.2883102846 4484137.630623124
10614 1586 506102.8267405315 4484137.784013873
5002 1708 449982.3809235462 4482918.599851345
5124 1708 451202.54119121237 4482918.087652042
5246 1708 452422.57133509737 4482917.6221373165
5734 1708 457302.5706604978 4482917.770247396
6100 1708 460962.7122784656 4482916.953728192
6222 1708 462182.35994737 4482918.448154633
6344 1708 463402.0222085257 4482918.582141366
6466 1708 464621.95583419956 4482921.44180169
6588 1708 465842.1267752341 4482921.60692181
6710 1708 467062.1831348868 4482917.866559201
7320 1708 473162.6759798093 4482917.936529914
7686 1708 476822.57898811606 4482918.072998987
7808 1708 478043.55308124266 4482917.794019324
7930 1708 479263.7530989277 4482918.378271565
8174 1708 481701.7871195121 4482920.813800294
8662 1708 486582.61030505004 4482921.686759189
8784 1708 487803.2454782199 4482921.3076137705
8906 1708 489023.1707451397 4482916.743455943
9028 1708 490243.1510616135 4482916.55333148
9150 1708 491464.19756934146 4482920.57125649
9394 1708 493903.75343191123 4482916.629893222
9638 1708 496342.88622260926 4482917.6353028575
9882 1708 498781.87981704745 4482918.32316027
10004 1708 500002.2334073953 4482917.409901734
10126 1708 501222.6121420164 4482917.675562275
10248 1708 502442.6498790368 4482918.588108762
10370 1708 503661.53356643434 4482917.436344315
10492 1708 504882.55761764006 4482922.064824666
10614 1708 506101.5508165252 4482921.480558291
10980 1708 509761.14781016094 4482921.4712218335
4758 1830 447543.11220819346 4481702.029272146
4880 1830 448762.6993806598 4481698.561077225
5002 1830 449982.24980515306 4481699.020189668
5124 1830 451202.7997520241 4481698.518751729
5368 1830 453641.9543203847 4481701.634447451
5490 1830 454861.00094438664 4481699.2212497145
5612 1830 456081.72233674285 4481701.671727621
5734 1830 457301.95275370916 4481697.9794147145
5978 1830 459742.7286730587 4481697.769568294
6100 1830 460961.1610512738 4481701.04880326
6588 1830 465841.98918234534 4481698.520975784
6954 1830 469503.0574110477 4481696.36076575
7076 1830 470723.07470047526 4481696.3860993525
7198 1830 471943.2296189644 4481696.736406364
7320 1830 473162.3356216981 4481700.944362575
7808 1830 478042.9661552681 4481701.23704065
8296 1830 482922.28090751567 4481698.42227617
8662 1830 486582.4424407243 4481697.888047854
8906 1830 489022.508757829 4481697.562058697
9028 1830 490244.7175642191 4481697.023202484
9150 1830 491462.6676259482 4481698.018382088
9272 1830 492683.0887993838 4481697.14107534
9394 1830 493903.26794631314 4481697.734548208
9638 1830 496342.33741258195 4481697.312302504
9760 1830 497562.6323842901 4481697.504282707
9882 1830 498782.94658738567 4481696.948272808
10248 1830 502443.32622821385 4481697.798803956
4880 1952 448762.81634552777 4480481.338859484
5002 1952 449982.06067354785 4480478.86896376
5124 1952 451202.9955798164 4480477.181329595
5368 1952 453642.356192205 4480478.348865745
5490 1952 454862.0443820501 4480477.498984273
5612 1952 456081.982823228 4480478.592712161
5734 1952 457302.7788883851 4480478.204326723
5856 1952 458522.2729309263 4480476.985704038
6466 1952 464620.94879851455 4480480.91456991
7076 1952 470722.54606274527 4480478.523193928
7320 1952 473162.68475217716 4480478.643294283
7442 1952 474383.46326405805 4480477.014893079
7930 1952 479262.85336015746 4480481.812331721
8296 1952 482922.6360868919 4480479.205133712
8540 1952 485363.21803611773 4480477.025779469
8662 1952 486583.6627024487 4480476.711725493
8784 1952 487802.28258624946 4480478.505913001
9028 1952 490241.8617049829 4480479.10010357
9394 1952 493902.9349896719 4480481.7586585255
9516 1952 495122.95229733665 4480476.542502851
9638 1952 496342.3816702085 4480476.308204371
9760 1952 497563.2689415675 4480477.246502888
9882 1952 498782.86169847625 4480477.526040804
10004 1952 500003.21172960254 4480477.273494484
10248 1952 502442.5943556077 4480481.296710831
10370 1952 503662.8774437292 4480482.034079893
10614 1952 506102.2318560458 4480481.980726164
10736 1952 507322.211584101 4480481.9975026
4880 2074 448762.4025157634 4479261.195751677
5002 2074 449982.88655703835 4479261.443256612
5124 2074 451202.5396411928 4479257.996914257
5368 2074 453642.6133603333 4479261.3463005945
5612 2074 456083.0260096376 4479256.437840926
5734 2074 457302.8041532167 4479257.26167607
5856 2074 458522.25158200256 4479256.197994872
5978 2074 459741.09187774954 4479259.486413146
6100 2074 460962.28701799177 4479258.150098859
6222 2074 462182.53566982393 4479257.853349892
6344 2074 463401.7145397805 4479257.785544146
6588 2074 465841.79949471256 4479257.646133789
6710 2074 467062.3821461606 4479258.387819468
6832 2074 468283.0527913 4479257.187778152
6954 2074 469503.09255905496 4479256.682754552
7442 2074 474382.1952157015 4479261.526580116
7930 2074 479263.9025508832 4479258.245425372
8906 2074 489022.47018792544 4479257.880063336
9028 2074 490242.951868284 4479258.170810068
9150 2074 491463.13356451254 4479258.258101733
9272 2074 492682.97723440686 4479262.037364518
9882 2074 498782.8850333805 4479257.399174216
10004 2074 500002.66233825934 4479257.406216335
10126 2074 501223.23115726054 4479257.355341513
10248 2074 502442.8557661754 4479261.444835784
10736 2074 507321.61640372477 4479261.336130845
10858 2074 508542.24121550395 4479258.4077023305
5002 2196 449983.02637638303 4478038.393904693
5124 2196 451201.9830917511 4478039.043256305
5490 2196 454862.97004443855 4478036.909865755
5612 2196 456082.17784757726 4478038.016653533
5734 2196 457301.02182567207 4478037.9589407
5856 2196 458521.80546994414 4478036.684604302
5978 2196 459742.7652284441 4478037.904006823
6222 2196 462182.07052578975 4478038.711135546
6344 2196 463402.0860625586 4478037.90346888
6466 2196 464621.8379094228 4478037.423987415
6588 2196 465842.85391176876 4478038.083280298
6710 2196 467062.7737434998 4478037.929104572
6832 2196 468283.4014249345 4478036.3700481225
7076 2196 470722.9250764507 4478038.193905675
7198 2196 471942.89264413645 4478041.85036145
7320 2196 473162.99743193923 4478038.577427634
7808 2196 478043.53139038093 4478038.0911506945
8052 2196 480483.60265068203 4478037.1508896295
8662 2196 486583.34913942486 4478036.609318726
8784 2196 487803.24631059443 4478037.2802334
8906 2196 489023.63378344703 4478038.393848754
9028 2196 490243.5074739972 4478037.130656434
9150 2196 491462.6654732964 4478038.95694774
9272 2196 492683.0842227899 4478038.532063192
9394 2196 493902.5663916927 4478037.274293606
9638 2196 496342.5960292996 4478036.944368088
9760 2196 497562.61242488044 4478037.063973635
9882 2196 498782.76383191784 4478036.541302613
10004 2196 500002.8542654606 4478037.4966450175
10126 2196 501222.3550608322 4478036.96350466
10248 2196 502442.9200177038 4478041.012873734
10492 2196 504882.2198751285 4478041.693525037
10736 2196 507321.7658560505 4478041.103869402
5124 2318 451202.87129387807 4476818.499389177
5246 2318 452422.9152517261 4476818.868536195
5368 2318 453643.052320517 4476817.458109565
5490 2318 454862.40965491516 4476817.808615748
5612 2318 456083.1663490835 4476818.306978688
5734 2318 457302.76230088435 4476816.61308022
5856 2318 458522.22792005836 4476816.914970925
5978 2318 459742.3122395652 4476817.586208718
6222 2318 462183.01136270806 4476817.069231081
6344 2318 463402.1662260156 4476818.408700599
6466 2318 464622.1095107584 4476817.777047954
6710 2318 467061.7628316179 4476821.196679094
6832 2318 468283.3662128593 4476817.955018336
6954 2318 469502.9834324169 4476819.0910474975
7076 2318 470722.9902082479 4476818.3116251705
7198 2318 471943.5823874825 4476817.6543463245
7320 2318 473163.2742446058 4476817.91559921
7442 2318 474383.18032832607 4476817.745056591
7930 2318 479263.96028206893 4476817.8551261
9150 2318 491463.90522394684 4476816.9488457255
9272 2318 492683.9272746489 4476816.546492318
9394 2318 493902.5075042305 4476816.655362089
9516 2318 495123.42073458555 4476816.937337125
9638 2318 496342.39016895724 4476816.641925295
9882 2318 498782.76492290845 4476818.0579185635
10004 2318 500002.75488884846 4476817.000406559
10126 2318 501222.32224490907 4476818.558524765
10370 2318 503663.1178117058 4476820.886476627
5002 2440 449981.9688567595 4475598.431062948
5124 2440 451202.66674284614 4475601.517924856
5246 2440 452422.1348763526 4475601.312812638
5612 2440 456082.5182971098 4475601.275582973
5734 2440 457300.88347846054 4475597.93193128
5856 2440 458522.3905129044 4475596.941402511
5978 2440 459742.5091230589 4475597.876864489
6100 2440 460962.2334266941 4475598.253262233
6222 2440 462181.6492460219 4475598.728045095
6588 2440 465842.85372090247 4475598.989341697
6832 2440 468283.3279076193 4475598.032081581
7076 2440 470722.81089373544 4475597.8133795485
7198 2440 471943.1075069749 4475601.881834081
7320 2440 473162.83100360597 4475598.019812188
7442 2440 474383.04663515626 4475600.220019327
7564 2440 475602.74563576444 4475601.910570331
8052 2440 480482.34435986896 4475598.597064221
8174 2440 481702.88708105765 4475598.284779586
8784 2440 487803.245888468 4475601.214348682
8906 2440 489023.7508563796 4475597.4461353095
9394 2440 493902.9470144256 4475597.006980186
9516 2440 495122.9764971119 4475597.263892562
9638 2440 496342.78865383146 4475597.109625769
9760 2440 497563.70598820463 4475597.329525336
10004 2440 500001.9894243274 4475597.570929804
10370 2440 503662.57008426456 4475597.831896917
5002 2562 449983.2801069486 4474381.4825531235
5124 2562 451201.88670897885 4474380.69227268
5368 2562 453641.6414023616 4474377.906538708
5612 2562 456081.952145401 4474381.578980705
5734 2562 457301.5868066569 4474377.387703115
5856 2562 458522.32766727207 4474377.875705444
5978 2562 459741.20769391157 4474377.442352332
6344 2562 463402.39837571356 4474382.00503198
6466 2562 464622.7074263845 4474378.619577941
6588 2562 465842.2577036388 4474377.424944199
6710 2562 467062.7873298154 4474377.845372339
6832 2562 468281.1410394617 4474378.553161023
6954 2562 469502.5348430023 4474378.162773203
7076 2562 470722.6608048105 4474377.697129223
7198 2562 471943.04385114665 4474378.094700059
7442 2562 474382.544994849 4474376.992149241
7564 2562 475602.8764081479 4474378.102833044
7686 2562 476823.2427393669 4474381.71122755
8174 2562 481703.4731865447 4474377.720764834
8296 2562 482923.40631457546 4474377.472470816
8418 2562 484143.4892537428 4474376.996344389
8662 2562 486582.5343868454 4474381.223075171
8784 2562 487802.66547316086 4474377.871656566
8906 2562 489022.7511828894 4474378.0635688165
9272 2562 492683.11336651375 4474377.276506259
9394 2562 493901.92770730826 4474377.197968399
9516 2562 495122.60999626317 4474377.836104331
9638 2562 496343.33358650754 4474376.942032073
9882 2562 498782.90536799363 4474382.062927449
10126 2562 501223.18566627067 4474378.56311803
10614 2562 506102.2140225716 4474379.457203476
10858 2562 508542.4394017335 4474377.590964201
5002 2684 449982.9321162806 4473161.814072323
5246 2684 452422.2779635584 4473160.456188753
5368 2684 453642.92306920275 4473158.343610054
5490 2684 454862.82073281927 4473158.441043369
5612 2684 456082.5510443353 4473157.189394648
5734 2684 457301.63360898505 4473157.742782209
5856 2684 458521.8461989828 4473157.7541010715
5978 2684 459741.95809280983 4473161.546154742
6100 2684 460962.8331335542 4473161.770642656
6222 2684 462181.81515959074 4473162.081922678
6344 2684 463401.61245810956 4473157.49601539
6466 2684 464622.07222555747 4473157.391983177
6588 2684 465841.76208583114 4473157.607627197
6710 2684 467062.33952494647 4473158.214945289
7442 2684 474382.5562701716 4473157.390683954
7564 2684 475603.5936005143 4473158.725627801
7686 2684 476823.7648280271 4473161.705308098
7930 2684 479263.3623186064 4473160.158865059
8174 2684 481703.40512638126 4473157.830534591
8418 2684 484142.8917361492 4473156.494144665
8540 2684 485363.13254346844 4473156.405677284
8662 2684 486583.4780828553 4473156.396362241
8784 2684 487803.48035498906 4473156.887180734
9028 2684 490242.67700117314 4473157.169146738
9272 2684 492682.1201506029 4473157.37834052
9394 2684 493903.2492678982 4473156.860084406
9516 2684 495123.25698980293 4473158.292330079
9638 2684 496343.3796429174 4473157.046216805
9760 2684 497563.2971477063 4473157.086837805
9882 2684 498781.9831678364 4473158.010984459
10004 2684 500002.3078959423 4473161.68283758
10126 2684 501223.47469844 4473157.564930501
10370 2684 503662.70475863 4473161.696461236
10614 2684 506102.6098416029 4473158.424240346
10736 2684 507322.0413146124 4473157.890819401
10858 2684 508541.47914140613 4473158.516419962
5124 2806 451200.8702712878 4471941.718127896
5246 2806 452422.40310360957 4471939.51702047
5368 2806 453642.00708728866 4471942.059094647
5612 2806 456081.82249113935 4471937.081664162
5856 2806 458522.9595905474 4471937.89167453
5978 2806 459742.0861378039 4471942.122110847
6222 2806 462182.19762954366 4471937.854912506
6466 2806 464622.39350326895 4471938.510694379
6588 2806 465842.51298853365 4471938.536750839
6710 2806 467062.7529875151 4471940.9025242645
6832 2806 468282.1896144394 4471941.771791054
6954 2806 469503.1006009154 4471937.447247343
7320 2806 473163.14656808495 4471941.036088503
7686 2806 476822.8335836491 4471941.45914211
7930 2806 479263.0565251134 4471941.148877687
8052 2806 480483.3664437945 4471937.485452597
8296 2806 482923.1576505961 4471937.051473151
8418 2806 484143.31585301773 4471936.439941375
8540 2806 485363.5582372792 4471937.097861843
8906 2806 489023.4093170761 4471938.053246002
9028 2806 490243.53545416135 4471937.126166106
9150 2806 491462.7188258832 4471937.096650012
9394 2806 493903.44347332226 4471937.084760524
9516 2806 495122.80903621786 4471936.960431996
9760 2806 497562.2581040054 4471938.414569112
9882 2806 498783.1366059932 4471938.336807436
10004 2806 500003.333082015 4471937.759988032
10126 2806 501221.9666971925 4471941.328492665
10248 2806 502442.34244053625 4471938.12027746
10370 2806 503662.0516920148 4471941.185304083
10614 2806 506102.4823849326 4471938.197133294
10736 2806 507323.33887575 4471937.320037576
10858 2806 508542.0011061956 4471938.3927157335
5124 2928 451202.47857059457 4470721.476788866
5246 2928 452422.445191487 4470721.675155894
5490 2928 454862.8247236474 4470718.45082607
5612 2928 456082.6435624032 4470717.305758222
5734 2928 457302.2041911868 4470717.472610903
5856 2928 458522.4647551147 4470718.092291875
5978 2928 459742.34176361293 4470722.2316957135
6100 2928 460962.27539845515 4470721.748663384
6344 2928 463401.6002847891 4470717.533085803
6466 2928 464621.7672083866 4470717.999566925
6710 2928 467062.6424348535 4470717.074532599
6832 2928 468281.0648385051 4470719.173078934
7564 2928 475603.0171553649 4470718.365066424
7686 2928 476823.6678635373 4470716.866511612
7808 2928 478043.76916541904 4470717.360768867
7930 2928 479263.38219840033 4470717.549999718
8052 2928 480482.19809740677 4470718.067613054
8174 2928 481703.7472595853 4470718.129505994
8296 2928 482923.0407067227 4470717.656767297
8418 2928 484143.4775265878 4470717.080551062
8540 2928 485363.58028721355 4470717.3309599
8662 2928 486581.6935614942 4470716.781785944
8784 2928 487803.1468204942 4470716.637273833
8906 2928 489023.4022295639 4470716.797629738
9272 2928 492682.49622613634 4470717.996975502
9394 2928 493903.41551576916 4470717.665604626
9516 2928 495122.45701831346 4470716.614232151
9760 2928 497562.561000421 4470718.38876975
10370 2928 503662.5212668991 4470718.119392582
10492 2928 504882.37496418 4470718.623669074
10614 2928 506102.02908650617 4470717.952839483
10736 2928 507322.22319447406 4470717.720434254
10858 2928 508542.19210336334 4470721.736907179
5246 3050 452422.2483775484 4469502.309015365
5612 3050 456081.6351422152 4469497.037879709
5856 3050 458522.85662687646 4469498.10309712
5978 3050 459743.10458048654 4469497.332228765
6100 3050 460963.8684005069 4469497.148054881
6222 3050 462181.90831793245 4469497.715109156
6344 3050 463402.5835845342 4469497.1751742065
6466 3050 464622.0727247527 4469497.74700142
6588 3050 465841.8463560527 4469497.687927565
6710 3050 467062.8743977384 4469498.363746666
6832 3050 468283.57373856514 4469498.411130037
6954 3050 469502.1471639423 4469499.1096600145
7198 3050 471942.288338043 4469497.459147144
7320 3050 473163.0524938478 4469498.520640669
7442 3050 474384.44673664874 4469501.069437326
7564 3050 475602.1608598503 4469497.428865759
7686 3050 476823.46100920654 4469498.019982547
8052 3050 480483.8511462431 4469497.170543928
8296 3050 482923.38153670146 4469497.293281916
9150 3050 491461.64841976145 4469500.581496587
9394 3050 493902.59785054857 4469497.34949955
9516 3050 495123.1199928205 4469497.099292864
9882 3050 498783.5439816939 4469497.194992667
10004 3050 500003.16788024164 4469498.136550851
10126 3050 501222.9488034528 4469498.150695917
10614 3050 506102.4012189744 4469497.252566389
10858 3050 508543.1174041553 4469501.922086036
5002 3172 449982.1300807469 4468282.260607188
5124 3172 451202.15938389616 4468281.827436312
5246 3172 452422.45883774763 4468278.24209858
5368 3172 453642.8540286339 4468278.27710884
5490 3172 454862.03177937755 4468278.751728915
5612 3172 456081.5494112715 4468278.3441896215
5734 3172 457301.82223386416 4468278.192730909
5856 3172 458522.5829662957 4468277.170884913
6222 3172 462182.14224713616 4468277.494270418
6344 3172 463403.447199292 4468276.839132004
6710 3172 467061.025145402 4468277.788958939
7198 3172 471943.4626392039 4468278.262736002
7320 3172 473162.60555023496 4468276.476308062
7442 3172 474382.8367135022 4468277.294447178
7564 3172 475603.93858021 4468277.3886763
8418 3172 484143.50582331186 4468277.290766072
8540 3172 485363.31435292563 4468277.677759849
8662 3172 486583.1489624005 4468277.118322572
8784 3172 487802.42043000757 4468277.602800963
9028 3172 490242.7237155471 4468276.433677145
9150 3172 491462.4950335555 4468278.774460341
9272 3172 492683.4828632541 4468279.027594238
9394 3172 493902.8736267036 4468281.482126177
9516 3172 495122.7944152575 4468278.904211383
9638 3172 496343.096700188 4468277.834368795
9760 3172 497562.99743436865 4468277.224907171
10004 3172 500002.8974220976 4468276.762415598
10126 3172 501223.99241951026 4468276.958658189
10248 3172 502442.73690064193 4468277.489082998
10370 3172 503662.3976259588 4468277.735527533
10492 3172 504882.4164651604 4468278.395889277
10736 3172 507322.89340138907 4468276.86027172
10858 3172 508542.0696701281 4468277.596515699
4880 3294 448762.81969656656 4467061.934421328
5002 3294 449982.53530843905 4467062.35297568
5124 3294 451202.74097130104 4467061.836694268
5246 3294 452422.7450702666 4467061.76513673
5490 3294 454862.52420525876 4467060.663515213
5734 3294 457300.88431995554 4467058.130048128
6100 3294 460962.31966576196 4467058.358362617
6222 3294 462182.4588674758 4467057.019504384
6344 3294 463403.21681545686 4467056.807369789
6466 3294 464622.3783911073 4467057.484442326
6588 3294 465842.8016746474 4467056.467194504
6710 3294 467063.0094012256 4467057.00421965
6832 3294 468282.9222615735 4467056.955761787
6954 3294 469503.01314182236 4467058.184941113
7076 3294 470722.92602382385 4467058.118594669
7198 3294 471943.44118044735 4467057.006122377
7808 3294 478043.6693483221 4467056.738525839
7930 3294 479263.4469043076 4467056.831146736
8052 3294 480483.82970318565 4467058.181509335
8174 3294 481703.1082785575 4467058.222017353
8296 3294 482922.97045531403 4467057.966880373
9028 3294 490243.3404723698 4467056.603320589
9150 3294 491463.1656778928 4467057.934451301
9272 3294 492683.16450558655 4467056.9342072895
9394 3294 493902.34881285677 4467058.380109642
9638 3294 496343.4933063992 4467057.96067473
10126 3294 501222.03406949545 4467061.316466945
10370 3294 503662.53241572133 4467058.07065409
10492 3294 504882.60621331417 4467056.943741098
10614 3294 506102.44399545126 4467057.604697508
10736 3294 507322.54647477606 4467057.82920902
10858 3294 508542.3496001586 4467057.108957589
5124 3416 451202.49956557783 4465842.392130308
5246 3416 452422.3961486624 4465841.499752101
5612 3416 456081.6291247904 4465838.657299799
5978 3416 459742.2294499643 4465838.3961053
6222 3416 462181.3907082849 4465838.205762149
6466 3416 464622.76462279697 4465837.693715628
6588 3416 465842.5509667942 4465837.551802281
6832 3416 468283.65803752467 4465836.84477579
6954 3416 469502.66967521823 4465836.8219165215
7076 3416 470723.1079815107 4465836.625662028
7564 3416 475603.8332968026 4465836.7972155325
8174 3416 481702.7748378056 4465838.233455275
8906 3416 489022.40680872876 4465838.18525039
9028 3416 490243.3994133857 4465837.105853929
9150 3416 491462.7695760533 4465836.866518965
9272 3416 492683.2678947998 4465838.552156576
9516 3416 495123.73490803386 4465837.078957744
9760 3416 497562.6655242582 4465837.520614793
9882 3416 498782.9966263342 4465841.28801219
10004 3416 500002.38791852363 4465841.820686658
10248 3416 502443.0623802246 4465841.997995532
10370 3416 503662.6403121928 4465838.030482171
10492 3416 504882.24644726363 4465837.380262312
10614 3416 506102.90284496185 4465837.522577821
10736 3416 507321.8700856237 4465836.506725405
5368 3538 453642.3602636971 4464621.5673454795
5490 3538 454862.32678531803 4464622.282679921
5612 3538 456082.20324688643 4464622.09653292
5734 3538 457302.3748026493 4464618.156109448
5856 3538 458522.3022580376 4464617.234895016
6222 3538 462182.1697409883 4464621.350542659
6588 3538 465842.91251731577 4464616.502051116
6710 3538 467062.60681264114 4464618.045968303
7198 3538 471943.03605157556 4464617.648399439
7320 3538 473162.4176322543 4464618.290742702
7442 3538 474384.0198705741 4464617.704740027
8784 3538 487801.71238088456 4464618.053929258
8906 3538 489023.41733734054 4464616.85923179
9150 3538 491462.71609587973 4464618.032820074
9272 3538 492682.2109647852 4464621.277840512
9394 3538 493902.5984403479 4464621.884918537
9516 3538 495123.0535404798 4464621.911563815
9882 3538 498783.1005841277 4464617.855258127
10004 3538 500002.0492299095 4464619.116095027
10126 3538 501222.29168061004 4464618.383028356
10248 3538 502442.7457165904 4464622.25126395
10370 3538 503662.893234555 4464621.2421870325
10492 3538 504882.24325677246 4464618.566687944
10858 3538 508542.0116643872 4464621.943590446
5490 3660 454861.4990444287 4463401.72472695
5612 3660 456082.3097323605 4463401.735901582
5734 3660 457302.3341493189 4463401.606054785
5856 3660 458522.3604066109 4463401.605058399
5978 3660 459741.96721643535 4463397.539504479
6100 3660 460962.02751819085 4463401.552495462
6222 3660 462181.6591133034 4463398.594099509
6466 3660 464622.4331710971 4463398.567536881
6588 3660 465842.6475053013 4463398.435330189
7076 3660 470722.0725072023 4463398.257833864
7320 3660 473162.74743375013 4463398.413658003
8540 3660 485362.92138448905 4463397.835653903
8906 3660 489022.8356103289 4463402.380968503
9028 3660 490242.4742858015 4463397.676187606
9150 3660 491463.1065201675 4463401.371546402
9394 3660 493903.8193962525 4463402.01301171
9516 3660 495123.59332411573 4463397.271194104
9760 3660 497562.47204959794 4463402.104981372
9882 3660 498782.58240567613 4463401.486676214
10004 3660 500000.9698225137 4463398.392162225
10126 3660 501222.1243142937 4463398.28938928
10370 3660 503662.50827374664 4463402.031095666
10492 3660 504882.9162615444 4463398.3375914525
10736 3660 507322.1843026846 4463399.256534558
10858 3660 508541.93313155277 4463398.2877500625
6222 3782 462182.6912395739 4462177.76324875
6466 3782 464622.3082106579 4462178.536431967
6588 3782 465842.12301013264 4462181.5467652725
6710 3782 467063.35560252407 4462177.227892201
6954 3782 469503.4886547609 4462176.890283523
7076 3782 470723.61296070024 4462178.517297066
7198 3782 471943.72330061044 4462176.844694525
8662 3782 486582.8378977425 4462177.363922739
8784 3782 487803.1826204723 4462178.420824219
8906 3782 489022.45907025365 4462181.313167923
9028 3782 490242.36321667366 4462182.011103077
9150 3782 491462.88706109975 4462177.708858266
9272 3782 492682.2703845082 4462181.338896872
9516 3782 495122.60289393866 4462181.734054415
9638 3782 496342.72016676376 4462181.540057526
9882 3782 498781.65355700185 4462181.806096539
10126 3782 501222.7299403941 4462178.27438497
10248 3782 502441.53926796396 4462177.860061016
10370 3782 503661.48002494447 4462178.186086626
10492 3782 504882.34567132057 4462178.704567102
10614 3782 506102.0576748699 4462178.731479612
10858 3782 508541.98755454103 4462178.788720172
5856 3904 458522.2097821729 4460961.99688231
6222 3904 462181.9603847575 4460957.871343238
6344 3904 463402.3775411611 4460956.703352018
6466 3904 464622.58764834475 4460957.664501814
6588 3904 465842.68873509625 4460957.423160761
8296 3904 482923.4172342175 4460962.021039324
8418 3904 484143.4259863403 4460958.386511433
8540 3904 485363.4110982037 4460959.205069193
8784 3904 487802.7889908244 4460957.916940149
8906 3904 489023.4879770471 4460958.1172702
9028 3904 490243.3347166739 4460961.520781815
9272 3904 492682.41163393046 4460961.959416284
9394 3904 493901.6209600759 4460962.161510127
9516 3904 495122.0299220558 4460958.867518541
9638 3904 496341.1920985388 4460961.782631243
9760 3904 497562.59273505514 4460962.216712559
10248 3904 502442.53752486216 4460961.59345051
10370 3904 503661.9187430914 4460959.131765214
10492 3904 504882.4811352227 4460961.6226329
10614 3904 506102.46619025245 4460962.192589425
10736 3904 507323.0990036243 4460961.460695021
5734 4026 457302.20666086936 4459738.78552538
5856 4026 458522.0428489169 4459738.74124147
6100 4026 460961.7849733984 4459740.901066353
6222 4026 462182.41783156793 4459738.441170122
8174 4026 481702.998873063 4459736.822418888
8296 4026 482922.98413059267 4459736.953085581
8540 4026 485363.5362738584 4459737.773023395
8662 4026 486583.2971821623 4459738.859117654
9272 4026 492682.02804367524 4459741.928572668
9394 4026 493902.18080581806 4459741.759879525
9516 4026 495122.17931857536 4459738.224463379
10126 4026 501222.0640018434 4459741.7572171325
10614 4026 506102.6097130353 4459738.753503377
10736 4026 507322.61354751704 4459741.593391069
10858 4026 508542.27919581014 4459741.623476142
5856 4148 458522.2806656059 4458520.720914198
5978 4148 459741.75341109576 4458521.822316879
6100 4148 460961.8102315254 4458521.237117483
6466 4148 464622.68683369615 4458517.672621003
7564 4148 475603.52711433754 4458518.035569215
8296 4148 482923.58686736436 4458517.30183473
8784 4148 487802.77467394504 4458519.025536587
9272 4148 492681.8153849273 4458521.246917155
9394 4148 493902.7713888589 4458521.1979602445
9516 4148 495122.88480715407 4458518.741374115
9760 4148 497561.9635501663 4458521.546405111
10126 4148 501222.63547869504 4458522.351720094
10614 4148 506102.4014943828 4458518.724949303
5612 4270 456080.3388467293 4457301.456297463
5734 4270 457302.07603090967 4457301.655421128
5856 4270 458521.7521846167 4457301.216059403
6100 4270 460961.6877246043 4457302.147256328
8296 4270 482922.91192890675 4457298.549310479
9272 4270 492681.95124829956 4457300.982637276
9394 4270 493902.59952381527 4457298.416384295
9516 4270 495122.9442753252 4457298.870130734
10004 4270 500002.0335066018 4457301.987692096
10370 4270 503663.6631892775 4457297.660744984
10492 4270 504882.3044919579 4457298.015571161
10736 4270 507321.8823764667 4457298.871283354
10858 4270 508542.01710457914 4457301.9146019565
5612 4392 456081.77907572594 4456081.690319376
5856 4392 458521.70882682037 4456080.153821837
6100 4392 460961.8427195731 4456081.470501157
6466 4392 464622.8360413866 4456077.040467811
6832 4392 468282.6807350285 4456078.272017597
6954 4392 469503.03949287964 4456077.920815604
7076 4392 470722.6501693965 4456077.445642396
7198 4392 471943.2847658634 4456078.651605128
7686 4392 476823.2089254824 4456079.035013707
7808 4392 478043.0635341909 4456082.099465246
8662 4392 486582.8065344327 4456081.294444121
8906 4392 489022.6235097831 4456081.747837086
9150 4392 491462.50919969013 4456082.041607662
9394 4392 493902.6258493008 4456081.15780314
9882 4392 498782.61915345624 4456081.959768544
10126 4392 501222.08549027244 4456082.269496109
10248 4392 502442.0914470032 4456082.363055944
10614 4392 506102.44892088487 4456081.514763601
10736 4392 507322.0660525492 4456081.432112087
5734 4514 457302.5775557087 4454861.60946616
5856 4514 458521.7160819757 4454858.667711554
6832 4514 468283.8592553497 4454857.450143508
6954 4514 469502.76984966133 4454857.058428191
7076 4514 470723.39841208374 4454857.074065859
7198 4514 471943.3666160668 4454856.885118512
7320 4514 473163.7941942166 4454857.343144635
7564 4514 475603.17985165684 4454858.4292424405
7930 4514 479263.25423921196 4454857.972825227
8784 4514 487802.8580800913 4454858.325184865
9028 4514 490242.6649450298 4454857.851557523
9150 4514 491462.92036965356 4454861.937146838
9272 4514 492682.45082545414 4454858.2947272
9394 4514 493902.2110672885 4454861.262374932
10370 4514 503661.5915316764 4454858.7238958785
10614 4514 506102.20329990756 4454861.778498811
10736 4514 507321.90910013655 4454861.895800652
10858 4514 508542.32077876665 4454857.953377373
5490 4636 454862.17482629593 4453641.946949414
5734 4636 457301.8368766313 4453641.5335084805
6100 4636 460961.9843880669 4453638.6471195975
6222 4636 462182.2265164554 4453639.11803349
6466 4636 464622.92318313755 4453638.055351598
6588 4636 465842.5569568259 4453641.829607994
6710 4636 467062.8999474895 4453637.634777607
6832 4636 468283.69042883517 4453637.186329158
6954 4636 469502.94695369905 4453638.344629813
7564 4636 475603.29238261865 4453637.09407741
8784 4636 487802.1151266494 4453637.367070233
8906 4636 489022.0769826941 4453637.949051814
9150 4636 491461.7932344387 4453642.081179653
9272 4636 492681.8813771834 4453638.773204763
10370 4636 503662.57226019324 4453642.339343431
10614 4636 506102.04163604026 4453641.917250376
10736 4636 507321.79001949786 4453641.5591228735
10858 4636 508541.57456489216 4453641.446840068
6100 4758 460962.4566473465 4452418.144541477
6222 4758 462182.0414676182 4452418.342074736
6466 4758 464622.5385637022 4452420.11389585
6588 4758 465842.60150015465 4452417.680178469
6710 4758 467063.8838645494 4452417.820896422
7320 4758 473163.56518546614 4452417.895208102
7564 4758 475602.6238218287 4452417.9096137425
8174 4758 481702.75745881145 4452417.150754758
8540 4758 485362.9033722605 4452417.1494474355
8784 4758 487802.29002752196 4452418.851757652
9516 4758 495122.79555432725 4452421.742188341
10248 4758 502442.319829465 4452422.450308207
10492 4758 504882.2164676181 4452418.859938571
10736 4758 507321.4842324648 4452421.628840225
10858 4758 508542.0733637015 4452419.263520659
5490 4880 454861.6492643248 4451201.730385899
5734 4880 457301.3343424391 4451201.251821949
5856 4880 458522.0658520816 4451201.463743864
5978 4880 459741.06010782695 4451198.237352035
6222 4880 462182.24831515184 4451202.097385697
6344 4880 463402.9219010623 4451197.300109257
6466 4880 464622.1506418852 4451201.220709569
6588 4880 465843.1084944602 4451196.800749168
6710 4880 467063.93033542257 4451197.376142417
6954 4880 469503.0229747444 4451197.498943605
7076 4880 470723.14119741035 4451197.324690253
8052 4880 480482.9133628 4451197.973054368
8174 4880 481702.4993455394 4451199.117787639
8784 4880 487802.6276635694 4451198.885556196
8906 4880 489023.03437826957 4451197.862198029
9028 4880 490242.12101896695 4451198.295392027
9394 4880 493902.3511234993 4451198.804357154
10004 4880 500000.9945744195 4451197.508817564
10370 4880 503662.26201517764 4451200.659576099
10492 4880 504881.5333320523 4451201.2342522945
10614 4880 506102.95503908984 4451201.709252492
5612 5002 456081.6505790712 4449981.905588624
5734 5002 457301.67830265657 4449982.095568284
5856 5002 458522.63602188404 4449977.8151219245
5978 5002 459741.5320055601 4449979.404384811
6100 5002 460962.48217774375 4449977.284345827
6222 5002 462183.11992279196 4449977.710573162
6344 5002 463403.18462689186 4449978.1907240795
6466 5002 464623.61106456147 4449978.87706014
6588 5002 465843.34635973314 4449977.707734729
6710 5002 467062.4940668006 4449978.374058999
8052 5002 480482.3287003644 4449976.945576566
8418 5002 484142.9777744591 4449977.925465254
8784 5002 487802.8510500845 4449978.669024949
8906 5002 489022.8463642768 4449979.028134671
9028 5002 490243.1692408452 4449981.397944734
9394 5002 493903.19983878016 4449978.0085690245
9516 5002 495122.18540319154 4449982.56735824
10004 5002 500001.5195472562 4449980.997637901
10126 5002 501222.70815578965 4449978.529989507
10370 5002 503662.3019121271 4449981.239935591
10492 5002 504882.70321910636 4449981.757899564
10858 5002 508542.3884734537 4449981.65580406
5490 5124 454862.10822489933 4448761.02597989
6100 5124 460961.7827271045 4448758.226431679
6466 5124 464622.58127018664 4448758.230519142
6588 5124 465842.3462936737 4448761.957975649
6710 5124 467062.8684876159 4448761.723108453
6832 5124 468282.92971066054 4448757.325040871
6954 5124 469503.15219776134 4448757.073705764
7076 5124 470723.14022502536 4448758.1268650815
7930 5124 479263.0305645525 4448757.058597238
8052 5124 480483.03830855095 4448758.066482284
8418 5124 484143.31823189615 4448757.018145677
8540 5124 485362.7393055923 4448758.529107776
8662 5124 486583.11882602493 4448758.145325182
8784 5124 487802.7769024302 4448761.051100238
8906 5124 489022.82826911926 4448762.030819416
9272 5124 492682.2071032758 4448760.555030959
9394 5124 493903.05637254403 4448757.725929628
9882 5124 498783.4709749932 4448758.066183576
10004 5124 500002.42698719614 4448761.404837767
10126 5124 501222.2101714399 4448758.6543033905
10248 5124 502442.58110591763 4448757.830132059
10370 5124 503662.55674162385 4448761.66455911
10736 5124 507322.13142721733 4448761.498425571
10858 5124 508542.45585398166 4448761.266065248
5612 5246 456081.63775904966 4447538.7891879
5734 5246 457302.07714214886 4447538.631408458
5856 5246 458521.9293150476 4447538.705134724
5978 5246 459742.3651921448 4447538.736174063
6100 5246 460962.15844922746 4447538.247571828
6222 5246 462182.90623666975 4447537.7235511625
6344 5246 463403.41835019185 4447537.176308978
6466 5246 464622.71685088275 4447538.849481667
6588 5246 465842.4873499674 4447542.019489022
6710 5246 467062.7957478687 4447539.7003635755
7198 5246 471941.6213216469 4447538.782588278
7320 5246 473162.86848847376 4447536.766130488
7808 5246 478043.18964427424 4447537.451093262
8296 5246 482922.982417906 4447538.402895187
8418 5246 484143.5864485882 4447537.740786208
8662 5246 486582.6645049583 4447541.480550627
8784 5246 487802.35959589353 4447541.790428254
9028 5246 490243.41049277206 4447542.200389642
9150 5246 491462.7939830599 4447541.087570443
9394 5246 493903.68451629946 4447538.882477264
9516 5246 495121.72141203436 4447538.470979126
9760 5246 497563.53301958414 4447538.74821637
10004 5246 500003.434776287 4447538.151225126
10126 5246 501222.5189232397 4447538.400315041
10492 5246 504881.97926594934 4447541.190745707
10736 5246 507322.37583499466 4447540.733194142
10858 5246 508542.18276953785 4447541.132609773
5490 5368 454862.1489105836 4446321.912558814
5612 5368 456082.4143231182 4446321.668382523
5734 5368 457302.4461487883 4446321.500454647
5856 5368 458523.27437365684 4446318.529094352
6100 5368 460962.5688399506 4446317.717441455
6222 5368 462182.35237090837 4446318.206513315
6466 5368 464622.87092636205 4446318.353206637
6588 5368 465842.5019856188 4446322.228930202
6710 5368 467061.9106372884 4446321.929228018
6832 5368 468282.5978681508 4446318.66314918
6954 5368 469503.653809939 4446318.051319737
7808 5368 478043.23828716483 4446316.863573991
8052 5368 480482.72169894166 4446317.872173293
8296 5368 482922.62351110467 4446317.333476132
8418 5368 484143.65058370837 4446317.787102223
8540 5368 485362.8054795767 4446318.419845675
8662 5368 486581.9434837915 4446321.532372275
9028 5368 490242.69599650806 4446321.615277332
9150 5368 491463.04388365423 4446321.893586642
9272 5368 492682.6204859804 4446322.021858453
9394 5368 493902.7512260301 4446321.327687145
9638 5368 496343.3271945102 4446321.374874486
9760 5368 497562.91383706767 4446322.176821367
9882 5368 498783.0720044751 4446321.287877729
10004 5368 500002.41122719855 4446318.879236897
10126 5368 501222.604322988 4446318.943298683
10370 5368 503662.5041667016 4446321.304742786
10736 5368 507322.23278259207 4446318.678131001
5490 5490 454861.58263628895 4445101.454126295
5734 5490 457302.04416155844 4445098.993666434
5856 5490 458522.5981110966 4445101.715799887
6100 5490 460963.06473566307 4445098.407443928
6222 5490 462182.63315871096 4445098.700284889
6344 5490 463402.52911376784 4445098.940249898
6466 5490 464622.30415823864 4445101.775558507
7076 5490 470723.8070147619 4445102.075116074
7198 5490 471943.09818228293 4445098.2439120505
7564 5490 475602.98534082284 4445097.494037623
7686 5490 476823.1574479463 4445097.184882992
7930 5490 479262.5885068413 4445096.9434002135
8418 5490 484142.36521085806 4445098.275576292
8662 5490 486582.796819325 4445098.731210106
8784 5490 487803.2622243663 4445100.8044411875
8906 5490 489022.94570634386 4445099.091823822
9028 5490 490243.36132605444 4445101.435051247
9150 5490 491462.836430938 4445098.296043128
9272 5490 492682.79512041906 4445098.780819269
9638 5490 496342.9042704914 4445101.453006483
9760 5490 497563.4828265581 4445102.2899466455
9882 5490 498782.9464437484 4445101.694994072
10004 5490 500001.75405402423 4445098.648997046
10126 5490 501222.6103090425 4445101.752362294
10248 5490 502442.18212886463 4445102.083382085
10370 5490 503662.7898715444 4445098.586565522
10492 5490 504882.645605303 4445099.009031075
10614 5490 506101.8788559772 4445101.883057506
10736 5490 507322.5445988225 4445102.268855079
10858 5490 508542.4713175901 4445101.952183074
5612 5612 456082.20876538876 4443877.927882937
5734 5612 457301.72909338115 4443878.363220458
5856 5612 458522.49702568713 4443878.159622312
5978 5612 459742.5056310436 4443881.970744146
6100 5612 460962.54470468085 4443878.350604907
6344 5612 463402.45765983284 4443878.72491803
6466 5612 464622.5900396284 4443882.296693666
6588 5612 465842.44602129445 4443881.956127614
6710 5612 467062.58539224777 4443882.243957871
6954 5612 469502.6280778542 4443882.160758639
7198 5612 471943.34142343834 4443877.93145168
7564 5612 475602.457819469 4443881.429784826
7686 5612 476823.1693707222 4443878.175372889
7808 5612 478042.98505537503 4443877.102946931
8296 5612 482923.20745487884 4443882.142674907
8540 5612 485362.76897385233 4443881.75087721
8662 5612 486582.63157998805 4443878.908958852
8784 5612 487803.63366542547 4443877.776652914
8906 5612 489022.69407323183 4443881.030110844
9272 5612 492681.3722028012 4443881.4917245675
9882 5612 498782.0816191108 4443881.842355444
10004 5612 500002.59700707044 4443878.376562915
10126 5612 501222.10744191025 4443879.210006896
10614 5612 506101.83823911584 4443881.556056295
5734 5734 457301.9497639587 4442659.404482192
6100 5734 460962.9560611655 4442661.353449937
6222 5734 462182.7715055394 4442658.591011581
6466 5734 464623.4431759688 4442657.613461211
6588 5734 465843.2478112157 4442658.270634682
6710 5734 467062.984508961 4442658.154131916
6832 5734 468282.9306318322 4442658.633131503
6954 5734 469503.2784795572 4442661.910504542
7564 5734 475603.485343205 4442658.305148114
7686 5734 476822.2771454286 4442658.079448598
8174 5734 481703.13287403464 4442657.894304848
8296 5734 482922.5997367891 4442658.048325668
8906 5734 489022.81580942357 4442659.045199196
9028 5734 490243.1924517301 4442659.27849521
9150 5734 491461.3434593678 4442661.535403008
9516 5734 495122.7564063614 4442661.189108271
9760 5734 497562.8286342213 4442661.978116286
9882 5734 498782.4838676371 4442661.536115032
10370 5734 503662.879411539 4442661.856528234
10614 5734 506101.9952166453 4442661.70071279
5856 5856 458522.30293204053 4441438.864601175
5978 5856 459743.261218815 4441438.480478791
6344 5856 463402.2483178132 4441440.8301129
6588 5856 465843.046047111 4441438.800654728
6710 5856 467062.544843348 4441441.578174394
6832 5856 468282.9259740773 4441438.6260907445
7076 5856 470722.9489925752 4441438.20295339
7198 5856 471943.89892139705 4441438.027044838
7320 5856 473162.4654761697 4441438.964554592
7442 5856 474382.9400681621 4441438.176778165
7564 5856 475604.1413510931 4441437.521908811
7686 5856 476823.4652535977 4441437.882957311
7808 5856 478043.3234737088 4441438.205637225
7930 5856 479263.0133067235 4441438.44273607
8052 5856 480482.9935437487 4441437.708435323
8174 5856 481703.229396847 4441437.460190005
9394 5856 493903.6985895862 4441437.332739745
9516 5856 495122.4956745643 4441438.708058306
9638 5856 496343.74834512593 4441441.802464787
10004 5856 500003.2337228807 4441437.975474349
10126 5856 501222.4276354867 4441441.47498395
10614 5856 506102.0903745204 4441442.054705493
10858 5856 508542.87928656215 4441441.77363964
5734 5978 457302.1887014094 4440218.937165203
5856 5978 458522.3873548296 4440218.513527812
5978 5978 459742.30648564425 4440222.458276024
6100 5978 460962.97544691095 4440221.620581877
6222 5978 462182.64835277275 4440221.722678576
6344 5978 463403.48195516376 4440218.39805967
6466 5978 464623.5042340926 4440222.371492922
6710 5978 467063.16517577606 4440221.858894187
6832 5978 468283.34784239787 4440217.7095760135
6954 5978 469502.7468355941 4440218.721403728
7198 5978 471942.40123069665 4440218.038697812
7320 5978 473162.57024950074 4440218.016601936
7564 5978 475603.40000981913 4440218.043150058
7686 5978 476823.20329539746 4440218.446789433
7808 5978 478043.3503482641 4440218.217966486
7930 5978 479263.3732448646 4440217.925086897
8052 5978 480483.7904767353 4440217.938069594
8174 5978 481703.32401622174 4440217.775137105
8296 5978 482922.8906866992 4440218.484574796
8906 5978 489022.55437317357 4440222.067367728
9028 5978 490242.1406668986 4440220.903591077
9272 5978 492681.9363511344 4440217.834299159
9394 5978 493902.46590531775 4440218.48718016
9516 5978 495123.13153589267 4440218.795859343
9638 5978 496343.1256599081 4440221.612783005
9760 5978 497562.5218296049 4440218.296481812
10614 5978 506102.5579834169 4440222.66572665
10736 5978 507323.21503379085 4440222.008767209
10858 5978 508542.6119906231 4440221.803454546
5734 6100 457302.48086381314 4438999.200146042
5856 6100 458522.91196960997 4438998.788173853
5978 6100 459742.95521731186 4438999.068860503
6100 6100 460963.0198479581 4439001.519497451
6222 6100 462183.8297739072 4438998.318577207
6466 6100 464623.029254275 4438998.021080623
6588 6100 465843.36762946704 4438997.757889991
6710 6100 467063.6186801145 4438998.267019158
6832 6100 468283.1691259113 4438997.862221833
6954 6100 469503.08916880307 4438998.094990701
7320 6100 473163.3293318684 4438997.463249383
7686 6100 476823.7401903528 4438997.717253797
7808 6100 478042.96904770256 4438998.123139316
7930 6100 479263.54489870975 4438997.872602148
8052 6100 480483.38678860874 4438998.140460786
8174 6100 481703.1458317729 4438998.591901767
8296 6100 482922.78706399596 4438998.242116422
8540 6100 485362.27640383295 4439000.448662935
8906 6100 489023.63028798264 4438997.703756719
9272 6100 492684.25996345683 4438998.171110951
9760 6100 497562.54885997163 4439001.804963581
9882 6100 498782.74666934897 4439001.442493124
10004 6100 500003.058621904 4439002.263941999
10370 6100 503662.3350180709 4439002.428184125
10614 6100 506101.5306024985 4439002.485751176
10736 6100 507321.8662022484 4439002.136743056
10858 6100 508542.13203953835 4439000.355451672
5856 6222 458522.69931786286 4437781.447496322
5978 6222 459742.5261048772 4437778.584982592
6100 6222 460962.1090843433 4437781.786606316
6222 6222 462182.9394575858 4437782.049949361
6344 6222 463402.643568072 4437778.20507024
6466 6222 464623.49022731377 4437781.5550013445
6710 6222 467062.9376728952 4437781.303851536
6954 6222 469503.12924875773 4437778.227827634
7198 6222 471942.3315981295 4437777.778215778
7320 6222 473163.3737203154 4437777.7320011165
7686 6222 476823.1787824965 4437777.4911344275
7808 6222 478043.2698628676 4437778.490465888
7930 6222 479263.2103077551 4437781.466091742
8174 6222 481703.4245933606 4437778.762320955
8296 6222 482922.67845910904 4437777.96739519
8418 6222 484141.837432261 4437781.114190688
8540 6222 485362.6150339104 4437780.995287645
8662 6222 486581.68231699994 4437778.222073099
9394 6222 493902.4381087426 4437781.934594412
9516 6222 495122.61891130084 4437781.719608122
9638 6222 496342.8192251814 4437781.478351077
9760 6222 497562.70217305626 4437782.491965442
10126 6222 501223.0234984996 4437781.704177379
10248 6222 502442.57546705444 4437782.738986965
10370 6222 503662.33622614265 4437781.634526804
10492 6222 504882.1961445002 4437782.462367237
10614 6222 506102.615769145 4437782.6994007835
10736 6222 507322.5597365447 4437781.5886564385
5856 6344 458522.5095662214 4436561.304182331
5978 6344 459743.0565110867 4436558.869511977
6100 6344 460962.54251433816 4436562.2796531655
6222 6344 462183.5529711063 4436557.716513095
6344 6344 463403.0913855115 4436561.378023779
6466 6344 464623.2625802962 4436558.440127181
6588 6344 465843.0200548722 4436558.251218934
6832 6344 468282.5094140077 4436561.0434953915
6954 6344 469502.98460823006 4436558.382800853
7076 6344 470723.1192068218 4436558.176151294
7686 6344 476823.66547698365 4436557.7106709145
7808 6344 478043.02396678226 4436558.164003235
7930 6344 479262.42430941 4436558.8722323235
8174 6344 481703.6156110973 4436561.39940278
8540 6344 485362.91354167106 4436559.293941104
9150 6344 491462.492799058 4436561.9615536295
9394 6344 493903.04749479564 4436561.349699659
9516 6344 495123.7266308071 4436558.473828976
9638 6344 496343.4048957775 4436557.435059704
9760 6344 497563.4447782645 4436557.590406021
9882 6344 498782.36336792575 4436562.254985761
10004 6344 500002.1574133333 4436561.246226876
10126 6344 501221.9450465445 4436562.608217946
10492 6344 504882.62475046865 4436558.443651775
10614 6344 506102.7307833576 4436561.593843289
10736 6344 507322.7570991555 4436557.723446532
5612 6466 456083.1627863804 4435338.961681998
5734 6466 457302.36501174804 4435341.990488479
5978 6466 459741.95384494856 4435338.797093852
6100 6466 460963.42830868636 4435338.681465963
6222 6466 462182.85557091865 4435341.150267005
6344 6466 463403.13459172426 4435338.912064438
6466 6466 464623.68112277036 4435338.05583769
6588 6466 465843.2375363563 4435339.220537268
6710 6466 467062.9948573285 4435338.698699036
6832 6466 468283.37703631056 4435338.693294392
6954 6466 469503.1534843199 4435341.115635969
7076 6466 470722.50621983845 4435339.3105892185
7442 6466 474384.0397939837 4435337.559221947
7686 6466 476823.4154835385 4435337.4483232815
7808 6466 478043.0792847006 4435338.011992298
7930 6466 479264.0980973128 4435338.606101499
8296 6466 482923.5163416083 4435338.245867835
8418 6466 484142.757023747 4435339.149452904
9150 6466 491462.3602778752 4435341.347182481
9272 6466 492682.23428068415 4435338.536288039
9394 6466 493903.00703593495 4435338.5021861205
9638 6466 496342.25000050623 4435341.652277935
9760 6466 497562.1476546425 4435341.400891749
9882 6466 498782.77718621487 4435341.7162643215
10126 6466 501223.46443246497 4435341.733812942
10370 6466 503662.66548927384 4435342.345872662
10492 6466 504882.05014437437 4435342.290863251
10614 6466 506102.9732102715 4435337.445243937
5734 6588 457302.3390897587 4434121.248632507
5978 6588 459743.07403013116 4434119.065818724
6100 6588 460962.69856902846 4434121.8034285065
6466 6588 464622.7792556003 4434119.341106974
6588 6588 465843.1892836829 4434120.937516963
6832 6588 468283.4919800286 4434121.3250544425
6954 6588 469502.0774571 4434119.576745717
7076 6588 470722.7312313976 4434122.064268152
7320 6588 473163.2416264236 4434118.334790898
7442 6588 474383.5156621027 4434118.660520608
7564 6588 475603.515419912 4434118.357739034
7808 6588 478043.3178235802 4434118.125712565
7930 6588 479262.96437239787 4434121.349819665
8052 6588 480483.8546931076 4434118.053592261
8174 6588 481703.0307291754 4434118.626761857
8296 6588 482923.2136323179 4434118.162700953
8418 6588 484142.757314749 4434121.697718021
8540 6588 485363.25579315954 4434121.177642782
8662 6588 486583.1616464974 4434118.392675541
8784 6588 487803.49240127945 4434117.66140316
9028 6588 490242.4029883995 4434117.931540958
9272 6588 492683.2153346949 4434118.280498613
9638 6588 496343.66940190777 4434120.627155868
9882 6588 498781.9684583141 4434121.8545210445
10004 6588 500003.1898727613 4434122.029057229
10126 6588 501223.3134192007 4434122.002014979
10248 6588 502442.89262102 4434117.760786829
10370 6588 503662.1591149338 4434118.679393322
10492 6588 504882.07641645113 4434121.792185834
10614 6588 506102.7112877042 4434117.531064148
5246 6710 452420.19563613203 4432900.988989965
5612 6710 456082.8952196951 4432898.9377107825
5734 6710 457302.6669033985 4432901.177450027
5978 6710 459742.60288960935 4432900.901037112
6100 6710 460963.2773655241 4432901.925413555
6710 6710 467063.3962817572 4432898.279639293
6832 6710 468283.5482821507 4432897.435989675
6954 6710 469502.79208512907 4432897.946966572
7198 6710 471943.28546189965 4432901.468597569
7320 6710 473163.4521951878 4432898.859462037
7442 6710 474382.8886465361 4432898.399332052
7564 6710 475603.6990109842 4432897.746806654
7686 6710 476823.690859435 4432898.487113151
7808 6710 478042.9384167872 4432898.854608806
7930 6710 479263.85776156816 4432901.430184518
8052 6710 480483.3340080875 4432901.588651071
8174 6710 481703.44025715196 4432901.425047273
8418 6710 484143.0088928707 4432898.540379324
8540 6710 485362.49433642684 4432898.483144223
8784 6710 487802.4945525191 4432901.323097258
9028 6710 490243.82664758485 4432898.019619838
9150 6710 491461.80179926235 4432902.823863853
9272 6710 492682.823320939 4432901.764156944
9394 6710 493903.66816265305 4432898.545080891
9516 6710 495122.56030454516 4432901.497489419
9882 6710 498782.85657449625 4432897.319859415
10004 6710 500002.21038854157 4432902.266242516
10248 6710 502442.84803933103 4432898.190687864
10614 6710 506102.89551135094 4432901.718395902
5490 6832 454861.62457782764 4431678.40624656
5612 6832 456082.709117313 4431681.954566798
5734 6832 457302.681805729 4431682.039165715
5856 6832 458522.826541099 4431682.090582078
5978 6832 459742.9053391765 4431681.471168255
6100 6832 460963.5168942836 4431681.572740126
7198 6832 471943.6731617533 4431677.944732177
7320 6832 473162.46192777087 4431681.792324204
7442 6832 474383.058811304 4431681.492180788
7564 6832 475602.66071852663 4431681.3869509045
7686 6832 476823.5895986578 4431678.189572549
7808 6832 478043.5282419962 4431681.789315963
7930 6832 479263.2794016051 4431678.06259664
8174 6832 481702.5226816336 4431681.373395158
8296 6832 482922.9098220612 4431681.831229336
8540 6832 485362.8019062683 4431681.976514074
8662 6832 486582.933925993 4431682.095605683
9150 6832 491462.6535202463 4431682.720673493
9272 6832 492683.3124520771 4431679.057291203
9394 6832 493902.4746147623 4431681.862782815
9516 6832 495122.83781995776 4431681.254468311
9638 6832 496342.5044473252 4431680.89970944
9760 6832 497562.3538796907 4431679.063235413
10004 6832 500002.8891610039 4431678.184202463
10126 6832 501222.5997647683 4431678.717011867
10248 6832 502443.19271190517 4431677.71971736
10614 6832 506102.8172557419 4431681.444530403
5002 6954 449981.24179431546 4430461.360846872
5368 6954 453642.1485525626 4430459.78296389
5490 6954 454861.8966947162 4430460.3013748545
5612 6954 456083.2383214239 4430459.576553575
5734 6954 457302.8137040011 4430461.290683753
5856 6954 458523.4308255648 4430457.879144501
5978 6954 459742.17415596574 4430458.860692687
6100 6954 460962.8521303718 4430459.2669102
6222 6954 462182.9281548598 4430460.6991902655
6344 6954 463402.5439468696 4430462.104813965
6588 6954 465842.9015717513 4430457.915404807
7320 6954 473163.28312617517 4430461.44419363
7442 6954 474382.30043220625 4430458.558556658
7564 6954 475602.88731043646 4430461.312542789
7686 6954 476823.1358757697 4430460.906782827
7808 6954 478043.1802993104 4430458.728442919
7930 6954 479263.1910213578 4430458.668192715
8052 6954 480482.8382670258 4430461.8546689395
8174 6954 481702.96326722694 4430461.948955241
8296 6954 482923.0585201563 4430461.1858022
8418 6954 484143.4201658305 4430461.559676265
8540 6954 485363.11278204346 4430462.161939248
8662 6954 486582.6960162717 4430462.263657904
9028 6954 490242.87213247275 4430461.319175199
9150 6954 491462.95440836047 4430462.057650513
9394 6954 493901.91553928587 4430461.816222397
9516 6954 495122.6828397417 4430461.467912418
9638 6954 496342.7120249341 4430458.220605277
9760 6954 497563.0068378196 4430458.399940209
10126 6954 501222.70279316936 4430458.325372519
10248 6954 502442.7250365562 4430458.272621326
10370 6954 503662.4832807371 4430458.177976865
10492 6954 504882.95154195157 4430461.542237199
10614 6954 506102.8677578188 4430457.089754469
5734 7076 457303.19722177583 4429237.619919342
5856 7076 458523.05241415504 4429237.928113192
5978 7076 459743.05159805086 4429238.478872402
6344 7076 463402.54396148573 4429238.1015765015
7320 7076 473162.6590126136 4429241.3764650095
7442 7076 474382.4959565402 4429242.311249671
7686 7076 476823.1600672853 4429241.968102333
7808 7076 478043.26737416926 4429239.193353274
7930 7076 479263.07003139914 4429242.103907907
8052 7076 480482.95343204006 4429241.904284035
8174 7076 481703.29715534725 4429238.381589643
8296 7076 482922.65116355446 4429241.896130243
8418 7076 484143.3359073205 4429241.36198967
8540 7076 485363.2501615116 4429242.1276950585
8662 7076 486582.464414019 4429241.558347952
8906 7076 489023.0476608663 4429241.355513461
9028 7076 490242.7543690497 4429241.231733355
9150 7076 491463.65929485316 4429238.257729287
9272 7076 492682.44687739667 4429241.1810467765
9394 7076 493902.36018197204 4429241.576234145
9516 7076 495122.1622774061 4429241.56805999
9638 7076 496342.76468605315 4429238.07230952
10004 7076 500002.0581418817 4429241.287572637
10126 7076 501223.0120530542 4429237.973103834
10248 7076 502442.87948210444 4429237.791306548
10370 7076 503662.5847591117 4429236.973026559
10492 7076 504882.7742984887 4429238.46689357
5490 7198 454861.58073123044 4428021.32625375
5612 7198 456082.54462923855 4428017.732908386
5978 7198 459743.68854926183 4428018.642837588
6588 7198 465839.81357094116 4428019.778006575
7198 7198 471941.9603269959 4428017.189053136
7320 7198 473163.483502684 4428018.609428767
7442 7198 474383.2809405713 4428022.068802124
7564 7198 475602.8090298989 4428021.45858041
7686 7198 476822.24682978383 4428018.333241224
7808 7198 478042.6694346898 4428018.41391824
8540 7198 485362.66373544093 4428021.352077661
8906 7198 489022.03235568095 4428018.283085418
9150 7198 491463.1108598001 4428022.053094975
9272 7198 492682.502402468 4428021.676068601
9760 7198 497561.7420736452 4428020.678568065
10004 7198 500003.00272548 4428017.964263693
10126 7198 501222.5001879178 4428018.131228657
10248 7198 502442.2463788464 4428018.4002066795
10492 7198 504882.02618847706 4428021.516783915
5246 7320 452420.9337624154 4426801.8756573
8174 7320 481702.7558409201 4426798.008662838
8296 7320 482922.1752526797 4426802.135506102
8418 7320 484141.07610571006 4426802.216603248
8662 7320 486581.8402578643 4426801.500351505
8906 7320 489021.84673195134 4426801.551413138
9272 7320 492681.80145906017 4426802.142166791
9394 7320 493901.4651847075 4426802.0700659
9516 7320 495122.1246009261 4426797.919488795
9760 7320 497562.5176357634 4426801.468232578
9882 7320 498782.44591217325 4426798.011158358
10004 7320 500002.54883568466 4426798.596223407
10126 7320 501221.28647634306 4426797.809369241
10492 7320 504880.8906111887 4426798.350071877
6344 7442 463402.0998166066 4425578.3435683
7564 7442 475601.6710507121 4425577.50526531
8052 7442 480482.16461144394 4425582.4186305115
8174 7442 481702.22923875623 4425582.183549204
8296 7442 482922.2240372554 4425581.789138363
8540 7442 485361.8788521499 4425581.706000252
8662 7442 486581.9429889187 4425581.7195147835
9028 7442 490243.05754437344 4425581.323348111
9150 7442 491462.3364622363 4425582.111942274
9272 7442 492681.4208346603 4425581.5233849995
9394 7442 493902.10783226957 4425581.632144935
9638 7442 496341.96201349574 4425577.89595171
10248 7442 502440.1152733218 4425579.835199006
6100 7564 460961.3790714239 4424360.991234663
7320 7564 473162.0441761891 4424358.855849702
7930 7564 479261.67797568074 4424362.452649134
8052 7564 480481.51175761723 4424362.697545538
8174 7564 481702.0888145444 4424362.537145934
8418 7564 484141.9040115563 4424362.419953633
8540 7564 485362.0914021194 4424362.043353544
9028 7564 490241.8527139025 4424361.935390127
9150 7564 491461.8751483128 4424362.0689748535
9272 7564 492681.4699551884 4424361.850784534
9394 7564 493902.24287963816 4424362.120340679
10126 7564 501221.90464729135 4424358.166157723
10370 7564 503661.7990078879 4424357.738529528
6100 7686 460961.5268842321 4423141.936783845
7076 7686 470721.9118847151 4423138.369045734
7930 7686 479262.62959268404 4423141.525052794
8052 7686 480481.6246335289 4423142.55375002
8540 7686 485361.7894009098 4423142.503818476
8662 7686 486581.8925626189 4423142.063915016
8784 7686 487801.1648323307 4423141.242299302
8906 7686 489021.85815672897 4423142.098166188
9150 7686 491462.19604694005 4423141.515304794
9272 7686 492682.11396189587 4423142.6268959595
9394 7686 493900.69190038496 4423142.291064115
9760 7686 497562.04203080374 4423138.629901583
9882 7686 498782.2862617033 4423138.745409949
10004 7686 500002.1010714813 4423137.537974065
10248 7686 502441.79458835203 4423141.413241314
10370 7686 503662.0934862581 4423141.634928974
5978 7808 459741.88383778575 4421918.443381407
6466 7808 464622.88097388344 4421921.2862176625
7564 7808 475602.0218442484 4421918.249757117
7930 7808 479262.17239229084 4421919.12418943
8174 7808 481701.8770706347 4421922.653722492
8296 7808 482922.0627691179 4421922.654969245
8784 7808 487802.34408611635 4421921.438328163
9028 7808 490242.4470039386 4421921.659185933
9150 7808 491462.3334314382 4421921.553650633
9760 7808 497561.75049368816 4421922.021744547
9882 7808 498782.0985543296 4421918.7253219765
10004 7808 500002.78318504605 4421921.916414221
10248 7808 502441.87507123506 4421918.403884837
10370 7808 503662.03567706514 4421921.6532648755
6100 7930 460961.54422388144 4420698.489617173
7076 7930 470721.450536656 4420700.688910649
7686 7930 476821.38272835803 4420701.314470887
8052 7930 480480.32664540055 4420700.817881502
8296 7930 482921.71930963773 4420702.397853407
8662 7930 486581.1601584608 4420701.819506269
8784 7930 487801.8995732895 4420702.676801574
8906 7930 489022.183938338 4420702.046652434
9028 7930 490242.88253323495 4420698.293843792
9150 7930 491461.9986827022 4420702.4580527665
9272 7930 492681.6948061696 4420701.674712379
9394 7930 493901.69242872857 4420702.026590267
9516 7930 495121.8726869499 4420701.556625685
9882 7930 498781.5834186184 4420701.401190089
10248 7930 502441.2507601277 4420701.823368361
5246 8052 452420.92000543186 4419479.211114902
5368 8052 453640.94767924736 4419478.518911473
6222 8052 462181.58926901186 4419480.83729844
7442 8052 474382.20681546093 4419481.242907426
7686 8052 476821.60741840425 4419478.444261038
8174 8052 481701.72232518025 4419482.2246505
8296 8052 482921.6711018726 4419482.308920872
8418 8052 484141.85796437477 4419482.0141679505
8540 8052 485361.8115924533 4419482.239018745
8662 8052 486581.44476771087 4419482.268929222
8906 8052 489022.3589422803 4419481.81955335
9028 8052 490242.30008111184 4419478.296560919
9150 8052 491461.95341630507 4419481.729761789
9516 8052 495122.178289512 4419478.345501304
9638 8052 496339.59378681186 4419479.014647739
10004 8052 500002.2430785065 4419482.4396105455
6344 8174 463401.9090220718 4418258.473012902
6832 8174 468281.2340618142 4418261.658994445
7198 8174 471942.08942749957 4418261.15282448
7930 8174 479259.9456544268 4418259.324442871
8174 8174 481700.4061977305 4418261.084614537
8296 8174 482921.5854979569 4418262.80412737
9150 8174 491461.4818801299 4418261.950704125
9272 8174 492681.64574103255 4418261.57663918
9516 8174 495121.5350654107 4418261.405986149
10126 8174 501221.572686294 4418261.626283325
5978 8296 459741.79004047986 4417040.79845997
7930 8296 479262.09836862225 4417042.280895444
8052 8296 480482.639814745 4417041.717795797
8296 8296 482921.1276696085 4417042.134221877
8418 8296 484141.99754918 4417041.3147723265
8540 8296 485361.88243020634 4417042.497715182
8784 8296 487801.984737359 4417042.478490573
8906 8296 489023.22432739567 4417042.601277167
10004 8296 500001.79408456123 4417042.023459036
10126 8296 501222.03848406114 4417041.431202598
6832 8418 468281.7070359574 4415818.958465335
7076 8418 470721.07621406147 4415819.156927992
7442 8418 474382.48413641244 4415817.833122989
7686 8418 476822.0320523505 4415821.652513806
8296 8418 482921.2055897057 4415820.487288236
8540 8418 485362.25523176015 4415822.479454402
8662 8418 486582.76948931423 4415822.811890946
8784 8418 487802.01569760183 4415822.096651715
8906 8418 489021.8561292322 4415821.220178808
9028 8418 490242.3625259963 4415822.090958601
9272 8418 492682.0620013598 4415818.279126219
9394 8418 493902.31085191894 4415821.512219909
9638 8418 496342.27628290834 4415822.886303755
10004 8418 500001.5418039963 4415821.744846834
10126 8418 501222.2223368328 4415818.4338526195
6954 8540 469501.80188820505 4414602.557207548
7686 8540 476821.28701062116 4414601.357548485
7808 8540 478042.10519099404 4414602.388290654
7930 8540 479262.5352536245 4414601.518835177
8418 8540 484141.4571772477 4414602.448925534
8662 8540 486581.99833556067 4414602.240033494
9150 8540 491462.14977182366 4414601.5025961315
9516 8540 495121.0188450765 4414601.815712803
9638 8540 496342.2307482911 4414602.267205519
9760 8540 497561.741189026 4414602.660879727
6100 8662 460962.6101820979 4413379.0638590595
7808 8662 478042.3963269758 4413382.014162761
8296 8662 482921.98014429724 4413382.0346375825
8784 8662 487802.3858787014 4413381.863875132
8906 8662 489021.95897631696 4413381.487840657
9028 8662 490241.661049252 4413382.210435119
9150 8662 491461.75762371515 4413381.85814825
9272 8662 492682.2645059406 4413378.937392636
9882 8662 498781.7590100612 4413382.553264511
10004 8662 500002.32781834115 4413381.585111896
10126 8662 501221.32028434996 4413381.5880845385
7198 8784 471941.4186533655 4412161.118505015
7442 8784 474381.34658179875 4412157.442540824
7686 8784 476821.870277719 4412161.02476001
7930 8784 479262.40659514285 4412161.983719277
8052 8784 480481.61817938375 4412162.6158778425
8418 8784 484141.8394706307 4412161.72802618
8662 8784 486582.33628133783 4412161.981661443
8906 8784 489021.71859022323 4412161.725751715
9028 8784 490241.7528530298 4412161.640931126
9272 8784 492682.42938434065 4412161.906824293
9394 8784 493901.85175096063 4412161.903825452
9760 8784 497562.4340944015 4412158.020322288
9882 8784 498782.00472179987 4412161.748048474
10004 8784 500003.49622307246 4412157.900403124
6222 8906 462182.2082661858 4410942.042412742
6710 8906 467062.8158113246 4410939.115897797
7076 8906 470722.89981779706 4410940.958895779
7320 8906 473161.3143399135 4410939.249573714
7686 8906 476821.9128695275 4410941.629508988
7808 8906 478042.02522705006 4410942.976623478
7930 8906 479262.50524644664 4410942.901973952
8052 8906 480481.909568428 4410942.647023897
8174 8906 481702.67943918286 4410941.776412874
8418 8906 484141.3444247537 4410943.005767092
8784 8906 487801.2490164775 4410941.809873954
10004 8906 500002.4853006002 4410942.297607859
6222 9028 462181.97352918464 4409721.726710563
6588 9028 465842.22858008335 4409717.4143801415
6954 9028 469503.4798521781 4409717.589162979
7442 9028 474382.27974071365 4409721.36541616
7808 9028 478042.2451438369 4409722.698463745
7930 9028 479263.05838805245 4409722.502391438
8052 9028 480482.51696305454 4409718.167226188
8174 9028 481702.4418683708 4409722.45582826
8296 9028 482922.2119077727 4409722.8549173465
8540 9028 485361.65690150904 4409721.577590319
8662 9028 486582.2511069719 4409719.472206287
8906 9028 489022.02154142916 4409721.610174333
9028 9028 490241.2195300075 4409721.815116712
9272 9028 492681.8912300942 4409717.70652835
9394 9028 493901.56665298704 4409718.897249257
9638 9028 496342.06626704725 4409721.549392281
6954 9150 469501.57462930505 4408498.142248989
7564 9150 475602.805885656 4408498.1401088815
7808 9150 478043.41591182427 4408501.9676038455
7930 9150 479261.5778478692 4408501.680263939
8174 9150 481702.5285116054 4408502.4022504175
8540 9150 485361.69935508905 4408501.598269981
8662 9150 486581.9758428256 4408501.367833514
8906 9150 489021.51015655464 4408502.092770875
9882 9150 498781.79683832586 4408501.92353145
10004 9150 500002.243130674 4408501.641838829
6222 9272 462181.9457729756 4407278.312598763
6954 9272 469502.0241695128 4407281.695749864
7320 9272 473162.5330462372 4407277.413045075
7442 9272 474381.9401488854 4407281.784968202
7564 9272 475601.93920125865 4407281.589208178
7930 9272 479263.6938986155 4407278.327951166
8296 9272 482922.4064414645 4407281.493168591
8418 9272 484142.51968563534 4407282.590884939
8540 9272 485361.6602741879 4407281.811377447
8662 9272 486581.5344000492 4407282.23934945
8784 9272 487801.839415926 4407280.960845061
9150 9272 491461.67858425033 4407281.310778236
9394 9272 493901.8730061098 4407282.239096904
9882 9272 498781.3163725195 4407282.329041701
6222 9394 462182.5190507747 4406062.617467144
6344 9394 463402.136377287 4406059.48346296
6466 9394 464623.1130810981 4406061.339603667
7320 9394 473162.9005673026 4406057.723015176
7442 9394 474381.4922185459 4406062.522795161
7808 9394 478042.96086793975 4406057.995187421
8052 9394 480482.47793829115 4406062.186463024
9150 9394 491461.81611136504 4406062.061294003
9272 9394 492681.9470230859 4406058.448015314
9638 9394 496342.18555180967 4406058.336377823
9760 9394 497561.6867246423 4406061.874826955
6222 9516 462182.9765160385 4404838.395293278
6344 9516 463401.8091789211 4404838.084811789
7076 9516 470721.1058985118 4404837.657616685
7442 9516 474382.16684423696 4404842.367229249
7686 9516 476822.74203055457 4404842.252767393
7930 9516 479262.2492525157 4404841.654945366
8052 9516 480482.14049878006 4404838.375535784
8418 9516 484142.02503443 4404842.020461329
8540 9516 485362.26382568624 4404841.167585066
8662 9516 486581.46103063575 4404841.516779345
8784 9516 487802.59189285425 4404842.327181566
9028 9516 490242.26556252805 4404842.209789655
9394 9516 493902.2886489997 4404841.253616334
9516 9516 495122.06095163035 4404840.655698068
9638 9516 496341.7108905929 4404841.736660607
9760 9516 497561.538154182 4404842.314022802
9882 9516 498781.7477020436 4404841.432362954
6344 9638 463402.4720106348 4403618.397595191
6466 9638 464623.3054059109 4403617.660337299
7076 9638 470722.69797767285 4403622.6157788085
7320 9638 473161.95609837776 4403621.742094766
7442 9638 474382.04134116345 4403622.584401923
7930 9638 479261.8253519601 4403622.350624587
8052 9638 480482.16200157796 4403622.212649418
8296 9638 482921.9573020484 4403621.520284837
8662 9638 486581.4211363231 4403621.073463796
8784 9638 487801.431635156 4403622.102230718
9028 9638 490242.0628954511 4403622.4032755755
9150 9638 491461.83959483186 4403622.548821861
9272 9638 492682.2442826405 4403622.2011696985
9394 9638 493901.8719850145 4403621.897011536
9516 9638 495122.00965987955 4403622.137543071
9638 9638 496342.88665038825 4403621.007176215
9760 9638 497562.2576423629 4403617.937799156
9882 9638 498781.70776953927 4403621.604644906
6222 9760 462181.7274757573 4402402.691888942
6344 9760 463402.29776795674 4402397.530084617
6832 9760 468281.8834293203 4402400.220858898
7198 9760 471942.55382597964 4402398.2833007015
7686 9760 476822.83954181254 4402402.109760899
7930 9760 479262.33838492865 4402402.448382331
8052 9760 480482.2034741438 4402403.018694193
8174 9760 481702.35664369224 4402402.015822631
8784 9760 487801.8651398204 4402401.96590112
8906 9760 489021.8644213683 4402402.672824029
9028 9760 490241.79785151983 4402401.749067273
9150 9760 491462.06807078957 4402402.177507758
9272 9760 492681.9220748247 4402402.478649014
9516 9760 495121.84811336704 4402401.851089281
9638 9760 496342.76705485483 4402397.774660175
7076 9882 470721.62593858386 4401181.289550132
7198 9882 471942.4198006172 4401178.115510818
7320 9882 473162.8660583251 4401182.265445258
7442 9882 474382.9779013781 4401182.490262455
7686 9882 476821.6713961925 4401178.153936255
7808 9882 478042.2754222168 4401181.7822525995
7930 9882 479262.5307802334 4401182.337833148
8052 9882 480482.69019159634 4401178.502106407
8174 9882 481702.1207664325 4401181.936692342
8418 9882 484141.6760951403 4401181.751895551
8540 9882 485362.3361917881 4401181.950289271
8662 9882 486582.76219782856 4401178.698022626
8784 9882 487802.3960509837 4401182.223273245
9150 9882 491462.037736501 4401179.014318821
9394 9882 493901.35509494593 4401181.841366835
9516 9882 495122.0614547145 4401181.793153847
9638 9882 496342.939275022 4401177.83734973
6466 10004 464622.1219991828 4399961.702759397
6710 10004 467062.9958852033 4399961.104523059
7076 10004 470722.0019506803 4399961.553350798
7320 10004 473161.6896254571 4399962.173341829
7564 10004 475602.90560625773 4399962.3688977165
7686 10004 476822.8735128411 4399961.409439559
7808 10004 478043.8827476453 4399961.313969523
8052 10004 480481.93663463736 4399962.339252231
8174 10004 481701.4372917474 4399962.372658428
8296 10004 482921.8952008694 4399962.539451528
8418 10004 484142.5699523573 4399962.322977018
8540 10004 485361.8281765504 4399962.716831512
9272 10004 492681.00167543074 4399961.899988396
5368 10126 453642.9872622598 4398742.0906503275
6222 10126 462182.75635913253 4398740.490245974
7442 10126 474382.3741509593 4398741.553575835
7564 10126 475603.067522739 4398741.886134561
7686 10126 476822.56307265046 4398741.744611725
7808 10126 478042.99808136653 4398741.907490835
8052 10126 480481.90152989264 4398742.27313871
8296 10126 482922.32755530596 4398742.435484566
8418 10126 484142.24156441505 4398741.562042947
8540 10126 485361.9912843129 4398741.841131264
8662 10126 486581.8704917917 4398741.673519524
8784 10126 487801.3587302186 4398742.403264663
9394 10126 493900.5080688791 4398742.276518028
9760 10126 497561.41987458384 4398741.760054966
5490 10248 454862.6440318753 4397521.659683599
5612 10248 456082.4061572513 4397521.544021127
6466 10248 464620.4342379862 4397522.828761484
7320 10248 473161.3825687749 4397521.135545313
7442 10248 474381.706090494 4397520.86030763
7686 10248 476822.16693236533 4397522.464891679
8052 10248 480481.9197048213 4397522.064547393
8174 10248 481702.4296277967 4397522.030881456
8418 10248 484142.4085447179 4397521.897159658
8540 10248 485361.42323852837 4397522.109467501
8662 10248 486581.8861814545 4397522.853327448
8784 10248 487802.80917596637 4397521.303109059
8906 10248 489021.18841951806 4397522.312797931
9028 10248 490242.3564379193 4397521.866326721
9638 10248 496342.12822431064 4397522.413853889
5368 10370 453641.7651106479 4396301.57695115
6100 10370 460962.3273758923 4396302.495113149
7564 10370 475602.17753016215 4396302.565166436
7686 10370 476822.9673825832 4396302.251486741
7808 10370 478042.5819282501 4396298.647559223
7930 10370 479262.1702889995 4396302.154641634
8174 10370 481702.1225731131 4396301.526128151
8540 10370 485361.14232898515 4396301.493542352
9272 10370 492681.138201919 4396301.536863342
5368 10492 453642.55630716484 4395082.146105759
5490 10492 454862.09680096345 4395081.90886034
5612 10492 456081.83853076 4395081.339316318
7442 10492 474381.8425719112 4395081.43398146
7564 10492 475601.89469040564 4395081.320924063
7686 10492 476822.3466273316 4395081.342523726
7808 10492 478042.3748900959 4395081.798143347
7930 10492 479261.3273146654 4395081.988776529
8052 10492 480481.93910303613 4395082.597451251
8174 10492 481701.21904854546 4395082.678005325
8296 10492 482920.6583434284 4395081.735690399
9150 10492 491462.66334808513 4395082.436379772
9272 10492 492680.290655473 4395082.637931191
5368 10614 453642.0060903776 4393862.294162016
5490 10614 454862.50312998495 4393858.825527676
5612 10614 456082.18523689813 4393862.090657693
5734 10614 457302.82932251843 4393861.000638771
6588 10614 465841.56727391644 4393858.813010936
6832 10614 468282.9040569453 4393860.615482554
6954 10614 469502.5898396309 4393858.45996232
7808 10614 478042.1287361531 4393861.167466688
8052 10614 480481.6945687827 4393862.548202384
8784 10614 487801.8959695461 4393861.551502911
9028 10614 490241.8514798314 4393861.394881594
9516 10614 495121.7103202814 4393861.947208876
5368 10736 453641.7219865203 4392642.28439049
5490 10736 454862.5392056385 4392641.905426427
5612 10736 456082.92118673987 4392642.27124684
5734 10736 457301.64402790874 4392642.158676273
6222 10736 462181.1971215202 4392638.595492066
7808 10736 478041.7018066931 4392641.109080108
8174 10736 481701.9753005344 4392641.246735267
8662 10736 486581.8555823517 4392642.220858194
8906 10736 489021.5433750439 4392642.496867578
9028 10736 490240.9238986288 4392641.920256125
9150 10736 491461.2660482319 4392641.892122794
9516 10736 495120.7687593408 4392642.963735445
5490 10858 454862.0188496247 4391421.753345861
5612 10858 456081.90771344287 4391422.218900151
5734 10858 457302.6430616508 4391421.885461472
5856 10858 458521.1929490547 4391422.361202732
5978 10858 459743.0980917029 4391421.4325544415
6100 10858 460962.8711653307 4391422.264819875
6222 10858 462182.6363351044 4391422.413530412
6344 10858 463402.55082290934 4391421.72460127
6588 10858 465842.56964065216 4391421.184839589
6710 10858 467063.1194577268 4391418.213442311
6832 10858 468282.25094650575 4391417.843577544
7320 10858 473161.62705912546 4391422.366097595
7808 10858 478041.9864997689 4391420.732646206
7930 10858 479261.1505462231 4391421.716873328
8174 10858 481701.7331742033 4391421.749347216
8418 10858 484141.3609855991 4391421.933881859
8784 10858 487802.5254525764 4391421.972894021
8906 10858 489021.73856706655 4391422.128230637
9028 10858 490240.6710763114 4391422.730166157
9150 10858 491462.143244239 4391421.273734142
5490 10980 454862.6004138822 4390199.28633633
