366 0 603662.0540056811 4500002.165513347
732 0 607322.5246623412 4500002.253160291
1342 0 613422.0735456441 4500002.532173659
1708 0 617081.1042348263 4500002.087070783
2684 0 626841.1838442188 4500001.670788936
3782 0 637821.8049853514 4500002.683643209
3904 0 639041.1171445439 4500002.639087303
366 122 603661.798582298 4498782.503255404
488 122 604881.9563847778 4498782.429202576
610 122 606101.9757471088 4498782.322006629
732 122 607323.0544082249 4498782.9461872885
976 122 609762.2186957238 4498782.443810588
1098 122 610982.4397290465 4498782.381795403
1220 122 612201.859494833 4498782.67208966
1586 122 615861.5454139989 4498781.702899914
1708 122 617081.6511281747 4498781.701813969
2074 122 620741.2424412799 4498781.982787926
2318 122 623181.232408396 4498781.00155221
2440 122 624401.0059855077 4498782.073413396
2562 122 625621.2663631508 4498781.998333024
2684 122 626840.6014836311 4498781.967083622
2806 122 628060.6298081715 4498781.120718666
4026 122 640261.5672080774 4498781.81260213
122 244 601220.776951595 4497562.065747433
244 244 602440.8616509105 4497562.441927622
366 244 603660.8197580732 4497562.686037326
488 244 604881.2515314588 4497562.42130483
610 244 606101.0135702199 4497562.642249345
732 244 607321.209186857 4497562.783522659
976 244 609761.0134556098 4497562.141713215
1098 244 610981.2436856438 4497562.648132442
1220 244 612201.6404971797 4497562.173018505
1342 244 613421.7327624314 4497563.117628675
1464 244 614642.1177174839 4497562.1290274495
1586 244 615862.1432408355 4497561.950624514
1708 244 617081.7219723017 4497561.762220102
1830 244 618301.1892467439 4497562.250483001
1952 244 619521.5306080179 4497562.187536119
2074 244 620741.5038168292 4497562.413960809
2806 244 628061.864352881 4497562.591007442
122 366 601221.4084867387 4496341.332451681
244 366 602440.6674970399 4496341.555812925
366 366 603660.8198130248 4496341.847264192
976 366 609761.4237829898 4496342.809701459
1098 366 610981.3475858889 4496342.543901771
1220 366 612201.3307281645 4496342.601531378
1586 366 615861.1036672635 4496342.488934288
1708 366 617081.4515614662 4496342.577832548
1830 366 618302.1757972608 4496342.7852232
1952 366 619522.105160122 4496342.888891158
2074 366 620741.8397443854 4496342.8051355835
2196 366 621961.367873844 4496343.104655401
2562 366 625621.9519715136 4496342.094090012
3050 366 630502.3825412745 4496342.395540694
0 488 600001.661781934 4495122.424790628
122 488 601221.7849948368 4495122.221094512
244 488 602441.8060383091 4495122.20286768
366 488 603661.9536224864 4495122.310886628
488 488 604881.4223372987 4495121.781285917
610 488 606101.0870145139 4495121.746090186
732 488 607321.0517923578 4495121.742090843
854 488 608540.944971292 4495121.776162299
976 488 609761.1076589302 4495122.145251036
1098 488 610981.2903197189 4495122.499733927
1220 488 612201.4031236444 4495122.067102933
1342 488 613421.622174713 4495122.529774577
1464 488 614641.7937588491 4495122.580949637
1586 488 615861.9514124321 4495122.640487743
1830 488 618300.9520775895 4495122.410186942
1952 488 619521.1344645793 4495122.435574841
2196 488 621961.318127341 4495122.538228534
2562 488 625621.9223985347 4495122.382814644
2684 488 626841.3289682677 4495122.23670241
2928 488 629281.339119028 4495123.358878415
3050 488 630501.4539305503 4495122.791488576
3172 488 631722.0469719359 4495122.846865367
3660 488 636602.0862508519 4495122.677312358
0 610 600000.6596975252 4493901.874448405
122 610 601220.9190699437 4493902.195037804
244 610 602441.4086456394 4493902.30686903
488 610 604881.6809123333 4493902.181070343
610 610 606101.4759458951 4493902.037346394
732 610 607321.4351138109 4493902.192370054
854 610 608541.9882443552 4493902.072097709
976 610 609761.8052636634 4493901.854867842
1098 610 610981.4716880077 4493901.58500366
1586 610 615861.5265511111 4493902.264577271
1708 610 617080.8407308155 4493902.5829619095
1830 610 618300.5805048707 4493901.920394939
1952 610 619520.9514823065 4493901.501256498
2196 610 621960.8799895638 4493901.949359102
2318 610 623181.0151462574 4493902.489770268
2562 610 625621.2492083596 4493902.646739747
2684 610 626841.2413518167 4493902.207271826
2806 610 628061.3781946232 4493902.720959488
2928 610 629281.7120126291 4493902.666329107
3172 610 631721.7426481545 4493902.220188215
3660 610 636601.5850452852 4493902.516830321
4026 610 640261.7521941653 4493902.112158749
122 732 601221.6472969567 4492682.70230712
244 732 602441.6251276694 4492682.785377279
366 732 603661.405482093 4492683.254489787
488 732 604881.1327876385 4492682.479537076
610 732 606100.9624822808 4492681.986504368
854 732 608541.5507858353 4492682.43822698
976 732 609761.4104629346 4492682.158228524
1098 732 610982.0403008318 4492681.962677174
1464 732 614641.5619807527 4492681.703322607
1586 732 615861.3520067863 4492681.835521762
1830 732 618301.0884248973 4492681.962332765
1952 732 619521.9745864081 4492682.411041612
2196 732 621961.1880359815 4492682.696049588
2440 732 624400.9356285038 4492682.244504229
2806 732 628060.7454531494 4492682.117934193
2928 732 629280.8572694097 4492682.408031281
3172 732 631721.5312809055 4492682.761004051
3660 732 636601.5116785875 4492682.347647921
3782 732 637822.6416799938 4492682.653666133
3904 732 639041.5161744689 4492682.480213712
0 854 600002.124923757 4491461.719890499
122 854 601222.0307128855 4491462.2237646
244 854 602441.6279384826 4491462.317510219
366 854 603661.929199139 4491462.511401306
488 854 604882.2166385103 4491462.660035187
610 854 606102.2029841279 4491462.769656639
732 854 607322.1274796048 4491462.611970242
854 854 608542.1434714574 4491462.903184233
976 854 609762.1117952472 4491462.9074951885
1098 854 610981.1120557209 4491462.156667981
1220 854 612201.7682217197 4491462.036887208
1342 854 613421.609129297 4491461.949692352
1464 854 614641.4804173245 4491461.915306508
1586 854 615861.5645658307 4491461.886946755
1708 854 617081.4065943063 4491461.555040176
1830 854 618301.6372068373 4491461.552743558
1952 854 619521.5674651377 4491462.088518509
2806 854 628061.9461854125 4491462.871470242
2928 854 629281.2310431811 4491462.310191721
3050 854 630501.2182508983 4491462.5141444355
3294 854 632940.8239725165 4491461.97534592
122 976 601221.5376826068 4490241.909803343
244 976 602441.208206695 4490241.934279739
366 976 603661.2846319453 4490242.541070136
488 976 604881.2994343936 4490242.741216426
732 976 607321.9248339653 4490242.421260268
976 976 609761.586338874 4490242.209881516
1098 976 610982.415805666 4490242.561678396
1342 976 613421.9356959488 4490243.311953692
1464 976 614642.4455117391 4490242.347354044
1586 976 615861.8393737257 4490242.013510629
1708 976 617081.4199978465 4490241.129844348
1830 976 618300.7631096839 4490241.458944954
1952 976 619520.9875310478 4490241.44193105
2074 976 620741.1438622504 4490241.439209918
2196 976 621961.1845334794 4490241.674481731
2684 976 626841.4721387642 4490242.035578343
2928 976 629280.8559325734 4490242.652391839
3050 976 630501.17258524 4490241.888331049
3172 976 631721.4109621354 4490242.074772419
3294 976 632941.9099726715 4490242.778972052
0 1098 600001.7887627203 4489022.637628535
122 1098 601221.592158434 4489022.130482282
244 1098 602441.2702813994 4489021.502503363
366 1098 603661.4339580871 4489021.720393814
488 1098 604881.2983797817 4489021.686984094
854 1098 608541.6777434214 4489022.173428492
976 1098 609761.1114802009 4489022.322518
1098 1098 610981.0205486801 4489022.016290923
1586 1098 615860.9972112626 4489022.394682336
1708 1098 617081.5161721492 4489021.746607462
1830 1098 618301.0854529305 4489022.013103792
1952 1098 619521.7326869303 4489021.24701316
2074 1098 620742.1813612746 4489021.2562198825
2196 1098 621961.2142940087 4489021.592420615
2440 1098 624400.6119388893 4489021.430136876
2684 1098 626841.0086420851 4489021.562427458
2806 1098 628061.3378771982 4489021.527384761
2928 1098 629280.6584024511 4489021.308818931
3050 1098 630500.8623837153 4489021.231049004
3172 1098 631721.747133138 4489021.684550857
3294 1098 632941.5551991807 4489021.719853657
4026 1098 640261.6982752333 4489022.4884930905
4148 1098 641481.6084353956 4489021.901171732
4270 1098 642701.85692811 4489022.163415899
4514 1098 645141.6881028359 4489022.331326138
122 1220 601221.8675147278 4487802.391103815
244 1220 602442.6939586935 4487801.555043356
732 1220 607321.6418790953 4487800.896311049
854 1220 608541.2423326909 4487801.673797367
976 1220 609761.176238262 4487801.625148776
1098 1220 610981.1338086973 4487801.701456743
1220 1220 612201.1147975398 4487801.980821338
1586 1220 615861.273181965 4487802.016810496
1708 1220 617081.2077486078 4487801.629262027
1830 1220 618301.6712067768 4487801.965048848
1952 1220 619521.6331923767 4487801.832707632
2074 1220 620741.4259319067 4487801.757183244
2196 1220 621961.2246604107 4487801.16745501
2318 1220 623180.6374978623 4487801.804582711
2440 1220 624401.3811629536 4487801.929151938
2562 1220 625621.5410770619 4487801.72588175
2684 1220 626841.3308059019 4487801.643882708
2806 1220 628061.3185083639 4487801.394899771
3050 1220 630500.6405825787 4487801.815618163
3172 1220 631720.6300984666 4487801.726985885
3294 1220 632940.689721235 4487801.597049388
3416 1220 634160.6776379137 4487801.6270305365
3538 1220 635380.6864401957 4487801.522339747
3782 1220 637821.1690457488 4487801.975629451
3904 1220 639042.0208178064 4487802.323672584
4148 1220 641480.8670189654 4487801.99493706
4514 1220 645141.4879697568 4487802.064193788
4636 1220 646361.6361073116 4487801.931495119
4758 1220 647581.954941175 4487802.240285154
854 1342 608541.5720510995 4486581.856417273
976 1342 609762.1090181721 4486582.475495757
1098 1342 610981.7876256458 4486581.743545734
1220 1342 612201.651769494 4486581.611545628
1586 1342 615861.6705300821 4486582.477221704
1708 1342 617082.0887429649 4486581.954747574
1830 1342 618301.1757086786 4486581.1965098595
1952 1342 619521.1536163888 4486581.603341333
2074 1342 620741.2138157513 4486581.932933159
2196 1342 621960.9279132631 4486581.985903275
2318 1342 623181.3279023467 4486581.886707092
2440 1342 624401.5867354916 4486582.028608341
2562 1342 625621.6562775157 4486581.7538954
2684 1342 626841.4667245677 4486581.567020763
2806 1342 628061.0140732432 4486581.385564843
2928 1342 629281.1654064184 4486582.1500863535
3172 1342 631721.5314685206 4486581.877100746
3294 1342 632941.4538957897 4486581.673258582
3416 1342 634160.9972437202 4486581.731624504
3538 1342 635380.6720544054 4486581.468860791
3660 1342 636600.5278021401 4486581.412128327
3782 1342 637820.3344527257 4486581.604263941
3904 1342 639040.3525652589 4486581.779158597
4026 1342 640261.0559224909 4486581.670039425
4148 1342 641481.9395392492 4486581.7836230155
4270 1342 642701.6927671357 4486581.597182424
4392 1342 643921.34885823 4486581.873674928
4514 1342 645140.8385999693 4486581.877264672
4636 1342 646360.7714626393 4486581.88853939
4880 1342 648800.7963547212 4486581.643723022
1098 1464 610981.6647790675 4485361.920599873
1220 1464 612201.8606604699 4485361.816273716
1586 1464 615861.3146886341 4485361.73406749
1708 1464 617080.7662158908 4485361.925499267
1830 1464 618301.0659693625 4485361.933317041
1952 1464 619521.3216268101 4485361.8305206355
2074 1464 620741.6044737465 4485362.021058272
2318 1464 623181.6874859717 4485361.93100771
2440 1464 624401.8387829752 4485362.208858799
2562 1464 625621.0196617587 4485361.947544088
2684 1464 626841.1456539378 4485362.1718434505
2928 1464 629281.5991773477 4485362.17327376
3050 1464 630501.7014138593 4485362.050098272
3172 1464 631721.7714658655 4485361.648507696
3294 1464 632940.8867037632 4485361.675220097
3416 1464 634160.902080739 4485361.717419544
3538 1464 635381.3286558217 4485362.058365926
3660 1464 636601.652161846 4485362.179525886
3782 1464 637821.6655773905 4485361.918541601
3904 1464 639041.3038644517 4485361.587286562
4026 1464 640261.0529369734 4485361.953427121
4148 1464 641481.5661133053 4485361.944119003
4270 1464 642701.8071110462 4485361.951561531
4392 1464 643921.6453764355 4485361.406711311
4514 1464 645141.7687340614 4485361.388103031
4758 1464 647581.9051265338 4485361.4527879525
4880 1464 648801.4072829557 4485361.590965795
488 1586 604882.6221257655 4484142.562316747
732 1586 607322.1754349221 4484142.2990331985
854 1586 608542.3686183192 4484142.844991736
976 1586 609762.3972221975 4484142.504789016
1220 1586 612201.7593069403 4484142.444139521
1342 1586 613421.8134766668 4484142.128996919
1464 1586 614641.8837309234 4484142.421427023
1586 1586 615861.3119214308 4484142.552241467
1708 1586 617081.0610162104 4484142.127449921
1830 1586 618301.388424557 4484142.179307145
1952 1586 619521.924026437 4484142.213509005
2074 1586 620741.4947481831 4484141.921241877
2196 1586 621961.7610481762 4484142.25940228
2440 1586 624400.862510757 4484142.178896579
2806 1586 628061.4920454682 4484141.916104621
2928 1586 629281.4922067705 4484142.0672135
3294 1586 632940.7978635181 4484141.853087343
3416 1586 634161.1433651561 4484142.026766848
3538 1586 635381.9955941598 4484142.310592954
3660 1586 636601.3379818815 4484141.792653704
3782 1586 637821.2415475264 4484141.556986762
3904 1586 639041.0477434861 4484141.3558158325
4026 1586 640260.8984693115 4484142.485672485
4148 1586 641480.8983727031 4484142.248940517
4270 1586 642701.2475784082 4484142.45243635
4514 1586 645141.39502127 4484141.9666917175
4880 1586 648801.1878544309 4484141.848142867
5002 1586 650021.6158367931 4484141.587264631
5124 1586 651241.3046795599 4484140.9483372215
366 1708 603661.5186991877 4482922.559837591
488 1708 604881.9622431246 4482922.393587261
610 1708 606101.8435108911 4482922.3596322695
732 1708 607321.8879576874 4482922.221378049
854 1708 608542.0526077618 4482922.313509527
976 1708 609761.8031294137 4482922.531710721
1098 1708 610982.1141738745 4482921.847889364
1220 1708 612201.7389099777 4482922.610543155
1342 1708 613422.4098111789 4482922.536746053
1464 1708 614641.3400610309 4482922.61074315
1586 1708 615860.849241372 4482922.374413273
1708 1708 617081.3138430564 4482922.288760141
1830 1708 618301.4448636466 4482922.359388702
1952 1708 619521.8890134111 4482922.645383267
2074 1708 620741.9663693039 4482922.826016368
2196 1708 621962.0090771277 4482922.949881252
2318 1708 623180.9532674054 4482922.676095723
2440 1708 624401.492889218 4482922.395532567
2562 1708 625621.8640301259 4482922.453943581
2806 1708 628061.3361977688 4482922.112054499
2928 1708 629281.3600930957 4482922.137854675
3416 1708 634161.0112952524 4482921.905396118
3538 1708 635381.0926655396 4482921.867329051
3660 1708 636601.1103454705 4482921.874017345
3782 1708 637821.0903728189 4482921.965338646
3904 1708 639041.0460466692 4482921.87972535
4026 1708 640261.4925139899 4482922.237785298
4270 1708 642701.5311252212 4482922.484065496
4392 1708 643921.8550760441 4482922.921727588
4514 1708 645141.0903900492 4482922.553641323
366 1830 603661.3345974251 4481702.025146195
732 1830 607320.473715056 4481701.794821382
854 1830 608541.1549750603 4481702.106388208
976 1830 609761.6378799918 4481702.567594657
1220 1830 612201.2868292306 4481702.388506888
1342 1830 613421.2936714453 4481702.224156186
1464 1830 614641.315009642 4481701.861128978
1586 1830 615860.9628364929 4481702.753512951
1708 1830 617081.2782913572 4481702.652374183
1830 1830 618301.8295083164 4481702.224832977
2074 1830 620741.3749814086 4481702.605081441
2196 1830 621961.1788266193 4481702.353372591
2318 1830 623181.0253534071 4481702.507882195
2440 1830 624401.2742549916 4481702.340254966
2562 1830 625621.5802258049 4481702.712930334
2806 1830 628062.2347273207 4481702.577586796
2928 1830 629281.5112183471 4481702.409697817
3538 1830 635381.4212865898 4481702.12856131
3660 1830 636600.847989737 4481702.105743956
3782 1830 637821.0001626948 4481701.443467491
4026 1830 640261.31362882 4481702.197152135
4270 1830 642701.2943004653 4481702.31728203
4514 1830 645141.5781766569 4481702.623228185
976 1952 609761.1397724237 4480482.169043981
1220 1952 612200.6947589477 4480482.763783463
1342 1952 613421.0294011415 4480482.462695752
1464 1952 614640.8046747423 4480482.496024601
1586 1952 615861.6484573821 4480482.884297043
1708 1952 617082.0752480915 4480482.418374071
1830 1952 618301.5489939597 4480482.206396633
1952 1952 619522.1609391596 4480482.399951317
2074 1952 620741.2035527454 4480482.444086255
2196 1952 621960.9541673587 4480482.456309901
2318 1952 623181.2066579075 4480482.55094896
2440 1952 624401.2282342229 4480482.535782622
2562 1952 625621.6497709095 4480482.847729089
2684 1952 626841.6165769645 4480482.7517625205
2928 1952 629280.9820174742 4480482.651076032
3050 1952 630501.300322049 4480482.541704731
3538 1952 635381.8195518209 4480482.449852208
3660 1952 636601.5415317831 4480482.267738371
3782 1952 637821.4608481228 4480481.912763966
0 2074 600001.5282663597 4479261.98581218
122 2074 601221.709475467 4479261.7082915325
854 2074 608541.4481944394 4479261.781405357
976 2074 609762.0547586505 4479262.128839731
1098 2074 610982.0240220688 4479262.427478684
1220 2074 612201.3576510015 4479262.315412067
1342 2074 613421.5439219046 4479262.267715934
1464 2074 614641.1854306385 4479262.5836243555
1586 2074 615861.4756953552 4479262.398476238
1708 2074 617082.1604033186 4479262.36836184
1830 2074 618302.0251962749 4479262.690562102
1952 2074 619521.2428674846 4479262.592214891
2074 2074 620741.3031255442 4479262.58067213
2196 2074 621961.607003192 4479262.643455336
2440 2074 624401.981800706 4479262.2346454
2562 2074 625621.3248392849 4479262.604253347
2684 2074 626840.9162917743 4479262.541454869
2806 2074 628061.388946919 4479262.751220963
2928 2074 629281.8160490714 4479263.050586533
3050 2074 630501.7141427103 4479263.048448588
3172 2074 631721.6982715514 4479262.682531435
3782 2074 637821.3731730497 4479262.523634182
4392 2074 643921.4202319653 4479261.940565699
4514 2074 645141.0711143457 4479262.079805502
4636 2074 646361.2665896154 4479262.177968906
0 2196 600001.4440023187 4478041.153426747
122 2196 601221.3069395461 4478042.624796199
1342 2196 613421.708176424 4478042.387095314
1464 2196 614641.7817502681 4478041.978312699
1586 2196 615861.8589499632 4478041.966882532
1708 2196 617081.8395982302 4478042.088467395
1830 2196 618301.9582485954 4478042.1207352765
1952 2196 619521.6703412734 4478042.46599184
2074 2196 620741.5017420296 4478042.264237923
2196 2196 621961.5832618026 4478042.558884924
2318 2196 623181.9800930328 4478042.588919423
2440 2196 624401.7948086296 4478042.357092723
2562 2196 625621.5320012595 4478042.509765912
2684 2196 626841.416495271 4478042.691504551
2806 2196 628061.4211135242 4478042.6367327785
2928 2196 629281.7861330024 4478042.738901662
3050 2196 630501.5004831263 4478042.3468416035
3172 2196 631721.0634019539 4478042.567106789
3782 2196 637821.915337726 4478042.548236141
3904 2196 639041.4834788722 4478041.925013008
4636 2196 646360.7693218181 4478041.4466187535
4758 2196 647581.4469614152 4478042.045589344
1220 2318 612200.3038428295 4476821.510577424
1342 2318 613421.5980663857 4476821.938337986
1464 2318 614641.8248575843 4476822.31368871
1586 2318 615861.852005859 4476822.48462972
1708 2318 617081.6993242068 4476822.415243229
1830 2318 618301.3226415886 4476822.21218453
2318 2318 623181.9537901797 4476822.011614268
2440 2318 624401.7133407742 4476822.169320875
2562 2318 625621.5740424208 4476822.230106953
2684 2318 626841.5374712148 4476822.453323645
2806 2318 628061.7252176004 4476822.698272337
2928 2318 629281.8944888323 4476822.539023888
3294 2318 632941.0374210328 4476822.487695755
3416 2318 634162.0589900014 4476822.517653527
3782 2318 637821.4277444659 4476822.235176996
3904 2318 639041.0362490098 4476822.343540536
4758 2318 647581.477534977 4476821.798500282
0 2440 600000.3555075018 4475601.776006506
1220 2440 612200.9893181252 4475601.8931560535
1342 2440 613421.474310906 4475602.2795360405
1586 2440 615861.5052581279 4475601.970256377
1708 2440 617081.4290022184 4475602.581345964
1830 2440 618301.5939839398 4475602.55699611
1952 2440 619521.8058960118 4475602.1003380995
2440 2440 624401.3646314136 4475602.245284889
2562 2440 625621.24666414 4475601.938142805
2684 2440 626841.187114919 4475602.137792533
2806 2440 628061.3743809223 4475602.001566679
2928 2440 629281.3592429552 4475601.828911297
3050 2440 630501.3748993546 4475602.0308718495
3172 2440 631722.6160000749 4475602.326229216
3294 2440 632941.4542193995 4475602.334136953
3416 2440 634161.9033201722 4475602.636784303
3904 2440 639042.2748255816 4475602.416723962
4148 2440 641481.6662400143 4475602.26123882
4270 2440 642701.9860559154 4475601.778244286
4392 2440 643921.3955208447 4475602.095798929
4636 2440 646360.7018399489 4475601.602653985
4758 2440 647580.4345675693 4475602.176667165
1342 2562 613421.9102325637 4474382.049354106
1464 2562 614641.4599601238 4474382.022018905
1586 2562 615862.0641800453 4474382.110026374
1708 2562 617081.948257881 4474382.249755259
1830 2562 618302.0036999093 4474382.630721297
1952 2562 619521.3827684143 4474382.289072598
2074 2562 620741.3161858321 4474381.661611647
2440 2562 624401.5871612753 4474382.575831738
2562 2562 625621.4106865017 4474382.404241462
2684 2562 626841.9950410521 4474382.775457261
2806 2562 628062.0470240325 4474382.65873456
2928 2562 629281.6207919971 4474382.319171402
3172 2562 631721.0252461287 4474381.8791337935
3294 2562 632940.7025868045 4474381.814777539
3416 2562 634161.1517065983 4474382.213381655
3538 2562 635381.0158836525 4474382.000570205
3782 2562 637820.8555507467 4474381.715967045
3904 2562 639041.0033631293 4474382.383041043
4026 2562 640261.3412186034 4474382.67953089
4270 2562 642701.3670047057 4474382.3523661075
4392 2562 643921.3523893702 4474382.765745864
4758 2562 647581.4560837486 4474382.39015109
5002 2562 650021.1705765781 4474381.850018707
1342 2684 613421.2276744838 4473162.267976462
1464 2684 614641.7299852489 4473161.712474828
1586 2684 615862.3333997043 4473162.19151529
1708 2684 617081.3523594087 4473161.655123083
1830 2684 618301.5792682716 4473161.628764104
1952 2684 619521.5352479062 4473161.7169323675
2074 2684 620741.6661254483 4473161.750716998
2318 2684 623181.8024465387 4473161.934841246
2440 2684 624401.962580842 4473161.98846513
2562 2684 625621.1583175971 4473162.210014513
2684 2684 626841.4670352297 4473162.205576145
2806 2684 628061.7691186668 4473162.743470049
3050 2684 630501.9331631218 4473162.886337875
3172 2684 631721.7038402377 4473162.4660313055
3294 2684 632941.8520661497 4473162.292621725
3416 2684 634161.9728763408 4473162.2338446295
3538 2684 635381.8106990207 4473162.603401262
3660 2684 636601.4853621644 4473162.3140963875
3782 2684 637822.0065665223 4473162.220296216
3904 2684 639041.7409924376 4473162.178014666
4758 2684 647581.5795850769 4473162.681482906
5490 2684 654901.9858345385 4473162.490799484
1342 2806 613421.1394417122 4471942.012602963
1464 2806 614641.5751318189 4471941.840250644
1586 2806 615861.9101373865 4471942.295485523
1708 2806 617081.2306227634 4471941.815398234
1830 2806 618301.6463308098 4471942.171552886
1952 2806 619521.4197926016 4471942.312179806
2074 2806 620742.205879966 4471942.384014372
2440 2806 624401.5041992839 4471941.733209049
2684 2806 626841.3698097684 4471941.663194259
2806 2806 628061.686603296 4471941.819276744
2928 2806 629281.8839619736 4471941.784308055
3050 2806 630501.8563135082 4471942.0732113905
3172 2806 631721.4637984667 4471942.378483311
3416 2806 634161.6387684459 4471942.478181451
3538 2806 635381.7277460449 4471942.316400624
3660 2806 636601.7206460781 4471942.7308991095
3782 2806 637821.4687040882 4471942.139304884
3904 2806 639041.5677247298 4471942.400501058
4026 2806 640261.9498649071 4471942.415926985
4758 2806 647580.8286484481 4471942.323340429
5002 2806 650021.2263675829 4471942.47878703
5490 2806 654901.8432405406 4471942.530392928
5734 2806 657340.4464057739 4471941.699980867
1342 2928 613420.9473346524 4470721.661326588
1464 2928 614641.5058451298 4470721.78500874
1586 2928 615861.7494359621 4470721.531739227
1708 2928 617082.0279292024 4470721.580099234
1830 2928 618301.531098429 4470721.748960721
1952 2928 619520.9577450079 4470722.129152049
2074 2928 620741.7767817151 4470722.091481063
2440 2928 624401.4462566585 4470721.98319596
2562 2928 625621.6315537838 4470722.367168066
2806 2928 628061.6835401598 4470721.788410146
2928 2928 629281.1065722997 4470721.60089119
3050 2928 630500.8562749889 4470721.776128735
3172 2928 631720.8783819426 4470721.611304535
3294 2928 632941.2051080782 4470721.725567198
3416 2928 634161.2901562183 4470721.711435206
3538 2928 635381.9616627063 4470721.806886181
3660 2928 636602.0721957202 4470721.955854951
3782 2928 637821.9428219408 4470722.094455764
3904 2928 639041.5382038505 4470722.391675804
4636 2928 646361.4166690713 4470722.321641106
4758 2928 647581.8866805207 4470722.519971176
5002 2928 650022.0697549523 4470721.316700591
5124 2928 651241.7709686639 4470721.771172838
5490 2928 654900.8313408085 4470722.113189571
1464 3050 614640.6127783882 4469501.547582436
1586 3050 615860.4203866189 4469501.483000517
1708 3050 617080.4770422105 4469501.43285214
1830 3050 618300.9906581647 4469501.656069226
1952 3050 619520.9318045109 4469501.609238012
2074 3050 620741.6060267795 4469501.44473989
2318 3050 623181.1211633575 4469500.702949658
2440 3050 624401.3652836111 4469501.654985661
2562 3050 625620.9973067512 4469501.452487388
2684 3050 626841.4396970634 4469501.881928355
2928 3050 629281.2272869629 4469502.22194263
3050 3050 630501.7739215238 4469502.229226896
3172 3050 631721.7412133918 4469502.062020563
3294 3050 632941.8553668278 4469501.805629225
3416 3050 634161.8716165754 4469501.950334409
3660 3050 636601.5950318612 4469501.663875507
3904 3050 639041.1645654254 4469501.747710282
4026 3050 640261.280994047 4469501.706992666
4148 3050 641481.6235146509 4469501.9895314695
4514 3050 645141.9719238444 4469501.686213394
4636 3050 646361.6422622107 4469502.00417122
5002 3050 650021.3898261734 4469501.847498173
5124 3050 651241.8892568813 4469502.094054326
5368 3050 653682.1980656605 4469501.594888151
1586 3172 615861.3469843363 4468281.292956677
1708 3172 617081.8479373498 4468281.722134059
1830 3172 618301.725117517 4468281.783410657
1952 3172 619521.8507433631 4468282.2564768465
2562 3172 625621.4892047604 4468281.985271496
2684 3172 626841.7851737755 4468281.416152854
2806 3172 628061.8123276726 4468281.555525087
2928 3172 629281.1610463603 4468281.177034863
3050 3172 630501.049589087 4468281.365022142
3172 3172 631720.9719180008 4468281.356291438
3294 3172 632941.8697328786 4468281.984544467
3416 3172 634161.0892022596 4468281.708718037
3538 3172 635381.5945295261 4468281.801156546
3660 3172 636601.8862645399 4468282.416848049
4026 3172 640261.2828401757 4468281.889303084
4392 3172 643920.9539475029 4468281.535064192
4636 3172 646361.2650827162 4468281.697741583
5002 3172 650022.0883302651 4468281.04736017
5124 3172 651241.8936468897 4468281.490484938
2440 3294 624401.9287955724 4467060.93395905
2562 3294 625621.4473191014 4467061.674890531
2684 3294 626841.5785961061 4467061.836826691
2928 3294 629280.9486655957 4467061.633464223
3050 3294 630501.0971847152 4467061.6613103235
3172 3294 631721.5564841218 4467061.663010405
3416 3294 634161.808914563 4467061.472897271
3538 3294 635381.1649246889 4467061.320115007
3660 3294 636601.9629801288 4467062.261942887
3782 3294 637822.2284762217 4467062.308474002
3904 3294 639042.0371653856 4467062.144235016
4148 3294 641482.1183572898 4467062.489996545
4270 3294 642701.8384998157 4467062.013174261
4392 3294 643922.3186542653 4467062.226985459
4514 3294 645141.94444642 4467062.079143032
4636 3294 646361.564403446 4467061.776701425
5002 3294 650020.7959280979 4467061.951274534
5124 3294 651240.874427457 4467061.906741358
5246 3294 652461.3866392698 4467061.848492417
2562 3416 625621.1485190364 4465841.422362578
2684 3416 626841.2246972605 4465841.721267581
2806 3416 628061.1325456426 4465841.402301357
2928 3416 629281.8130752663 4465841.425730579
3050 3416 630501.8213891085 4465841.37019043
3538 3416 635381.0970800697 4465841.682875626
3660 3416 636601.6266961853 4465842.687269193
3782 3416 637820.8153455742 4465842.215388156
3904 3416 639041.2252744943 4465842.88019744
4148 3416 641481.8902316041 4465842.602351611
4270 3416 642701.9026071719 4465842.232182758
4514 3416 645141.8651377294 4465842.582770708
4758 3416 647581.6620252116 4465841.683724702
5002 3416 650021.9137498237 4465841.848186528
5124 3416 651241.3534984341 4465841.200009791
5246 3416 652461.3606521767 4465841.379557198
5368 3416 653681.1654904489 4465841.047172115
2562 3538 625621.658407036 4464621.541134687
2684 3538 626841.6194645646 4464621.790771024
2806 3538 628061.3303861807 4464621.734380683
3050 3538 630500.9825663563 4464621.667521048
3416 3538 634160.7618212665 4464621.557406616
3538 3538 635381.411672056 4464621.954922253
3660 3538 636601.0148904765 4464622.680303116
3782 3538 637821.1161673362 4464622.862073423
4026 3538 640261.8427945481 4464622.670785879
4148 3538 641481.5491036576 4464622.4757394055
4270 3538 642701.6245313879 4464622.70046993
4392 3538 643921.3369444329 4464622.191701904
4758 3538 647582.1127191653 4464622.1147071365
5002 3538 650021.5540746917 4464622.327628236
2928 3660 629280.5563690246 4463401.6091749305
3050 3660 630501.0707352664 4463401.40016291
3172 3660 631721.3292226116 4463401.450219201
3416 3660 634160.9587184526 4463401.127901016
3538 3660 635380.7943886833 4463401.928263268
3660 3660 636600.7541344215 4463401.716832543
3782 3660 637820.7176618156 4463401.802595656
3904 3660 639040.9561298509 4463402.114640735
4148 3660 641480.6627289258 4463402.5560719455
4270 3660 642700.6847372605 4463402.006370818
4392 3660 643921.511294095 4463402.388260647
4636 3660 646361.6057799003 4463402.641791259
5124 3660 651241.0902043614 4463402.536108096
2684 3782 626841.1348574711 4462181.857664542
2806 3782 628060.8313614146 4462182.040581421
3294 3782 632941.787318938 4462182.286038617
3416 3782 634161.76905354 4462182.070562718
3904 3782 639039.562008976 4462181.531204627
4026 3782 640260.9749487375 4462181.754349735
4148 3782 641480.8859423135 4462182.153127964
4270 3782 642700.7020694755 4462181.890355835
4514 3782 645141.0349348114 4462182.191627555
4636 3782 646360.8732481844 4462182.446172994
2684 3904 626840.7940213757 4460961.784299518
3050 3904 630502.0359720157 4460961.849159815
3172 3904 631721.4842330199 4460961.8883713065
3660 3904 636601.5045697278 4460962.025558109
3782 3904 637821.1143514243 4460962.26747599
4026 3904 640261.7399502618 4460962.405948654
4148 3904 641481.7675599077 4460961.950142329
4270 3904 642701.8715711037 4460962.1394802695
4392 3904 643921.1953729887 4460962.430959031
4514 3904 645141.0028722977 4460962.67572302
4758 3904 647580.6206461525 4460961.779454313
2684 4026 626840.6927741972 4459741.794212511
2806 4026 628060.9515591976 4459741.907377176
2928 4026 629281.38179638 4459741.977517759
3050 4026 630502.0231508415 4459742.476903126
3172 4026 631721.4754847402 4459741.992762852
3294 4026 632941.1266999374 4459742.047525515
3538 4026 635380.8748378378 4459741.476329891
3660 4026 636601.0098955873 4459741.638985036
3904 4026 639041.4184874791 4459741.357105853
4026 4026 640261.8067142656 4459741.397516033
4148 4026 641481.84212679 4459741.665262611
4270 4026 642701.4842325237 4459742.080910498
4636 4026 646361.5311747266 4459742.118902348
4758 4026 647581.2998940866 4459741.983460579
4880 4026 648801.5323686141 4459742.440829033
2684 4148 626841.2876253546 4458520.8347027935
2806 4148 628061.2081825174 4458521.606799533
2928 4148 629281.2512824301 4458521.494024261
3172 4148 631721.0905607006 4458522.013094409
3294 4148 632940.7558162967 4458521.400577269
3416 4148 634161.7968283917 4458521.657464906
3538 4148 635381.8209018789 4458521.8643499045
3660 4148 636601.7612580301 4458521.668058331
3782 4148 637821.3040188699 4458521.489060684
3904 4148 639040.8340516796 4458521.236747536
4026 4148 640260.8570998806 4458521.685850896
4148 4148 641480.8080751082 4458521.745868271
4514 4148 645141.4318952297 4458521.594002178
4636 4148 646361.5928637363 4458521.274939189
4758 4148 647581.512888697 4458521.657365313
2928 4270 629281.390227037 4457302.593858416
3050 4270 630500.9708821466 4457302.349796682
3172 4270 631721.0291867435 4457302.2607531035
3294 4270 632941.5258353001 4457302.11326747
3416 4270 634161.6106197882 4457301.798826159
3538 4270 635381.8824107572 4457301.55866063
3660 4270 636601.608067386 4457300.958221221
3782 4270 637820.9056518298 4457301.670471557
4026 4270 640261.4609817559 4457302.337802535
4148 4270 641481.8524958187 4457301.325365182
4392 4270 643920.6969913151 4457301.38353453
4758 4270 647581.0162085138 4457301.957689874
3050 4392 630501.4622963719 4456082.296335645
3172 4392 631721.4948396558 4456082.352804046
3294 4392 632941.7874424688 4456082.477961816
3538 4392 635381.551516115 4456082.386591588
4026 4392 640261.4869803904 4456081.702499101
4270 4392 642701.2473142623 4456081.179399866
3050 4514 630501.9724758992 4454862.331253422
3172 4514 631721.4384816675 4454862.463104441
3294 4514 632941.6804055683 4454862.317541146
3416 4514 634160.8912065477 4454861.803251512
3538 4514 635381.2840483201 4454861.704366825
4514 4514 645141.789926813 4454862.366948918
4758 4514 647581.8011738014 4454861.587400203
3172 4636 631721.7248220576 4453642.660005104
3538 4636 635381.8730962358 4453642.150838474
4270 4636 642701.3625970961 4453642.3053840725
4392 4636 643921.7394493929 4453641.872987132
3538 4758 635381.7453905394 4452422.4832589105
3172 4880 631721.1205329793 4451201.510377802
4636 4880 646361.2763050026 4451202.288504007
3050 5002 630501.6947289262 4449981.841299196
3172 5002 631721.7209326972 4449981.489226908
3660 5002 636600.5193104813 4449981.685279571
4514 5002 645140.9347918751 4449982.324303828
3050 5124 630501.435822372 4448761.775037972
4148 5124 641480.9153168736 4448762.304660751
4392 5124 643920.7565726431 4448761.959824964
4514 5124 645140.8747273973 4448761.436596922
3538 5246 635380.7629306007 4447542.460793503
1586 5368 615861.437827556 4446321.84652492
3538 5368 635381.2736065415 4446322.093413702
3660 5368 636600.7794358447 4446321.821417426
3782 5368 637821.7621114155 4446322.088789113
1586 5490 615861.4418941146 4445101.981050752
2806 5490 628061.4705440449 4445102.330108433
3050 5490 630501.1606602636 4445102.45205082
3538 5490 635381.5936223371 4445102.00366916
4026 5490 640260.9192503062 4445101.376121205
2196 5612 621961.8305587536 4443881.605545098
3050 5612 630501.9318808182 4443881.723428396
1708 5734 617081.5991212019 4442661.666423659
1830 5734 618301.1498430162 4442661.3101717895
2196 5734 621962.015851452 4442661.919300535
2440 5734 624400.9444656442 4442661.043169369
3172 5734 631721.6605301219 4442662.094020243
3904 5734 639041.650826104 4442662.23663853
1586 5856 615861.3465150122 4441441.966633133
1708 5856 617081.7949371417 4441442.219741161
1830 5856 618301.4973332592 4441442.008364342
2318 5856 623181.4678138996 4441441.889976449
2440 5856 624402.022422283 4441441.940985323
2684 5856 626842.0754123217 4441441.6447725035
3904 5856 639040.9254141425 4441441.6329101715
1464 5978 614642.1394570784 4440222.007283572
1952 5978 619521.7298088139 4440221.678672146
2074 5978 620741.2886835998 4440222.033141145
2196 5978 621961.5136062693 4440222.389745091
2440 5978 624401.7757549731 4440222.220475303
2684 5978 626841.5214147647 4440222.284862766
1220 6100 612200.6832750386 4439000.918166441
1342 6100 613421.245830938 4439001.640303526
1464 6100 614641.5175902434 4439001.659020354
1586 6100 615861.439719906 4439000.605463144
2440 6100 624402.0961503529 4439001.681598753
2684 6100 626841.9299158249 4439002.223460157
2806 6100 628061.1582496611 4439001.886677799
732 6222 607320.823769931 4437782.242254377
1220 6222 612201.7203591089 4437781.742752069
1342 6222 613421.6736793506 4437781.812666307
1464 6222 614641.5689002678 4437781.319757086
2318 6222 623181.8931060686 4437781.5139284795
2440 6222 624401.9729970482 4437781.618569215
2562 6222 625621.9920877478 4437781.371601461
2684 6222 626842.0802090102 4437781.422890651
2928 6222 629282.0589132975 4437781.669050872
3050 6222 630501.5157232775 4437781.6200283
610 6344 606101.9753060323 4436562.147001061
1220 6344 612201.5050692541 4436562.3051308105
1342 6344 613420.9046785014 4436562.173918964
1464 6344 614640.8575192721 4436561.650494864
2440 6344 624401.0720277182 4436561.40607556
2562 6344 625621.3513466442 4436561.382426725
2684 6344 626841.7963036685 4436561.4901159685
2928 6344 629282.0076410306 4436561.862760202
3050 6344 630501.4656493725 4436561.657110232
0 6466 600001.1562526161 4435341.536816181
122 6466 601222.1626441152 4435342.0626885705
244 6466 602442.0814131781 4435342.199703929
366 6466 603662.3150656598 4435341.87777402
488 6466 604881.6807235192 4435341.201165891
610 6466 606101.533967221 4435341.859680814
1098 6466 610982.0980549393 4435341.519355434
1342 6466 613422.0084338416 4435341.927337269
1708 6466 617081.5038200743 4435342.278733338
1830 6466 618301.6388167255 4435342.052621445
2440 6466 624401.9751117738 4435342.035287443
3050 6466 630500.8688283016 4435341.821493079
0 6588 600001.5773117153 4434121.855211802
122 6588 601221.5533301412 4434122.676383053
244 6588 602442.2192544654 4434121.886422285
488 6588 604880.9754058636 4434121.016314636
610 6588 606101.0402108558 4434121.132409222
732 6588 607321.3429678308 4434121.298399503
1098 6588 610982.2153993926 4434121.388421977
1220 6588 612201.5251563052 4434121.182029528
1464 6588 614641.388011974 4434121.605093015
1586 6588 615861.1772922414 4434121.917964307
1708 6588 617081.799864549 4434121.750997837
3050 6588 630501.0075098547 4434121.449434301
488 6710 604881.0078128867 4432901.384086027
854 6710 608541.2096692963 4432901.682589728
976 6710 609761.4247834994 4432902.109517516
1098 6710 610980.7861216351 4432901.205084556
1220 6710 612200.9920053061 4432901.488393986
1342 6710 613420.9119542585 4432901.357512129
1586 6710 615861.7815176958 4432901.216572396
1708 6710 617081.7627959824 4432901.347366514
1342 6832 613421.4949177769 4431681.563329949
1708 6832 617081.08589306 4431681.973168533
2196 6832 621961.5126015395 4431680.973798742
2318 6832 623181.7115322859 4431681.172427306
2440 6832 624401.7669977499 4431681.748973075
2562 6832 625621.0625766321 4431681.3650701605
3538 6832 635381.251991902 4431681.836125645
1586 6954 615861.4357567292 4430461.805962726
1708 6954 617081.0279802413 4430461.92092469
2318 6954 623181.4518341967 4430462.239413672
2440 6954 624401.0743942852 4430461.570487671
2928 6954 629281.7377478663 4430461.86982517
854 7076 608541.8365517285 4429241.688703821
976 7076 609760.4535925257 4429241.186539554
1342 7076 613421.7437323215 4429242.378061715
1464 7076 614641.8246611435 4429242.268326775
854 7198 608541.3622108046 4428021.279582431
1098 7198 610980.8157012131 4428020.598352139
1342 7198 613421.3525220797 4428021.378173409
1464 7198 614641.5592207253 4428021.325949793
1586 7198 615861.5094462478 4428021.322064733
1464 7320 614641.9045885412 4426801.641915929
1586 7320 615861.5609560086 4426801.478232007
1464 7442 614641.2131291336 4425582.076034452
1586 7442 615861.1105858391 4425582.020313324
1708 7442 617081.6668411422 4425580.780181406
3294 7442 632941.8131315083 4425581.789826442
3294 7564 632941.2901901529 4424361.672803404
3660 7564 636601.257353458 4424361.842242203
3294 7686 632941.2756951482 4423141.3358881455
3416 7686 634160.4275426168 4423141.528957437
3172 7808 631721.4037132189 4421921.7059063865
3416 7808 634161.7056874897 4421921.560634837
3538 7808 635381.0169694258 4421921.322180274
3294 7930 632941.4762952027 4420701.4157793
3416 7930 634161.5436803694 4420701.844109313
3538 7930 635381.6060477344 4420701.427270983
3172 8052 631721.0369092657 4419481.975750456
3294 8052 632941.398538542 4419481.860547636
