10248 7320 302461.57142839883 4226821.917873775
10370 7564 303681.97701209533 4224381.790371132
10492 7564 304902.26094814367 4224381.243295648
10126 7808 301241.3131789714 4221941.258624582
10248 7808 302461.8601645511 4221941.6014498845
9516 7930 295141.1821469075 4220720.793086218
10126 7930 301240.8969303559 4220721.240761439
10492 7930 304902.2348491797 4220722.7506542625
10614 7930 306122.09408003674 4220721.688562783
9516 8052 295140.9646667867 4219501.228117085
10492 8052 304901.90473029995 4219502.27869325
10614 8052 306122.76632305415 4219502.472004933
9516 8174 295141.6726638966 4218282.288535198
10004 8174 300021.2502651337 4218282.032340442
10614 8174 306121.888674892 4218282.274714479
9394 8296 293920.67213022115 4217060.697041083
10248 8296 302462.0045309218 4217061.92729494
10736 8296 307341.14724595053 4217060.989368794
9394 8418 293921.47203572496 4215842.034354265
10492 8418 304901.6286236091 4215841.251030761
9150 8540 291480.95466626156 4214622.151264969
9516 8540 295141.6059513536 4214620.77800569
9760 8540 297582.1147976725 4214621.12114579
10858 8540 308561.07042646175 4214620.8752198145
8540 8662 285380.75807895453 4213401.333879016
10858 8662 308562.12065284443 4213401.557456604
8540 8784 285381.2334377179 4212181.140036977
8662 8784 286601.8401756773 4212180.961316637
8906 8784 289042.13916435826 4212181.245247486
9516 8784 295141.6406440948 4212178.886145559
9638 8784 296359.26620862464 4212181.284777698
10492 8784 304901.44790837716 4212181.948338426
10614 8784 306122.5455324786 4212182.518446657
10736 8784 307341.19187402166 4212182.098399337
10858 8784 308560.7975923938 4212181.25068354
8418 8906 284162.0125633529 4210959.87792315
8540 8906 285381.65824542823 4210961.896973701
8906 8906 289040.6363223439 4210960.7437277
9028 8906 290260.97073276725 4210960.59053103
9272 8906 292701.23565323907 4210961.950943434
10370 8906 303681.3150699646 4210961.7503675595
10736 8906 307342.57704286324 4210962.114113332
10980 8906 309780.79344617657 4210961.944417019
9272 9028 292699.11957884417 4209741.4283540975
9394 9028 293921.4453792019 4209742.1379153505
9638 9028 296360.958360044 4209741.434758312
10370 9028 303682.37168378773 4209740.40464697
10614 9028 306120.9792801981 4209741.370497085
10736 9028 307342.48846549087 4209741.9402204
10980 9028 309780.60071953747 4209739.445519291
8540 9150 285382.2278037843 4208522.100444976
9394 9150 293921.11958032043 4208520.772953818
9638 9150 296362.9473037496 4208521.35722854
10614 9150 306121.9933974046 4208521.645184062
10858 9150 308561.52807413146 4208521.34065252
9760 9272 297580.5118973303 4207301.33784858
8418 9394 284161.08046855417 4206080.906660836
8662 9394 286600.73712567554 4206081.915812284
10492 9394 304901.03609014954 4206079.433947057
8418 9516 284160.60813384946 4204861.642402965
10980 9516 309781.25799186097 4204861.189628036
8540 9638 285382.21427326923 4203641.090631919
8662 9638 286601.1591529854 4203642.33414715
7930 9882 279280.0215036271 4201200.006044227
8052 9882 280501.54970062 4201201.7242833255
8418 9882 284160.28336618625 4201201.998320713
7808 10004 278061.1122537753 4199981.732371428
7808 10126 278061.9083697931 4198761.962353436
7930 10126 279281.28366906836 4198761.605145225
8052 10126 280501.90772542846 4198762.4408453675
8418 10248 284162.68829955603 4197542.34419197
7808 10370 278059.0100959386 4196321.839471301
8296 10370 282941.426246148 4196321.787100196
8052 10492 280499.63439004717 4195100.828606919
8296 10492 282940.49486274354 4195101.49529352
8052 10614 280500.7686142848 4193881.2608034853
8174 10614 281719.7803870314 4193880.2789638676
8296 10614 282941.26842444023 4193881.2057624236
8174 10736 281720.87575406145 4192661.174003098
8296 10736 282939.3180531915 4192661.516216186
8540 10736 285382.11277909926 4192662.009882683
7808 10858 278061.8926290927 4191441.944629806
7930 10858 279281.8603651813 4191442.029608545
8296 10858 282939.72748953017 4191440.7929884987
8418 10858 284159.401896488 4191441.2617454994
8052 10980 280501.0953018204 4190221.6670210315
8174 10980 281721.45686896273 4190221.0406345874
8418 10980 284160.39137443335 4190220.7774270345
