2501 4575 650019.3641256851 5108518.888689504
305 2623 606102.764597237 5147557.134122308
3416 1952 668319.2058477704 5160976.676971733
3111 4392 662221.9977911271 5112175.9766593445
2562 5368 651241.9865378272 5092656.688377043
244 4331 604882.6866595325 5113396.066772171
610 3843 612203.8430410076 5123156.96765211
3782 2562 675642.3444092076 5148777.849239363
1830 4331 636603.699981941 5113398.570744008
2135 1708 642703.8542774909 5165855.960612995
4636 1830 692722.357260948 5163416.6742288405
671 1586 613422.8361784135 5168301.8295942005
1891 1708 637824.5619406714 5165855.9359219475
2013 3416 640262.6635713939 5131697.446934609
3294 4758 665881.549786382 5104857.571730025
2074 1708 641483.3185213188 5165856.108962282
3050 1342 661002.8924823939 5173176.759707564
3843 2745 676862.5685966527 5145117.089439106
4026 2135 680523.216054587 5157318.11446623
5124 1220 702482.52382969 5175616.293763706
2684 2867 653683.7672373177 5142676.507528881
3843 3050 676858.8776368254 5139016.937521144
3904 3172 678083.0491089143 5136577.541526377
2928 2989 658561.3250199704 5140236.600611408
3050 3965 661002.0344880628 5120716.215036014
4453 4880 689062.7145993019 5102416.752495997
2318 1281 646363.724380175 5174396.356903044
3111 4697 662221.3117348618 5106080.819121536
3111 5246 662221.6304313177 5095097.827239391
3355 1159 667102.6850917921 5176837.167628523
3599 2501 671982.276283057 5149997.597813743
3294 1708 665880.1323897567 5165856.467766454
3172 4331 663442.3640564338 5113397.0047099525
2013 5429 640262.2636202495 5091438.113896662
3294 1769 665879.9287719931 5164639.815499506
2989 4270 659782.1531535488 5114616.597688383
1647 4697 632942.775903955 5106076.718129394
3538 4453 670759.8895903204 5110959.1495481925
2989 1891 659783.172811796 5162197.1735827
3050 4209 661003.8000183658 5115836.430376834
732 1525 614644.1022534476 5169516.352786623
3111 2928 662223.389387479 5141456.45207761
2928 3233 658560.8239528037 5135359.503959752
4636 1952 692723.1091375945 5160977.66324671
3172 4697 663441.653219444 5106076.225182894
610 1647 612203.183740464 5167076.284229445
5124 1281 702480.8701110723 5174396.693756156
3172 4209 663438.7314990952 5115836.904510629
4697 1830 693938.7463045426 5163417.571706223
2867 1342 657342.743394435 5173176.788425834
3294 1281 665881.3302429288 5174396.929458832
3050 4270 660999.0450042583 5114616.466033291
2928 1342 658563.2499971018 5173176.775846083
5429 854 708583.5646329577 5182936.813780216
3416 3782 668322.2536861828 5124377.3490404
4453 4819 689061.7224029518 5103637.075511708
5002 3416 700042.8462761574 5131695.765677221
3172 1281 663443.9548911804 5174396.113996155
3416 2013 668319.8559560009 5159759.83293828
3111 2623 662222.9580142143 5147556.846830898
3721 4087 674420.1164675421 5118279.880709566
1708 1769 634163.155967472 5164635.982157929
4758 3538 695162.2593322969 5129256.973311373
1647 5002 632942.3452307576 5099977.349776785
3233 4026 664658.5633743402 5119497.126312028
5429 4758 708581.4801529763 5104857.024614814
3477 3721 669544.8032079857 5125595.795582395
3721 2196 674424.5963091814 5156096.526637625
3111 5368 662220.0329848287 5092657.221729136
4270 4819 685401.3295643203 5103636.640063285
4026 1525 680523.3048129515 5169518.766028351
3111 5307 662222.1724351271 5093876.311706059
3538 2867 670763.0997294281 5142677.335155071
2318 3294 646362.456182141 5134136.610872543
4270 3477 685401.7589334018 5130479.042099763
2745 3233 654903.127717488 5135357.708407226
3538 4209 670762.7096851015 5115837.232087662
3111 4087 662218.2170358378 5118276.42514565
3233 4819 664662.2283437671 5103636.4175774185
3538 4880 670763.6704159965 5102417.8382420745
3538 3538 670761.1407614026 5129256.0938021215
3172 4880 663441.4982261764 5102416.943408076
3172 3050 663442.1424042514 5139017.32384554
3294 2074 665883.7235845079 5158537.962746766
2989 4392 659786.9929042418 5112176.273426776
5063 1220 701262.7714009882 5175617.164575955
3233 3965 664662.103028284 5120716.693353165
3782 2989 675644.4330979466 5140235.40265956
4514 2196 690282.6796114701 5156097.266855918
2989 4514 659782.7824079923 5109736.475462668
2989 4636 659782.097115098 5107297.341897842
61 3416 601220.2671642053 5131700.110701002
2501 5307 650022.367156278 5093877.333682878
3904 2501 678081.1710811652 5149996.99819346
4392 244 687842.982748813 5195137.2677975455
3965 5124 679303.0422105049 5097537.14288191
3416 4209 668323.4947940034 5115836.540584926
1708 1708 634164.9130165249 5165859.772134538
1952 1769 639043.6975610013 5164636.98704761
3904 2318 678082.1548554061 5153656.268161751
2013 5124 640262.2619910726 5097537.356341492
5063 1098 701263.4760312585 5178057.543378278
4453 244 689062.3149784443 5195136.802973485
3660 1891 673203.124348969 5162196.898810583
2745 3721 654903.7849460545 5125597.4255002625
3660 3172 673199.0143286352 5136576.826764448
3355 4453 667103.4552544306 5110958.125083359
3721 3050 674421.1692641579 5139019.343639956
1830 1708 636604.0751912207 5165856.266160787
3660 2013 673202.7432081084 5159756.809216704
3294 3904 665879.6687923593 5121936.185588758
2867 4636 657338.8633537417 5107295.833582117
3477 5124 669542.3486974117 5097536.101666951
1647 5063 632942.7717673582 5098757.856155949
1952 1708 639043.5246636763 5165855.787291597
2867 3355 657341.6936829975 5132917.193317254
3965 2257 679301.6017776167 5154877.183163443
3477 4453 669543.3988193942 5110957.547066625
3599 2196 671978.3801460825 5156098.304921519
3416 976 668321.3691152472 5180496.121111782
3965 2440 679302.3402587977 5151217.195621651
3233 1464 664661.8448181745 5170736.534229716
1525 1769 630502.6340336064 5164637.1183867855
2318 1708 646361.915342438 5165858.610349606
5002 3477 700042.1095998609 5130478.042549997
2379 4819 647580.6121141535 5103636.92927928
793 1342 615863.5430183515 5173177.278355612
4026 5124 680522.7048944345 5097536.989064888
3660 4636 673201.7438064027 5107298.238707271
2684 5124 653681.8477725502 5097536.549268889
3477 4270 669543.2307825341 5114616.913356424
3782 2928 675643.4513535851 5141456.585435801
2135 3355 642702.9434824788 5132917.195137079
3294 3660 665883.1902305066 5126817.903967084
2684 1525 653682.6172826753 5169516.066350338
1830 1647 636604.5576137081 5167075.977552138
3599 3477 671979.0713523983 5130478.261144372
3660 2379 673198.8904824292 5152436.128339898
2013 1708 640263.8656026222 5165856.151317642
3721 3233 674421.7116549079 5135357.242556541
3172 4087 663441.943374628 5118275.630125904
5307 549 706142.3095484424 5189037.355364926
3843 2623 676862.4649680823 5147558.170178588
3294 4880 665881.8378536406 5102416.947469737
5063 1342 701262.9428230848 5173177.507136336
305 2562 606104.0072833291 5148775.490917296
5002 5002 700040.3303551371 5099977.351391511
3233 4880 664662.5045624779 5102415.956138704
793 671 615862.1589294324 5186596.822278114
2989 2806 659783.520349462 5143897.491855921
3050 3233 661001.7669779191 5135358.209273265
183 5185 603662.3945317934 5096317.000757836
4148 244 682961.9730185852 5195136.909157537
122 5246 602442.3085181597 5095095.466445806
2623 5063 652460.417809193 5098757.075716861
5307 5124 706141.5496461233 5097535.860772103
3965 183 679298.5888257155 5196357.134359539
2074 5185 641482.529945843 5096315.825518237
2562 5307 651242.1565450603 5093877.6884614155
3660 3538 673198.1761960317 5129257.264638769
4087 1952 681743.4603836165 5160976.375855151
3965 3721 679303.2787378903 5125597.965367576
3172 2989 663443.6207771904 5140236.211523106
3050 2745 661000.9778985626 5145117.698638072
2684 4758 653678.4550699983 5104857.847443042
2989 4331 659781.7325942372 5113398.094000187
4148 2074 682962.5986626005 5158537.221695035
3538 3599 670762.3481611973 5128035.954303266
4514 4880 690279.2244519764 5102415.647090787
3538 610 670763.0007083182 5187817.164970414
2440 1403 648802.0533717667 5171957.477976388
2501 5185 650018.3945870001 5096317.844265795
3965 2684 679300.7774598281 5146336.621271338
3782 2257 675642.9938399082 5154877.28081066
3172 1952 663443.0986237498 5160977.434799096
3538 3050 670761.5782421173 5139017.504564211
2501 4880 650021.8086883273 5102417.440819101
3843 5185 676861.8068263114 5096317.671195578
2928 4514 658561.7679823254 5109738.448464441
3355 5063 667102.0834881725 5098756.47358878
3599 2562 671983.7995237872 5148776.506587785
5063 793 701259.5563408158 5184157.710032834
3050 4331 661001.0892700844 5113398.993068008
2867 3782 657338.1879135502 5124375.8780989
3233 4331 664663.4338980692 5113396.193935287
3233 1769 664659.0713286883 5164637.157876042
2928 1891 658564.3521713639 5162196.544863857
1708 5002 634161.817376091 5099975.513193032
2501 3111 650024.5184579252 5137796.886276324
2928 3172 658561.5816314677 5136580.390771817
5246 793 704921.6156752339 5184157.26142935
3599 3416 671981.7577139102 5131696.572524638
3355 4270 667103.2340514384 5114617.975392677
3477 793 669543.0040377163 5184157.845126365
5185 1098 703701.4245321882 5178056.320260014
1769 4392 635383.6005025044 5112178.281980388
3599 4941 671982.8096370775 5101197.492721416
4392 4819 687843.1121552719 5103636.649580861
4453 5063 689062.5275051421 5098757.674554041
3721 2379 674420.1908989607 5152439.833519103
2806 3172 656123.0937024251 5136576.863765494
2867 3721 657342.4387359229 5125597.425870187
3294 4453 665882.3962754065 5110958.127416837
3050 5307 661002.3141398355 5093877.4383865995
3965 2501 679303.0528625634 5149997.027959163
2867 3599 657341.9613693677 5128037.302302654
3111 1342 662223.5769519954 5173176.303003906
4209 5002 684178.1160313262 5099976.447692913
3660 2745 673201.3500187167 5145116.727237211
3111 1403 662219.3305507258 5171958.066003968
2928 5368 658562.8623182533 5092656.700053848
3599 2867 671982.0844284267 5142677.204194239
5368 488 707363.5911244599 5190256.095670128
2928 3050 658559.3400342506 5139018.578856624
2928 2013 658563.5897521349 5159758.244451629
1952 5002 639043.1382476722 5099976.48932527
3843 2318 676862.2795717104 5153656.268285899
5368 4636 707361.481262667 5107298.304985177
2806 2928 656122.658219695 5141457.309810357
3233 1525 664662.3001163009 5169520.520754447
3111 3965 662221.9311084995 5120716.5502196355
3538 4514 670762.0431123481 5109736.51310539
3233 5124 664661.4618787726 5097538.033287565
3294 1891 665883.1273181086 5162196.494852102
3233 4636 664661.780197379 5107296.412856326
4880 610 697604.4361904789 5187818.709052015
2989 3904 659779.8964390333 5121939.888709849
4087 2257 681738.241571025 5154875.097306966
2989 3294 659780.1865955603 5134139.7809973
2623 1586 652463.6481672006 5168295.473318132
1220 1647 624404.8193919234 5167076.345907043
4819 1464 696382.8678409699 5170735.86684891
3721 3355 674421.7585246076 5132916.295667119
3172 4941 663441.5608644384 5101197.386211717
2562 4514 651239.5900578656 5109741.017529278
5185 671 703700.4166972243 5186598.437512949
3294 4941 665881.1648338097 5101196.282370454
1525 1647 630507.0832399701 5167077.1987962015
244 5185 604883.3741132336 5096317.1853181
3904 2562 678081.8146387527 5148777.08772087
1220 1708 624403.3958029976 5165856.466359838
4697 4819 693942.5262778903 5103636.703512748
3477 3782 669541.3665911305 5124376.704655965
4270 4941 685398.7171093398 5101197.674748154
2806 3111 656121.7799255515 5137797.424469223
244 4880 604882.095019131 5102418.459780486
4636 4819 692718.0984468064 5103635.920616786
4697 4758 693941.29308077 5104857.45770075
2379 1586 647583.9654444183 5168296.231773745
3538 3172 670762.1532650101 5136575.77376196
1037 1769 620742.7070149864 5164639.360220254
3172 4758 663441.4950636686 5104858.40290797
3050 2989 661001.5320066427 5140237.387479126
3843 2379 676862.1336994404 5152436.355330844
2745 3172 654903.2418418124 5136576.9621505495
2806 2806 656122.5635659219 5143897.174838983
3965 2318 679303.2368445524 5153655.950183547
5429 5246 708581.5150651844 5095097.690820234
2501 4697 650022.0301776731 5106077.682572694
3599 5124 671983.9290048683 5097536.935342932
2745 3355 654902.7579012096 5132917.3736586645
3294 1220 665883.5303968434 5175617.374356397
3050 1403 661002.8508365325 5171957.060294691
3599 1952 671983.153060609 5160977.983434286
3904 3416 678083.6756330937 5131696.061350042
3782 3172 675642.7125798425 5136576.725471333
1708 1647 634157.9419066613 5167075.415925227
2196 4941 643921.640726118 5101196.921988602
1342 1708 626843.8992112593 5165857.550353007
2257 1708 645143.0727379599 5165856.005408335
3843 3233 676859.3771120283 5135357.823193998
3538 3660 670760.3844764467 5126816.707753065
2928 3477 658561.6580078303 5130478.011017381
3172 5185 663438.7197309576 5096316.706483675
3355 1037 667103.974476773 5179277.337173525
3782 3294 675641.5799880178 5134137.191887627
1769 4941 635384.0232512972 5101196.460304297
2745 5124 654902.2548271862 5097535.455125849
3233 5185 664658.2171149753 5096316.702155251
3538 2562 670763.8027349843 5148777.471969353
3294 1830 665883.0006942686 5163418.009436494
2623 4819 652463.1767383959 5103636.204397253
3660 3233 673201.4278963639 5135357.331261166
2196 5124 643921.5472157126 5097536.064709378
4270 2379 685402.276186645 5152436.349358672
2318 5063 646362.1398109864 5098758.890283515
5307 732 706142.8383044228 5185377.543035368
915 1464 618302.8566558692 5170736.745005971
2318 5429 646363.3335495628 5091435.806326878
2196 3355 643923.3001556937 5132916.438761784
3111 2989 662221.2945282041 5140236.174041749
3294 5429 665883.0651811643 5091438.270357363
2867 3294 657343.8915345418 5134135.811213184
3965 2379 679298.209874912 5152436.597553592
3050 5246 661002.4655976347 5095097.32505735
2074 1830 641483.6712427553 5163416.65651959
4697 1769 693942.0966245069 5164636.391371535
3660 4026 673203.1046279061 5119497.571457076
3843 2806 676863.0310242119 5143896.916792258
244 2501 604882.2263127319 5149995.522010844
3050 4453 661003.5371684923 5110956.101207561
3355 1952 667100.2694136478 5160977.748595669
2806 2867 656121.7745857785 5142677.586384072
3172 4636 663441.3788914877 5107297.868397484
3599 5185 671980.1792683579 5096320.263225661
3111 4575 662221.2521083961 5108516.213725774
4453 122 689062.0892028959 5197576.995650999
2745 1525 654902.6866092045 5169515.724330028
2867 2623 657342.2695000612 5147557.112078506
3477 4819 669542.7608281152 5103637.646483268
3050 4697 661003.0167077616 5106077.595688612
1525 1708 630502.574140315 5165857.244010768
3294 3843 665879.4736652442 5123159.587427131
3233 4758 664660.1533442693 5104857.411047688
3111 4453 662222.8267049374 5110956.7071803305
3599 3355 671981.3899783075 5132917.207461095
3477 1403 669543.7190927768 5171955.8218407
2684 4697 653682.7762457271 5106075.872164165
4026 2379 680523.4773754522 5152436.723770995
2440 5246 648802.327426404 5095097.505245821
5002 1403 700038.9919363761 5171958.407044969
5185 3355 703703.0195079007 5132917.489519475
3233 4087 664661.617144906 5118277.930901183
2257 1769 645142.7785359409 5164637.08276084
2806 1464 656123.4486485032 5170735.79889512
3538 4758 670762.9502329994 5104856.827115126
4575 2013 691502.0351884445 5159757.346215702
4209 183 684183.0029919514 5196358.579954118
2379 5368 647583.1086548896 5092655.768319237
3355 1830 667098.1462385473 5163417.639451598
5063 1159 701262.9064929977 5176837.580778327
2806 3294 656123.0151195158 5134137.274751508
3599 4148 671982.8600425912 5117056.682675995
3599 4819 671979.5509795872 5103638.6843341645
3294 5246 665882.258314062 5095095.46895611
3355 4941 667101.5192713159 5101196.45433904
2501 4819 650022.6419482064 5103637.789489847
3477 1830 669542.7417087923 5163416.430498727
3355 4575 667103.0574989896 5108517.338830678
1647 1708 632943.2164212924 5165856.820942532
1098 1464 621963.4295920985 5170736.894303309
3843 3904 676862.3969607071 5121937.167564786
1403 1769 628061.2313388254 5164637.263241386
5368 5246 707360.6681621356 5095098.671593582
5368 366 707362.4887065311 5192698.1662158575
244 2623 604882.3579764763 5147557.6068752445
3965 2867 679301.6020645524 5142676.0777225895
3782 3111 675643.826754205 5137795.790675733
1647 1769 632943.2062125235 5164635.993536293
3782 3599 675642.4646485822 5128040.521722738
2989 3355 659779.583727952 5132917.47420505
3782 2196 675643.3906745709 5156098.054698395
3294 5124 665881.61771282 5097536.76016039
2440 5185 648801.297381145 5096317.70474058
3782 3416 675638.3392932073 5131697.0854887245
4331 2379 686622.4126838978 5152436.5846356265
2623 1525 652463.0910808526 5169515.639699162
3660 2928 673201.2593824237 5141456.603380605
1952 1952 639043.0517783075 5160977.529105086
4209 2379 684183.0380387949 5152436.084190769
3721 671 674421.265182193 5186598.424621673
2135 5490 642702.1633474481 5090217.748275683
3294 1464 665881.8154976955 5170737.644037754
3599 2806 671983.0372857202 5143896.720175052
1708 4941 634162.5503260638 5101197.381907491
1098 1769 621961.4978637828 5164638.780050551
3599 4575 671983.092655403 5108517.642001912
2562 5246 651239.328434078 5095100.929898019
183 4880 603662.9023149599 5102416.573550153
1830 4941 636602.7126611414 5101197.466928031
1830 1769 636603.3007454842 5164635.5570926545
4392 2379 687841.2841239658 5152436.717324914
2013 5368 640263.7486915593 5092657.195863114
3599 610 671982.6743899132 5187817.656155515
3233 1647 664662.7173347367 5167076.860257331
3782 4880 675643.0803034438 5102417.200379558
2928 2928 658562.6639586742 5141455.882019238
2562 5185 651241.7771314767 5096320.610057536
3111 3599 662223.2429966945 5128036.288127471
671 3843 613420.0326815689 5123157.381880254
3111 4514 662224.833062281 5109736.613919698
4148 2318 682962.6863628261 5153657.0688587865
1159 1708 623179.5041677463 5165858.864616414
5429 488 708581.9519963642 5190257.778351443
2501 1525 650021.380714425 5169516.187906083
4392 3599 687841.6137761562 5128037.283784424
3721 4880 674421.7646146214 5102418.036747582
2867 4758 657342.1328033176 5104858.255125083
3172 4026 663442.2569744864 5119497.612674896
4270 5002 685402.6824076879 5099977.490135052
4880 1464 697603.5882839365 5170737.060928902
4758 4636 695162.9457008198 5107297.9284295365
1403 1708 628062.8481768989 5165857.7772339685
3111 5185 662223.9322837556 5096317.075006019
3660 3294 673201.6150541033 5134137.269704609
5124 671 702483.5849471989 5186596.322170309
2806 4758 656122.0465949789 5104857.40101866
4575 3538 691499.7429083673 5129257.128829374
5063 915 701262.9798787155 5181716.183581712
3721 2745 674421.8829981843 5145117.381279192
3782 4148 675643.4711259365 5117057.640385547
3294 4087 665881.1113105797 5118276.724862649
3599 3599 671979.2023631617 5128035.521657126
2928 2867 658563.1571250913 5142676.153525294
2257 1647 645143.4196405048 5167076.87781864
2867 4697 657343.902355791 5106077.314867496
5124 1159 702482.2083692993 5176835.855067434
3233 1403 664658.6409052102 5171958.037131566
244 5124 604883.706313033 5097535.67013768
3172 1708 663441.976890917 5165857.497883619
2196 5185 643922.7242910608 5096315.87878398
3294 4331 665882.54948086 5113396.246882627
3599 3111 671982.3447771454 5137796.316371526
2562 1525 651242.255370691 5169516.179776985
3477 3416 669542.8051008435 5131697.672037347
4636 2318 692722.8233654025 5153656.9855857305
2989 1342 659782.5002209519 5173176.167799319
3721 2989 674422.1703842902 5140236.317495542
4636 1891 692722.2054256394 5162197.111062128
4758 610 695161.9400460775 5187816.764939954
3721 2928 674423.2359205578 5141456.791092733
1769 5002 635380.8622246298 5099978.281037343
4026 5307 680522.6062981476 5093876.520738288
3233 2684 664663.868318467 5146337.423719392
5246 5063 704922.7218858261 5098759.03247513
3660 3416 673200.5784102371 5131696.65187193
4026 2623 680523.0286837213 5147555.915702891
3477 3538 669543.2088198431 5129257.772952983
1769 1647 635383.5998334034 5167076.993576229
4026 2196 680521.6727831507 5156097.181405675
976 1647 619523.8708521638 5167077.61740703
1952 2928 639043.2357800835 5141457.438075693
