2867 61 757302.5180091312 4898796.561399187
2928 61 758522.3368940799 4898797.171628551
2928 122 758521.6174911871 4897576.129610756
3050 122 760959.0188468558 4897577.46774424
2928 183 758521.9827757481 4896357.337097829
2989 305 759742.3875475562 4893917.552673456
3294 305 765840.4301903821 4893916.99506484
3050 366 760958.8686555269 4892696.238933436
2928 427 758521.1146609642 4891477.37167335
3294 427 765841.8478553852 4891476.698982741
3355 427 767060.910545447 4891475.173656508
3050 488 760959.0693152653 4890257.090059114
3172 488 763398.4383966405 4890256.486728343
3355 488 767063.1703638103 4890258.136297526
3904 488 778037.5548752958 4890255.547187953
2989 549 759741.4739514559 4889037.42316256
3111 549 762177.3493466161 4889036.784415951
3172 549 763398.3671486388 4889036.878228054
3477 549 769502.2629972802 4889038.636989941
3538 549 770720.1115262995 4889039.722643518
2989 610 759740.0379746454 4887815.059701041
3050 610 760961.0522563572 4887815.52288615
3111 610 762181.0681309412 4887817.118102876
3294 610 765837.8596348865 4887816.879974694
3477 610 769501.4938490872 4887817.1913916
4087 610 781696.7144059949 4887817.424131306
2989 671 759742.3965959423 4886596.276144592
3111 671 762181.594909498 4886597.226276225
3294 671 765840.5911031818 4886596.566562128
4148 671 782917.512194464 4886595.291944391
4209 671 784140.3225943792 4886595.556341641
3111 732 762180.9742145332 4885375.684419582
3172 732 763401.9909605122 4885377.0245848885
3233 732 764621.8208053698 4885376.539516053
3538 732 770719.2987057759 4885377.247621214
4026 732 780478.495978925 4885377.871125326
4209 732 784142.3801081404 4885378.0835330235
4331 732 786582.2690945945 4885378.110270969
3111 793 762181.7802465456 4884157.035264068
3172 793 763398.4375816936 4884155.706191906
3294 793 765841.3302141954 4884155.934213673
3355 793 767060.77130968 4884156.529450704
3477 793 769498.3806518657 4884156.526491666
3538 793 770721.1785229967 4884157.023986878
3782 793 775601.2092119328 4884158.298275536
3904 793 778037.8845672692 4884156.767755524
3965 793 779256.8502664546 4884156.860666586
4148 793 782917.8466576195 4884155.85631347
4331 793 786577.6138353259 4884156.684587967
3172 854 763401.2592999677 4882935.948360162
3233 854 764621.5049423267 4882935.889051287
3294 854 765841.9095748988 4882936.613805239
3477 854 769501.348642849 4882936.706051481
3782 854 775602.4925164238 4882937.877439765
4026 854 780481.4561323542 4882937.749101414
4392 854 787802.8044249922 4882937.294206743
3172 915 763398.6048235486 4881715.878250296
3355 915 767062.228349073 4881717.021003137
3416 915 768279.5951101814 4881716.09157465
3477 915 769502.2290393651 4881716.688756021
4148 915 782922.0514105237 4881715.214782824
4453 915 789019.2873283107 4881718.96440658
3233 976 764621.9862821975 4880496.142456989
3294 976 765841.89077936 4880495.612322687
3416 976 768282.5149249344 4880497.0168378
3599 976 771940.2387980446 4880500.146912228
3660 976 773161.4634682311 4880497.091986439
3782 976 775599.3485094589 4880497.3333145855
3843 976 776823.5700247367 4880496.327874567
3965 976 779258.7677379556 4880496.545405626
4026 976 780481.9706666598 4880495.891067028
4087 976 781699.1474756647 4880496.486827606
4209 976 784141.2363179276 4880497.609591918
4270 976 785358.7190015477 4880497.206080507
4331 976 786581.636176852 4880496.656748137
3355 1037 767061.4581556856 4879276.5843088245
3599 1037 771941.4632651801 4879276.032104272
3721 1037 774381.4110646336 4879276.182961031
3782 1037 775601.4272987501 4879277.506762245
3843 1037 776821.4473495453 4879277.497032579
3904 1037 778040.1686927027 4879276.8781274
4026 1037 780478.4828228907 4879276.740396619
4087 1037 781701.7892147007 4879277.243909798
4148 1037 782922.2598518307 4879277.4630879685
4270 1037 785359.1891808006 4879277.293885178
4514 1037 790243.3356833631 4879276.242420997
3355 1098 767059.1026708835 4878056.357902812
3416 1098 768282.0166809594 4878056.369594191
3477 1098 769503.387952814 4878057.2303694775
3599 1098 771941.8567322502 4878056.847016293
4148 1098 782921.3808161721 4878057.83347946
4209 1098 784141.153687099 4878055.352545689
3599 1159 771940.7212710164 4876837.389456882
3782 1159 775598.3657207642 4876835.630671293
3904 1159 778040.4328689962 4876836.058790473
3965 1159 779258.2818267155 4876836.522261556
4270 1159 785361.9658286548 4876837.298826486
4575 1159 791463.5151376053 4876835.922829023
3416 1220 768281.4203447263 4875617.292131364
3477 1220 769497.0478887046 4875616.833285309
3782 1220 775601.1316588662 4875616.62868745
3904 1220 778043.0597487382 4875616.415492022
3965 1220 779257.8442627534 4875617.7326418
4148 1220 782921.4520334044 4875616.350530621
4209 1220 784141.1289508565 4875616.435084831
3721 1281 774381.8034328857 4874396.441068518
3782 1281 775598.3277947935 4874395.347982803
3904 1281 778039.2893231151 4874396.09350682
4270 1281 785363.1736104394 4874396.546532902
4331 1281 786577.8159701237 4874397.368250385
4392 1281 787801.9372045578 4874397.484612156
4453 1281 789021.0121912616 4874397.743429752
3233 1342 764617.6262071332 4873175.253386232
3599 1342 771942.9016569135 4873177.326646471
3721 1342 774377.8804451199 4873177.082675019
3965 1342 779258.6734097492 4873177.364419317
4148 1342 782921.9235931672 4873176.8428066885
4209 1342 784139.1562308805 4873175.898099471
4270 1342 785361.1405450098 4873176.163546216
4331 1342 786580.969739399 4873177.894573958
4453 1342 789020.1045630554 4873179.833085694
4514 1342 790240.6079571457 4873176.252326475
4697 1342 793900.3589829684 4873176.802395703
4819 1342 796339.1252193584 4873178.994740615
3294 1403 765839.1444872891 4871957.068789801
3660 1403 773161.4604592503 4871958.215275507
3721 1403 774381.3004712523 4871957.382761582
3965 1403 779262.1200604513 4871956.676730057
4026 1403 780482.7090602029 4871957.32696856
4148 1403 782921.8595573357 4871956.146889055
4209 1403 784141.1257510388 4871956.322425356
4270 1403 785362.199463213 4871955.315539837
4331 1403 786578.1116635659 4871956.1713161385
4392 1403 787800.7089778625 4871958.273001412
4453 1403 789021.6823544324 4871956.741624327
4575 1403 791461.1750918947 4871957.305989852
3660 1464 773162.7479343733 4870737.305940646
4148 1464 782921.7681831958 4870738.117169162
4209 1464 784141.5681331243 4870737.089241563
4270 1464 785360.6689878032 4870735.686248195
4331 1464 786583.0203995932 4870736.285120032
4453 1464 789022.0214623249 4870737.339319855
4514 1464 790240.8842050368 4870736.557644877
4636 1464 792678.3722872129 4870737.536059771
4819 1464 796341.0910087294 4870737.590579674
4880 1464 797560.7217502863 4870736.841518331
3294 1525 765838.3654242648 4869516.571552127
3782 1525 775601.9476435129 4869515.74773705
4209 1525 784141.7236631333 4869516.330510906
4453 1525 789021.4133968874 4869516.366575292
4514 1525 790242.0843311066 4869517.560656897
4575 1525 791459.5057814 4869516.723113956
4636 1525 792678.8558557923 4869515.245691137
4819 1525 796341.5411877478 4869516.41805862
3355 1586 767061.2789446332 4868297.273149438
3416 1586 768281.7782216171 4868295.928183807
3477 1586 769500.689745745 4868296.096885816
3660 1586 773158.6128502217 4868297.954067804
3721 1586 774381.0091526839 4868295.689156985
3782 1586 775598.1908867657 4868296.752013942
4026 1586 780482.0874472476 4868296.936730423
4209 1586 784141.9681135829 4868296.93924815
4270 1586 785358.9413337108 4868296.976301466
4392 1586 787801.5807393685 4868295.456660412
4514 1586 790238.4014850641 4868296.2837674925
4575 1586 791462.2645366662 4868296.757265365
4636 1586 792681.2649373043 4868297.70895468
4697 1586 793902.6894055711 4868296.5356412325
4880 1586 797558.4065556539 4868296.906684145
4941 1586 798777.9697715727 4868296.654657544
3416 1647 768278.4795961938 4867075.610797218
3477 1647 769497.9596004967 4867075.772191954
3538 1647 770721.7800653052 4867075.688465776
3599 1647 771938.1912341978 4867077.256877925
3660 1647 773161.1496266866 4867077.543473988
3843 1647 776818.9692337152 4867075.728617194
3965 1647 779259.7367006602 4867075.5720297815
4087 1647 781702.3285115523 4867076.857574304
4148 1647 782922.3539485066 4867076.033981433
4270 1647 785358.6701177291 4867076.925959488
4331 1647 786578.6469879344 4867076.221136106
4514 1647 790241.9582105827 4867075.636787612
4575 1647 791464.3913199335 4867078.981926581
4636 1647 792678.3046642543 4867076.495854826
4819 1647 796339.0358150597 4867077.57486407
4880 1647 797560.2995308352 4867080.343308284
3477 1708 769503.5021555611 4865857.767719859
3660 1708 773157.7889895273 4865855.385470031
3721 1708 774381.1995977252 4865855.997284568
3782 1708 775601.9779999703 4865855.275277006
3843 1708 776817.5167126672 4865855.689552566
3965 1708 779261.5571724429 4865856.015321783
4026 1708 780481.6095872982 4865855.519914815
4148 1708 782918.907669974 4865857.498460004
4209 1708 784141.5839043227 4865856.101443293
4270 1708 785361.1328953565 4865855.677397566
4331 1708 786581.314704157 4865856.808008354
4392 1708 787800.8453473224 4865857.078390969
4514 1708 790241.4004658491 4865855.868063684
4575 1708 791462.1237799213 4865855.459699622
4697 1708 793900.9178631171 4865857.062395825
4758 1708 795118.8319401443 4865856.776884681
4819 1708 796337.8578225257 4865856.9044294655
4880 1708 797558.136401829 4865856.933213559
3477 1769 769500.8189283503 4864635.975223071
3599 1769 771942.0686222257 4864637.248113458
3660 1769 773158.9291582986 4864637.022596538
4148 1769 782922.5551152219 4864636.214714635
4270 1769 785362.009406491 4864635.522315361
4331 1769 786581.979663813 4864635.112552512
4392 1769 787798.789763191 4864635.489358068
4514 1769 790239.3457816961 4864636.047169762
4575 1769 791461.6846253143 4864637.157378201
4697 1769 793901.643148223 4864637.007808359
4819 1769 796343.4448825762 4864635.877423414
5063 1769 801221.7815374673 4864641.001972382
3416 1830 768281.7800821097 4863415.809124316
3477 1830 769498.4482667717 4863416.756911096
3538 1830 770722.1079806867 4863417.370671762
3782 1830 775598.5507294703 4863415.722582265
3843 1830 776819.5447357182 4863415.948921093
3904 1830 778041.508976241 4863416.094995422
3965 1830 779261.201311121 4863416.120714997
4087 1830 781698.7659082821 4863416.525323614
4148 1830 782921.6028432694 4863415.891918685
4392 1830 787801.8087617955 4863416.843139327
4453 1830 789021.5856911954 4863415.0373691935
4514 1830 790240.4744056964 4863416.586526708
4575 1830 791457.9967380008 4863416.242232613
4636 1830 792682.0597753588 4863415.356110644
4758 1830 795122.1065096768 4863415.932184425
4819 1830 796339.2489470799 4863416.547302868
4880 1830 797563.728873216 4863417.448522906
5002 1830 800002.1818452007 4863416.712318587
5063 1830 801217.9596344555 4863417.758112791
5124 1830 802442.8333035841 4863417.418862895
3477 1891 769500.7212167442 4862197.298018697
3538 1891 770720.6214404836 4862195.719535652
3599 1891 771941.673897353 4862196.428713609
3782 1891 775601.3835309182 4862197.188554198
3904 1891 778041.433166234 4862195.616700776
4087 1891 781701.2365127392 4862195.631728215
4209 1891 784138.7650928295 4862197.343134214
4270 1891 785361.9985691397 4862196.528750353
4331 1891 786579.1029851763 4862196.785597154
4392 1891 787802.2281585913 4862195.399931923
4514 1891 790242.4758266321 4862195.905613649
4575 1891 791461.5091069809 4862195.771508384
4636 1891 792681.8598613819 4862196.106638421
4697 1891 793899.9677863072 4862195.949741056
4819 1891 796341.1937262339 4862196.803151135
4880 1891 797558.3699511976 4862195.785636655
5002 1891 799997.9482561656 4862197.496958903
5063 1891 801216.4882784599 4862196.484007519
5124 1891 802439.4312087225 4862196.926532407
5185 1891 803663.8661728154 4862196.425512126
3538 1952 770721.7217786614 4860975.279195588
3599 1952 771940.8486176638 4860976.493438152
3660 1952 773159.0961604315 4860975.255671108
3721 1952 774380.9670632968 4860976.5077289585
3843 1952 776818.8908215176 4860976.24345482
3904 1952 778039.3572725226 4860975.877778762
3965 1952 779258.895133566 4860975.158637738
4026 1952 780478.8206272717 4860976.535571906
4209 1952 784142.2754320379 4860975.243590493
4270 1952 785361.6530724393 4860975.339360559
4331 1952 786578.3520697064 4860976.056531192
4392 1952 787801.2490357127 4860976.254621077
4453 1952 789021.9666165587 4860976.632218585
4575 1952 791460.7559856185 4860975.945581927
4636 1952 792680.6504013244 4860976.894131583
4697 1952 793902.4928671891 4860976.294344769
4758 1952 795121.0304219346 4860976.412654065
4819 1952 796341.7466600274 4860976.726193455
4880 1952 797561.2637354034 4860977.196626035
5124 1952 802441.8878528347 4860976.831198931
5246 1952 804882.1838890075 4860976.375392175
5307 1952 806101.818283495 4860975.082094187
3660 2013 773159.5757921387 4859755.811536084
3904 2013 778041.3599824654 4859756.381954985
4026 2013 780478.2369087279 4859755.649750479
4087 2013 781701.1812061026 4859756.823767768
4148 2013 782920.4108174958 4859756.278079097
4209 2013 784138.461411964 4859757.31152792
4331 2013 786579.2614719457 4859756.03984226
4392 2013 787798.9732785572 4859756.651874751
4453 2013 789022.02148248 4859755.72705577
4697 2013 793897.5932915664 4859756.32933919
5063 2013 801218.3177603127 4859756.7613714095
5124 2013 802439.3813698723 4859755.834513151
5185 2013 803658.568405282 4859756.941576479
5246 2013 804880.7754699526 4859756.886520022
5368 2013 807321.7284712102 4859755.727550893
3599 2074 771937.9694272294 4858538.091746207
3660 2074 773161.1693852966 4858535.442000387
3782 2074 775598.7760709866 4858536.587641615
3843 2074 776818.5948780241 4858535.228548855
3904 2074 778042.113635341 4858535.7254183125
3965 2074 779261.9423921782 4858535.979738311
4026 2074 780481.5942823634 4858537.049421637
4087 2074 781698.3982049469 4858535.21103184
4148 2074 782922.1796078839 4858536.176942296
4209 2074 784142.223810612 4858536.159281026
4331 2074 786582.001633382 4858536.251971783
4453 2074 789018.8113792959 4858537.01854398
4514 2074 790241.512250212 4858536.464976861
4575 2074 791458.0926150387 4858537.246703634
4636 2074 792678.5458735037 4858536.979989215
4697 2074 793897.0376821916 4858536.380970218
4880 2074 797558.2348186126 4858536.64193522
4941 2074 798781.2610655538 4858536.795455317
5063 2074 801218.3896634164 4858535.977336122
5124 2074 802438.6003349809 4858536.667420361
5185 2074 803661.3868595721 4858535.352159093
5246 2074 804882.0574556907 4858539.766098837
5307 2074 806101.8100442518 4858537.061032948
5368 2074 807321.9155212586 4858535.13220367
5429 2074 808541.744163476 4858535.906431233
3721 2135 774378.3648665086 4857316.794754092
3782 2135 775597.8966640916 4857318.366864825
3843 2135 776819.1993575615 4857316.81551649
3904 2135 778041.9572232856 4857315.70050785
3965 2135 779261.6509064606 4857316.286304462
4026 2135 780477.7312320933 4857316.195339026
4087 2135 781699.2346791894 4857317.011617977
4148 2135 782921.7134206408 4857317.322853086
4331 2135 786578.3210788515 4857315.648913929
4636 2135 792678.4404308867 4857318.213683219
4697 2135 793898.2797497857 4857318.343746977
4758 2135 795118.3064472479 4857316.081026553
4880 2135 797561.2721433485 4857316.45120224
4941 2135 798778.5130230065 4857316.329807189
5124 2135 802440.7036097121 4857317.483963679
5185 2135 803661.2764080326 4857315.488954637
5307 2135 806101.6430313152 4857316.582164146
5368 2135 807321.9141693767 4857315.402707087
5429 2135 808541.7974975765 4857315.739707497
3904 2196 778041.6191607966 4856095.962323975
3965 2196 779260.9009757516 4856095.072523826
4087 2196 781700.8948406823 4856097.048484748
4148 2196 782917.0332313073 4856096.037365351
4209 2196 784142.4177795905 4856096.029948483
4270 2196 785358.6361725127 4856097.074492266
4331 2196 786578.8327324919 4856098.045629528
4453 2196 789019.0049199976 4856097.305425837
4514 2196 790238.9641607208 4856097.5195731735
4636 2196 792681.0270637997 4856096.371988442
4697 2196 793898.2213470277 4856096.292295514
4758 2196 795117.9501298389 4856096.109801637
4819 2196 796338.8465377785 4856096.577748855
4880 2196 797561.338670336 4856095.2841949025
4941 2196 798780.6111584146 4856095.153948888
5002 2196 799997.8205681614 4856095.889200606
5063 2196 801218.0238076078 4856095.519778219
5124 2196 802441.3640477558 4856096.30942758
5185 2196 803661.042284521 4856098.130748966
5246 2196 804878.8814920831 4856096.044072371
5307 2196 806098.0073189486 4856092.910764939
5368 2196 807320.6525556538 4856096.231641452
5429 2196 808541.471443313 4856096.602831707
3843 2257 776821.3396379851 4854875.808783348
3904 2257 778041.2622918955 4854875.343878805
3965 2257 779261.4325880038 4854875.654361241
4026 2257 780478.3096997463 4854877.244975231
4087 2257 781702.251549124 4854875.736829937
4148 2257 782921.4068117917 4854877.37137329
4209 2257 784141.0962145715 4854876.554747094
4331 2257 786581.1558446585 4854875.800769814
4514 2257 790238.6102338332 4854876.891593031
4575 2257 791462.3872069978 4854876.573910428
4636 2257 792680.1840621711 4854875.064611986
4697 2257 793898.0646761197 4854875.235470101
4758 2257 795117.3009818553 4854877.65212508
5063 2257 801218.7513304545 4854876.245149977
5124 2257 802440.8069984079 4854877.679128115
5185 2257 803662.0126876325 4854876.658591807
5246 2257 804877.7554715943 4854875.612340502
5307 2257 806101.7739697506 4854875.117376373
5368 2257 807321.6343455665 4854876.020517398
5429 2257 808538.4294130711 4854876.260670048
4026 2318 780478.4097335764 4853657.852184885
4148 2318 782918.9815512426 4853656.163946076
4209 2318 784141.169492928 4853656.685273967
4331 2318 786582.941970956 4853656.08003136
4392 2318 787801.6101137986 4853656.854813424
4453 2318 789019.2827200564 4853657.270430286
4575 2318 791457.8913765003 4853656.123570714
4636 2318 792677.5476696935 4853656.528015658
4697 2318 793898.832265172 4853657.1961270375
4758 2318 795118.2328572938 4853657.974213145
4819 2318 796337.748161912 4853656.341618248
4941 2318 798778.204833097 4853656.336960428
5063 2318 801218.4416178591 4853656.086052097
5124 2318 802442.4999235778 4853655.874191959
5185 2318 803658.3405293715 4853656.074020442
5246 2318 804882.1974822972 4853656.707327509
5307 2318 806098.9262385333 4853652.867646107
5429 2318 808541.7651777654 4853657.266922727
3843 2379 776822.5252841288 4852435.495559435
3904 2379 778041.2171293128 4852435.154564635
4026 2379 780478.4480747645 4852437.451000037
4087 2379 781701.9497233131 4852435.511179139
4148 2379 782922.2176148089 4852436.046521863
4209 2379 784139.0804997989 4852435.603958688
4270 2379 785358.8152411457 4852436.444528795
4331 2379 786581.2032296819 4852436.973729596
4392 2379 787801.1476926267 4852436.958495916
4453 2379 789018.5355483338 4852438.568512251
4514 2379 790241.765939313 4852436.545377819
4575 2379 791461.9112064603 4852435.912668215
4697 2379 793897.9651235588 4852436.947660841
5063 2379 801219.5679723349 4852436.634059721
5124 2379 802441.9231355095 4852436.110350825
5185 2379 803659.2328039317 4852436.700158887
5246 2379 804878.4256245776 4852436.227423526
5307 2379 806100.9556716086 4852435.966170445
5368 2379 807321.5500649649 4852435.564307987
5429 2379 808541.8341266535 4852435.42241617
3965 2440 779261.7052390121 4851216.76785883
4026 2440 780483.397013009 4851216.248866112
4087 2440 781701.1969945696 4851216.859655256
4148 2440 782921.6888765509 4851217.712323896
4209 2440 784141.3173174559 4851217.147235652
4270 2440 785358.1679364821 4851216.211987599
4331 2440 786581.681690702 4851216.906608809
4392 2440 787801.1604100744 4851216.369858311
4453 2440 789019.4739186987 4851215.840747728
4575 2440 791458.2817433289 4851215.320715382
4636 2440 792681.7400167102 4851216.478021594
4819 2440 796341.27577798 4851216.851091776
4880 2440 797558.9763082601 4851216.424102128
4941 2440 798782.3439486824 4851213.122979257
5063 2440 801222.0452998175 4851216.957170587
5124 2440 802438.1689946529 4851216.739067174
5185 2440 803659.0388661806 4851216.206011715
5246 2440 804878.589772192 4851216.107887563
5307 2440 806102.595878766 4851216.6183412755
5368 2440 807321.5195422793 4851215.722972089
5429 2440 808542.516908342 4851216.112420033
3843 2501 776822.003317413 4849997.526910307
3965 2501 779261.7825810097 4849996.423919397
4026 2501 780478.4967675562 4849997.08579139
4087 2501 781697.7605936768 4849996.611887266
4209 2501 784139.1359045893 4849996.149453672
4270 2501 785362.4501759089 4849996.473398137
4331 2501 786577.9260768389 4849997.618437053
4453 2501 789018.5727712009 4849996.0390144335
4514 2501 790241.0054494113 4849997.052844389
4636 2501 792681.7775711692 4849996.606648587
4758 2501 795121.6549403984 4849995.25236703
4819 2501 796341.2497305684 4849995.68594461
4880 2501 797560.640136783 4849996.9724627705
4941 2501 798781.4875515422 4849996.884627264
5002 2501 800003.0461659273 4849996.290659169
5063 2501 801221.3380640651 4849996.690687033
5124 2501 802438.0356981631 4849996.978615197
5185 2501 803657.9453213377 4849995.506637174
5307 2501 806102.059701426 4849995.875038895
5368 2501 807320.8587214822 4849996.248906086
5429 2501 808541.452356375 4849996.263170123
3660 2562 773161.0174949009 4848775.307256999
4026 2562 780478.1022063846 4848776.805824985
4087 2562 781697.780261281 4848777.084964637
4331 2562 786582.3543911601 4848776.142260175
4392 2562 787801.9171299412 4848777.066968755
4453 2562 789022.0259038381 4848776.730295344
4514 2562 790241.7143006448 4848776.815695821
4575 2562 791460.9741959987 4848777.56247394
4758 2562 795118.5135901523 4848776.299090495
4819 2562 796342.3446403361 4848775.948515934
4880 2562 797558.1187687616 4848776.926778438
4941 2562 798781.173505597 4848776.187157717
5002 2562 800000.0886505815 4848777.730707881
5063 2562 801218.8228506686 4848776.051140037
5124 2562 802441.5323797992 4848776.090823308
5246 2562 804878.1544516559 4848775.910734549
5307 2562 806098.4807841872 4848776.364424485
5429 2562 808541.787244528 4848776.804569987
5490 2562 809762.7242434189 4848777.267833447
3721 2623 774378.64705466 4847556.7943316065
4026 2623 780478.9622299521 4847558.139282696
4087 2623 781701.6749724691 4847555.279537546
4270 2623 785357.0636093043 4847555.022563191
4392 2623 787798.2125197273 4847555.627377977
4514 2623 790242.1134517998 4847556.389889632
4575 2623 791462.3147214954 4847556.302252518
4636 2623 792681.3967839355 4847557.057706295
4697 2623 793898.5901029613 4847553.949121602
4758 2623 795118.3641641752 4847556.844984811
4819 2623 796338.6872964456 4847556.7614653455
4941 2623 798780.7432917244 4847556.329567606
5002 2623 800002.4299043093 4847555.708047882
5063 2623 801218.3466675149 4847556.670074282
5124 2623 802441.0158389336 4847557.489701656
5246 2623 804880.7260007741 4847557.394006359
5307 2623 806102.5319616703 4847555.70571134
5368 2623 807320.9384037148 4847556.9621774545
4331 2684 786581.8499082073 4846336.918523967
4392 2684 787798.3300870727 4846337.168384962
4453 2684 789021.623233485 4846337.3788934555
4514 2684 790240.3513973261 4846335.86849569
4575 2684 791462.6049465415 4846337.604521825
4636 2684 792678.669205209 4846336.717701153
4697 2684 793898.6222529652 4846336.160760964
4758 2684 795121.3009838299 4846336.783845819
4941 2684 798778.031912868 4846337.157792365
5002 2684 799997.4782584934 4846337.058163404
5063 2684 801217.2814055311 4846336.7877668375
5246 2684 804881.9499429254 4846335.780858465
5307 2684 806098.2906762006 4846336.179312393
5368 2684 807321.2183657893 4846336.618249716
3660 2745 773161.5427765212 4845117.020774079
3721 2745 774381.0997132928 4845116.475705542
3782 2745 775598.2918605533 4845116.601456448
4209 2745 784143.0109151781 4845116.367656358
4270 2745 785357.9649637379 4845117.637360193
4575 2745 791460.8369680725 4845116.724484114
4697 2745 793901.1204734822 4845115.270294617
4819 2745 796338.4459927749 4845116.11028003
4880 2745 797556.5838351806 4845116.252125152
4941 2745 798778.5389187741 4845116.502013016
5063 2745 801221.9193150246 4845116.601432094
5246 2745 804883.3500671375 4845113.8763726065
5307 2745 806101.1062503719 4845116.911271124
5368 2745 807321.7186813991 4845116.537744169
5429 2745 808540.8333741747 4845119.206372247
3721 2806 774378.928757122 4843896.574874752
3782 2806 775602.324342383 4843896.536412572
4270 2806 785358.8201839566 4843896.216555347
4331 2806 786577.4642312138 4843897.1999955345
4392 2806 787801.126760712 4843897.380770242
4453 2806 789019.7830719837 4843896.950608526
4575 2806 791457.7396356281 4843896.370633539
4697 2806 793901.035348158 4843896.35301691
4758 2806 795121.665949617 4843895.76377277
4880 2806 797564.8088853587 4843897.879582265
4941 2806 798778.1537678075 4843896.56082521
5002 2806 799997.9931938385 4843896.1357384315
5063 2806 801220.6430386741 4843895.55549705
5124 2806 802438.7362317786 4843896.661040041
5185 2806 803657.7871195449 4843897.682918255
4270 2867 785361.215357488 4842677.386561597
4331 2867 786578.5342541069 4842676.2488661865
4392 2867 787800.8069755894 4842677.798551647
4453 2867 789018.643257981 4842676.487690127
4514 2867 790237.7454276298 4842676.50414036
4575 2867 791457.043545031 4842675.180600845
5002 2867 800000.9992394709 4842675.7769422345
5063 2867 801222.1817621313 4842675.603623417
5124 2867 802442.2889600962 4842677.120042842
5185 2867 803661.6379347041 4842677.034184876
5246 2867 804878.6152252193 4842676.334548199
4331 2928 786578.6742992572 4841456.421381925
4453 2928 789021.769210121 4841456.937013215
4575 2928 791458.9319886888 4841456.690967254
4758 2928 795118.3957484587 4841456.178481292
4819 2928 796338.9238039809 4841457.211469899
4880 2928 797561.2523005097 4841456.732442494
5063 2928 801218.3639990313 4841456.394722072
5307 2928 806102.9779363234 4841456.286072127
5429 2928 808541.8348710062 4841456.706126515
4026 2989 780481.0181948423 4840236.776325221
4392 2989 787798.5424289253 4840236.275647627
4453 2989 789021.6755646484 4840237.418172859
4575 2989 791459.3496199211 4840238.056165493
4636 2989 792681.9910007932 4840235.398476907
4758 2989 795117.851456523 4840236.930052285
4819 2989 796338.4307471252 4840237.131698212
5002 2989 799997.9867120764 4840236.487674783
5185 2989 803657.2814626778 4840236.192413438
5307 2989 806097.7621445726 4840235.271406388
5368 2989 807318.985481834 4840236.9158806205
5429 2989 808541.5094792409 4840236.814958536
4087 3050 781701.0548378815 4839016.169142384
4392 3050 787802.5899863942 4839018.144345034
4453 3050 789020.8657861818 4839016.57042638
4575 3050 791461.556624254 4839015.250825684
4636 3050 792686.108195023 4839013.237589964
4697 3050 793899.0779933145 4839016.1394219315
4758 3050 795118.9131831891 4839016.768276233
4880 3050 797558.6012561972 4839015.997228466
5246 3050 804878.941327378 4839016.82958643
5307 3050 806096.0575404355 4839016.460785905
5368 3050 807321.2223124058 4839016.134476297
5429 3050 808538.4026553452 4839016.462177167
4087 3111 781701.0559932116 4837798.232201474
4331 3111 786581.2852927354 4837795.975508128
4392 3111 787798.976990329 4837796.489628536
4453 3111 789022.3320541278 4837795.227923314
4514 3111 790237.8112147049 4837796.7939263275
4575 3111 791460.4433130085 4837796.770029598
4636 3111 792681.6805769819 4837796.153060201
4697 3111 793898.6807851406 4837795.121760673
4819 3111 796337.683322415 4837795.7176158475
5368 3111 807319.0841904249 4837796.922756893
5429 3111 808542.4005516226 4837795.732139608
5490 3111 809761.9037395117 4837797.803841662
4331 3172 786578.1623020434 4836576.799715625
4392 3172 787802.7362290439 4836575.9376999745
4453 3172 789019.1444932518 4836576.346488298
4514 3172 790238.6035428436 4836576.084051605
4575 3172 791460.9327010523 4836575.747369274
4636 3172 792680.1065471905 4836576.154799406
4758 3172 795118.9115288882 4836577.133630163
4880 3172 797558.7747609684 4836576.948519787
4941 3172 798779.1613147389 4836576.726523525
5063 3172 801218.8552295876 4836575.88476546
5124 3172 802437.7416634257 4836576.015142414
5185 3172 803661.1871698868 4836577.182628116
5307 3172 806101.4887899499 4836576.413014117
5368 3172 807321.5421987515 4836575.877647395
5429 3172 808538.1207938064 4836577.392672068
4392 3233 787797.963325142 4835357.069126834
4453 3233 789021.2173151267 4835356.945382869
4514 3233 790240.8832901445 4835355.322103173
4636 3233 792681.3654902849 4835356.244285475
4697 3233 793897.7389218386 4835356.796857703
4880 3233 797558.1754325229 4835355.889081199
4941 3233 798778.6403969636 4835356.841772815
5002 3233 799998.819620263 4835356.102786411
5063 3233 801219.2367855514 4835355.425303656
5185 3233 803658.5839869865 4835356.392496411
5246 3233 804878.800246318 4835357.119270203
5307 3233 806098.775937496 4835356.272072971
5429 3233 808542.1038161422 4835355.378935068
5490 3233 809759.1637453899 4835358.572220002
4209 3294 784138.8232982593 4834137.777683511
4575 3294 791461.6092439737 4834136.331928716
4819 3294 796337.816821931 4834135.389075539
4880 3294 797557.9533910763 4834137.147627321
5002 3294 800001.071215113 4834135.884253423
5063 3294 801218.8446703724 4834136.380796486
5124 3294 802437.3466396346 4834136.489957201
5185 3294 803658.331868112 4834135.8175601605
5429 3294 808542.1677734336 4834135.844327495
4453 3355 789018.6323129353 4832916.112324001
4575 3355 791457.538685226 4832916.84952327
4636 3355 792681.6127677957 4832915.327981839
4697 3355 793901.2415279612 4832915.82470697
4758 3355 795118.4953058697 4832916.9560293825
4941 3355 798778.3777347559 4832915.679602521
5002 3355 800000.8665133391 4832916.0453329
5124 3355 802438.2336399351 4832916.372184359
5185 3355 803658.545899157 4832916.453840376
5307 3355 806100.826448451 4832915.310286167
5368 3355 807320.9529553783 4832916.68975509
5429 3355 808541.1757890147 4832916.3785697045
4514 3416 790241.0152748309 4831697.028176976
4575 3416 791457.8096707362 4831695.781040144
4636 3416 792681.4327464065 4831696.3389512915
4697 3416 793898.925173971 4831696.182262881
4758 3416 795119.1450334386 4831696.475176782
5002 3416 800001.8559965948 4831696.956139002
5063 3416 801217.0664072147 4831696.321396443
5124 3416 802441.9546522389 4831695.096221968
5185 3416 803657.8661581702 4831696.349126217
5307 3416 806102.0260101261 4831697.133258139
5368 3416 807322.6466949689 4831695.219416774
5429 3416 808541.8585937234 4831695.814000972
4514 3477 790239.1726875866 4830478.032971377
4636 3477 792678.696844349 4830476.660954002
4697 3477 793902.0246560187 4830476.424088166
4758 3477 795118.219740283 4830475.595127745
4880 3477 797558.3800868358 4830476.333004106
4941 3477 798781.6158228682 4830476.627246929
5063 3477 801220.3344077326 4830475.792546413
5124 3477 802442.233400831 4830476.55767744
5185 3477 803661.2553678468 4830476.1786203375
5246 3477 804878.9327964124 4830476.622605322
5307 3477 806101.9754730811 4830476.225922473
5368 3477 807318.0033745804 4830475.742545375
5429 3477 808541.3880655763 4830476.134882756
4697 3538 793903.0382572636 4829257.022129838
4758 3538 795118.7164738288 4829256.6382967075
4819 3538 796338.5354841879 4829255.594862388
4880 3538 797562.6302897021 4829256.152132432
4941 3538 798778.7109870799 4829255.628627622
5002 3538 799999.8092723524 4829256.194544505
5124 3538 802442.4921154291 4829257.318045194
5185 3538 803661.5009735799 4829256.522306383
5246 3538 804881.8753044117 4829256.240692228
5307 3538 806101.1356647372 4829255.728130582
5368 3538 807321.7694243201 4829256.238223613
4819 3599 796338.0852856837 4828037.157053115
4880 3599 797558.6507852247 4828036.388542559
4941 3599 798781.9632334479 4828035.773964584
5002 3599 799998.4933981627 4828036.150708183
5063 3599 801218.3455495014 4828036.445446587
5185 3599 803661.4324013933 4828035.613048805
5246 3599 804881.8653110712 4828035.667670576
5307 3599 806098.460951163 4828035.102133328
5368 3599 807321.6441191526 4828035.964868297
5429 3599 808537.9378411903 4828035.798947939
4819 3660 796341.6733540695 4826815.747181422
4941 3660 798782.2941393845 4826816.225575685
5063 3660 801218.0629357739 4826816.242153889
5124 3660 802438.7594067474 4826816.237743553
5185 3660 803658.0576632071 4826816.568420863
5307 3660 806099.3015036362 4826816.6405151775
5368 3660 807321.6781260835 4826815.698590648
5429 3660 808542.661611661 4826816.301056444
4880 3721 797561.7079174651 4825596.310121055
4941 3721 798782.4883533319 4825595.934611602
5002 3721 800001.3864524321 4825596.615600172
5063 3721 801219.2022595316 4825595.77209395
5246 3721 804880.3961811414 4825595.299872724
5307 3721 806100.755209102 4825596.655311021
4392 3782 787798.5736781578 4824376.954887607
5185 3782 803661.5286799379 4824375.813707605
5246 3782 804882.3623571616 4824375.301036759
5307 3782 806102.3174268934 4824375.771610121
5368 3782 807318.0145884061 4824376.401227073
3660 3843 773161.3040135867 4823156.8724203175
4392 3843 787801.9552033517 4823156.180606342
4453 3843 789018.4580342567 4823155.480668285
4514 3843 790238.883526642 4823156.364759726
5185 3843 803658.8610883302 4823155.660421567
5246 3843 804881.4298636524 4823157.44013929
5307 3843 806102.636063695 4823155.494939177
5368 3843 807321.4401045899 4823156.160584179
3660 3904 773160.4610515224 4821935.882888188
4392 3904 787799.0618385841 4821936.39990944
4453 3904 789022.0540735082 4821936.98960519
4514 3904 790240.9082388916 4821936.490584462
4575 3904 791458.5246276059 4821935.662566566
5307 3904 806102.4378939684 4821936.642909946
5368 3904 807321.3531882878 4821936.827374294
3599 3965 771941.9118778659 4820715.976315487
4514 3965 790241.7708330445 4820716.127877818
4575 3965 791461.7069849309 4820716.454607484
4697 3965 793901.9969542354 4820715.447045107
5185 3965 803662.4564637538 4820716.026484729
5307 3965 806101.6176519915 4820716.003165204
5368 3965 807321.690043591 4820716.722240201
5429 3965 808538.9016598704 4820716.289506437
3721 4026 774381.7346241091 4819495.119588703
4514 4026 790240.503124247 4819496.199671923
4636 4026 792683.3647429458 4819494.628173283
4819 4026 796339.2148512 4819497.529897184
5368 4026 807321.2767373117 4819495.958660547
5429 4026 808540.7506726129 4819497.044092308
3660 4087 773162.28214639 4818276.29777418
3721 4087 774381.6479945711 4818277.4553767145
3782 4087 775601.9126735518 4818275.616555005
3843 4087 776821.5358365161 4818275.86065153
4575 4087 791461.6050757209 4818275.730483805
4636 4087 792680.8168179023 4818276.0106463535
5185 4087 803661.8798518943 4818277.397743399
5368 4087 807318.4518154004 4818276.974590771
5429 4087 808541.820125037 4818277.358557297
4575 4148 791463.9242681517 4817056.365902084
4636 4148 792682.1401124928 4817055.756569277
4941 4148 798780.7735844175 4817056.249478265
5002 4148 800001.13232425 4817056.552417869
5246 4148 804878.5370309865 4817056.1353604775
5307 4148 806101.614059084 4817056.222460013
5429 4148 808540.6809233451 4817056.896810981
3843 4209 776821.7828881236 4815834.114367248
4209 4209 784141.5871827874 4815836.826194013
4453 4209 789021.6658980136 4815835.3060808955
4514 4209 790238.9334074382 4815835.526953696
4636 4209 792681.7697756003 4815835.834043923
4697 4209 793901.9699332009 4815835.555720874
4758 4209 795121.4085176688 4815836.289903177
5002 4209 799999.129044448 4815835.941148416
5307 4209 806101.7412922177 4815836.918771078
5368 4209 807317.9658741897 4815836.012490428
5429 4209 808539.1864876511 4815837.311236256
3965 4270 779260.3934603841 4814615.660428014
4575 4270 791461.9035683168 4814617.414514687
4697 4270 793902.445382618 4814615.868010758
5307 4270 806099.8629990708 4814615.612427417
3782 4331 775602.491086969 4813395.900188388
3904 4331 778041.2431448189 4813395.703342734
3965 4331 779261.4042653615 4813396.269364424
4331 4331 786580.625984094 4813396.033416873
4392 4331 787801.9250195766 4813395.366056405
4697 4331 793903.3472908769 4813396.5988804
4758 4331 795120.6120223892 4813395.469196405
4880 4331 797558.2556568447 4813395.790027504
3904 4392 778041.1828139194 4812176.0011113295
4026 4392 780479.60587136 4812175.512049725
4636 4392 792681.0847409337 4812176.204533933
4758 4392 795121.700982715 4812176.130703572
4941 4392 798781.6579551639 4812175.517586223
5063 4392 801218.4670888024 4812177.307473546
5185 4392 803661.7754928226 4812175.95671754
5246 4392 804878.5568882837 4812176.611864004
4087 4453 781701.0740557754 4810955.569192684
4331 4453 786579.4155218711 4810956.275094106
4392 4453 787801.764902963 4810955.825168817
4514 4453 790240.6756196107 4810956.801347139
4819 4453 796342.5374468215 4810957.574116166
5246 4453 804881.7464129498 4810956.226784495
5307 4453 806101.4292051591 4810956.257426549
4575 4514 791462.5656113578 4809737.017592605
4636 4514 792681.3302775961 4809736.133803512
4697 4514 793902.0152595602 4809736.162322235
4758 4514 795123.4495148936 4809736.143825488
4819 4514 796342.113201414 4809735.8361496
4941 4514 798781.755313055 4809736.859560946
5124 4514 802438.6248055054 4809735.681859402
5368 4514 807321.5706287214 4809736.190864154
4575 4575 791463.6201262275 4808516.76107628
4880 4575 797561.3924545599 4808516.066212879
4941 4575 798784.0074920823 4808515.700024545
5063 4575 801222.506678929 4808517.1400231365
5429 4575 808541.8138667191 4808515.492890755
4697 4636 793902.4209691859 4807296.721588037
4758 4636 795121.6490102479 4807296.230463275
4819 4636 796341.763987471 4807295.820124811
4880 4636 797561.7730899572 4807295.57003901
5002 4636 800002.6692968349 4807295.542597792
5124 4636 802441.6243662771 4807296.800232734
5429 4636 808538.4667600063 4807297.018837927
4514 4697 790241.5900218998 4806076.770819472
4575 4697 791461.9169748061 4806076.8623065865
4880 4697 797560.7645315693 4806075.934951173
5368 4697 807319.0582811957 4806076.87784034
4575 4758 791460.9120716008 4804856.709612674
4880 4758 797562.0573843407 4804855.696782524
4941 4758 798782.0158309125 4804856.197780502
4453 4819 789020.8437659689 4803636.879816199
4575 4819 791461.8363535106 4803636.87937303
4697 4819 793901.1079081418 4803636.877527749
4880 4819 797562.3918168407 4803636.031388037
5002 4819 800002.5162925611 4803635.985393284
5063 4819 801220.3417831497 4803636.892161983
5124 4819 802442.4788376853 4803637.468865612
5185 4819 803661.6725332784 4803636.710251706
5246 4819 804878.5508621485 4803636.19034034
4453 4880 789020.727182459 4802416.690993952
4697 4880 793900.7875889125 4802416.361655917
4758 4880 795121.2669872277 4802415.494580391
4819 4880 796340.9938223505 4802415.326759292
4880 4880 797560.9806545001 4802417.180490675
4941 4880 798781.6035769169 4802415.41969888
5002 4880 800001.4219336909 4802416.362627173
5063 4880 801221.8302808179 4802416.076019735
5185 4880 803661.1181249506 4802415.808429548
4453 4941 789021.4300980081 4801195.3705553245
4697 4941 793901.5757500851 4801196.640197588
4819 4941 796340.7489763092 4801196.374285704
4880 4941 797561.2636592501 4801195.2280299
4941 4941 798781.0293948994 4801193.447490174
5063 4941 801223.5751392733 4801196.067324658
4453 5002 789021.2060412483 4799977.526343367
4697 5002 793899.4867120574 4799976.0589275705
4819 5002 796342.5580796599 4799975.406544976
4880 5002 797561.746434032 4799976.170932831
4941 5002 798781.7394655468 4799975.653634326
4514 5063 790241.4750304713 4798756.620861407
4758 5063 795120.7898607542 4798755.849753652
4819 5063 796343.9488919601 4798755.5629666615
4880 5063 797560.8996824602 4798757.464073451
4941 5063 798783.882973598 4798755.184225618
5002 5063 800001.1701841473 4798755.397640681
5368 5063 807319.092792331 4798756.919570209
4575 5124 791461.2365695874 4797536.255193988
4697 5124 793902.5508838701 4797537.655172166
4758 5124 795119.4205724032 4797535.428984975
5002 5124 800000.8908437314 4797536.475945077
5124 5124 802442.9757861872 4797534.03301338
5185 5124 803662.2281797505 4797537.283931497
5307 5124 806101.6584071125 4797536.351186188
5368 5124 807322.7394939044 4797536.24815168
4575 5185 791462.4592075713 4796315.385403084
4758 5185 795120.732238465 4796316.461412121
4880 5185 797561.5269657564 4796317.013940006
4941 5185 798782.0208846201 4796316.429830896
5002 5185 800001.4362362656 4796315.742703045
5185 5185 803661.4794177591 4796316.361410547
5307 5185 806101.5494210279 4796316.447621934
4880 5246 797561.7322274811 4795096.06493798
5002 5246 800002.7894590271 4795095.046183051
5124 5246 802441.8436649503 4795095.4375504255
5185 5246 803661.5623385161 4795096.394873448
5246 5246 804881.9002489141 4795095.8049181895
5307 5246 806101.379809475 4795097.176620278
4636 5307 792681.4643396168 4793875.447857109
4758 5307 795121.9755586698 4793876.010131398
4819 5307 796341.7863125008 4793875.064755622
4880 5307 797560.9463441807 4793876.599716163
4941 5307 798782.5624619855 4793875.117363772
5002 5307 800002.2964442323 4793875.039391415
5063 5307 801221.2494635308 4793876.157286926
5124 5307 802442.0611196388 4793875.339104891
5246 5307 804881.1123898973 4793876.610670448
4636 5368 792681.5883043669 4792655.825004506
4697 5368 793901.7733550506 4792655.882888368
4758 5368 795123.469686667 4792656.193703867
4819 5368 796340.9616742551 4792656.531725355
4880 5368 797561.1614329912 4792652.709397181
4941 5368 798781.4928381653 4792655.579475526
5002 5368 800001.8386495569 4792652.500631197
5063 5368 801221.11827818 4792655.483410968
5124 5368 802441.7192990796 4792655.27473379
5307 5368 806101.9126798813 4792656.668631632
4697 5429 793901.7328708069 4791436.3903695475
4758 5429 795120.720543815 4791435.835623707
4819 5429 796341.9773241818 4791431.99707159
4880 5429 797561.1875467552 4791437.332480702
4941 5429 798782.1657975311 4791436.422419519
5063 5429 801223.0907369191 4791436.573120348
5185 5429 803662.1896845618 4791435.601011705
5307 5429 806102.9230282092 4791437.452284084
