122 1281 602438.7526591781 4574398.115085429
61 1342 601218.9315485058 4573178.619709246
183 1342 603658.6122491019 4573178.100289157
488 1342 609759.0401115704 4573176.3505025655
610 1342 612198.4485728529 4573177.505812588
427 1403 608538.4971294455 4571958.892699697
488 1403 609758.4216609988 4571957.643691644
549 1403 610978.0077923224 4571957.834155701
610 1403 612197.4378535869 4571959.183479858
671 1403 613417.5228297205 4571958.269365089
732 1403 614638.1412428878 4571958.577990794
793 1403 615859.4743680843 4571959.216590779
61 1464 601218.8315642687 4570738.38860239
122 1464 602438.7342273508 4570738.4043074995
305 1464 606098.4235645606 4570738.646729268
366 1464 607317.9968490861 4570738.332311262
488 1464 609757.855924826 4570738.155676658
549 1464 610977.7399352479 4570738.668951883
610 1464 612198.0632253665 4570738.5833685445
671 1464 613418.3198538956 4570738.033601089
793 1464 615857.8480858183 4570738.852312929
244 1525 604878.1623222176 4569519.522407306
427 1525 608538.0444570517 4569518.513093875
610 1525 612198.3811284758 4569518.107843453
671 1525 613417.8290617748 4569518.473654599
732 1525 614637.8098331693 4569518.339979561
915 1525 618298.0262239157 4569518.711461733
183 1586 603658.8487854161 4568298.251053547
244 1586 604878.213765588 4568298.326232984
305 1586 606098.7667273576 4568298.946702567
366 1586 607318.4166563291 4568298.120352315
427 1586 608536.7145947487 4568297.735966981
488 1586 609758.3883680225 4568298.014286906
610 1586 612197.4660758732 4568298.174743386
732 1586 614638.6040405578 4568299.124724395
793 1586 615858.4160467944 4568298.972351439
854 1586 617077.8258118406 4568298.7963039605
1037 1586 620738.555333565 4568298.865884474
61 1647 601218.3967242956 4567078.365317173
244 1647 604878.816747206 4567078.54497286
305 1647 606098.8757905498 4567078.9487937875
671 1647 613418.3333674164 4567078.761166839
793 1647 615858.3646466518 4567078.939411885
854 1647 617078.125662593 4567077.859844707
915 1647 618297.8758133356 4567078.541576077
1098 1647 621958.069083995 4567078.909315354
122 1708 602439.0897145738 4565857.833238964
366 1708 607316.8205573292 4565857.5427782405
427 1708 608536.1087832559 4565856.9206847595
610 1708 612197.9915427172 4565858.406321475
915 1708 618297.6391996203 4565857.666114294
976 1708 619518.3014295571 4565858.7034380315
1098 1708 621959.01582773 4565858.153060689
1220 1708 624399.0688533711 4565858.2153757615
61 1769 601218.7486431486 4564638.426857299
122 1769 602438.7166090831 4564638.645003524
549 1769 610977.492257761 4564638.794542389
610 1769 612198.7346000486 4564638.231008839
671 1769 613417.8982904586 4564638.351531505
732 1769 614638.3041918849 4564638.75442473
793 1769 615858.0004330032 4564639.229383866
915 1769 618298.0492757338 4564637.7110758
1464 1769 629278.9479716293 4564638.346262732
1525 1769 630498.5897227912 4564637.966103987
183 1830 603658.8007411762 4563418.732901156
366 1830 607318.0406006079 4563418.424942513
549 1830 610977.9567849871 4563418.31469824
610 1830 612197.5498261957 4563418.538592502
671 1830 613418.7526613139 4563418.71665739
732 1830 614638.3754584134 4563417.930002081
793 1830 615858.6494541303 4563418.534109364
854 1830 617078.4490525414 4563417.785725686
1037 1830 620738.5718361724 4563418.205140315
1098 1830 621958.4072161239 4563418.4580301475
1159 1830 623178.7835469502 4563418.080652491
1403 1830 628058.464261646 4563418.0765490355
244 1891 604878.4380064255 4562198.207389311
427 1891 608537.988060136 4562196.5318220705
671 1891 613418.479923535 4562198.893279898
732 1891 614638.1100071874 4562198.772951057
793 1891 615858.2050080381 4562198.788277225
854 1891 617078.0205094744 4562198.068789893
915 1891 618297.6852160366 4562197.692739716
976 1891 619518.1409483092 4562198.135052689
1037 1891 620738.8518087429 4562198.031888847
61 1952 601218.6286862532 4560978.717249338
122 1952 602438.7993565284 4560979.277468583
244 1952 604878.6942894736 4560978.600579102
305 1952 606098.195139904 4560978.760657738
427 1952 608537.402965855 4560978.474104656
488 1952 609757.7886990801 4560978.16589686
549 1952 610978.2013899907 4560978.87448011
610 1952 612198.7229366086 4560978.12959747
671 1952 613418.2046254871 4560978.192419983
732 1952 614638.7000102234 4560978.577292311
793 1952 615858.5211029641 4560978.044693961
854 1952 617078.100947751 4560978.420409735
915 1952 618298.8493198759 4560978.346786003
976 1952 619518.3395596202 4560978.244783403
1037 1952 620738.6858573015 4560978.498170106
1281 1952 625618.8134534174 4560977.924280353
1830 1952 636598.5349337276 4560977.956035659
61 2013 601218.6698325216 4559758.911771148
122 2013 602438.2108390693 4559758.550340392
305 2013 606098.2277284077 4559758.2641259665
366 2013 607318.0122105596 4559758.411755291
488 2013 609758.5870018485 4559758.007937029
549 2013 610978.6129590415 4559758.399472431
671 2013 613418.4448490044 4559758.702469853
793 2013 615858.1400391827 4559758.108949192
915 2013 618298.3625539853 4559758.401610617
976 2013 619518.560738242 4559758.192146726
1037 2013 620738.3054858972 4559758.606342624
1159 2013 623178.3295353939 4559758.523449716
1220 2013 624398.918466798 4559758.458707207
1769 2013 635378.8698404926 4559758.259500244
1891 2013 637818.3649382675 4559758.353511053
2013 2013 640258.6716243366 4559758.117385408
2074 2013 641478.8345699939 4559758.287362385
61 2074 601218.7325960046 4558537.871233036
122 2074 602438.4967971424 4558538.844379336
183 2074 603658.5988638279 4558538.35765272
244 2074 604878.7465207139 4558538.962057401
488 2074 609758.6057337151 4558539.42407299
549 2074 610978.3487065616 4558538.728671511
610 2074 612197.9530755009 4558539.219087272
671 2074 613417.8705288273 4558538.765238138
732 2074 614638.2025860252 4558538.9439902725
793 2074 615857.8184090928 4558538.841904771
854 2074 617078.3892121805 4558538.452021997
1159 2074 623178.1478373199 4558538.294107254
2196 2074 643918.507602623 4558537.669022914
2257 2074 645136.8254616477 4558537.423447969
61 2135 601218.4872775985 4557318.648084191
122 2135 602438.4467312384 4557318.564737024
183 2135 603658.535295346 4557318.138211602
244 2135 604878.4082326168 4557318.1899929615
305 2135 606097.9549312799 4557318.502252646
427 2135 608538.1928265634 4557318.723797678
549 2135 610977.5762648543 4557318.146620729
671 2135 613417.9079668093 4557318.175426721
732 2135 614638.01697852 4557318.485667141
793 2135 615858.5799983051 4557318.857019763
915 2135 618295.7432006777 4557317.528460361
1098 2135 621958.5599467434 4557318.996909451
1891 2135 637819.1642150446 4557318.534777843
2135 2135 642698.8951911099 4557318.079933506
2196 2135 643920.243068293 4557317.908344178
2257 2135 645138.6428693327 4557318.063165012
122 2196 602438.8049802216 4556098.856475151
183 2196 603658.6196427532 4556099.128888904
244 2196 604878.5409976798 4556098.842141783
305 2196 606098.3165044145 4556098.142580388
366 2196 607317.5206274564 4556098.341829091
488 2196 609758.6095386756 4556098.209248201
549 2196 610978.5120385942 4556098.202165296
610 2196 612198.0273754481 4556098.708154456
671 2196 613418.0708079677 4556098.689683558
732 2196 614637.5786486071 4556098.7088943
793 2196 615858.1311271267 4556098.402943508
854 2196 617078.2480634208 4556098.348321361
1098 2196 621958.5018281203 4556098.324706422
1220 2196 624398.8580935835 4556098.149830734
1342 2196 626839.4813734161 4556098.564070761
1525 2196 630498.389615053 4556098.179073825
2196 2196 643918.5976178995 4556097.721981297
2318 2196 646358.142529132 4556099.044344582
2501 2196 650018.5435585678 4556098.203330298
61 2257 601218.4675321396 4554878.870385394
122 2257 602439.1869099463 4554879.027107955
183 2257 603658.6010539376 4554878.579665092
244 2257 604878.2249729864 4554879.215614553
366 2257 607318.1376736815 4554878.150284062
488 2257 609758.1007325718 4554881.0316359345
549 2257 610977.8617101108 4554878.548040581
671 2257 613418.2008088211 4554878.832848787
732 2257 614638.2749101705 4554878.648724604
793 2257 615858.0390626567 4554878.488102976
1159 2257 623178.7950954026 4554878.250577195
1830 2257 636598.095211133 4554878.317867795
2074 2257 641478.9721545496 4554878.359401069
2196 2257 643919.083930942 4554877.418746716
2257 2257 645139.0189302162 4554878.428279963
2745 2257 654898.3438071454 4554879.111720729
61 2318 601218.3932849928 4553658.338108957
244 2318 604877.9388866302 4553658.633584897
305 2318 606098.2973425133 4553658.461967893
366 2318 607318.0608663055 4553661.037275748
488 2318 609757.7272036542 4553658.077872766
549 2318 610977.7237476587 4553658.188410343
610 2318 612197.9303933788 4553658.77732241
671 2318 613417.5206553094 4553658.457211378
732 2318 614638.3359870183 4553658.735957641
854 2318 617077.9583415849 4553658.179216727
915 2318 618298.5855013265 4553658.028845036
1037 2318 620738.9574717074 4553658.452576986
1708 2318 634158.7835216398 4553658.755894592
1769 2318 635380.6383817386 4553657.982049752
1830 2318 636598.7304074105 4553658.024166589
1891 2318 637818.7447340598 4553658.667493771
2257 2318 645138.71044027 4553659.044021869
2318 2318 646358.3445365765 4553658.5803256305
2379 2318 647578.1342638454 4553658.389973745
2440 2318 648798.022754216 4553658.405917055
2623 2318 652456.8875881189 4553658.765964681
2806 2318 656115.8470685638 4553658.845850132
122 2379 602438.6995304958 4552439.100536336
183 2379 603659.2034329528 4552438.295351757
244 2379 604878.1608672137 4552438.3420450995
305 2379 606098.0541872366 4552438.918910322
366 2379 607317.7174565226 4552437.897148268
427 2379 608538.1900868065 4552438.07634364
610 2379 612198.1807212138 4552438.365283582
915 2379 618298.3879846554 4552438.32041201
976 2379 619518.5844573854 4552438.494533327
1098 2379 621958.5745314332 4552438.184420056
1830 2379 636598.8915123596 4552438.223440158
1952 2379 639038.2548264649 4552437.972760653
2013 2379 640258.7749699566 4552438.404934947
2074 2379 641477.9081268267 4552438.077123492
2257 2379 645138.5832499521 4552437.946154307
122 2440 602438.6046068267 4551218.238254567
183 2440 603658.5521410642 4551218.5357239535
244 2440 604878.0576874169 4551217.936064548
305 2440 606097.8513432626 4551217.976329051
366 2440 607317.5565467193 4551218.262869326
427 2440 608537.8649690957 4551219.57893782
732 2440 614638.4069331791 4551219.142206364
854 2440 617077.7783526418 4551218.081161505
915 2440 618297.9887679934 4551217.97425211
976 2440 619518.607115426 4551218.4740314055
1220 2440 624399.4497519191 4551218.792327726
1403 2440 628060.4555340355 4551218.475264134
1769 2440 635379.1191531669 4551218.3956073
1952 2440 639038.5303665628 4551218.297174337
2013 2440 640258.8919656124 4551217.811742782
2867 2440 657337.2948351419 4551216.045708543
2989 2440 659777.1894773354 4551217.446005699
3111 2440 662217.0252882768 4551219.380260873
244 2501 604877.7567342356 4549998.100830312
305 2501 606097.4753842633 4549998.038068556
366 2501 607317.62473308 4549997.729151662
427 2501 608537.8443085204 4549997.808407253
488 2501 609758.5221364067 4549998.933552417
549 2501 610977.8195542921 4549997.828390371
610 2501 612198.4482661708 4549997.850621734
671 2501 613417.8764392463 4550000.414543423
732 2501 614637.5804808995 4549999.070300159
793 2501 615858.0973358531 4549998.22506994
1037 2501 620740.8684554024 4549998.746706917
1342 2501 626841.0270431743 4549998.406734232
1403 2501 628058.7082285588 4549998.872775115
1525 2501 630498.7871300319 4549999.324851464
1769 2501 635378.8254835246 4549998.102147194
1891 2501 637818.9133539438 4549997.934106195
2013 2501 640259.5654769023 4549997.5706462
2074 2501 641480.8941945743 4549997.611990372
2196 2501 643918.9849338597 4549999.123568056
2257 2501 645138.2466767669 4549998.328263525
2318 2501 646358.5786642858 4549998.437875659
3050 2501 660998.1770075464 4549998.403449191
3111 2501 662217.6114726517 4549999.233478019
3172 2501 663437.0045197911 4549996.804901161
3294 2501 665878.2887292841 4549998.690594233
305 2562 606098.0956400036 4548778.025952007
366 2562 607317.7972685238 4548777.863634915
427 2562 608537.8841032606 4548778.657660976
549 2562 610978.5357600893 4548778.089193089
854 2562 617080.9533733897 4548778.238770591
976 2562 619518.8536802692 4548778.46418077
1037 2562 620739.1057401847 4548778.584318795
1342 2562 626840.9175937762 4548778.660015466
1525 2562 630500.9915594135 4548778.316256393
1647 2562 632937.77741632 4548778.88542563
1708 2562 634158.4867723505 4548778.576973742
1830 2562 636598.5837104267 4548778.272191397
1952 2562 639038.7363705619 4548778.241127988
2013 2562 640258.5330326224 4548778.259829203
2074 2562 641477.974528631 4548778.036866131
2135 2562 642697.7317945141 4548778.129258657
2196 2562 643918.289114515 4548778.107997564
2257 2562 645138.0207115568 4548777.915687728
2318 2562 646358.4605817132 4548778.673565996
2440 2562 648795.947896749 4548777.7899399735
2562 2562 651238.7383729499 4548778.696950184
2623 2562 652458.4877569807 4548778.471706068
3172 2562 663437.8467928417 4548778.400436543
3233 2562 664657.9483129749 4548778.308023391
3294 2562 665877.4790568252 4548778.180257131
183 2623 603660.815568084 4547557.421479365
244 2623 604877.7042220503 4547558.227002522
305 2623 606097.7051993037 4547558.405902826
366 2623 607318.1274358702 4547558.151250697
427 2623 608538.4471715861 4547559.038392418
488 2623 609757.8232334773 4547558.013861783
549 2623 610977.8796452952 4547557.909624082
610 2623 612199.1128159877 4547557.972968152
732 2623 614638.4903879189 4547558.401419751
793 2623 615857.9983814836 4547558.273199632
915 2623 618298.5923098539 4547558.907991107
976 2623 619519.482159732 4547558.230319433
1342 2623 626838.7972285406 4547558.139094024
1525 2623 630498.2492517021 4547559.1434967
1586 2623 631718.9347348636 4547558.4893883
1647 2623 632938.741051015 4547558.458988602
1891 2623 637818.444141818 4547558.347114802
2135 2623 642698.8898656818 4547557.950215422
2196 2623 643918.3623571091 4547557.685987935
2379 2623 647579.3265054909 4547558.669802508
2440 2623 648797.9114464774 4547558.552133748
2501 2623 650017.9819322206 4547558.849151075
3294 2623 665878.5118730721 4547557.949973068
3355 2623 667098.9609980923 4547557.677255191
183 2684 603658.4463511475 4546337.22791838
427 2684 608538.3312602529 4546339.035973468
549 2684 610978.3338766261 4546339.115190387
610 2684 612198.306438584 4546339.171485944
671 2684 613418.2836410855 4546338.353240047
732 2684 614638.402756382 4546337.824632976
793 2684 615858.4938997268 4546338.264464649
915 2684 618299.3026504403 4546338.23402857
976 2684 619519.113646709 4546338.346866808
1037 2684 620738.4893048783 4546338.345955506
1098 2684 621958.828608797 4546338.173774554
1220 2684 624399.0164281327 4546338.299314054
1281 2684 625620.6910112489 4546337.497791391
1342 2684 626839.3855403285 4546338.151282589
1403 2684 628059.3558550652 4546338.533025992
1525 2684 630499.3410060927 4546338.496998902
1586 2684 631719.2524809098 4546338.34855768
1708 2684 634159.0385697925 4546337.731720937
1769 2684 635379.2272454532 4546337.898274804
2074 2684 641478.3016250285 4546337.974732172
2257 2684 645138.5322682264 4546338.176929751
2318 2684 646358.4267390659 4546338.770552916
2379 2684 647577.9050449568 4546338.457663889
2440 2684 648798.9297104168 4546338.371940705
2623 2684 652458.7037811612 4546338.54526744
2745 2684 654898.4671424514 4546338.343389049
2989 2684 659777.6825052021 4546338.106210399
3111 2684 662217.6712485374 4546338.457917911
3233 2684 664657.7324111203 4546338.189017432
3294 2684 665877.9830041863 4546337.607132569
488 2745 609757.8367061918 4545118.303453438
549 2745 610977.4301124226 4545117.542041265
671 2745 613417.8390514641 4545120.044763285
732 2745 614638.1024410193 4545117.457647715
793 2745 615859.083676928 4545118.405445526
976 2745 619519.0881893004 4545118.101735
1037 2745 620738.7809749283 4545119.260560982
1281 2745 625619.3537750734 4545118.707531789
1525 2745 630501.0890619325 4545118.64073389
1708 2745 634158.3942520192 4545118.328897209
1769 2745 635378.2231849753 4545118.438461348
1830 2745 636598.5886210821 4545117.898570744
1891 2745 637819.0238195831 4545117.647637581
1952 2745 639038.7162471911 4545117.940969401
2013 2745 640261.1741884917 4545117.754941002
2135 2745 642698.4068057855 4545118.897440037
2196 2745 643918.2158840222 4545117.68941409
2257 2745 645138.161041297 4545118.35416388
2440 2745 648798.4857865378 4545118.712654474
2501 2745 650018.2531870996 4545118.082709531
2562 2745 651237.9236582476 4545118.2959616715
2806 2745 656118.8078528013 4545118.601541872
2867 2745 657337.4597547763 4545118.399510743
2989 2745 659777.4320695959 4545118.206277523
3111 2745 662217.1162661513 4545116.184102612
3172 2745 663438.0168440064 4545118.275409529
122 2806 602437.1191174145 4543897.794190737
183 2806 603657.6155549688 4543898.3513371125
305 2806 606098.1504000023 4543897.718334552
488 2806 609757.006195125 4543897.09800635
549 2806 610978.1795527055 4543898.502705384
610 2806 612198.1034676009 4543899.43105684
671 2806 613418.0821095848 4543898.600798073
732 2806 614638.1939780049 4543898.678776979
793 2806 615858.7651482974 4543898.662350998
854 2806 617078.617312458 4543898.145687124
1037 2806 620740.6326178339 4543898.400196313
1220 2806 624399.4375981457 4543898.191005794
1281 2806 625619.0612662385 4543898.177619538
1342 2806 626840.9863866089 4543898.238541067
1464 2806 629278.1585825002 4543898.285037239
1525 2806 630499.2140117101 4543898.4625288425
1586 2806 631719.0023022302 4543898.297967788
1769 2806 635378.2378243839 4543897.865004281
1830 2806 636598.6792915522 4543898.123487927
1891 2806 637818.4648130807 4543897.497682139
1952 2806 639038.6490886208 4543897.66538851
2135 2806 642698.6902148192 4543897.997675366
2196 2806 643918.1055317128 4543897.761755201
2501 2806 650018.1797580735 4543898.243574875
2562 2806 651238.1919204949 4543898.773054103
2623 2806 652458.2811185669 4543898.275262489
2684 2806 653678.1972146431 4543898.75856479
2989 2806 659777.7667415773 4543898.100811505
122 2867 602438.2327506177 4542681.595459993
244 2867 604877.4980090847 4542677.328574298
671 2867 613417.9449111582 4542678.2939726515
854 2867 617078.7996448656 4542678.616529206
915 2867 618298.9659047646 4542677.930961132
976 2867 619519.2701812341 4542678.55382218
1098 2867 621961.2529628616 4542678.205752239
1159 2867 623180.2578101916 4542677.727200347
1220 2867 624399.2575404589 4542679.185582725
1403 2867 628058.4582722518 4542678.668678508
1525 2867 630500.8609567747 4542678.902064653
1708 2867 634158.7300690236 4542677.81610865
1769 2867 635378.8784329343 4542678.415047839
1830 2867 636599.6750878561 4542678.151778333
1952 2867 639041.264219678 4542677.814670431
2013 2867 640258.8391193575 4542678.389873723
2074 2867 641478.2095217917 4542678.001619907
2135 2867 642698.416958902 4542678.53986409
2318 2867 646358.4172771896 4542678.446250328
2379 2867 647578.6369079375 4542678.509985322
2440 2867 648798.5316528252 4542678.61983002
2562 2867 651238.048120508 4542678.417919374
2745 2867 654897.7813676032 4542678.815610286
2806 2867 656118.017177589 4542678.680292571
2928 2867 658559.1299619968 4542678.565602081
610 2928 612197.9446679382 4541458.167674671
671 2928 613417.771537287 4541458.116888728
732 2928 614637.8842923712 4541458.355690396
793 2928 615860.9234444669 4541458.792656323
854 2928 617078.3785886965 4541458.79385752
915 2928 618298.6169412333 4541458.141437427
976 2928 619521.1375920991 4541457.963075495
1159 2928 623181.4748002015 4541458.070703852
1586 2928 631718.8379544327 4541458.3057846315
1647 2928 632941.2731586688 4541457.746318908
1769 2928 635379.1950086144 4541457.749886836
1891 2928 637818.6865742513 4541458.449038896
1952 2928 639041.3690748703 4541457.610319281
2013 2928 640258.7115594472 4541458.426225615
2074 2928 641478.3297190778 4541458.228117998
2257 2928 645138.4190211215 4541458.173308887
2501 2928 650017.8850337623 4541458.465282274
2623 2928 652458.3218512969 4541458.536897005
2684 2928 653678.0589295683 4541458.767177337
2745 2928 654897.5534646701 4541458.680954992
2806 2928 656117.6703556684 4541458.666073942
2928 2928 658557.1586903312 4541458.224192067
2989 2928 659778.5291140715 4541458.077181272
3172 2928 663437.9475644408 4541457.990157108
3294 2928 665878.7135895889 4541458.6646294715
183 2989 603657.831861744 4540237.152727718
488 2989 609758.4180505179 4540238.244641386
610 2989 612198.2192873991 4540239.198923443
732 2989 614638.5269902743 4540238.412333787
793 2989 615858.9325881442 4540237.97520039
976 2989 619518.6028247082 4540238.238337978
1037 2989 620738.9350292638 4540238.300029979
1464 2989 629278.7387072819 4540238.1178326225
1647 2989 632938.9324207574 4540238.325929902
1708 2989 634158.6878757846 4540238.199082674
1830 2989 636598.34089403 4540237.852420144
1891 2989 637818.7623748017 4540237.780520981
2013 2989 640258.5313476494 4540238.5400127545
2135 2989 642698.1503931457 4540237.995993615
2196 2989 643918.1671746797 4540238.325108583
2257 2989 645138.0147297774 4540238.918152132
2318 2989 646358.6548006481 4540239.175960943
2379 2989 647578.0344353627 4540238.1983572235
2623 2989 652458.1639997237 4540238.38085508
2928 2989 658557.9048606962 4540238.939648408
3111 2989 662216.9750092834 4540237.827464162
3233 2989 664657.5214479938 4540237.94991946
183 3050 603658.1666071328 4539017.7322960375
610 3050 612197.4404309173 4539017.801099895
732 3050 614638.9405500499 4539019.19030112
1037 3050 620737.928164329 4539017.956481723
1220 3050 624398.7401247311 4539018.288019708
1281 3050 625618.8460467178 4539018.866276465
1342 3050 626841.0426565935 4539018.060489798
1525 3050 630500.7901729216 4539018.205641347
1647 3050 632939.3744899138 4539017.929091413
1830 3050 636598.1266442786 4539018.08027765
1891 3050 637818.6064913844 4539018.284157719
1952 3050 639038.8550682032 4539018.595862161
2013 3050 640258.2029601202 4539019.048463001
2074 3050 641478.0140580292 4539018.182490454
2135 3050 642698.7654353386 4539018.8452016385
2196 3050 643917.557134715 4539018.472277922
2257 3050 645138.1821643333 4539018.478824127
2318 3050 646358.1023132862 4539018.299220365
2440 3050 648798.0628635164 4539018.008218397
2501 3050 650018.2561511033 4539018.403394468
2623 3050 652458.4380471649 4539018.315933206
2684 3050 653678.5863409686 4539018.374929319
2806 3050 656118.1736871722 4539019.009187594
2867 3050 657338.038500974 4539018.425331544
2989 3050 659777.4076254106 4539017.801719909
3233 3050 664658.6639001683 4539017.193269414
61 3111 601218.7152136134 4537797.519014929
793 3111 615860.9737650246 4537798.431774329
915 3111 618298.3077328808 4537798.805127462
1098 3111 621958.3880923769 4537797.96302013
1220 3111 624398.0285249089 4537798.220256868
1342 3111 626839.1025502936 4537797.9664930925
1403 3111 628058.7147714525 4537798.820521964
1525 3111 630499.2583203561 4537798.472275598
1647 3111 632938.6309955178 4537798.663692425
1708 3111 634158.447151957 4537798.051982376
1830 3111 636598.6803586339 4537798.323959012
1891 3111 637819.1592955709 4537797.833276428
1952 3111 639038.5597965366 4537798.127332855
2013 3111 640258.4081882888 4537798.350773636
2074 3111 641478.0316764205 4537798.396065921
2196 3111 643918.6950273883 4537798.003917556
2257 3111 645138.2683943484 4537798.367742744
2379 3111 647578.0466290886 4537798.383438296
2440 3111 648798.3036750823 4537798.534124659
2501 3111 650018.4130345382 4537798.32441507
2806 3111 656118.072725275 4537799.369358532
3172 3111 663437.3792991845 4537798.5709585855
122 3172 602437.3643132773 4536578.088350898
183 3172 603658.4127707841 4536578.268627838
427 3172 608537.678331601 4536578.410405276
488 3172 609758.6245833979 4536577.527784079
549 3172 610979.5896459946 4536576.142930223
671 3172 613418.742545059 4536577.736100908
976 3172 619521.2847948575 4536577.9576742835
1159 3172 623178.8400544565 4536579.091219552
1281 3172 625618.0027296168 4536577.83493877
1342 3172 626838.3913565987 4536577.821312828
1403 3172 628058.4490740434 4536578.62860227
1464 3172 629278.7075183868 4536578.115715324
1525 3172 630498.3499761313 4536578.695253629
1586 3172 631718.330127821 4536578.216236299
1647 3172 632936.901782888 4536577.585677068
1769 3172 635379.5806163779 4536578.194220465
1891 3172 637818.4785475852 4536577.74784913
1952 3172 639037.9918228427 4536578.981406576
2013 3172 640258.6238840513 4536578.488118269
2074 3172 641478.1451686128 4536578.528128505
2135 3172 642698.3380317123 4536578.2242033575
2257 3172 645137.8321275366 4536578.168886405
2318 3172 646358.155244627 4536578.126121013
2379 3172 647578.996162783 4536577.746502647
2501 3172 650018.4390871697 4536578.44683571
2623 3172 652457.727591219 4536578.515863961
2745 3172 654898.0469286363 4536579.008594872
3172 3172 663438.0746769912 4536578.113735885
305 3233 606098.4527416311 4535357.631890669
610 3233 612197.6971786855 4535359.04452318
915 3233 618299.4879108415 4535358.415440136
1159 3233 623177.5491440977 4535361.2796968175
1525 3233 630497.5627818159 4535358.369989186
1586 3233 631721.3927574831 4535358.083311651
1647 3233 632938.9131585883 4535358.00237398
1708 3233 634158.8820398304 4535358.129460163
1769 3233 635378.1749104768 4535358.552864614
1830 3233 636600.4861806937 4535357.546116439
1891 3233 637819.1478241442 4535358.551294811
2013 3233 640258.3019826158 4535357.843570311
2074 3233 641478.483378008 4535357.737795613
2135 3233 642697.7320519985 4535358.745442352
2196 3233 643917.805404412 4535358.490937484
2257 3233 645138.331043191 4535357.815868609
2318 3233 646358.7446469592 4535358.315497417
2379 3233 647577.3910522772 4535358.060758722
2440 3233 648798.1509135206 4535358.733342883
2501 3233 650017.8782230589 4535358.5428157365
2623 3233 652457.8007600183 4535357.94911529
2684 3233 653678.2362057932 4535357.892932465
2745 3233 654897.950700288 4535358.486622852
2867 3233 657337.6205139257 4535358.33808346
3233 3233 664656.611802049 4535357.380923052
366 3294 607317.7855106528 4534138.508735092
427 3294 608538.0410588768 4534138.293006585
671 3294 613420.6781891016 4534136.782234442
732 3294 614638.5857057931 4534138.790449973
1281 3294 625620.7815517888 4534138.425206249
1342 3294 626838.4575838826 4534138.142657454
1464 3294 629277.7369127688 4534138.589653263
1525 3294 630499.40203162 4534138.071459311
1708 3294 634158.1664075548 4534137.974198893
1769 3294 635380.7488221766 4534138.358431774
1830 3294 636598.3808093917 4534138.159982645
1952 3294 639038.0055110047 4534138.326288077
2013 3294 640258.2172644482 4534138.457715152
2074 3294 641478.6918395837 4534138.372667189
2196 3294 643918.4997247176 4534138.847133796
2257 3294 645138.2064507843 4534138.270022502
2318 3294 646357.8459826135 4534138.541035999
2440 3294 648798.3422051265 4534138.427391263
2928 3294 658557.6879155015 4534138.08462609
3111 3294 662217.5489566374 4534138.559201228
3172 3294 663438.0837637911 4534138.346208992
366 3355 607318.0414912989 4532918.237388226
427 3355 608536.633436863 4532917.841571078
488 3355 609758.4918269156 4532918.207428435
671 3355 613418.9078314012 4532918.156916164
732 3355 614641.4523730574 4532917.399872616
1098 3355 621960.7796696323 4532918.2776038395
1159 3355 623181.3929024299 4532919.109199028
1281 3355 625620.1846098623 4532918.5624543335
1342 3355 626841.0004684243 4532917.59560697
1586 3355 631719.1316461494 4532918.350010247
1769 3355 635381.3689725717 4532917.731609194
1830 3355 636598.8252599725 4532918.035269768
1952 3355 639038.424595915 4532918.475603101
2013 3355 640258.210059894 4532918.010656703
2074 3355 641478.2775775241 4532918.487445447
2135 3355 642701.181685849 4532918.663107524
2196 3355 643918.7160515845 4532918.309994432
2257 3355 645138.0389609182 4532918.483902955
2318 3355 646358.5190828225 4532918.556146173
2379 3355 647578.8457637139 4532919.1443018075
2440 3355 648797.5101121814 4532917.930339416
2501 3355 650017.9568770175 4532919.165387582
2562 3355 651238.0090393291 4532917.877377907
2623 3355 652457.5407273505 4532918.226692791
2745 3355 654897.4541452235 4532918.1314617945
2806 3355 656117.6466505004 4532918.42332874
2867 3355 657337.3501602827 4532918.765660881
2928 3355 658558.0793881118 4532918.822402923
2989 3355 659777.8774193027 4532918.804961398
3111 3355 662217.8732694628 4532917.915685345
3172 3355 663437.5220280268 4532917.183531472
549 3416 610977.2302212993 4531701.220751101
610 3416 612197.7878520738 4531697.364478475
793 3416 615858.3785185497 4531697.742710833
976 3416 619518.3907604055 4531698.523360724
1037 3416 620738.6349726003 4531698.093211601
1098 3416 621961.8342108234 4531697.849518703
1159 3416 623178.2330808863 4531698.284194039
1403 3416 628061.7840505204 4531698.18558918
1647 3416 632938.4696557852 4531698.164096626
1708 3416 634159.0246393278 4531697.957810867
1769 3416 635378.8015245887 4531697.724629768
1830 3416 636598.3463037768 4531697.597273786
1952 3416 639037.8950022687 4531698.171555652
2013 3416 640258.2269641532 4531698.363509639
2196 3416 643918.0378296225 4531698.117617088
2257 3416 645138.2055822948 4531698.358042802
2318 3416 646358.5715357483 4531698.799151141
2379 3416 647577.8764999381 4531698.625443161
2440 3416 648797.9888689198 4531698.941661522
2562 3416 651238.357183804 4531698.459663847
2623 3416 652458.1737685706 4531699.485489917
2806 3416 656118.2135604701 4531698.707400663
2867 3416 657338.3954170942 4531698.202796071
2989 3416 659777.9389922539 4531697.687708452
3050 3416 660997.8757103183 4531697.721444682
3111 3416 662217.9756935439 4531698.410784384
976 3477 619521.5625922155 4530478.52138824
1403 3477 628056.9623931581 4530477.894533842
1647 3477 632939.7553342409 4530478.716402659
1708 3477 634158.4214017054 4530477.931468607
1830 3477 636601.1664745681 4530477.764070664
1891 3477 637817.753471606 4530478.139035843
1952 3477 639038.4493609646 4530478.352297502
2013 3477 640258.1149398233 4530477.867300177
2074 3477 641478.3890157372 4530478.296561526
2135 3477 642698.0495770191 4530478.252024804
2196 3477 643918.2610807077 4530478.333529034
2257 3477 645138.631766511 4530478.166228921
2379 3477 647578.239998789 4530478.064159231
2440 3477 648798.7949607633 4530478.573714231
2501 3477 650017.7626987896 4530478.605052759
2562 3477 651238.3673694325 4530478.771980531
2623 3477 652457.1379879232 4530478.889515163
2684 3477 653678.0538582942 4530478.356470873
2745 3477 654898.7108694825 4530478.204550942
2867 3477 657338.0925157001 4530478.946050751
2928 3477 658558.4216518265 4530477.679827572
3050 3477 660997.3446436726 4530479.146924572
3111 3477 662216.954669915 4530478.255667505
183 3538 603657.1358457064 4529260.856825476
1281 3538 625620.9043175868 4529258.502437823
1342 3538 626840.49734795 4529258.593314767
1403 3538 628058.1060579512 4529258.993528236
1525 3538 630498.7374920455 4529257.964454333
1586 3538 631718.6146429994 4529258.230987882
1769 3538 635378.8268955784 4529257.8165251855
1830 3538 636598.7859522913 4529258.84436996
1952 3538 639038.4530606953 4529258.106640066
2013 3538 640258.4218431297 4529257.604351513
2074 3538 641477.8996079396 4529258.511605404
2196 3538 643918.5901713168 4529259.211946928
2379 3538 647578.182794974 4529258.550590652
2501 3538 650018.2705879178 4529258.464078124
2623 3538 652458.2508680995 4529258.062055228
2989 3538 659777.051935723 4529258.129899017
3050 3538 660997.6623230663 4529258.203480553
3111 3538 662217.3901582087 4529258.40800486
976 3599 619518.9813917681 4528038.725438503
1037 3599 620741.4089328685 4528038.0308101745
1098 3599 621961.5492813402 4528037.92460893
1220 3599 624399.6401648844 4528038.3017239
1403 3599 628059.0647723008 4528037.820640541
1464 3599 629279.2416621652 4528038.418620063
1525 3599 630498.6944029393 4528039.040084715
1708 3599 634158.8457885159 4528037.514090371
1830 3599 636598.924834175 4528037.977258356
1891 3599 637817.8390066151 4528039.049402442
2013 3599 640258.4218187573 4528038.204690477
2074 3599 641477.9876782591 4528037.830425777
2196 3599 643917.8764871835 4528038.034379455
2318 3599 646358.4084015603 4528038.725205335
2501 3599 650017.969806812 4528038.355698783
2623 3599 652458.0118724339 4528039.073496189
2745 3599 654897.9339123248 4528038.568833135
2867 3599 657337.8379496183 4528038.682570149
2989 3599 659777.5717697483 4528037.678659735
3050 3599 660997.7080703839 4528038.417958236
1037 3660 620741.3194077243 4526818.2724746205
1098 3660 621958.9681965623 4526817.792684895
1159 3660 623178.2432578072 4526817.232135605
1220 3660 624398.3046663544 4526818.197751641
1281 3660 625621.0311057519 4526817.90365108
1525 3660 630499.0497647896 4526817.434089401
1647 3660 632941.2938590443 4526818.079657114
1891 3660 637818.6120997352 4526818.4511165125
1952 3660 639038.7497012306 4526818.228383534
2074 3660 641478.3405790688 4526818.004852411
2135 3660 642701.9410160324 4526817.582863351
2196 3660 643922.0416205146 4526817.956568447
2257 3660 645138.2807087542 4526818.39746605
2318 3660 646358.0562832587 4526818.19252015
2379 3660 647578.2213928804 4526818.831888579
2440 3660 648797.7293849632 4526818.675571658
2501 3660 650017.889153676 4526818.195568106
2684 3660 653678.6013404661 4526818.785323911
2745 3660 654897.5644032892 4526818.529617822
2806 3660 656117.4986835854 4526818.435020435
2867 3660 657337.5958786851 4526818.594502682
2928 3660 658557.8571740831 4526817.824393621
2989 3660 659777.6699708421 4526818.126541532
3111 3660 662217.7740967751 4526817.783936903
183 3721 603658.6382632859 4525597.052537051
305 3721 606098.1828636127 4525598.566443823
854 3721 617077.009042823 4525598.968217337
1098 3721 621961.3933302644 4525597.637784118
1159 3721 623181.2066961279 4525597.82945557
1220 3721 624400.1999073342 4525598.824405691
1586 3721 631721.4619387815 4525597.638840276
1647 3721 632938.7684714354 4525597.418855777
1708 3721 634158.804225938 4525596.928696575
1769 3721 635381.5070047823 4525598.321856063
1830 3721 636598.4974176389 4525597.757026906
2013 3721 640258.5000650553 4525597.78565835
2074 3721 641479.3132154635 4525596.197880221
2135 3721 642701.1859430035 4525597.889006
2196 3721 643918.7655167207 4525597.991678505
2257 3721 645138.2385554884 4525599.058966518
2318 3721 646358.318046266 4525601.254805969
2440 3721 648798.2873412641 4525597.905789727
2501 3721 650017.8794256647 4525598.987749203
2562 3721 651237.9393208752 4525598.548042733
2745 3721 654897.3957601282 4525598.863925853
2928 3721 658557.9461321197 4525598.267690866
2989 3721 659778.7875517707 4525598.315641129
3050 3721 660997.4169096781 4525598.445098506
305 3782 606098.631944271 4524378.332641524
976 3782 619521.2456784494 4524378.76005878
1830 3782 636598.2938743081 4524380.152254881
1891 3782 637819.3543688896 4524377.0126832295
2013 3782 640262.3344847512 4524378.637293725
2135 3782 642699.7687610184 4524378.381789313
2318 3782 646358.7662232842 4524378.077541938
2379 3782 647578.7464745188 4524378.69505259
2440 3782 648798.1518926409 4524378.16183066
2623 3782 652458.0188605074 4524379.273498222
2684 3782 653678.1799302746 4524378.856628255
2745 3782 654897.3663753611 4524378.134780935
2806 3782 656117.5990256866 4524378.641989929
2989 3782 659778.5095435164 4524377.939888761
732 3843 614641.6965165078 4523159.325811258
1098 3843 621956.6860430097 4523158.3294819975
1159 3843 623179.0890448246 4523158.152669523
1525 3843 630499.0568276576 4523158.633004801
1708 3843 634160.7848756283 4523158.297801177
1769 3843 635378.9789709272 4523157.160894684
2013 3843 640256.690699695 4523157.86958187
2074 3843 641481.1917416604 4523157.8334099995
2135 3843 642698.7061290866 4523158.796430572
2257 3843 645138.18497942 4523158.490027468
2379 3843 647577.7944533927 4523158.748672148
2440 3843 648798.2114097989 4523158.580908896
2501 3843 650018.2857541342 4523158.470311016
2562 3843 651238.0297135093 4523158.561769634
2623 3843 652458.1687831538 4523158.526796782
2684 3843 653677.8953048981 4523158.259836871
2745 3843 654898.0251724842 4523158.1666920595
2928 3843 658557.8283516142 4523159.389502286
3050 3843 660997.911215485 4523160.594893589
305 3904 606097.8119080106 4521939.494880976
1708 3904 634158.6429734182 4521937.762123466
1830 3904 636601.7715589112 4521936.895470461
2074 3904 641478.7279988086 4521938.658732297
2135 3904 642699.223567813 4521938.379850488
2318 3904 646358.3166428705 4521938.791236344
2440 3904 648797.8041648671 4521938.973088902
2501 3904 650017.8417688122 4521938.02938234
2562 3904 651237.9644532544 4521938.062531985
2745 3904 654897.6602900487 4521938.829058782
2867 3904 657338.2943467873 4521938.582639089
2928 3904 658557.5731184367 4521938.610855342
2989 3904 659777.7159864908 4521938.045789853
3050 3904 660998.1051834773 4521937.8608562825
122 3965 602437.4587742556 4520718.670711515
366 3965 607317.8087767673 4520717.866631728
610 3965 612197.7790042197 4520717.3558138665
793 3965 615861.1335328988 4520718.174293176
915 3965 618299.1040731564 4520717.928490014
1281 3965 625618.8285053269 4520718.367740372
1647 3965 632938.827394256 4520718.062175508
2135 3965 642698.394546891 4520717.825293522
2196 3965 643918.2011481752 4520718.607860626
2257 3965 645138.2935626333 4520718.833417244
2318 3965 646358.4607294042 4520718.713550618
2501 3965 650018.3678343392 4520719.283376633
2684 3965 653678.0208479923 4520719.191533886
2806 3965 656118.0918579982 4520718.8975923
2989 3965 659777.4327148345 4520718.435606839
427 4026 608538.2923172788 4519497.832243028
854 4026 617080.9736439727 4519498.359234171
915 4026 618298.9437325764 4519498.356210799
1281 4026 625620.8899185156 4519498.553517537
1830 4026 636599.0133355586 4519497.842381693
1891 4026 637818.034374083 4519498.649068224
1952 4026 639040.5698023587 4519497.129406931
2196 4026 643918.5278542647 4519498.285232166
2257 4026 645138.5218163945 4519498.0051309345
2318 4026 646358.291366235 4519498.290018874
2501 4026 650018.0449912644 4519497.932403029
2623 4026 652457.5328411035 4519498.972144042
2684 4026 653677.7883117676 4519498.557212672
2745 4026 654897.5549291403 4519498.333521717
2806 4026 656117.3390756005 4519499.301521055
2867 4026 657337.6062233968 4519497.385644646
2989 4026 659777.9805341576 4519498.639033781
244 4087 604878.8753161872 4518278.0340376785
488 4087 609757.8841136451 4518278.231861006
549 4087 610979.1442892224 4518278.550082592
1525 4087 630500.2838749876 4518278.191940278
1830 4087 636598.028638919 4518279.428431725
1891 4087 637818.6199261281 4518278.04811033
2196 4087 643918.354223726 4518278.23951131
2379 4087 647577.8495428737 4518278.782066376
2562 4087 651237.9874970723 4518277.985971701
2623 4087 652458.3796574916 4518278.6786826365
2684 4087 653677.7027620596 4518278.308239246
2745 4087 654897.8895557753 4518278.428546658
2989 4087 659781.3739444687 4518277.599472571
305 4148 606098.5850787101 4517057.591122417
732 4148 614641.493320073 4517057.551668897
793 4148 615858.822816145 4517057.902988545
915 4148 618301.3499643689 4517057.666258647
1525 4148 630499.6480217323 4517057.500011952
1647 4148 632939.5674431962 4517057.939513009
2257 4148 645138.4224484711 4517058.798147399
2318 4148 646358.0155383454 4517058.584614205
2562 4148 651237.9323728546 4517057.731258825
2623 4148 652457.6520690395 4517058.59000765
2684 4148 653677.5466046226 4517058.436459946
2745 4148 654897.7356005886 4517058.474281047
2928 4148 658558.0411242776 4517059.127470973
61 4209 601218.7772844518 4515838.983964168
366 4209 607318.3321243024 4515838.32972662
671 4209 613420.8431287346 4515836.899055996
793 4209 615857.8827978388 4515837.526757966
915 4209 618300.856181157 4515838.171912579
1037 4209 620740.449407758 4515838.601699928
1159 4209 623181.7567750169 4515837.644757045
1220 4209 624398.0180473855 4515837.599027211
2135 4209 642697.813681885 4515838.065270232
2196 4209 643917.9969244195 4515838.098683278
2257 4209 645138.6623199773 4515838.45574421
2318 4209 646357.9016512069 4515839.034889079
2745 4209 654898.1710368588 4515838.543406031
2928 4209 658558.3642330089 4515838.89514666
122 4270 602437.365922387 4514619.157682307
671 4270 613421.9339792196 4514617.388779939
854 4270 617078.6338221353 4514617.746243094
915 4270 618301.8402531384 4514618.102812486
1159 4270 623178.6025965814 4514621.318809614
1281 4270 625618.3111483675 4514618.046761469
1891 4270 637819.4053769051 4514620.793530171
2196 4270 643918.5367470488 4514617.913821373
2257 4270 645138.3130089217 4514619.400313744
2318 4270 646358.2708039067 4514618.605670721
2379 4270 647578.1346222922 4514618.608210692
2440 4270 648798.5338878875 4514618.92478526
2501 4270 650018.0896799495 4514618.424098738
2562 4270 651237.3681844097 4514618.880591658
2623 4270 652457.4624987462 4514617.986565328
2684 4270 653677.8807207684 4514618.446287098
2867 4270 657337.789903041 4514618.432599573
2928 4270 658560.6927182064 4514618.250519664
183 4331 603658.1688776854 4513398.371276397
305 4331 606098.343635788 4513398.534630863
671 4331 613419.6405664565 4513398.88233011
732 4331 614641.1556493075 4513398.010407636
793 4331 615861.777625016 4513398.1671652
854 4331 617081.8533701466 4513397.173897868
976 4331 619521.2195768468 4513401.429687033
1159 4331 623179.0595388853 4513398.624245582
1891 4331 637818.4771432504 4513397.92187542
2257 4331 645138.7676989938 4513400.272852885
2379 4331 647578.433917348 4513398.149746145
2562 4331 651237.8890672012 4513398.495598287
2623 4331 652457.7019040103 4513398.411833145
2745 4331 654897.8518991448 4513398.386356861
2806 4331 656117.8957149496 4513397.551526015
2928 4331 658558.4257590066 4513398.492797252
854 4392 617081.5875365621 4512178.081081909
915 4392 618301.9403707659 4512178.259490728
976 4392 619521.5633450061 4512180.725537604
1159 4392 623177.8365148918 4512178.595649078
1220 4392 624398.3851093926 4512178.209575671
1342 4392 626837.6635433022 4512177.593634045
2196 4392 643918.9598576134 4512180.765018196
2379 4392 647577.8815859065 4512178.370421888
2440 4392 648797.9453712233 4512178.891667458
2562 4392 651238.1655137937 4512177.843890738
2623 4392 652458.1292788436 4512178.451239008
2684 4392 653677.8045500534 4512178.713991821
2745 4392 654897.0752917599 4512178.069634129
183 4453 603658.3659856602 4510958.594338751
244 4453 604877.4635769344 4510958.804158013
366 4453 607322.0604144728 4510959.043470645
671 4453 613421.221794616 4510957.63428915
854 4453 617079.1740888343 4510959.24502342
976 4453 619521.8437777255 4510958.322185356
1037 4453 620741.6452210812 4510958.293732308
1403 4453 628058.016203619 4510957.789352373
2257 4453 645137.3292453066 4510958.075589808
2440 4453 648799.1783660147 4510958.404873274
2501 4453 650018.1721162262 4510959.043772018
2562 4453 651237.4687805889 4510958.710037842
2684 4453 653678.302882879 4510958.148450679
2867 4453 657337.8937443189 4510958.476557012
2928 4453 658558.3355048385 4510958.317176656
183 4514 603658.3428170441 4509738.7283493
244 4514 604878.2438260278 4509738.487655768
488 4514 609762.3914141635 4509737.573723287
732 4514 614641.0783118655 4509737.838667789
793 4514 615863.053207882 4509738.952903641
854 4514 617081.1460806757 4509738.108708807
915 4514 618301.5013045459 4509738.149666861
1037 4514 620742.3287435302 4509737.715677544
1098 4514 621961.2589076394 4509737.975321647
1464 4514 629281.534742355 4509738.2819642145
2562 4514 651241.1102152726 4509737.947011269
2745 4514 654898.792840543 4509738.834564057
61 4575 601218.1153194078 4508518.68152116
122 4575 602438.0467131743 4508519.190597922
549 4575 610981.7180458736 4508519.124229965
610 4575 612201.5274110668 4508518.472856764
732 4575 614638.7667005901 4508518.019961138
854 4575 617081.7855425954 4508518.546720476
976 4575 619519.1685723652 4508518.83945848
1098 4575 621959.140732044 4508518.540561216
1159 4575 623182.5433172258 4508517.403707371
1464 4575 629278.3198811917 4508518.256043299
1647 4575 632937.9148272391 4508520.35350087
2745 4575 654901.6469652356 4508518.372860162
2806 4575 656118.0610728329 4508518.577708558
2867 4575 657338.1473045673 4508517.827691413
183 4636 603658.035691791 4507298.655318427
244 4636 604879.5902315625 4507297.856239223
366 4636 607318.9774867155 4507298.39334641
610 4636 612202.0465854143 4507298.436463177
854 4636 617081.6763556345 4507298.190758645
1159 4636 623178.4069216534 4507297.332817921
1281 4636 625620.8893366109 4507298.729109269
1342 4636 626838.3335405714 4507297.851212548
1403 4636 628058.9485835165 4507301.551235428
2013 4636 640260.7197255009 4507297.621230948
2745 4636 654898.8211737629 4507298.694730928
2806 4636 656117.6530507063 4507298.265109436
0 4697 599998.5475661666 4506079.044119123
61 4697 601218.3534695978 4506078.017927401
122 4697 602439.0737167042 4506078.41631947
366 4697 607321.8231624815 4506078.246946585
427 4697 608538.9073936132 4506078.485460443
976 4697 619521.9747897503 4506079.492298548
1037 4697 620738.9508456585 4506078.901258861
1220 4697 624398.1141240101 4506078.286729594
1281 4697 625622.0021760428 4506077.704493094
1586 4697 631718.5961830013 4506078.542583719
2806 4697 656118.7390201822 4506079.158299891
305 4758 606098.0786515945 4504858.278321715
671 4758 613420.8607650485 4504858.43912574
1098 4758 621961.5451664205 4504858.972259364
1281 4758 625618.1922693375 4504858.270091259
1403 4758 628059.1623304634 4504858.008549087
1586 4758 631719.0800237188 4504858.107145354
2135 4758 642700.2114453107 4504857.21151145
305 4819 606098.7064409303 4503637.8281428795
366 4819 607319.8689302396 4503637.8713693395
488 4819 609760.230097114 4503638.22506754
732 4819 614641.5679182464 4503636.906888039
1037 4819 620743.1473960757 4503638.409646487
1098 4819 621959.0857787572 4503638.689941004
1159 4819 623181.444732686 4503638.557089042
1220 4819 624401.4591176346 4503638.025202522
1281 4819 625618.6731483934 4503637.2926075375
1586 4819 631719.447480488 4503637.978445252
1830 4819 636598.0565189698 4503637.628216564
1891 4819 637818.8061875624 4503639.073303298
2135 4819 642698.9993905814 4503640.955769593
183 4880 603658.9634249753 4502419.050688267
244 4880 604878.5184707402 4502417.906427732
366 4880 607321.9623055636 4502419.939109088
427 4880 608538.2604369073 4502419.680370962
488 4880 609759.7440184748 4502418.985916217
732 4880 614640.8589870938 4502417.503284397
1037 4880 620738.9261356286 4502417.478015591
1098 4880 621958.9305068409 4502418.451731262
1281 4880 625621.3374522169 4502418.300817255
1586 4880 631718.2650738171 4502418.095929558
1830 4880 636597.6403488762 4502418.595475724
1891 4880 637818.7074648918 4502418.104032624
1952 4880 639038.560215847 4502418.123517578
2013 4880 640258.4375182026 4502418.605821687
2074 4880 641478.3470563743 4502417.957249508
2196 4880 643918.1488124302 4502417.873162398
2318 4880 646357.7876392518 4502419.515476405
61 4941 601220.5934736043 4501198.45934574
244 4941 604878.4060534241 4501198.214735207
305 4941 606100.916790922 4501198.209279019
366 4941 607320.8266660293 4501198.368206721
549 4941 610981.0414622616 4501197.658353768
671 4941 613421.515675469 4501198.182528052
854 4941 617081.122027089 4501198.543220774
976 4941 619521.3137609699 4501199.54392516
1159 4941 623181.6107183722 4501198.092976924
1220 4941 624398.5317811811 4501198.095394429
1525 4941 630501.0143483178 4501198.3972699735
1708 4941 634158.3899385144 4501199.083960146
1769 4941 635379.72228692 4501197.6101796655
2013 4941 640258.7829830816 4501198.170464381
2562 4941 651237.8214245761 4501198.419636574
2745 4941 654897.968016985 4501197.981812578
122 5002 602438.5415463181 4499978.017914525
427 5002 608538.5477512423 4499978.241247646
610 5002 612200.9485946649 4499977.7367444355
671 5002 613422.1296537169 4499978.094871708
854 5002 617081.9758806174 4499979.271420417
1098 5002 621960.3302728209 4499979.086550967
1159 5002 623181.390232586 4499977.456645726
1342 5002 626841.7163668954 4499978.1367701385
1769 5002 635380.9158633428 4499978.0218113735
1830 5002 636598.6001043471 4499978.076708336
1891 5002 637818.3145501964 4499978.01824961
2135 5002 642698.9477193953 4499978.81959824
2196 5002 643918.6754873549 4499978.961409948
2318 5002 646358.1833734118 4499977.92742615
2440 5002 648801.8862937716 4499976.883349729
2562 5002 651238.6480999987 4499976.833081444
2745 5002 654897.7445303284 4499978.273410209
488 5063 609758.9940609173 4498758.728826907
793 5063 615858.9532113977 4498758.821787285
854 5063 617082.0905966372 4498761.401735983
1098 5063 621960.6650719693 4498758.018248953
1220 5063 624399.2324462109 4498757.668013832
1281 5063 625621.4133245561 4498758.644486819
1342 5063 626841.3756721218 4498758.298132945
1403 5063 628060.8326522284 4498757.433654799
1464 5063 629281.6083114601 4498757.55142607
1891 5063 637819.4609095661 4498758.953199221
1952 5063 639041.8527447922 4498758.582595688
2074 5063 641478.1878166728 4498758.405715744
2135 5063 642698.3212254582 4498758.023816268
2196 5063 643917.996220121 4498758.380597761
2318 5063 646357.8676817126 4498758.850126179
244 5124 604878.3539349176 4497539.063447687
366 5124 607319.3926931097 4497538.900966319
427 5124 608542.1099874587 4497538.4096065555
671 5124 613419.2386715171 4497539.023286748
732 5124 614638.5415195813 4497538.612392234
854 5124 617082.2272442258 4497539.807056944
976 5124 619518.6714225968 4497538.41448179
1159 5124 623178.1984322091 4497538.41501257
1342 5124 626838.3493872839 4497538.016376578
1647 5124 632938.1253977744 4497538.148101952
1708 5124 634159.4018296212 4497538.489693123
1769 5124 635382.2002415488 4497537.834948063
1952 5124 639038.7088044265 4497538.358298822
2074 5124 641481.1499201211 4497538.272103183
2135 5124 642698.3710631548 4497537.989878478
2196 5124 643918.2127357197 4497537.971437696
2257 5124 645138.2677372722 4497538.801041916
2379 5124 647578.4778003882 4497539.131335163
2440 5124 648797.9817005098 4497539.334465703
2501 5124 650018.8692562274 4497538.484785883
61 5185 601218.5564941525 4496318.602963407
244 5185 604878.7743903495 4496318.01251433
305 5185 606101.1529395421 4496317.770541229
427 5185 608542.0014115911 4496318.151762795
610 5185 612201.6860913155 4496318.540664536
671 5185 613421.1937350073 4496318.102392715
854 5185 617081.150792203 4496317.996143641
915 5185 618301.0501226599 4496318.21620779
1098 5185 621960.8672426925 4496318.14934732
1647 5185 632938.222390083 4496318.266213926
2013 5185 640258.2834100146 4496318.732382295
2074 5185 641478.6128086185 4496319.0528679155
2135 5185 642698.1640954711 4496318.152868227
2196 5185 643918.8000405406 4496318.777233049
2257 5185 645138.9523661098 4496318.545525255
2318 5185 646358.2356384966 4496318.612389655
2379 5185 647578.4486568518 4496318.410198821
2440 5185 648798.2518500907 4496318.353472295
2501 5185 650018.045869003 4496318.810114816
2745 5185 654898.2459429129 4496318.321600184
61 5246 601218.682143476 4495098.308389023
366 5246 607318.7182619623 4495101.14447909
488 5246 609761.6644018802 4495098.212097231
549 5246 610981.8243166934 4495097.784787859
610 5246 612201.814818589 4495098.489176197
732 5246 614639.0347579407 4495098.080498244
1342 5246 626839.0831634357 4495097.635754675
1403 5246 628058.8824336325 4495100.232938944
2135 5246 642698.552793467 4495098.3223058395
2196 5246 643918.9499299799 4495097.615621151
2501 5246 650018.0017180261 4495098.763673471
2562 5246 651238.1530163288 4495098.736627434
549 5307 610981.247296203 4493878.359148863
610 5307 612201.4597036655 4493877.593836374
671 5307 613419.2883802609 4493878.2220917735
1159 5307 623181.3727025621 4493877.7943779435
1464 5307 629279.5398386053 4493879.390134127
2196 5307 643918.9828041095 4493878.300140681
305 5368 606098.95827982 4492658.457053722
427 5368 608542.4525745033 4492657.753448041
1098 5368 621958.6644661083 4492658.2536270665
1159 5368 623178.6737460335 4492658.6782475645
1220 5368 624399.0827474085 4492658.511642401
1342 5368 626838.5599748474 4492658.411148398
1464 5368 629278.5258983626 4492660.79172372
1769 5368 635381.1257084196 4492658.061160984
1830 5368 636600.9742697098 4492657.666082517
2196 5368 643918.5536057611 4492658.763520554
2501 5368 650018.500907964 4492657.745466403
244 5429 604880.818411803 4491438.3167853225
305 5429 606101.0219009153 4491438.894653056
427 5429 608541.6046564304 4491437.7657023845
549 5429 610981.0083849131 4491439.31337343
671 5429 613421.5675675041 4491438.0075328415
732 5429 614642.4954762178 4491437.759164637
854 5429 617079.1123831301 4491438.641205086
915 5429 618299.245136212 4491438.207884385
1098 5429 621961.2771590409 4491438.049317023
2013 5429 640258.5191748061 4491438.589774573
2074 5429 641478.5121969751 4491438.479235248
2196 5429 643919.1433486249 4491438.640526918
2562 5490 651238.472259343 4490219.035454215
