7564 0 575617.6449864679 4400042.08237955
8174 0 581716.8106088496 4400042.53560159
9394 0 593917.7326014296 4400041.921357349
9638 0 596357.3301931506 4400043.55433409
9760 0 597577.6651952849 4400042.377040896
10370 0 603677.9831996816 4400043.252945243
7320 122 573177.492629555 4398822.115519316
7442 122 574397.2054020293 4398822.753443132
7686 122 576837.3986727634 4398822.028481544
7808 122 578058.0336963984 4398822.663087794
7930 122 579277.6336965772 4398822.683409426
8052 122 580497.0397343305 4398822.415181768
8174 122 581717.2309862322 4398822.61267955
8296 122 582936.5682333431 4398822.678242099
8418 122 584157.1495357652 4398822.855251718
8540 122 585377.6749398308 4398822.364267527
8662 122 586597.7528834727 4398822.673296772
8784 122 587818.1206560623 4398822.087275211
8906 122 589037.3832812936 4398821.527966876
9150 122 591477.381488069 4398822.3397874925
9272 122 592697.6278073944 4398821.824706358
9394 122 593917.3418864796 4398822.247450712
9516 122 595137.6896422567 4398822.434227231
9638 122 596357.4217627759 4398822.896954485
9760 122 597577.3418050159 4398822.867405691
9882 122 598797.7075752085 4398822.773780553
10004 122 600018.7858071341 4398822.790880084
10126 122 601238.3963548495 4398822.8694544025
10248 122 602457.8512490836 4398823.349217482
10370 122 603677.2820095818 4398822.981361115
10492 122 604897.2650181392 4398823.11596107
10614 122 606117.3486347888 4398822.802326496
10736 122 607337.399508395 4398823.020309272
7442 244 574397.2824785691 4397602.168026812
7564 244 575617.4792593624 4397602.0851075025
7686 244 576837.5837332483 4397602.302399934
7930 244 579276.8023919144 4397603.023110288
8052 244 580497.8804908245 4397602.796528343
8174 244 581717.5550093981 4397603.446144144
8296 244 582936.4888752147 4397603.285498508
8540 244 585376.2243479604 4397603.323383
8662 244 586597.9361795733 4397602.722799695
8784 244 587817.4356480967 4397602.450176488
9028 244 590257.4045685033 4397602.140528769
9150 244 591477.5491407856 4397603.363152179
9272 244 592697.2752637675 4397602.088088042
9516 244 595138.0620521475 4397602.7489844635
9638 244 596358.2148638426 4397602.288396329
9760 244 597577.9057806025 4397602.386229524
9882 244 598798.699315141 4397602.708720335
10126 244 601238.2659914357 4397602.66023441
10248 244 602458.4049649863 4397602.998633993
10370 244 603677.899978363 4397602.578898544
10492 244 604897.4542674109 4397603.135255729
10614 244 606117.3734339436 4397603.606837012
10858 244 608557.0527155828 4397603.303792008
6954 366 569517.7078350321 4396382.815939107
7076 366 570737.5008255913 4396382.321036283
7442 366 574397.0920811936 4396382.6036876375
7564 366 575617.1451644835 4396382.781037284
7686 366 576837.2994219823 4396383.001718935
7808 366 578057.6856361893 4396382.253147484
8052 366 580497.239906623 4396383.5355471
8174 366 581717.5606788467 4396383.21866957
8418 366 584157.0385077121 4396382.950882744
8540 366 585378.1697612759 4396382.959596887
8662 366 586597.1198282338 4396382.537986496
8784 366 587816.7813283468 4396383.257062927
8906 366 589037.2438425119 4396382.3804398
9028 366 590257.1824123388 4396382.919328047
9150 366 591478.1806566336 4396382.3991963295
9272 366 592697.9865029831 4396381.614585129
9394 366 593918.1629080004 4396381.883037567
9516 366 595138.2892269182 4396381.840314566
9638 366 596357.8878735063 4396381.940883187
9760 366 597577.8527152189 4396382.2325670365
9882 366 598798.2859158684 4396382.329352344
10004 366 600018.4449338575 4396382.220725389
10126 366 601237.3365546725 4396382.350052082
10248 366 602456.8629928711 4396382.610488292
10492 366 604897.6111822978 4396383.22043663
10614 366 606117.241164325 4396382.417297183
10736 366 607337.3331222301 4396382.668094122
10858 366 608557.1429013422 4396383.252492616
7564 488 575617.8282920732 4395162.586936347
7686 488 576837.7446298795 4395162.927498472
7808 488 578056.3186199404 4395162.820324105
7930 488 579277.2792861236 4395162.54384879
8052 488 580496.5571404289 4395163.456926933
8174 488 581716.6439217206 4395163.424422144
8418 488 584157.3498900179 4395162.947924804
8540 488 585377.9323491096 4395163.297653348
8662 488 586597.4241836164 4395163.072280684
8784 488 587817.6262228019 4395162.814743062
8906 488 589037.9968753832 4395162.889920635
9028 488 590257.8765269644 4395162.831853934
9150 488 591477.5203317511 4395162.7394181015
9272 488 592697.1768344105 4395162.943612602
9394 488 593917.0809200578 4395162.57739087
9516 488 595137.9387893521 4395162.166553395
9760 488 597577.5970860388 4395162.356860143
9882 488 598798.1853197191 4395162.282816068
10004 488 600017.9499208437 4395162.160092247
10126 488 601237.8641846811 4395162.20133869
10248 488 602457.7426950936 4395162.580197913
10370 488 603678.5929727152 4395161.99595728
10492 488 604897.4031450951 4395161.891236249
10614 488 606117.5069987748 4395162.573554313
10736 488 607337.53969475 4395163.081750015
10858 488 608557.8456655017 4395162.6182331825
7564 610 575617.632169772 4393942.121621728
7686 610 576837.6392403429 4393942.374745776
7808 610 578056.5398031839 4393943.1162725715
8052 610 580497.4382599585 4393943.261429726
8296 610 582937.0241399148 4393942.6301389225
8418 610 584158.0025991005 4393942.444784155
8540 610 585377.9881673092 4393942.67074618
8662 610 586597.7729507468 4393942.296132991
8784 610 587817.1604510632 4393942.848420188
8906 610 589037.0529395478 4393943.0225089565
9028 610 590257.6087838586 4393942.935163549
9150 610 591477.7813156096 4393942.500826632
9272 610 592697.5660525607 4393942.031789614
9394 610 593917.7286919774 4393942.282385319
9516 610 595137.3716454019 4393941.920656514
9760 610 597577.9156580626 4393942.355711978
9882 610 598798.4677935486 4393941.911873644
10004 610 600017.6245319227 4393942.038550815
10248 610 602457.859580209 4393942.193344225
10492 610 604898.0334471355 4393943.302407292
10614 610 606118.3953639865 4393942.593725011
10858 610 608557.9833306684 4393942.358610951
7320 732 573177.3178564375 4392722.1075179465
7442 732 574397.2266511333 4392722.121058331
7808 732 578057.0690811733 4392722.6767288195
7930 732 579277.4923261835 4392722.732511455
8052 732 580497.0801777442 4392722.952906312
8174 732 581717.2189254838 4392722.9815302715
8296 732 582937.799917171 4392723.05883156
8418 732 584157.3003260754 4392722.678020464
8540 732 585377.4512231483 4392722.651263903
8662 732 586598.2143147027 4392722.339446801
8784 732 587817.9278713716 4392722.243196244
8906 732 589038.270553434 4392722.213007752
9028 732 590258.2257723454 4392722.569280868
9150 732 591477.7905538428 4392721.860765329
9272 732 592696.7534874533 4392722.312659884
9394 732 593917.5787394792 4392722.094215123
9516 732 595137.3431974313 4392722.718132917
9638 732 596357.6745668938 4392721.894566533
9760 732 597577.3954733044 4392722.1141158845
10248 732 602458.7503843405 4392721.504672137
10370 732 603678.4114340657 4392721.398994588
10492 732 604898.2694781562 4392722.000621697
10614 732 606117.8876981132 4392722.7093298985
7198 854 571956.6167126864 4391502.893987336
7320 854 573177.014411549 4391502.122037055
7564 854 575617.2485239645 4391502.188406784
7930 854 579277.5769186281 4391502.349559698
8052 854 580497.5707241312 4391501.84622168
8174 854 581717.2318593208 4391502.834126364
8296 854 582936.8145851784 4391502.761632799
8418 854 584156.9729236722 4391502.97971316
8540 854 585377.5682023901 4391502.255757437
8662 854 586597.4194644322 4391502.7919494
8784 854 587817.7854388537 4391502.760827556
8906 854 589037.6243737027 4391502.947983262
9028 854 590257.3959637458 4391502.351384411
9150 854 591477.4473186423 4391502.913836501
9272 854 592696.9406114849 4391502.319988763
9394 854 593916.993395248 4391502.97958293
9516 854 595137.3068938656 4391502.334425284
9638 854 596357.2974815044 4391502.438360391
9882 854 598798.7015190658 4391501.9472487345
10004 854 600018.499213154 4391501.591671034
10126 854 601239.0674753212 4391503.254542736
10248 854 602458.5254489923 4391502.134135769
10370 854 603678.3407165792 4391501.234629982
10614 854 606118.4135981993 4391501.61958794
10736 854 607338.5355459928 4391502.353541942
10858 854 608558.0041132821 4391501.571549543
8418 976 584157.5676593413 4390282.460790854
8540 976 585377.4607960726 4390281.652386376
8662 976 586598.3282122724 4390282.044451953
8784 976 587818.1366990001 4390282.008831248
8906 976 589038.1835060343 4390281.966077927
9028 976 590257.6951667725 4390282.4708505375
9150 976 591477.7618920295 4390282.209463962
9272 976 592697.3435483854 4390282.998638626
9394 976 593917.2551298661 4390282.3221798865
9516 976 595137.2590181376 4390282.582097537
9638 976 596357.566628576 4390282.444436625
9760 976 597577.7924665052 4390282.147175429
10004 976 600017.7942885153 4390282.1576207
10248 976 602457.6301218264 4390281.452067272
10370 976 603677.6072615399 4390281.661230255
10858 976 608557.7424511141 4390282.27375214
10980 976 609777.9015851864 4390281.674230201
7320 1098 573177.0790354117 4389063.227616498
7442 1098 574397.212396164 4389062.534534174
8174 1098 581718.0839078268 4389062.361547729
8296 1098 582938.1112858973 4389062.078406857
8418 1098 584157.543713528 4389062.456710639
8662 1098 586597.5198775553 4389062.087822766
8784 1098 587817.4961555485 4389061.9914164515
8906 1098 589037.5937064937 4389062.073612706
9028 1098 590257.844399184 4389062.330017687
9150 1098 591477.4421160349 4389062.420031066
9272 1098 592697.2329676191 4389062.774154826
9394 1098 593917.3157882312 4389062.906762241
9516 1098 595136.747678719 4389063.584556889
9638 1098 596357.6716737307 4389062.132591085
9760 1098 597577.7182631936 4389062.685867838
10126 1098 601236.8891461934 4389062.92726785
10370 1098 603678.8535307217 4389062.321451528
10736 1098 607337.823823669 4389062.1062347405
10858 1098 608558.6882042428 4389061.553980976
10980 1098 609778.8611311575 4389061.275801872
7442 1220 574397.6350364389 4387842.424237073
7564 1220 575616.9298689773 4387842.109100964
8174 1220 581717.238516287 4387842.577865737
8296 1220 582938.0277670785 4387842.6583731305
8540 1220 585377.4849027067 4387842.453705748
8662 1220 586597.4625908409 4387842.456457982
8906 1220 589037.4757442448 4387841.680045296
9028 1220 590257.6321535419 4387842.125242356
9272 1220 592696.7077855702 4387842.581429759
9516 1220 595137.3681681745 4387842.006941032
9638 1220 596356.6640203472 4387842.345660985
9760 1220 597576.9256172507 4387842.6840625135
10004 1220 600018.1642920366 4387842.096336914
10126 1220 601238.3061625998 4387842.310966132
10370 1220 603678.1882543152 4387841.468066469
10614 1220 606118.344887669 4387841.7468432505
10858 1220 608558.4122627781 4387841.360906622
7442 1342 574396.5322480958 4386624.903948505
7564 1342 575617.7902754983 4386623.041842351
8052 1342 580496.9319362541 4386623.178628628
8174 1342 581716.1900586626 4386622.782402505
8296 1342 582937.2327345264 4386622.362262505
8418 1342 584157.6256333087 4386621.906565618
8662 1342 586597.634042609 4386622.031782823
8906 1342 589037.8564516753 4386622.023212118
9028 1342 590257.6416015634 4386622.032207453
9150 1342 591478.446358948 4386621.754594893
9272 1342 592697.9629462205 4386622.727462202
9394 1342 593918.3925313572 4386623.037405608
9516 1342 595138.0909008756 4386623.323340347
9638 1342 596357.3029743903 4386623.720846067
9760 1342 597577.3314017665 4386623.096031049
10004 1342 600017.3799420993 4386623.236411238
10126 1342 601236.8355520115 4386622.543912429
10248 1342 602457.2766341014 4386622.196021902
10370 1342 603677.1350766018 4386621.297986022
10614 1342 606117.8166710625 4386621.583235555
10736 1342 607337.7729709602 4386621.701201758
10858 1342 608557.6129390826 4386622.400042326
7442 1464 574397.9207362288 4385402.800869503
7564 1464 575616.8387096468 4385403.125728328
7930 1464 579276.9641882074 4385402.969081601
8052 1464 580496.672749423 4385402.631690102
8174 1464 581716.868974023 4385402.930804822
8296 1464 582936.9199695098 4385402.691193751
8418 1464 584156.9678042082 4385402.079296382
8540 1464 585377.47236519 4385401.753870813
8906 1464 589036.9343121981 4385401.757067096
9150 1464 591477.7306894747 4385401.806838884
9272 1464 592697.7751977941 4385403.738788531
9394 1464 593917.5914171357 4385402.572393842
9516 1464 595137.029455925 4385402.755792422
9638 1464 596357.2049980434 4385402.850409648
9760 1464 597577.7247065534 4385403.095910306
9882 1464 598798.2848037691 4385402.899367732
10004 1464 600017.2780584705 4385403.113964465
10126 1464 601237.4281578094 4385403.091632794
10492 1464 604898.0163316715 4385402.009747932
10614 1464 606117.3758855722 4385402.761824235
10736 1464 607338.3391654515 4385402.178194539
10858 1464 608558.159326935 4385402.240064933
7442 1586 574397.5828553203 4384182.876141654
7564 1586 575617.2301911914 4384182.734157432
7686 1586 576838.0131468917 4384182.724485115
7808 1586 578057.007201045 4384183.166880298
7930 1586 579277.0920314348 4384182.601578591
8052 1586 580496.8147643466 4384182.844317357
8174 1586 581717.0498511011 4384182.583552248
8296 1586 582936.8484036578 4384181.930737034
9150 1586 591477.5422965487 4384182.076482509
9272 1586 592697.5217662284 4384182.590832525
9394 1586 593917.8309727965 4384182.725551079
9516 1586 595137.9177796405 4384182.500663168
9638 1586 596357.1213513404 4384182.951403766
9760 1586 597576.9458750375 4384183.25398032
9882 1586 598797.265823272 4384182.856545916
10004 1586 600017.5850702196 4384183.370258001
10248 1586 602457.4188672948 4384183.704778817
10370 1586 603677.6806749218 4384182.07811914
10492 1586 604897.1525747777 4384182.613924698
10614 1586 606118.3373235405 4384182.33842393
10736 1586 607337.9747364456 4384182.465540497
7442 1708 574396.0971407086 4382964.259026778
7564 1708 575616.9359779942 4382962.968478372
7808 1708 578057.0634475315 4382962.235038074
7930 1708 579277.0223361913 4382963.133269411
8052 1708 580496.6380793662 4382962.730946981
8174 1708 581716.4275152939 4382963.09407235
8418 1708 584157.8784895528 4382962.540647139
8540 1708 585377.9199954136 4382962.106211611
8662 1708 586596.9924215901 4382962.274739505
8784 1708 587817.6324854431 4382961.8508991115
8906 1708 589037.3956431358 4382963.020304546
9028 1708 590256.9511720501 4382962.265325671
9150 1708 591477.7114843335 4382962.514507972
9272 1708 592697.8823905447 4382962.3774686325
9394 1708 593918.1515583349 4382962.075380662
9516 1708 595137.9667139687 4382962.351675776
9638 1708 596358.3031542865 4382962.298851984
9760 1708 597577.9842518283 4382962.288062379
10004 1708 600017.5408394195 4382962.400689539
10126 1708 601238.7397816575 4382962.488728457
10248 1708 602458.1721477609 4382961.695472547
10370 1708 603678.2296884016 4382962.054652042
10492 1708 604898.2746632063 4382962.645032075
10614 1708 606117.3357337401 4382962.800075186
7564 1830 575616.8593675308 4381742.63620335
7686 1830 576837.0850860463 4381742.94682666
7808 1830 578057.295754343 4381743.223102037
7930 1830 579277.6407301349 4381743.33313575
8174 1830 581717.935956695 4381742.282534118
8296 1830 582937.6375793382 4381742.677718479
8418 1830 584157.4523063607 4381742.186031141
8540 1830 585377.2763404816 4381742.621018613
8662 1830 586597.1934438546 4381742.182526761
8784 1830 587817.2301285088 4381742.515919987
8906 1830 589037.4465725492 4381741.676581094
9272 1830 592698.3563776987 4381742.170302464
9394 1830 593918.1787435692 4381742.196395464
9638 1830 596357.6191858558 4381742.599280311
9760 1830 597577.9138961177 4381742.645499758
10004 1830 600017.8568938521 4381742.395009857
10126 1830 601237.4234722172 4381742.661390069
10248 1830 602457.3629498691 4381742.562635094
10370 1830 603677.2457952697 4381742.589882897
10492 1830 604898.0900234889 4381742.7724252725
10858 1830 608558.069984144 4381742.861302538
7564 1952 575617.507985132 4380522.06960727
7686 1952 576837.759760169 4380522.486096647
8174 1952 581718.0422264657 4380523.365937373
8296 1952 582936.7433712268 4380524.010040574
8418 1952 584156.9724377389 4380523.205765993
8540 1952 585376.6267962272 4380522.514489928
8662 1952 586597.3867022612 4380523.259212364
8784 1952 587816.8980801555 4380523.629513241
8906 1952 589036.5281400566 4380522.650730758
9028 1952 590256.6610804009 4380522.623015753
9150 1952 591478.0080775607 4380522.360215742
9272 1952 592697.7183061983 4380521.517019489
9394 1952 593917.8207695544 4380521.916662609
9516 1952 595138.0936109796 4380521.861995727
9638 1952 596357.6329266196 4380521.794197268
9882 1952 598797.6816961018 4380522.98446592
10004 1952 600017.353955834 4380522.830554312
10126 1952 601237.4927714624 4380522.616952396
10248 1952 602457.435114177 4380522.830708393
10370 1952 603678.5797029927 4380522.338056905
10492 1952 604898.3282250063 4380522.192670766
10858 1952 608557.4754132745 4380522.62766282
7686 2074 576837.1164878167 4379302.752112359
7808 2074 578057.4115967334 4379302.682046183
8052 2074 580496.8474956431 4379303.201967844
8174 2074 581717.1484375172 4379302.446304445
8296 2074 582937.4468359535 4379302.859331886
8418 2074 584157.382317469 4379303.3065017
8540 2074 585376.5490227819 4379303.462304918
8662 2074 586597.194437722 4379302.46779099
8906 2074 589037.0374997794 4379303.564872852
9150 2074 591477.4697704015 4379302.0952490745
9272 2074 592697.4148489286 4379301.8656552695
9394 2074 593917.9481595592 4379302.093130677
9760 2074 597577.1959520327 4379301.777935918
9882 2074 598797.2316150251 4379302.276276102
10004 2074 600017.4952856641 4379302.7651083805
10126 2074 601237.6072772662 4379302.712011784
10248 2074 602458.2748504357 4379302.882396371
10492 2074 604898.6860733384 4379303.172630125
10858 2074 608557.6555023429 4379303.200464995
7930 2196 579277.639454987 4378082.046665229
8174 2196 581717.6769174435 4378083.130540775
8296 2196 582937.5218656982 4378082.461547125
8418 2196 584157.4788691098 4378082.663916264
8540 2196 585376.9960400047 4378083.011609849
8784 2196 587817.2089015094 4378083.054183304
8906 2196 589036.0367198354 4378083.033855444
9028 2196 590257.2229473393 4378082.3409482995
9150 2196 591477.3589524662 4378082.068538278
9272 2196 592697.2468093192 4378083.156390658
9516 2196 595137.7019031845 4378081.456063562
9638 2196 596357.161187704 4378082.258055659
9760 2196 597577.9283371107 4378082.246549027
9882 2196 598798.2230176106 4378081.857411609
10004 2196 600018.0531432896 4378081.50216516
10126 2196 601237.4147939933 4378081.8664938975
10248 2196 602457.8445452296 4378082.075410203
10370 2196 603678.2049108847 4378082.125433054
10492 2196 604898.5183833772 4378082.150543217
10858 2196 608558.2743792655 4378082.556442939
7808 2318 578057.4190261055 4376862.236565789
7930 2318 579277.006501447 4376861.968799763
8174 2318 581717.0087014256 4376862.109798786
8296 2318 582937.6172683786 4376862.114331703
8418 2318 584157.4332232003 4376861.867076282
8540 2318 585377.401388104 4376862.665355078
8662 2318 586597.6153655772 4376863.406873819
8784 2318 587818.1001341065 4376863.456497644
9028 2318 590257.7875237139 4376862.415179603
9150 2318 591477.7060369556 4376861.629431477
9272 2318 592696.8752915496 4376863.874198992
9394 2318 593917.2227296099 4376862.021436803
9516 2318 595137.5759681674 4376862.374124404
9638 2318 596357.9842520587 4376861.968986102
9882 2318 598797.9834143303 4376861.51891025
10004 2318 600017.4540323012 4376862.054936409
10126 2318 601237.6982396273 4376862.413205212
10248 2318 602458.4077600081 4376861.841546988
10370 2318 603678.2261739708 4376861.625028334
10858 2318 608558.7024809851 4376861.861170137
8052 2440 580497.6875852386 4375641.975220432
8174 2440 581717.7709351829 4375642.024851019
8418 2440 584158.1789774575 4375642.0267107375
8540 2440 585377.7153649142 4375642.2567955265
8662 2440 586598.076603703 4375642.854772641
8906 2440 589037.6263882455 4375642.9814749425
9150 2440 591477.0701211821 4375644.114854305
9272 2440 592697.1509820707 4375642.026159985
9394 2440 593917.2143026625 4375642.1698648725
9516 2440 595136.9933571673 4375642.313240529
9638 2440 596356.9835345049 4375642.12556836
9760 2440 597577.1850690467 4375642.34250432
9882 2440 598797.6402804253 4375642.246565945
10004 2440 600017.8134453658 4375641.512045342
10126 2440 601238.3658295623 4375641.949951098
10248 2440 602458.2031277406 4375641.224758391
10370 2440 603677.874290391 4375642.1984467525
10492 2440 604897.6850760113 4375642.282408271
10858 2440 608557.887371111 4375642.361213503
10980 2440 609777.0566176327 4375642.2124598315
8174 2562 581717.2636898283 4374421.98572047
8296 2562 582937.4953490029 4374422.996702181
8418 2562 584157.5445721854 4374421.825593982
8540 2562 585377.4199416115 4374422.010251733
8662 2562 586598.1179359807 4374422.459897633
8784 2562 587817.4634063018 4374422.459429257
8906 2562 589036.5651032954 4374423.521849881
9028 2562 590256.8887658222 4374422.845019048
9150 2562 591476.6553672561 4374423.88220117
9272 2562 592697.2225937042 4374423.2500232905
9394 2562 593917.8685447549 4374421.609104341
9516 2562 595138.0903176542 4374422.558900311
9760 2562 597578.0428217016 4374422.390290874
9882 2562 598797.8883200488 4374422.220603631
10004 2562 600017.9106022418 4374422.022129087
10126 2562 601237.9370144195 4374421.785692546
10370 2562 603678.3637864934 4374421.500268315
10492 2562 604899.0015093947 4374421.605428809
10858 2562 608557.389784755 4374422.647107864
8296 2684 582937.8321227788 4373202.561078418
8418 2684 584157.8403600925 4373202.159766557
8540 2684 585377.6038617615 4373202.598581989
8662 2684 586597.6140089807 4373202.0080038225
8906 2684 589036.9783741641 4373202.9261353575
9028 2684 590256.1539125405 4373203.509434302
9394 2684 593916.0877222128 4373203.148071188
9516 2684 595136.9747408268 4373202.373129438
9638 2684 596357.2806655252 4373202.179474163
9760 2684 597577.0493640639 4373201.638262546
9882 2684 598796.8556519859 4373202.151640797
10004 2684 600016.8543543479 4373201.954602104
10126 2684 601237.5897705399 4373202.044043055
10248 2684 602457.5830177943 4373201.438735922
10370 2684 603677.6864816805 4373201.479467911
10858 2684 608557.750211011 4373201.68377691
8296 2806 582937.6372143622 4371982.706152893
8418 2806 584157.7146359391 4371982.339269979
8540 2806 585376.9528876708 4371982.141108231
8662 2806 586596.7440224105 4371982.791243319
8784 2806 587816.6876190966 4371981.944235737
8906 2806 589036.8537051554 4371983.59229448
9272 2806 592697.1128676167 4371981.874334348
9394 2806 593917.273742476 4371982.942724622
9516 2806 595137.5626261794 4371982.787175939
9638 2806 596357.9857111247 4371982.397840637
9760 2806 597577.7585839026 4371981.984129367
9882 2806 598797.6086240626 4371982.195739917
10004 2806 600018.298350137 4371981.401238456
10126 2806 601237.9281442366 4371981.870070002
10248 2806 602458.3863855954 4371982.078218833
10370 2806 603678.1152965056 4371981.757224533
10858 2806 608558.105672442 4371982.311862393
8296 2928 582937.2896537336 4370763.332524868
8418 2928 584156.6469011137 4370762.4281431595
8662 2928 586597.4586671906 4370762.285068813
8784 2928 587816.8918361599 4370761.764451976
9272 2928 592696.6515420377 4370763.06373995
9516 2928 595137.6902606868 4370762.817872781
9638 2928 596357.7588189805 4370762.2742000595
9760 2928 597578.1655041154 4370762.189212892
9882 2928 598797.3792417133 4370762.060402367
10004 2928 600017.663717109 4370762.3958400665
10126 2928 601238.0814952804 4370761.705479792
10248 2928 602457.2584218532 4370762.166939257
10370 2928 603677.5239817847 4370761.849427581
10736 2928 607337.8589089114 4370761.982075412
10858 2928 608558.1887873558 4370761.407971604
8540 3050 585377.6180706809 4369542.241293458
8662 3050 586597.2936244461 4369542.547072267
8784 3050 587817.328443793 4369542.744825772
9272 3050 592696.7459501488 4369543.537793444
9516 3050 595137.6178209824 4369542.6175003415
9638 3050 596356.7511368382 4369543.011473173
9760 3050 597577.3029918494 4369542.742238478
9882 3050 598798.0457745192 4369542.053712814
10004 3050 600017.8459379892 4369542.26043465
10126 3050 601237.497084094 4369542.044278758
10248 3050 602457.2321400498 4369542.265501609
10370 3050 603676.7238605387 4369542.7193238605
10492 3050 604897.1004881887 4369542.516155355
10736 3050 607337.4276624786 4369542.318995152
10858 3050 608558.1191553737 4369542.2119396925
8540 3172 585376.9156127936 4368322.999697962
8662 3172 586597.8620955155 4368322.472914443
8784 3172 587817.3163683031 4368322.460525187
9028 3172 590257.4823269944 4368323.507556987
9394 3172 593916.3704708719 4368323.15741981
9516 3172 595137.8463959245 4368322.725047759
9638 3172 596357.9845764443 4368322.416346402
9882 3172 598797.1453791918 4368322.416149461
10004 3172 600016.736810593 4368322.772753612
10126 3172 601237.2271543664 4368322.48273172
10248 3172 602457.8824523506 4368322.192421321
10370 3172 603677.8253758615 4368321.9825747125
10492 3172 604897.3774614694 4368321.094143545
10614 3172 606118.1582313103 4368322.003492331
10736 3172 607337.6250366464 4368321.83065614
8784 3294 587817.3040088726 4367102.44104267
8906 3294 589037.1161899893 4367103.529365538
9028 3294 590257.2958190376 4367103.328627034
9272 3294 592697.1452788714 4367103.988483692
9394 3294 593917.3041143784 4367103.198791356
9516 3294 595137.2123917085 4367102.6562994635
9638 3294 596357.1509382931 4367103.195190464
9882 3294 598797.9251714684 4367102.554117946
10004 3294 600017.9137392405 4367102.603575916
10126 3294 601237.8517109471 4367102.339084302
10248 3294 602457.4242501187 4367102.376832663
10370 3294 603677.7741325035 4367101.5409464715
10492 3294 604897.7146427119 4367102.489583313
10614 3294 606117.4584919794 4367101.960488837
8784 3416 587816.9328844128 4365882.773922655
8906 3416 589037.2631698879 4365883.050376358
9028 3416 590257.3944926201 4365883.106624908
9272 3416 592696.6914860553 4365884.036732369
9394 3416 593917.2143298379 4365883.173840042
9516 3416 595137.5162360221 4365882.495125081
9638 3416 596357.3032505418 4365882.685127798
9760 3416 597577.7282063613 4365882.816574788
9882 3416 598798.1566580745 4365882.258978808
10004 3416 600017.8008825048 4365882.486012374
10248 3416 602458.0909350794 4365882.569663502
10492 3416 604896.9425142802 4365882.719267785
10736 3416 607337.1715376741 4365882.458466109
10858 3416 608557.4842336397 4365882.518987966
8784 3538 587818.0337243865 4364662.810952421
8906 3538 589037.9249646564 4364662.6570111
9028 3538 590257.7630658736 4364662.981447894
9150 3538 591477.2413496732 4364663.097388597
9394 3538 593917.4980485261 4364663.08442963
9760 3538 597577.9501167485 4364662.130968786
9882 3538 598798.2927553745 4364662.391724832
10004 3538 600018.2485430577 4364661.857886015
10126 3538 601238.0653234136 4364662.374696866
10248 3538 602457.8080318732 4364662.460392036
10370 3538 603678.0200545655 4364662.24164787
10492 3538 604897.798739407 4364662.152016745
10614 3538 606117.3116252685 4364662.892548032
10858 3538 608556.6691812262 4364663.296129371
10980 3538 609777.0343301822 4364662.655057543
8784 3660 587818.0709263373 4363442.880984119
8906 3660 589037.351671469 4363442.839377137
9028 3660 590257.2571753713 4363443.37867574
9150 3660 591476.1133404967 4363443.764788916
9272 3660 592696.941766962 4363443.725335483
9394 3660 593916.9744541058 4363443.07972557
9638 3660 596357.0013891584 4363442.517037806
9760 3660 597577.2533165389 4363442.824249315
9882 3660 598797.4288230189 4363442.532925277
10004 3660 600016.9789645774 4363442.639205719
10126 3660 601237.0843515069 4363442.81699803
10248 3660 602457.1121397987 4363442.349082375
10370 3660 603676.9642530356 4363442.42791415
10492 3660 604897.2150928524 4363442.112357389
10858 3660 608556.6552698903 4363442.447184066
8784 3782 587817.9665965086 4362223.167755971
8906 3782 589038.2073254937 4362223.044070703
9028 3782 590257.8791326284 4362223.298034123
9150 3782 591477.6044930407 4362223.173226457
9394 3782 593917.2598261784 4362222.762805897
9516 3782 595137.2438120575 4362223.079868903
9760 3782 597577.8407481415 4362222.909395965
9882 3782 598798.6921651551 4362222.495540527
10004 3782 600018.1025390676 4362222.8307404015
10126 3782 601238.2286026722 4362222.519839399
10248 3782 602457.4623846163 4362222.2743095
10370 3782 603678.1719992834 4362222.420843707
10492 3782 604898.3482964931 4362222.3868050445
10858 3782 608558.1401756653 4362222.460860886
10980 3782 609778.6237141867 4362221.31915504
8784 3904 587817.1979799634 4361003.246598036
8906 3904 589036.9163943229 4361003.178091413
9028 3904 590257.9830939805 4361002.976633897
9272 3904 592697.3116750327 4361003.030128952
9394 3904 593916.8823312686 4361002.94695681
9516 3904 595136.6945551918 4361002.739079316
9760 3904 597577.269850455 4361003.262634147
9882 3904 598798.0594380769 4361002.612373339
10004 3904 600018.0210209761 4361002.857127147
10248 3904 602457.4875518228 4361002.2582047265
10492 3904 604897.2543604027 4361002.38328909
10614 3904 606117.2179833027 4361002.412971385
9028 4026 590256.0047683618 4359782.808690904
9150 4026 591476.757318052 4359783.447469253
9272 4026 592696.9464104671 4359782.969722527
9394 4026 593917.0023386405 4359782.488348599
9516 4026 595138.3677091254 4359783.0990037145
9638 4026 596357.1138295396 4359782.785943363
9760 4026 597576.7834720972 4359782.768986427
9882 4026 598796.6852546002 4359783.05693453
10004 4026 600017.3459587421 4359783.344772174
10126 4026 601237.5454410252 4359782.761788139
10248 4026 602458.1872471222 4359782.126522553
10492 4026 604896.8903442838 4359782.564869859
9028 4148 590256.9194405079 4358562.815514873
9516 4148 595137.7941851926 4358563.230776144
9760 4148 597577.876404285 4358562.683146337
9882 4148 598797.7343815691 4358562.381748145
10004 4148 600017.3069461894 4358562.393686153
10126 4148 601236.9582393374 4358562.560744908
10248 4148 602456.9408421133 4358563.027447791
10370 4148 603677.2702464645 4358562.693659575
9028 4270 590257.2792634487 4357343.514789198
9150 4270 591477.13236328 4357342.783369499
9272 4270 592696.4806191013 4357343.674889018
9516 4270 595137.6503582778 4357343.036348589
9638 4270 596358.0286760889 4357342.518264622
9882 4270 598798.0732113256 4357342.529962793
10004 4270 600018.4115268933 4357342.823343235
10126 4270 601237.6890651106 4357342.585226763
10370 4270 603676.8364554228 4357343.305769472
10736 4270 607336.9918293285 4357342.809281772
9150 4392 591478.1009230937 4356123.12717333
9272 4392 592697.4257154072 4356123.518861099
9394 4392 593916.3857359109 4356123.710107281
9638 4392 596357.853864247 4356122.460197384
9760 4392 597578.2152694485 4356122.343042603
9882 4392 598798.152626679 4356121.949475267
10004 4392 600018.0987898058 4356122.355221421
10126 4392 601237.5018414364 4356122.568326429
10248 4392 602457.4217220298 4356122.516814886
10370 4392 603677.3893017601 4356123.094174915
10492 4392 604897.3453772891 4356122.376716776
10614 4392 606116.7432193775 4356122.964884917
9028 4514 590258.0951705892 4354904.179270533
9150 4514 591477.1523022224 4354902.453161332
9272 4514 592697.1469940441 4354903.277836293
9516 4514 595136.9922647001 4354903.263955906
9638 4514 596357.0542819644 4354902.227580353
9882 4514 598796.436501528 4354903.1249684645
10004 4514 600017.0962473094 4354901.911722271
10126 4514 601237.0106860043 4354902.749772506
10248 4514 602457.2607590389 4354902.703423595
10370 4514 603677.3245346907 4354903.181682393
10492 4514 604896.3635897093 4354902.043468085
9150 4636 591477.6563159919 4353682.684814931
9272 4636 592697.0130593479 4353682.983947946
9394 4636 593916.4393977458 4353683.2861576285
9516 4636 595137.137783549 4353683.078767173
9638 4636 596358.0818133103 4353682.690529238
9760 4636 597578.2250934895 4353682.584033088
10126 4636 601238.0533197853 4353683.183178799
10248 4636 602458.2296967101 4353682.764670685
10370 4636 603677.8956948614 4353681.7866756
10614 4636 606118.0399999543 4353682.614445725
10980 4636 609778.5262081556 4353681.872439399
9272 4758 592697.6377735087 4352462.616233688
9516 4758 595136.3570820232 4352462.612513112
9760 4758 597577.2751469295 4352462.640858212
10004 4758 600018.3351493997 4352462.7216273295
10126 4758 601238.1409017578 4352462.716182628
10370 4758 603678.1630812666 4352462.021005563
10492 4758 604898.1503906108 4352462.974191214
10614 4758 606117.3954487563 4352463.102269757
10736 4758 607337.6083006789 4352463.018024764
10858 4758 608558.2851042609 4352463.261522635
9150 4880 591478.5291842655 4351242.2594841365
9394 4880 593918.1064742644 4351243.093068181
9516 4880 595137.7544974658 4351242.980113371
9638 4880 596357.3964636058 4351243.498362963
9760 4880 597577.8211444383 4351241.526142489
9882 4880 598797.4331573278 4351243.134006647
10004 4880 600017.9606695962 4351243.246510609
10370 4880 603678.2418265336 4351242.326611051
9394 5002 593918.0182781841 4350022.812588223
9516 5002 595138.4474262408 4350022.823321557
9638 5002 596357.5713836446 4350023.334044815
9760 5002 597577.3892974954 4350022.623277805
9882 5002 598797.4704400005 4350023.269513655
10004 5002 600017.3398782418 4350023.4461874645
10126 5002 601236.3302933021 4350023.358238723
10370 5002 603677.3762804677 4350023.240441219
10492 5002 604898.129540402 4350022.226877066
9272 5124 592698.084987431 4348802.766089467
9516 5124 595138.2452211776 4348802.765840094
9760 5124 597577.7207810639 4348802.1700445395
9882 5124 598797.9914535843 4348802.660639347
10004 5124 600018.3895805213 4348802.923798635
10126 5124 601237.2148962056 4348802.420026027
10248 5124 602457.3214737347 4348803.036185864
10370 5124 603677.2871713657 4348803.007832621
10492 5124 604896.5735141521 4348803.015431144
10858 5124 608557.1835963064 4348802.768160995
9394 5246 593918.3138952523 4347582.2986798035
9516 5246 595138.3899813036 4347582.033328531
9638 5246 596358.0427579607 4347582.099304284
9760 5246 597578.6806408045 4347582.18950967
9882 5246 598798.3101163193 4347582.567491231
10004 5246 600017.707642229 4347581.922308676
10126 5246 601237.6295930643 4347582.640039228
10248 5246 602457.8175052236 4347582.592863314
10370 5246 603677.4204861086 4347583.078281425
10492 5246 604897.0966307723 4347582.975993437
10614 5246 606117.4608918545 4347583.207673432
10736 5246 607337.7312859973 4347583.154236583
10858 5246 608558.1542842281 4347582.462425111
9516 5368 595137.4098654253 4346362.2350341575
9638 5368 596357.5559067435 4346362.107661667
9760 5368 597577.4588869029 4346363.220266255
9882 5368 598797.4854905754 4346362.5025316635
10004 5368 600017.2873248686 4346362.590509654
10126 5368 601237.4437153114 4346363.019812921
10370 5368 603677.5388809683 4346362.658077272
10614 5368 606117.3914361913 4346363.334341461
10736 5368 607337.2855904213 4346363.053211107
10858 5368 608557.5484043782 4346362.912840426
9272 5490 592697.4617281364 4345142.075638199
9394 5490 593917.3333110849 4345142.00276318
9516 5490 595137.5690218995 4345142.168745257
9638 5490 596357.4353040676 4345142.120079503
9760 5490 597577.2557347504 4345142.841036093
9882 5490 598797.6448204194 4345142.333022595
10004 5490 600017.5860885354 4345143.069634254
10126 5490 601237.9482362879 4345142.592283435
10248 5490 602457.8862804273 4345142.561576697
10370 5490 603677.8951460872 4345142.50825768
10492 5490 604897.8610326599 4345143.1525595095
10614 5490 606117.4876989848 4345143.1669391515
10858 5490 608556.8753519809 4345142.49546133
10980 5490 609777.3326597643 4345142.662766818
9516 5612 595137.1474757276 4343922.303209928
9638 5612 596357.0875838504 4343922.945013653
9882 5612 598797.4353098593 4343922.649348684
10004 5612 600017.6809104609 4343922.102837174
10126 5612 601238.3825947763 4343922.064324218
10248 5612 602458.6424221715 4343922.131312735
10370 5612 603678.7641894566 4343922.346205565
10492 5612 604898.7266190418 4343922.154792382
10614 5612 606118.7603338226 4343921.972366188
10736 5612 607338.6221147843 4343922.575938015
10858 5612 608557.6205245536 4343922.472490189
9272 5734 592698.0853642755 4342701.741757846
9394 5734 593917.3975193603 4342701.952219513
9516 5734 595137.1067822336 4342702.258494289
9638 5734 596357.7227970148 4342702.68910819
9760 5734 597577.5875098498 4342702.967185677
9882 5734 598798.4625429858 4342702.805565839
10004 5734 600018.2017298599 4342702.675575693
10126 5734 601238.2337216007 4342702.94637895
10248 5734 602458.2431895313 4342702.745629594
10492 5734 604897.490539305 4342701.99309032
10614 5734 606118.226290145 4342702.426994471
10736 5734 607337.3202271481 4342702.9046816155
10858 5734 608556.5734736053 4342702.589857061
10980 5734 609778.3993308375 4342702.525922424
9516 5856 595137.9814572111 4341482.217508177
9638 5856 596358.6098836695 4341482.276528945
9760 5856 597577.2020660976 4341482.987174482
9882 5856 598797.0567470498 4341483.245704774
10004 5856 600017.5632195717 4341481.837569247
10126 5856 601237.9581459815 4341482.484537913
10248 5856 602458.6790557745 4341482.399547496
10370 5856 603678.2753311497 4341482.662695218
10492 5856 604898.7571053645 4341482.376543348
10614 5856 606117.3693912337 4341483.692234076
10736 5856 607338.0803404138 4341481.911881169
9516 5978 595138.1397402887 4340262.311537609
9638 5978 596357.4283770935 4340263.229077545
9760 5978 597577.2219160316 4340262.64359106
9882 5978 598797.144345128 4340263.064455064
10126 5978 601237.597715961 4340262.949708979
10370 5978 603678.6795832444 4340262.497534064
10492 5978 604898.3841668019 4340262.5290476745
10614 5978 606117.8051554034 4340263.185794784
10736 5978 607337.222364452 4340262.840604386
10858 5978 608558.014748604 4340262.64562882
9516 6100 595138.0324574097 4339042.608806788
9760 6100 597577.0100491545 4339042.708074354
9882 6100 598797.6489865317 4339042.504931571
10004 6100 600016.8855755101 4339043.4981804965
10126 6100 601236.8252367557 4339043.461921327
10370 6100 603677.128584492 4339042.952524751
10492 6100 604898.3554577001 4339043.185453908
10614 6100 606118.3219624527 4339043.389331344
10736 6100 607337.959219054 4339041.556057648
10858 6100 608557.8886143072 4339042.480760033
9638 6222 596358.1877578578 4337822.611144521
9760 6222 597577.1234367415 4337821.995293242
9882 6222 598796.9520375603 4337822.200256951
10004 6222 600017.1778335132 4337823.066061333
10126 6222 601236.5705961959 4337821.628915653
10248 6222 602457.0101476015 4337823.280815705
10370 6222 603677.4410726426 4337822.908506633
10492 6222 604897.6817199651 4337823.361200002
10614 6222 606117.7634970751 4337822.719479973
10736 6222 607337.1254534442 4337822.513569705
10858 6222 608557.902819857 4337822.000340825
10980 6222 609778.5778589777 4337821.25595953
9272 6344 592697.2318244029 4336601.795607207
9394 6344 593917.3485851339 4336601.689787054
9516 6344 595137.3455233315 4336602.251402048
9760 6344 597578.5293817639 4336603.045691188
9882 6344 598797.1652640268 4336602.358228661
10126 6344 601237.6556860497 4336601.879583897
10248 6344 602457.4033863831 4336602.7627712125
10492 6344 604897.8862497788 4336602.387359715
10614 6344 606117.3087124715 4336603.395639088
10736 6344 607336.9871996687 4336602.579586528
10858 6344 608557.2881784746 4336602.047854625
10980 6344 609778.2379079222 4336601.35379356
9272 6466 592697.5966896276 4335381.953635773
9394 6466 593917.6272619911 4335382.167152087
9516 6466 595137.5305256742 4335382.007293546
9638 6466 596357.939946081 4335382.1719264295
9882 6466 598798.037060814 4335382.006756316
10126 6466 601238.0209993278 4335382.059401744
10248 6466 602457.75558998 4335382.849484829
10370 6466 603678.6710762739 4335382.610191872
10492 6466 604897.9947584134 4335382.775061121
10614 6466 606117.6302186761 4335382.475124349
10980 6466 609778.3755434859 4335381.725825097
9272 6588 592697.301768912 4334162.46936943
9394 6588 593917.8726314091 4334161.854115106
9760 6588 597577.3434627973 4334162.34145463
10126 6588 601238.2355973416 4334162.098005625
10248 6588 602458.5266045748 4334162.457992966
10370 6588 603677.6190332349 4334162.393153044
10492 6588 604898.0073085565 4334162.992649982
10614 6588 606116.698213509 4334162.14151166
10736 6588 607337.0163620214 4334161.997383443
10858 6588 608557.3806325113 4334161.785117287
9516 6710 595137.0884851081 4332942.179405521
9638 6710 596357.1915061092 4332942.483961377
9760 6710 597577.8965266596 4332942.772236296
9882 6710 598798.2711412121 4332942.668684416
10004 6710 600018.5907768278 4332942.50872372
10248 6710 602457.5634278271 4332942.489228366
10492 6710 604898.0493792703 4332942.55138413
10614 6710 606117.442412063 4332942.00728022
10736 6710 607337.2709377876 4332941.950564902
10858 6710 608557.9581762657 4332941.800617751
10980 6710 609778.343415542 4332942.3087289445
9394 6832 593917.9084392709 4331722.080512072
9516 6832 595137.5645087417 4331721.743020414
9638 6832 596356.9193644524 4331722.841350031
9760 6832 597576.889676892 4331722.842502184
9882 6832 598797.7111443129 4331722.596018537
10614 6832 606116.9269369477 4331721.707263732
10736 6832 607337.0924559766 4331721.89039966
10858 6832 608557.6596888755 4331722.11464113
10980 6832 609777.6030280765 4331722.0795787815
9394 6954 593918.1590435058 4330501.830784339
9516 6954 595138.2634926552 4330502.14708025
9760 6954 597577.6655958053 4330502.352983813
9882 6954 598797.5021914304 4330502.364366744
10004 6954 600017.5053424118 4330502.454717402
10126 6954 601238.1683484607 4330502.884265495
10248 6954 602458.5019120667 4330501.736968175
10614 6954 606117.7764454146 4330501.72955881
10736 6954 607337.1479006665 4330501.585199694
10858 6954 608556.9056628372 4330501.579206631
10980 6954 609777.6854626766 4330501.771735771
9394 7076 593918.3521064664 4329282.231737024
9516 7076 595137.4530628923 4329282.3941337615
9638 7076 596357.9192097397 4329282.787072313
9760 7076 597577.6147445985 4329282.3543467
9882 7076 598797.3341256822 4329282.628556998
10004 7076 600017.1196065873 4329282.603934369
10126 7076 601237.7838151713 4329282.490928672
10248 7076 602458.4930501678 4329282.256158574
10492 7076 604897.3904239766 4329282.513200672
10614 7076 606117.3198207616 4329281.8162764255
10736 7076 607337.7517427866 4329281.597510243
10980 7076 609777.9713788193 4329280.930278516
9394 7198 593917.5104953307 4328062.344226918
9516 7198 595137.3862032634 4328062.457737562
9882 7198 598797.5269348904 4328062.826308059
10004 7198 600017.274786201 4328063.00847422
10126 7198 601236.9266353901 4328063.319381786
10248 7198 602457.6491551301 4328063.062433505
10492 7198 604897.588405712 4328062.019283558
10614 7198 606117.005262446 4328061.867181946
10736 7198 607337.6133214196 4328061.649794896
10858 7198 608557.5560995056 4328061.992485751
9638 7320 596357.1040746944 4326842.5995511245
9760 7320 597577.92953584 4326842.078034238
9882 7320 598798.3580284778 4326842.555603282
10004 7320 600018.2504092283 4326842.692665804
10126 7320 601238.3483088288 4326842.60159914
10492 7320 604897.8243071182 4326841.75869322
10614 7320 606118.3441618034 4326841.9667403195
10736 7320 607337.7387269912 4326841.502118804
10858 7320 608558.0160174316 4326841.4746225355
9638 7442 596358.288762588 4325622.12388132
9882 7442 598798.3970766496 4325622.572848172
10126 7442 601238.1223843882 4325622.854005391
10370 7442 603676.8261257326 4325623.07244971
10492 7442 604897.3538815574 4325621.821339859
10614 7442 606117.3011304659 4325621.871328781
10736 7442 607337.0507516477 4325621.82929897
10858 7442 608557.0843323412 4325621.767106358
9638 7564 596358.1607334339 4324402.560476185
9760 7564 597578.429163689 4324402.8331824755
9882 7564 598798.0391651904 4324402.807812278
10004 7564 600017.7413885284 4324402.38618992
10126 7564 601237.563473444 4324402.642070108
10248 7564 602457.2669563061 4324402.982203858
10492 7564 604896.9410307556 4324401.478421529
10614 7564 606116.6634895382 4324401.703252827
10736 7564 607337.4323050388 4324402.024011384
10858 7564 608556.8332461566 4324402.442400295
9760 7686 597578.2700797319 4323182.300851383
9882 7686 598798.1467735174 4323182.233733814
10004 7686 600018.424999779 4323182.241362573
10126 7686 601237.4941395964 4323182.603720084
10248 7686 602457.3339174215 4323182.317790559
10370 7686 603677.9070078207 4323181.319776562
10492 7686 604898.1810677133 4323182.7241969695
10614 7686 606117.1085966632 4323181.532083083
10736 7686 607337.3384555252 4323181.152295943
10858 7686 608558.6221217548 4323182.128490495
9638 7808 596357.0039152306 4321962.76183188
9882 7808 598797.7364544396 4321962.628884995
10126 7808 601238.3254043214 4321962.480527894
10248 7808 602457.5562959663 4321963.005089615
10492 7808 604898.3254820706 4321962.082344481
10736 7808 607336.7828282799 4321962.114984768
10858 7808 608557.5616823307 4321962.22263929
9638 7930 596356.6587468598 4320742.568899259
9760 7930 597577.234181083 4320741.683442532
9882 7930 598797.5841103939 4320742.317668646
10126 7930 601238.5638784172 4320742.190863511
10248 7930 602457.750202414 4320743.117342769
10370 7930 603677.7606884262 4320742.066428719
10492 7930 604897.7332071948 4320742.416947639
10736 7930 607337.8912951394 4320742.827045022
10858 7930 608557.1291802624 4320741.554014493
9760 8052 597577.8314168635 4319521.675142149
9882 8052 598798.2587868145 4319521.730556974
10370 8052 603676.7051042361 4319522.726920481
10614 8052 606117.2506859684 4319522.289626628
10736 8052 607337.57749952 4319522.177907613
10248 8174 602457.4982640182 4318302.6962979175
10370 8174 603676.8501552361 4318302.837758649
10614 8174 606117.9200855654 4318302.519702043
10736 8174 607337.5201275388 4318302.5469485875
9882 8296 598797.3330340846 4317082.13878074
10004 8296 600017.379756861 4317082.279310082
10126 8296 601237.3648241686 4317082.41967785
10248 8296 602458.0014922533 4317082.396759394
10370 8296 603677.6122463678 4317082.496837988
10492 8296 604897.840812025 4317082.069003829
10614 8296 606115.9841577583 4317083.010273582
10736 8296 607337.1046680461 4317082.147980235
10004 8418 600017.6899320707 4315862.00050714
10126 8418 601237.7655379698 4315862.331930659
10248 8418 602457.4195274631 4315862.536707225
10370 8418 603677.4202010086 4315862.580268255
10492 8418 604896.5238687333 4315862.8778119935
10736 8418 607336.0652466144 4315863.1888099
10858 8418 608556.8479364126 4315862.331270281
10980 8418 609776.7321753963 4315861.04447851
10126 8540 601237.7197204744 4314642.243672297
10248 8540 602457.6500431122 4314642.007469807
10370 8540 603677.3487741742 4314642.418204287
10492 8540 604896.8561403389 4314642.986743559
10858 8540 608557.5687167697 4314642.809212619
10980 8540 609778.323513181 4314641.866349536
10126 8662 601237.5797479004 4313422.6210065745
10248 8662 602457.9654844808 4313422.78239091
10370 8662 603677.4285438497 4313422.498226714
10492 8662 604896.9420815732 4313422.836269961
10614 8662 606116.5734350313 4313422.99589781
10736 8662 607336.5510393945 4313423.508792839
10980 8662 609778.2718534817 4313422.522764113
10126 8784 601237.141953026 4312202.805102021
10248 8784 602457.9580083922 4312202.570259105
10370 8784 603677.8614997675 4312202.698363954
10614 8784 606116.9368023208 4312202.536126422
10736 8784 607337.0992940916 4312203.362873202
10248 8906 602457.8698066229 4310982.195270626
10492 8906 604897.7998604057 4310982.14065166
10736 8906 607336.8865038268 4310982.848915496
10858 8906 608556.6594261704 4310982.961039338
10614 9028 606117.7420515609 4309762.524826336
10858 9028 608556.2137189134 4309763.011186225
10614 9150 606117.9140687583 4308542.381834729
10858 9150 608556.8151549215 4308543.42474457
10614 9272 606116.6764929688 4307322.590224414
10614 9394 606117.7663566904 4306101.670831369
10736 9638 607336.5673579494 4303663.601128967
10858 9882 608557.7892567794 4301222.955548142
10614 10004 606117.3512980086 4300002.149325237
10736 10004 607337.614546776 4300002.58043395
10858 10004 608556.6140892948 4300002.708326864
10614 10248 606117.4007696016 4297561.210498462
10614 10492 606117.4236565775 4295121.466107173
10736 10736 607337.0516536407 4292682.148472347
10614 10858 606116.8844203977 4291461.204954545
10736 10858 607337.2514187407 4291461.760363284
10858 10858 608557.5897945215 4291461.67468746
