4697 1830 593916.6625224792 5163423.1063774675
4758 2074 595135.6389413172 5158542.611148775
4941 2257 598796.9977311572 5154882.913089825
5063 2318 601237.410286813 5153661.919997365
4880 2501 597575.8931804437 5150003.029710939
5002 2501 600017.2809298947 5150003.185761272
5246 2501 604896.9355583806 5150003.362563308
5063 2562 601236.4152293649 5148784.636008379
5124 2562 602456.6131101283 5148785.472830207
5246 2562 604896.6959828783 5148782.492203653
5307 2562 606116.5935483185 5148783.243546941
5246 2623 604895.9392598951 5147564.782992837
1281 2684 525596.6543257902 5146342.308872036
5124 2684 602457.8625561288 5146341.161299493
5246 2684 604896.2040961008 5146343.040653025
1281 2745 525598.5966443573 5145125.318161894
1403 2745 528036.7754535994 5145123.602498256
5185 2745 603676.1109659986 5145121.814959688
1220 2806 524378.9662497502 5143902.331958132
1281 2806 525597.4061311266 5143902.750775887
1342 2806 526815.9699283335 5143904.720371202
5185 2806 603677.0890748564 5143901.479301957
5307 2806 606119.7407947327 5143900.272914754
1342 2989 526817.381962141 5140243.0790094165
1403 3233 528036.844461196 5135364.156407389
1464 3233 529256.3086272862 5135362.6190834
5002 3294 600017.0780867818 5134142.947994637
5307 3294 606116.4397489658 5134142.637950827
5429 3294 608556.5367259106 5134143.169316437
1464 3355 529256.1823989714 5132923.699805395
1586 3355 531698.0488182937 5132921.511313138
1647 3355 532916.0692007949 5132923.340948787
1708 3355 534136.3177635993 5132923.255527243
1891 3355 537796.4062023523 5132923.170118764
4819 3355 596358.2890139769 5132922.2622951735
5002 3355 600016.0541425985 5132922.113598817
5063 3355 601235.8611010276 5132922.38986506
5124 3355 602455.9098235487 5132922.352536558
1464 3416 529256.6672454327 5131702.302506739
1525 3416 530476.4143987065 5131704.165222301
1647 3416 532916.080039273 5131703.418658452
1769 3416 535357.4325393111 5131703.214566645
1830 3416 536576.4927312385 5131702.82031608
1891 3416 537796.2206021429 5131703.111652885
4697 3416 593915.9041983321 5131702.771421109
1525 3477 530477.4288770048 5130484.105188055
3172 3477 563417.2159326951 5130482.801969737
3233 3477 564637.6077167878 5130482.255644431
4941 3477 598796.8291925597 5130481.744412076
5002 3477 600017.3953377181 5130481.982548548
1342 3538 526815.9812446567 5129263.037681276
1525 3538 530478.6095207437 5129264.924189334
4819 3538 596354.8883208432 5129263.694624621
4880 3538 597576.369563364 5129262.880829824
1342 3599 526815.7415751045 5128044.311046247
1403 3599 528036.5806145805 5128043.058402544
1647 3599 532916.0827289821 5128043.74513438
3660 3599 573176.5971168261 5128043.753604094
4819 3660 596356.427796396 5126818.64408236
3355 3721 567076.1401683555 5125601.4853475215
3416 3721 568296.3713035947 5125603.211173389
1586 3782 531696.8433814371 5124383.472673726
1647 3782 532916.6823231333 5124384.378411433
2623 3782 552438.9204408667 5124382.8780152425
3233 3782 564636.730688256 5124377.488940228
4758 3782 595135.9485537244 5124382.924816997
5002 3782 600015.7354716092 5124382.0194109315
1647 3843 532917.2094165182 5123164.791762269
1708 3843 534135.7891177672 5123164.476694703
1769 3843 535355.7631047503 5123164.4936697455
1830 3843 536576.8924132918 5123163.278248087
4697 3843 593916.5790157088 5123161.75336595
4880 3843 597575.445427703 5123163.46237412
4941 3843 598795.3731341145 5123162.957179754
5063 3843 601236.9337119948 5123161.954287268
5429 3843 608556.9760699559 5123162.2936308505
1464 3904 529256.1426061939 5121942.939821852
1525 3904 530476.9043546494 5121944.571033794
1769 3904 535357.1335098455 5121944.096655554
1891 3904 537797.438553036 5121941.851456288
4514 3904 590256.3595344322 5121942.320241069
4575 3904 591476.3373001579 5121942.504819487
4636 3904 592696.052002084 5121942.449868869
5063 3904 601233.4779048378 5121939.156139237
5246 3904 604897.1284838903 5121941.56972052
5307 3904 606117.02537502 5121941.570046734
1708 3965 534136.9035953613 5120724.087217696
3294 3965 565858.5865559002 5120721.628478673
4453 3965 589036.2818831264 5120722.157371655
4514 3965 590256.9182820071 5120723.107997771
5063 3965 601235.4339107677 5120717.555486315
5185 3965 603676.3825137143 5120722.759446167
5246 3965 604895.6306741268 5120722.394738737
2440 4026 548777.2705489161 5119502.874034832
2501 4026 549996.3050570204 5119501.5104905255
3294 4026 565858.5726824761 5119502.950176848
4575 4026 591477.7342413648 5119501.462363126
5063 4026 601236.5036036295 5119498.383966102
5124 4026 602455.3828219154 5119501.316147949
5185 4026 603675.427897033 5119502.984790375
5429 4026 608555.830346162 5119502.351427872
1708 4087 534136.0532596423 5118281.704858616
2440 4087 548777.4300408502 5118282.776989667
3355 4087 567076.7485049518 5118277.633112327
3416 4087 568295.779628386 5118282.435841151
3965 4087 579275.2995884765 5118283.60241239
4392 4087 587817.7350759981 5118282.705036138
4453 4087 589037.9198654145 5118283.457341696
4514 4087 590257.3648115606 5118284.0491479505
5063 4087 601237.1071126342 5118278.540219153
1586 4148 531696.6730973957 5117063.1283493815
3355 4148 567078.804100665 5117061.787447193
3538 4148 570735.7781781447 5117063.062839051
3965 4148 579275.7940610533 5117062.524286955
4209 4148 584155.254836637 5117062.702219273
4270 4148 585375.8006877203 5117063.433395498
5002 4148 600016.2279461392 5117062.102572457
1342 4209 526817.0638664316 5115837.851285702
1403 4209 528036.7945293632 5115838.435124934
1464 4209 529256.7915026287 5115842.812305598
1525 4209 530477.1050847525 5115843.686919457
2623 4209 552437.1779611739 5115842.716792617
2928 4209 558535.6532385249 5115844.282264155
3050 4209 560976.0984650453 5115841.557822061
3477 4209 569517.0378329952 5115841.855372378
3538 4209 570734.2182013355 5115842.427328318
3782 4209 575615.4693985125 5115842.896213163
3965 4209 579276.4646027687 5115842.9409833625
4026 4209 580496.9043126557 5115842.116430443
4209 4209 584155.2080716467 5115838.541742908
4331 4209 586596.3259155201 5115843.54939325
4880 4209 597576.6455329312 5115838.893851618
5002 4209 600016.9500058274 5115838.660185468
5063 4209 601237.2072549767 5115842.304498439
5124 4209 602457.1092665815 5115842.863567787
5307 4209 606116.674706391 5115841.432086209
1098 4270 521938.680559949 5114621.602775458
1403 4270 528036.7075908391 5114624.284299344
1525 4270 530477.0226660492 5114622.939593976
1647 4270 532919.7086415107 5114620.256450631
2501 4270 549997.6974568728 5114622.203562895
2562 4270 551217.4106202744 5114622.671984373
2806 4270 556096.5458869177 5114622.203576531
2867 4270 557317.0384146364 5114623.534695318
3111 4270 562196.1572525587 5114623.27321351
3233 4270 564636.0053091152 5114622.7440507
3294 4270 565857.0287667994 5114621.713062626
3416 4270 568297.3104795788 5114622.555454291
3538 4270 570737.5396075583 5114623.330696886
3599 4270 571957.5659087561 5114621.822715966
3843 4270 576836.2053289402 5114623.815502129
3904 4270 578055.6035434648 5114621.968245801
3965 4270 579275.6178791012 5114622.054501121
4026 4270 580496.6419978775 5114622.416247039
4087 4270 581716.4594813016 5114623.058145619
4148 4270 582936.1760136087 5114622.325810408
4209 4270 584156.1884805872 5114623.266616638
4331 4270 586596.9666694566 5114621.734333201
4575 4270 591476.2791571979 5114621.4962113565
4636 4270 592697.2826298382 5114622.158042449
4819 4270 596356.6218913626 5114622.824498959
5063 4270 601236.3155062702 5114622.907731561
5246 4270 604895.6070442307 5114623.333131871
1159 4331 523156.614800772 5113401.573981163
1647 4331 532917.0764967718 5113403.673629138
2196 4331 543896.5372147686 5113401.293826644
2379 4331 547556.1405775594 5113402.442783801
3050 4331 560976.8531649373 5113403.556754161
3172 4331 563416.9703519722 5113404.118905776
3538 4331 570735.8375828268 5113402.777444209
3599 4331 571956.5041662209 5113403.85541143
3721 4331 574396.7061973971 5113403.193515223
3904 4331 578057.055355848 5113403.81725305
4087 4331 581716.6093672123 5113401.191245107
4209 4331 584157.12210411 5113402.304077291
4514 4331 590255.6276090777 5113401.626132264
4575 4331 591476.0006410722 5113400.659442893
4636 4331 592697.4903800163 5113401.37412494
5307 4331 606117.1397495323 5113402.138843304
1098 4392 521936.1928735061 5112182.969114353
1281 4392 525596.1417996143 5112183.588650228
1525 4392 530475.2630913877 5112183.605923595
1769 4392 535356.5557158912 5112182.977255139
1830 4392 536575.5313581519 5112182.126565214
1952 4392 539016.1510166603 5112182.442173312
2928 4392 558537.1454618108 5112183.578835365
3111 4392 562197.1500615401 5112183.022557189
3172 4392 563417.3824385256 5112183.652524879
3294 4392 565857.7169057985 5112182.272196561
3355 4392 567076.1223506387 5112182.69376223
3965 4392 579276.6125592261 5112181.688940931
5124 4392 602457.1783886037 5112182.661107436
1159 4453 523156.44872259244 5110964.728358191
1647 4453 532917.9112377767 5110963.52100987
1952 4453 539018.0132632474 5110963.77588062
2257 4453 545116.6375299752 5110963.047105904
2318 4453 546336.3227339548 5110963.131417555
2379 4453 547555.9516125354 5110963.779024208
3294 4453 565856.7728250109 5110962.825768601
3843 4453 576835.0359215866 5110962.80841952
4331 4453 586596.6497357478 5110962.151053011
5063 4453 601238.0889621373 5110962.180118728
5307 4453 606113.5491745146 5110961.137373281
5368 4453 607336.1186754917 5110957.366638519
1525 4514 530475.5805230233 5109744.481632595
1586 4514 531696.7076491364 5109744.066484162
1647 4514 532916.9421176328 5109744.104513877
1769 4514 535356.0447154148 5109744.0029951325
1891 4514 537796.8710260694 5109742.83659528
2318 4514 546337.2629149829 5109743.383462616
5063 4514 601236.0167135505 5109742.162566864
5124 4514 602456.9918906067 5109743.23441605
3477 4575 569517.388275346 5108518.479911253
1342 4636 526816.4241741362 5107303.662482207
2135 4636 542676.669432859 5107302.956128788
3538 4697 570737.0643843157 5106078.042988874
5124 4697 602456.5217213968 5106077.83682883
5185 4697 603675.4341845273 5106082.598035457
5307 4697 606116.0147669461 5106082.462573157
5368 4697 607336.3980795193 5106078.2099995455
2135 4758 542677.090480915 5104862.3107364485
2318 4758 546337.0214709297 5104861.740719381
5307 4758 606115.5472509346 5104857.695875037
5368 4758 607335.6773267044 5104858.21886298
5429 4758 608555.3409883135 5104861.658436395
5368 4819 607337.8074619677 5103641.914042687
5429 4819 608554.7710701262 5103641.374893176
4941 5063 598797.3934768406 5098762.385166708
5368 5063 607335.4707820255 5098761.077750759
5307 5124 606117.8374504065 5097541.471964222
