4514 122 745101.9951734183 4898804.4218341075
7076 122 770723.9052983852 4898804.91273096
5002 244 749978.5836432818 4897583.02085439
5612 244 756081.7568258202 4897583.742242638
5978 244 759741.2370924385 4897583.544884162
7076 244 770720.9612374008 4897584.168064361
7320 244 773162.3164548661 4897583.481890956
4392 366 743882.0590010275 4896363.3890598565
6954 366 769503.8046384386 4896364.259958677
4880 488 748761.477059985 4895144.318259822
4636 610 746321.5239218944 4893916.983200032
4758 610 747542.3323417288 4893924.041257956
6466 610 764621.4990338166 4893924.580744413
6954 610 769501.3250400164 4893924.861322034
7076 610 770721.5949044663 4893924.649197563
4758 732 747542.4548013739 4892703.808130518
6832 732 768278.1140961342 4892703.306303686
6466 854 764621.4042034181 4891484.36624995
6710 854 767063.0830955819 4891483.925820004
7320 854 773161.4099783613 4891484.720382715
5612 976 756081.5771008674 4890264.252265062
6222 976 762180.874166522 4890264.003175876
5124 1098 751202.0661930391 4889041.133641581
5978 1098 759741.7723802809 4889042.723127878
6954 1220 769501.359787985 4887824.160104807
7320 1220 773158.3808457028 4887823.572420928
5368 1342 753640.6556571774 4886598.940363058
8296 1342 782919.640474775 4886604.071647832
4880 1464 748758.762819715 4885383.428568454
6466 1464 764622.3481330669 4885382.602101937
7076 1464 770724.0774635198 4885382.453686475
7930 1464 779261.7454936325 4885384.976606765
8052 1464 780481.6244938168 4885382.599424642
8540 1464 785361.8584188396 4885384.086224362
6100 1586 760962.3223670386 4884162.670844428
6466 1586 764618.5269023832 4884162.186626492
7076 1586 770720.4699063663 4884163.550495308
7442 1586 774381.5440746828 4884164.944859782
7564 1586 775598.6656425629 4884164.513731747
8540 1586 785361.429283048 4884164.057021249
8662 1586 786581.0299602068 4884164.856890511
8784 1586 787804.0309775327 4884165.909625442
4636 1708 746320.8311037876 4882941.92276765
6588 1708 765842.3958526521 4882941.48866166
7564 1708 775603.4800217625 4882944.9503093315
8052 1708 780482.1763834124 4882946.12078535
8784 1708 787803.7710850333 4882945.420533481
5002 1830 749981.8568506961 4881722.251296735
5368 1830 753641.7925776037 4881717.732658166
6710 1830 767063.1322020302 4881723.279244417
7076 1830 770721.1592984152 4881722.5776857715
8174 1830 781698.205735564 4881723.892896083
8296 1830 782922.2111250864 4881717.97237342
8540 1830 785363.4600002406 4881724.83445531
4636 1952 746322.3114340912 4880497.455498558
5856 1952 758519.7990838544 4880503.171668149
6832 1952 768281.9132114389 4880503.468805905
7076 1952 770719.8485102364 4880500.206921208
4758 2074 747541.8650190934 4879281.98414403
5856 2074 758519.2388957023 4879279.0935086245
5978 2074 759741.9547178589 4879282.839153279
6954 2074 769501.1755399532 4879282.915201702
7564 2074 775602.0867008253 4879283.183459767
7808 2074 778038.0185123663 4879283.283710247
8662 2074 786582.1597464076 4879282.993174432
8906 2074 789018.655744157 4879284.489287203
4758 2196 747538.2594590788 4878061.469555959
7442 2196 774383.0534399276 4878062.474268033
7686 2196 776823.3596946555 4878062.272668132
5978 2318 759741.8864677614 4876841.929446638
6710 2318 767062.8273977739 4876843.813237218
6832 2318 768282.6653612546 4876842.6880232785
7076 2318 770721.5079008967 4876838.29540243
7930 2318 779263.1345998802 4876839.18385391
8052 2318 780481.4311864403 4876842.008338921
8540 2318 785363.3836529548 4876844.970338276
4026 2440 740221.5524931069 4875623.058877736
7564 2440 775598.8675547523 4875623.320872253
7686 2440 776823.584890755 4875620.276515899
8296 2440 782921.6188878156 4875623.770131989
7198 2562 771942.2552623368 4874403.983776706
7564 2562 775602.018975109 4874397.811085878
7808 2562 778043.2605056043 4874404.868413193
7930 2562 779261.4442194186 4874404.526651839
8540 2562 785362.90337595 4874403.338182188
10126 2562 801222.1607836172 4874404.1861481285
3538 2684 735340.8075678705 4873183.419942651
3904 2684 739000.6708033996 4873182.363913124
6222 2684 762181.9806661924 4873182.382482228
6344 2684 763401.0111969416 4873181.334215731
6588 2684 765838.7897069427 4873183.252225642
7930 2684 779258.596963167 4873181.666916173
8418 2684 784142.6307411463 4873183.09599079
8784 2684 787802.6224933291 4873183.470411609
9394 2684 793902.425065271 4873183.703557075
9638 2684 796339.5876287235 4873179.048783735
10492 2684 804882.5785106323 4873183.68928419
7930 2806 779261.9922133844 4871964.822840021
8052 2806 780482.0238406003 4871962.1124019725
8540 2806 785362.1654346584 4871966.271272638
8784 2806 787802.1719670937 4871959.085862695
9150 2806 791461.5078960796 4871963.437949669
9394 2806 793900.8254580512 4871962.239352471
10126 2806 801221.9532411242 4871963.609281249
2928 2928 729241.2608420607 4870743.242570377
3172 2928 731682.9556275865 4870743.343722962
4148 2928 741442.6278137991 4870741.367839796
6588 2928 765840.7636482577 4870742.659067366
7930 2928 779262.4036765167 4870737.702047058
8052 2928 780478.9861242066 4870744.45612397
8540 2928 785361.6750156365 4870742.165625515
8662 2928 786582.6296960425 4870741.01303817
8906 2928 789023.0958684748 4870741.384491129
9272 2928 792681.7714811049 4870742.967974644
10248 2928 802440.922567525 4870744.033587794
10370 2928 803658.6848689321 4870742.279048465
10736 2928 807322.2473960577 4870743.287260959
6466 3050 764620.3616912994 4869522.281136172
8906 3050 789021.8653536972 4869522.462022969
9150 3050 791463.1800228055 4869522.902674755
10248 3050 802443.124159695 4869523.112432609
10370 3050 803661.4292197973 4869518.827379863
5856 3172 758521.3254176222 4868301.608243054
6222 3172 762181.4729507102 4868303.639931109
6344 3172 763400.4314049615 4868303.327957556
7442 3172 774382.6241228642 4868297.745035171
8418 3172 784141.5416413206 4868303.800555736
8540 3172 785362.5254704633 4868304.079335642
9394 3172 793902.8581992876 4868298.330378712
9760 3172 797561.5502888117 4868303.405309426
10370 3172 803662.0305026867 4868302.676345364
4392 3294 743881.4819564429 4867083.376454496
5978 3294 759741.2453566606 4867083.039811651
6466 3294 764621.4925219634 4867084.22911655
7930 3294 779262.0177594359 4867082.399176157
8296 3294 782922.3501995306 4867078.360363794
9394 3294 793901.9449528718 4867083.090418707
10370 3294 803662.4103460095 4867083.856099699
4880 3416 748763.2815173562 4865863.5700087845
6222 3416 762180.9396198228 4865862.850887036
6710 3416 767062.327525119 4865862.205349895
7564 3416 775601.6382366233 4865858.8616478285
8418 3416 784143.9909999277 4865858.189475217
8540 3416 785363.2824137915 4865862.000598206
8784 3416 787802.9043677388 4865862.370099586
9638 3416 796338.2948218916 4865863.01684195
10370 3416 803662.1990165268 4865861.3171945745
4026 3538 740220.865780238 4864638.485064328
4148 3538 741441.8422560156 4864639.411432047
4392 3538 743879.0819257677 4864639.436681101
4514 3538 745101.9021061034 4864638.543481744
4636 3538 746322.8687506969 4864642.128248916
5734 3538 757301.7961522565 4864643.675938159
6222 3538 762182.3159858444 4864637.191029329
6588 3538 765841.7153409502 4864639.484618942
6954 3538 769503.3053710144 4864637.341096028
7320 3538 773161.2144489028 4864639.229356443
8174 3538 781701.9623559188 4864642.631119239
9028 3538 790243.3818593828 4864638.304931091
9150 3538 791462.563585845 4864638.7246958725
9394 3538 793902.7039404964 4864642.47314623
9882 3538 798780.1732194094 4864644.348716901
7442 3660 774384.3922040361 4863423.787940334
7808 3660 778042.155488831 4863418.842037548
9028 3660 790243.2625091036 4863422.622061832
9150 3660 791462.0618857337 4863421.422443827
9638 3660 796343.7564013081 4863422.641186956
3782 3782 737782.6568125535 4862202.636989864
4148 3782 741438.2365987339 4862198.347873446
5490 3782 754862.1412370747 4862197.18277934
5856 3782 758521.5680639902 4862196.942528741
6832 3782 768283.8484447568 4862202.3297586
7808 3782 778041.383351893 4862198.977536626
8418 3782 784142.2676894703 4862202.910507431
8540 3782 785359.3037056715 4862203.299541653
8662 3782 786581.7754533611 4862199.097543673
9028 3782 790242.5152733304 4862198.874794381
9150 3782 791462.0530569194 4862198.078883612
9272 3782 792682.8295606502 4862201.670175387
3782 3904 737783.9675265561 4860977.678991773
3904 3904 739001.2484979706 4860983.933773337
5734 3904 757298.0285500423 4860981.141651717
5978 3904 759742.764450377 4860978.069183248
6100 3904 760962.0954404443 4860977.018106978
6466 3904 764621.1896986926 4860976.347949354
7320 3904 773161.7297633836 4860976.59811309
7808 3904 778038.9715175127 4860978.576941638
9394 3904 793903.3030703858 4860982.072575403
5612 4026 756082.68400512 4859758.085498115
7686 4026 776822.7260357507 4859757.280217231
7808 4026 778039.229641634 4859762.299167408
8052 4026 780481.9322856229 4859761.674348664
8174 4026 781700.7985836494 4859764.269679572
8296 4026 782921.9652997674 4859763.012424614
8418 4026 784138.7915608978 4859763.958479673
8540 4026 785361.1902726017 4859757.21173616
8906 4026 789022.8068557124 4859756.918314957
10126 4026 801220.3338366929 4859763.926275564
10248 4026 802439.4767839243 4859763.239927478
10736 4026 807323.0455378302 4859762.086332267
3660 4148 736562.1955313125 4858543.540234143
5612 4148 756081.2815134965 4858542.542717471
5734 4148 757301.4275951178 4858542.402204962
7198 4148 771941.5138850424 4858543.796612035
8296 4148 782922.1500920773 4858543.1250517
8418 4148 784142.1625180481 4858540.95084316
8540 4148 785361.6508354931 4858543.692963107
9150 4148 791461.3587152658 4858543.676227798
9272 4148 792682.3998371442 4858544.948878765
9516 4148 795123.2068537194 4858544.338427806
6222 4270 762179.9395468202 4857317.215847696
7442 4270 774382.7206936122 4857322.923016848
7564 4270 775603.2681351787 4857324.540407605
7808 4270 778042.8165418438 4857317.927735895
7930 4270 779262.0914808188 4857319.648062785
8540 4270 785361.9511149229 4857326.232581063
9760 4270 797562.2328121925 4857321.839293035
9882 4270 798781.9144734832 4857322.2625628775
7320 4392 773159.433183651 4856103.1468755035
7442 4392 774380.831771795 4856101.524292611
8052 4392 780481.8400791452 4856102.817507154
8906 4392 789021.7148215753 4856098.083900048
9028 4392 790244.6372897954 4856103.093525348
9272 4392 792681.6659291467 4856100.879148811
9394 4392 793901.3529044528 4856101.1353383055
6954 4514 769501.3602356078 4854877.71625863
7442 4514 774383.2161312148 4854877.195180228
7808 4514 778042.6106073787 4854883.186121749
8296 4514 782922.291823749 4854883.871773818
8540 4514 785362.1499329075 4854882.101018812
8662 4514 786583.0737165574 4854882.362769084
9028 4514 790242.0872875338 4854884.0809208
9516 4514 795123.1587055959 4854882.139802522
10248 4514 802441.6211812288 4854881.639818198
5368 4636 753642.2994872781 4853663.36636692
6832 4636 768280.9245830612 4853658.062596728
7564 4636 775601.1749861677 4853662.785112174
9760 4636 797561.9496908325 4853663.988484794
10492 4636 804882.0367962874 4853661.447227309
10858 4636 808542.6451608019 4853662.673843084
5856 4758 758520.5364740575 4852437.884328848
5978 4758 759740.4986241353 4852437.830137914
6222 4758 762180.9021903559 4852443.2725191405
6588 4758 765841.4637129888 4852436.580954222
7076 4758 770722.318216801 4852442.41929104
7198 4758 771938.8230184979 4852443.550038214
9638 4758 796343.7408091835 4852444.747176109
10126 4758 801221.0946117513 4852444.3638456
10614 4758 806102.3406773608 4852444.427125445
6710 4880 767058.9416163979 4851224.017918445
6832 4880 768282.6197210602 4851216.818163002
7442 4880 774381.2032498488 4851222.296991829
7686 4880 776822.133290581 4851224.343326473
8296 4880 782921.4851601607 4851222.162464724
9394 4880 793903.3374497595 4851223.3034046
10126 4880 801222.8281916457 4851217.559042185
10248 4880 802441.9214537818 4851221.262088213
5978 5002 759740.8223768196 4849997.634733579
6588 5002 765842.4242003456 4849997.100121757
6710 5002 767058.6867078401 4850002.363207936
7076 5002 770723.1997471636 4850003.056928278
7686 5002 776821.7775099707 4850003.962556042
9516 5002 795122.7513633828 4849997.20447787
9638 5002 796343.1859006194 4849997.10545116
9760 5002 797560.9062292136 4850001.356631822
10736 5002 807322.4612538787 4850002.4915737435
3538 5124 735342.1093340141 4848776.233802865
3660 5124 736561.8119633177 4848777.908500668
6588 5124 765842.1305942232 4848777.095811894
6710 5124 767062.6756942774 4848782.854669671
7198 5124 771941.336988995 4848784.03912178
8296 5124 782921.6752535524 4848783.422408959
8662 5124 786582.1207510236 4848783.5451922985
9272 5124 792678.4950370942 4848783.678646608
10126 5124 801221.2902278553 4848782.967818039
10492 5124 804884.1027368362 4848784.165347035
10736 5124 807322.7719481245 4848783.051970567
10858 5124 808542.5227324236 4848781.788800211
5490 5246 754860.5562378647 4847557.154528287
6466 5246 764623.0524816797 4847556.841244732
6588 5246 765838.9109213789 4847557.990168706
9516 5246 795121.6580373825 4847563.067718082
9760 5246 797561.2429513932 4847564.4341941755
9882 5246 798782.885333298 4847563.776148804
10614 5246 806101.365775621 4847564.469417364
5246 5368 752421.4179135296 4846342.98786301
6344 5368 763402.2484780365 4846337.899600548
6954 5368 769502.6740145334 4846335.902449584
7198 5368 771939.3542802725 4846344.626123237
8906 5368 789023.2761810207 4846343.737846295
9394 5368 793901.6473327433 4846343.040631782
9882 5368 798782.1662446933 4846344.575497314
10004 5368 799998.9398082441 4846344.488028529
5124 5490 751201.3471243223 4845118.310418879
6466 5490 764619.3302546543 4845118.920740128
6832 5490 768283.0255273653 4845122.266801491
7076 5490 770722.5819555235 4845122.651913388
8174 5490 781702.8743958445 4845123.608266698
8540 5490 785362.1396003568 4845122.964181245
10126 5490 801222.4859660148 4845123.792451328
10614 5490 806102.4039951855 4845123.643061632
3538 5612 735341.4513132073 4843903.555387307
4026 5612 740218.1648044137 4843902.384702349
4148 5612 741442.1701388565 4843904.511296657
5368 5612 753641.5180111298 4843902.737265853
6344 5612 763399.4817110148 4843902.397890942
8418 5612 784142.7650316429 4843896.754291548
8906 5612 789022.5802117448 4843903.117357106
10248 5612 802442.700148468 4843903.013944837
10370 5612 803662.3039536697 4843902.9769697115
3294 5734 732900.7265931783 4842677.728008602
3416 5734 734121.0608529412 4842676.898600436
3538 5734 735338.859872104 4842677.2380813155
3904 5734 739000.1837794944 4842683.310706317
7808 5734 778040.7180155076 4842683.646185023
8296 5734 782921.3451599699 4842678.281646111
8418 5734 784141.9921353394 4842680.977938788
8540 5734 785362.5053014033 4842685.245359937
8784 5734 787801.2415516212 4842678.710153563
9028 5734 790242.9402109276 4842682.868142806
9150 5734 791462.5866237786 4842677.535707354
10248 5734 802442.7061690319 4842681.510386512
10858 5734 808543.0268274694 4842682.404882423
4148 5856 741441.1989669539 4841459.366011733
4392 5856 743881.3859936848 4841461.011653177
7564 5856 775600.874318487 4841464.254750895
7686 5856 776822.9436905569 4841462.375698961
8906 5856 789021.7664083582 4841460.364484966
9150 5856 791461.3750276682 4841464.216814277
10492 5856 804882.8791581122 4841459.330613886
10614 5856 806101.124073565 4841462.506831391
4148 5978 741443.282838264 4840237.895612476
6222 5978 762181.2786220006 4840243.580020563
6344 5978 763401.9247084516 4840241.672093964
6466 5978 764621.1638162005 4840244.123852453
6710 5978 767062.0066398327 4840237.991453584
8174 5978 781701.7270476867 4840243.454119873
8418 5978 784140.8230100899 4840244.279115384
9150 5978 791463.1672342384 4840243.471396179
9760 5978 797562.1562269403 4840243.238767448
9882 5978 798782.9083560273 4840243.705913076
10858 5978 808542.0405023218 4840242.697355876
9394 6100 793902.1633268193 4839022.375589889
10736 6100 807321.884242883 4839021.970538358
5856 6222 758521.9067843381 4837803.752627868
10858 6222 808541.7209282666 4837802.5164271435
4148 6344 741441.4911403522 4836577.2242246475
5490 6344 754863.1916248896 4836578.438468057
5612 6344 756081.7742278689 4836579.268412059
7930 6344 779262.019819372 4836578.214235189
10370 6344 803662.4375025779 4836584.707729847
10858 6344 808542.0486031659 4836581.839581278
5612 6466 756082.4656827613 4835359.072075609
10370 6466 803664.1091842471 4835364.369944366
6710 6588 767062.5183027722 4834138.07042546
10126 6588 801221.8613669742 4834142.971844163
10492 6588 804883.0554630053 4834141.697693435
7930 6710 779262.436758732 4832922.620466561
8418 6710 784141.312790509 4832924.779928626
10248 6710 802442.1739067874 4832921.691888717
10370 6710 803662.4336051381 4832918.14183986
10858 6710 808542.037445175 4832923.326023175
3660 6832 736560.5110009514 4831703.504823596
4148 6832 741442.3956444191 4831702.66347357
10736 6832 807321.642340336 4831697.359247188
5978 6954 759741.2447735951 4830481.651350831
7686 6954 776823.4414590701 4830484.824590168
8784 6954 787802.0324330069 4830484.941866996
10126 6954 801220.7888791994 4830482.596066779
10248 6954 802442.3320888977 4830481.1829283815
10614 6954 806101.8567131938 4830482.535356763
6100 7076 760962.4155517973 4829263.4190511275
10248 7076 802442.5511147202 4829263.034176565
10370 7076 803659.8530539656 4829262.176086007
10492 7076 804881.8913309713 4829259.063012657
10614 7076 806101.7918571748 4829262.3840959845
6222 7198 762181.6673087527 4828044.641650046
6344 7198 763401.7238328492 4828043.849881094
10736 7198 807320.9525903277 4828041.259197558
8540 7320 785362.1928633186 4826823.186673018
8662 7320 786581.9580966716 4826824.559034191
8784 7320 787802.6120380454 4826824.914313839
10736 7320 807323.3822003715 4826821.75292702
10004 7442 800002.1566396833 4825598.451161776
9150 7564 791461.1934907233 4824383.4844147805
9394 7564 793901.4253661714 4824382.127018033
10492 7564 804882.1123664042 4824378.432308839
10614 7564 806101.3014251755 4824382.300317388
10736 7564 807322.9612772497 4824383.692903019
6954 7686 769502.9283231252 4823163.211741893
7320 7686 773162.2435991988 4823162.216190749
7442 7686 774382.3410391686 4823161.595423034
9272 7686 792680.9082944696 4823164.003066946
10492 7686 804882.7398093668 4823158.011773789
10614 7686 806101.8401181541 4823158.570127977
7686 7808 776822.3801405344 4821940.644374529
10736 7808 807323.293558075 4821941.581693374
7564 7930 775602.4497916916 4820724.289294522
8540 7930 785361.531824312 4820720.503905943
7686 8052 776823.3123762347 4819497.732102511
10736 8052 807323.9146036318 4819501.749690239
7076 8174 770722.119850096 4818277.418529762
7686 8174 776823.1745844558 4818276.346540025
9638 8174 796342.3585213883 4818282.973037459
10492 8296 804881.3423590149 4817064.35443273
7930 8418 779262.2929072283 4815835.441683313
10126 8418 801222.5220307994 4815844.014683826
10492 8418 804880.8437917809 4815843.929197853
9028 8540 790242.5444767706 4814624.230127953
8052 8784 780482.1221699651 4812177.931311362
8418 8784 784142.7200225212 4812178.1721402155
7198 8906 771942.7201227006 4810961.968069762
8296 8906 782920.707446481 4810963.940056584
9760 8906 797562.8189925525 4810957.488586077
8052 9028 780483.8129358672 4809736.540216646
9150 9028 791461.5087313595 4809743.7318653045
9760 9028 797563.2571398026 4809737.630425371
9882 9028 798780.9647667303 4809742.152029809
10126 9028 801223.0413901634 4809743.859725182
8540 9150 785358.526178343 4808523.469521887
8662 9150 786580.537912334 4808524.188569007
8784 9150 787802.6815210793 4808523.392407579
9882 9150 798782.9003678665 4808523.538152266
10004 9150 800002.1969726728 4808523.936258618
8906 9272 789021.0185452095 4807303.788663161
10248 9272 802441.7594323478 4807303.972188546
8052 9394 780483.5189301268 4806078.630725181
8174 9394 781702.7921381462 4806077.324712164
8784 9394 787802.249956129 4806083.922546747
9028 9394 790242.0393681928 4806084.40529922
10248 9394 802441.583478049 4806083.742118048
10614 9394 806102.101306602 4806084.788128547
7320 9516 773161.4414257093 4804859.103097737
7442 9516 774382.0682810324 4804857.610631953
8540 9516 785361.837370361 4804858.004960615
8784 9516 787801.7234761133 4804864.070915841
8906 9516 789018.3124524868 4804862.853132945
9882 9516 798780.4522561237 4804862.860530981
7564 9638 775601.0841912825 4803641.821871202
8296 9638 782922.1925028682 4803644.398465437
8906 9638 789022.872072285 4803644.160294347
9150 9638 791463.1056548526 4803643.135670347
10248 9638 802441.4017723164 4803640.982965608
10370 9638 803661.2267266697 4803643.410817078
9028 9760 790241.1064562993 4802423.729441863
9516 9760 795122.2502142056 4802423.030779741
9882 9760 798782.0690064412 4802417.9639358455
10370 9760 803661.5680393158 4802423.650251175
9516 9882 795121.156530214 4801203.91779646
10370 9882 803661.697988199 4801198.217932
7930 10004 779261.3350427494 4799984.391947153
8540 10004 785362.0103154717 4799984.315081387
8906 10004 789022.13560927 4799983.2570480835
9028 10126 790240.7825985814 4798763.683193188
9760 10126 797561.6459189495 4798764.752232502
9882 10126 798782.51081881 4798760.5502938125
10126 10126 801221.1767051109 4798763.898403037
10614 10126 806102.564879156 4798763.060018666
7564 10248 775602.4650400627 4797538.216008766
9638 10248 796339.1894262171 4797537.710056275
10004 10248 799998.3765264595 4797537.617104217
10370 10248 803662.5007357798 4797542.696075376
7930 10370 779262.2396370252 4796317.987149699
8296 10370 782919.8519264589 4796321.871117279
8784 10370 787801.8952749164 4796318.266000932
10370 10370 803661.787500948 4796322.828641262
9028 10492 790240.601044368 4795102.972634488
9638 10492 796340.5206972942 4795098.265642633
10492 10492 804882.370284829 4795097.060563417
10614 10492 806103.1449410276 4795103.642499698
7686 10614 776821.7827387766 4793882.69690653
8418 10614 784141.6624935128 4793878.532317001
9882 10614 798781.6162126112 4793878.26428562
10004 10614 800001.4818902817 4793877.381350813
8052 10736 780482.2010222783 4792664.107613907
8662 10736 786582.62313706 4792658.075340543
9150 10736 791458.8674706097 4792661.96932102
8296 10858 782920.6178245842 4791437.282799616
