4697 1647 393937.92751792824 4567081.20823707
5185 1647 403698.882262117 4567082.184168783
4758 1708 395158.9358729177 4565861.009142742
4819 1708 396378.1779566404 4565861.556229914
5063 1769 401258.99450991437 4564641.441112327
5124 1769 402480.5680067506 4564641.810045178
5246 1891 404918.7823933525 4562201.521060348
5246 2013 404919.7854289473 4559761.434528891
5124 2074 402479.4866544514 4558542.91062006
5246 2074 404918.9100742763 4558541.706538054
5307 2074 406140.612825442 4558541.8051886065
5185 2135 403701.61613829917 4557320.910126326
5185 2196 403701.38052728144 4556101.8916541375
