7442 1952 774379.1834363369 4480481.197513298
7442 2074 774378.2835027869 4479261.9281113995
7320 2196 773158.4448939088 4478041.773952263
7564 2196 775598.7364701506 4478041.454315352
7686 2196 776818.0186501768 4478041.13621108
7564 2318 775597.6797245586 4476821.652068126
7686 2318 776818.7551674048 4476822.2752089
7808 2318 778038.0629614932 4476821.641237692
7442 2440 774377.8233115091 4475601.52964054
7564 2440 775597.869041527 4475601.568863819
7564 2562 775597.9482373877 4474381.364150903
7686 2562 776818.2286417682 4474381.717125485
7808 2562 778038.907156382 4474381.4442775985
7930 2562 779258.8292980954 4474381.547811968
7564 2684 775598.4304324673 4473159.203515195
8052 2684 780477.8038600438 4473161.740011322
8296 2684 782919.1202495593 4473161.260699227
7564 2806 775599.2254826084 4471941.281338086
7930 2806 779259.1281424141 4471941.2602982195
8052 2806 780478.3330390853 4471941.842201285
8296 2806 782917.7013091065 4471941.504111349
8418 2806 784139.9642023492 4471940.072364547
7808 2928 778038.2966135435 4470721.697758812
8052 2928 780478.4714528108 4470721.452883071
8296 2928 782916.7866379295 4470721.9285097085
8418 2928 784139.9921253081 4470720.006282737
8540 2928 785359.9863665028 4470720.022465109
7320 3050 773158.6899316717 4469501.14357515
7930 3050 779258.3022556456 4469501.534140325
8052 3050 780478.0783128077 4469502.024676204
8174 3050 781698.0906308838 4469502.24996895
8296 3050 782917.8082454079 4469501.571766287
8418 3050 784138.2635076776 4469501.781120448
8540 3050 785358.02944871 4469501.750316916
8296 3172 782917.6571606619 4468282.069706722
8540 3172 785357.827093599 4468281.623948617
7686 3294 776817.0632510514 4467059.17574312
8174 3294 781697.6947943751 4467061.853282285
8540 3294 785357.6845171888 4467062.122893546
8662 3294 786578.1239155075 4467062.307744528
8784 3294 787798.1065242082 4467061.397053234
7442 3416 774379.0022907911 4465841.118746834
7686 3416 776818.97037083 4465839.5703584105
7808 3416 778038.8354240485 4465841.385870775
7930 3416 779258.3173607485 4465841.409516998
8174 3416 781697.5352742939 4465841.773404242
8296 3416 782918.3225386168 4465842.007054107
8540 3416 785357.7579514377 4465842.046409476
8662 3416 786577.5599849146 4465841.249016355
8784 3416 787797.5540861445 4465841.160002382
7320 3538 773157.7112906737 4464621.585283302
7564 3538 775597.8219227188 4464619.27417399
7686 3538 776817.495607966 4464621.109862549
7930 3538 779257.5506518749 4464620.625025779
8174 3538 781697.4760324892 4464621.545638377
8418 3538 784138.290068566 4464621.250503356
8540 3538 785358.138274123 4464621.5693404805
8784 3538 787797.938731952 4464622.066175447
8906 3538 789017.9306462369 4464622.374190479
9150 3538 791457.8237366455 4464622.555931179
7198 3660 771938.704850783 4463400.935440253
7442 3660 774378.0218745854 4463402.0332315
7808 3660 778037.9114702453 4463401.934151467
8052 3660 780478.2595043621 4463400.73982685
8540 3660 785357.2087896467 4463401.706125649
8662 3660 786579.0528793241 4463402.030344351
8784 3660 787798.1709818785 4463402.339286528
8906 3660 789018.101110828 4463401.869549292
9028 3660 790238.5254243419 4463401.848564313
7320 3782 773158.9328556231 4462181.553055003
7442 3782 774378.8017201546 4462181.539968357
7930 3782 779258.4044319657 4462181.609582142
8052 3782 780477.4570323111 4462182.110121873
8296 3782 782918.2434478954 4462180.948662246
8418 3782 784137.4994259973 4462181.560008183
8540 3782 785357.9401504498 4462181.753337346
8662 3782 786577.7161566559 4462181.53577879
8784 3782 787798.2453856944 4462181.735317527
9028 3782 790237.6874848909 4462181.90315643
7686 3904 776817.941883599 4460958.566350359
7808 3904 778038.2370142208 4460961.061798823
8174 3904 781697.6361112723 4460961.589098269
8418 3904 784137.6698048435 4460961.883993532
8540 3904 785358.496814003 4460961.282018721
8784 3904 787798.0859259681 4460961.080453317
8906 3904 789017.5044304548 4460961.606447134
7564 4026 775598.7127424199 4459741.537833276
8296 4026 782917.526886788 4459741.246888501
8418 4026 784138.0621753085 4459742.150879226
8540 4026 785357.2683024718 4459741.218761218
8662 4026 786578.0601711465 4459740.985616065
8784 4026 787797.5437607418 4459741.607214145
8906 4026 789018.0245056675 4459741.884230234
9028 4026 790237.5321176349 4459741.542406682
9394 4026 793896.8724908029 4459741.794461489
7198 4148 771938.7557796561 4458521.303314255
7320 4148 773158.4807562863 4458521.425735834
7442 4148 774378.3159193654 4458521.372399328
7930 4148 779258.48478653 4458520.437181517
8052 4148 780477.51760572 4458522.150423398
8174 4148 781697.4894816644 4458521.156011746
8296 4148 782918.1179758693 4458521.078548156
8662 4148 786578.1517877709 4458521.515018294
9028 4148 790238.5282301662 4458521.812168812
9150 4148 791457.9319218121 4458521.65497698
7198 4270 771938.1535645504 4457301.257115478
7442 4270 774378.5672682553 4457301.678162001
8174 4270 781698.711204912 4457301.439872532
8296 4270 782919.5771899885 4457300.996266334
8418 4270 784137.7172793898 4457302.675809869
8540 4270 785357.9691376601 4457301.396423383
8662 4270 786577.8655461129 4457302.083248428
8784 4270 787798.3693815911 4457301.23124451
9028 4270 790237.4123299253 4457301.5645065075
7076 4392 770717.2528274964 4456081.198516396
8540 4392 785358.5350841461 4456082.076668386
8662 4392 786577.8742185535 4456081.874781861
8784 4392 787797.9671274544 4456081.763297529
9028 4392 790237.7379467788 4456082.423577092
7198 4514 771937.9786557774 4454861.234351138
7320 4514 773158.257045991 4454860.944468469
8784 4514 787797.307172855 4454862.246449748
8906 4514 789017.3326252942 4454862.116425541
9028 4514 790238.4796636953 4454861.553871503
9272 4514 792678.1653285999 4454862.162028291
7076 4636 770718.43011411 4453639.786501406
7198 4636 771938.1819901869 4453641.420754579
7320 4636 773157.9017892585 4453642.057777036
7442 4636 774378.7629768467 4453641.766147819
7564 4636 775598.3477884396 4453641.753884969
8296 4636 782918.0596269079 4453641.501368096
8540 4636 785357.929695959 4453641.008616415
8662 4636 786578.1592670493 4453642.436955207
8784 4636 787797.2831449517 4453641.39504289
8906 4636 789017.8576543316 4453641.804939316
9150 4636 791459.0233017332 4453641.262439105
9272 4636 792678.3882667826 4453641.321331771
9516 4636 795117.718734168 4453642.419527405
7442 4758 774377.3561798787 4452421.019130608
7686 4758 776818.4843943842 4452421.674918806
7930 4758 779257.9012504492 4452421.981145223
8174 4758 781699.1150817141 4452421.427064363
8418 4758 784138.7016793975 4452418.907745833
8906 4758 789017.9953977407 4452421.699344618
9028 4758 790237.6760910881 4452422.207148743
9150 4758 791457.604088982 4452422.3204434635
9272 4758 792677.7690099995 4452422.401129876
7076 4880 770719.1160920771 4451201.580244767
7442 4880 774377.2773733959 4451201.920340326
7808 4880 778037.700277815 4451202.184331745
7930 4880 779257.6819333568 4451202.763726064
8052 4880 780478.1034078118 4451201.481202595
8296 4880 782918.5715614443 4451201.441901096
8418 4880 784138.8310714478 4451201.533354468
8662 4880 786577.9977457583 4451201.796894709
8784 4880 787798.2048365541 4451201.490973629
8906 4880 789018.7763519663 4451202.216419521
9028 4880 790237.4540360997 4451201.624444834
9150 4880 791457.7312786238 4451201.30899379
9272 4880 792678.069260513 4451200.88644694
9394 4880 793898.6197958301 4451201.73405793
9516 4880 795118.4754285787 4451201.676223184
7320 5002 773157.6589809908 4449981.347566776
7686 5002 776818.0061144676 4449982.053494129
7808 5002 778038.5250574129 4449981.989981109
7930 5002 779258.1144556976 4449981.324734054
8052 5002 780478.3898652992 4449982.088086316
8174 5002 781697.2946166211 4449981.610470376
8418 5002 784137.8436192119 4449980.504284143
8662 5002 786578.1303792786 4449981.345384722
8906 5002 789017.7264409354 4449981.277090979
9150 5002 791457.8257583628 4449981.901123069
9272 5002 792678.0531247563 4449981.6570845
9516 5002 795118.0262619816 4449982.778468368
6832 5124 768278.7079935867 4448760.64749951
7564 5124 775598.3672473527 4448761.700810651
8540 5124 785357.8874111287 4448761.891361685
8662 5124 786578.1977844965 4448761.955889427
8784 5124 787797.6509238807 4448761.506996003
8906 5124 789016.7772854413 4448760.794883042
9150 5124 791457.8692166747 4448761.642517297
9394 5124 793897.9261749617 4448761.1765909605
9638 5124 796337.6763476696 4448762.101166898
9882 5124 798778.5364151404 4448761.799884835
6954 5246 769499.1064949764 4447541.3184096655
7564 5246 775597.9710021943 4447542.132420788
7930 5246 779258.6066409046 4447541.028879144
8296 5246 782918.0103415202 4447541.04448425
8418 5246 784138.3673596185 4447541.898182491
8662 5246 786578.112123728 4447541.153486027
8906 5246 789017.9556057306 4447541.318614302
9028 5246 790238.0490448595 4447541.170767983
9150 5246 791457.9441354241 4447541.769767515
9272 5246 792678.4902881141 4447541.797095972
9394 5246 793897.8953660162 4447542.601379008
9516 5246 795118.6564331258 4447542.4807771025
9760 5246 797557.7395249959 4447541.651097452
7686 5368 776818.0700951283 4446322.584099795
7930 5368 779257.9470548121 4446320.996646638
8418 5368 784138.6363794093 4446321.655683449
8540 5368 785358.5059614544 4446321.994058374
8906 5368 789018.7411392025 4446322.109766264
7320 5490 773157.3642025953 4445102.292610341
7686 5490 776817.17256163 4445102.908882189
7808 5490 778037.185507319 4445102.128510915
7930 5490 779258.5079830207 4445101.1872346215
8174 5490 781698.0244822918 4445101.322499847
8296 5490 782918.1026267741 4445101.597793984
8662 5490 786577.0207178614 4445099.48318514
8906 5490 789017.9725667618 4445101.329138562
9028 5490 790239.054769629 4445100.691471664
9394 5490 793898.1132125038 4445102.181173191
9516 5490 795118.3618945357 4445101.503694958
9638 5490 796338.4393824463 4445101.836841802
9760 5490 797559.2188544859 4445102.610544985
6954 5612 769498.439394497 4443881.202478447
7564 5612 775597.370182037 4443881.650018782
7686 5612 776817.3553746413 4443881.818160353
7808 5612 778037.5956907994 4443881.931274731
7930 5612 779257.993770302 4443878.844577831
8174 5612 781698.2641438573 4443882.134863622
8418 5612 784138.3922748691 4443881.692221193
8540 5612 785358.5551382684 4443882.160772109
8784 5612 787797.8150503775 4443881.9065458495
8906 5612 789017.7305730099 4443880.377203206
9638 5612 796338.9126981812 4443878.768279478
9760 5612 797560.5938289212 4443881.301792008
6710 5734 767058.5970564455 4442661.767302659
7076 5734 770717.9529261822 4442661.28400753
7442 5734 774378.6085174166 4442662.160067778
7564 5734 775596.929105673 4442659.752344217
7930 5734 779258.6573971666 4442661.912119817
8296 5734 782918.679334704 4442658.828444596
8906 5734 789017.9322004915 4442660.646443768
9516 5734 795120.8303059932 4442662.173371153
6710 5856 767058.6009421785 4441441.256091353
6832 5856 768278.6466723443 4441441.742936935
7198 5856 771937.8940775739 4441438.821866092
7320 5856 773157.9904865246 4441442.0570491245
7930 5856 779258.2043397288 4441441.432848462
8174 5856 781697.2472994975 4441442.421066435
8540 5856 785358.9154171428 4441441.270114185
8662 5856 786577.4682770045 4441442.098912741
8784 5856 787797.940829457 4441442.318962334
8906 5856 789017.391145719 4441441.428232222
9516 5856 795117.9864991093 4441441.919422178
9638 5856 796338.4120739299 4441442.165202007
6588 5978 765838.1702915364 4440219.395270394
6710 5978 767058.6199892663 4440221.710862839
7076 5978 770718.3679107227 4440222.161417642
7320 5978 773157.8718514564 4440218.934083314
7686 5978 776816.5736142583 4440222.284685325
7808 5978 778037.6115050381 4440222.450974525
8052 5978 780478.6110037583 4440220.2870693095
8662 5978 786577.7395265898 4440222.504258076
9028 5978 790236.7894110697 4440221.0167509215
9394 5978 793898.6338294344 4440222.0194019135
9516 5978 795118.6186731362 4440221.801299556
6710 6100 767057.751146399 4439001.282845126
6832 6100 768278.0947182996 4439001.838900188
6954 6100 769497.933993028 4439001.944158071
7198 6100 771937.9090860217 4439002.09645787
7442 6100 774378.2918063422 4439000.653118808
8540 6100 785358.6080813822 4439001.857029521
9272 6100 792678.2737536142 4439003.214905222
9516 6100 795119.0108548036 4439002.300516918
6954 6222 769496.9421989103 4437781.2476713965
7320 6222 773158.2065000375 4437781.471044215
8052 6222 780476.9022896122 4437781.630975285
8906 6222 789018.0042215649 4437781.2306999015
9272 6222 792678.4015730685 4437782.17875461
6832 6344 768278.3735840399 4436561.589489042
7442 6344 774378.1600143685 4436561.826365964
7564 6344 775597.3469764913 4436562.4273984935
7686 6344 776817.3158065286 4436561.714049711
7930 6344 779257.5778687712 4436562.377743182
8418 6344 784137.8494103617 4436560.854179883
8784 6344 787799.0312942785 4436561.788829925
9272 6344 792678.9425692173 4436562.374891991
7198 6466 771937.8169784996 4435341.43808609
7442 6466 774377.2026862027 4435341.313740644
7930 6466 779257.570172075 4435341.273680595
8174 6466 781697.9018481974 4435342.0362555105
8296 6466 782917.483673745 4435342.271196996
9150 6466 791458.4815287959 4435341.381306911
7442 6588 774376.8848643174 4434122.817676576
7808 6588 778037.9393177587 4434121.394425068
8052 6588 780477.1760335157 4434121.738439853
8418 6588 784138.006459359 4434121.649809627
8540 6588 785356.9871386371 4434121.377682053
8662 6588 786578.290021872 4434121.408535152
8784 6588 787798.5785679625 4434121.147133296
8906 6588 789018.2165180882 4434121.898747676
9028 6588 790237.9025182388 4434121.308443415
9150 6588 791458.4506048338 4434122.596451026
7198 6710 771937.014084946 4432901.503063927
7320 6710 773157.5759229353 4432901.8238110645
7442 6710 774377.0995451245 4432901.471187874
7564 6710 775598.0159123713 4432902.266605453
7808 6710 778037.7062905941 4432900.985600314
7930 6710 779258.2343141434 4432901.885010605
8052 6710 780477.3830867881 4432902.92491016
8296 6710 782919.3390554093 4432900.39331557
8784 6710 787798.8157649492 4432901.440714266
8906 6710 789019.0278358171 4432899.222966576
9028 6710 790238.9454762065 4432902.583972774
7442 6832 774378.1335229137 4431681.761610343
7930 6832 779257.6250098026 4431678.765329062
8418 6832 784140.438860406 4431681.66879054
8784 6832 787799.0265943769 4431681.309775464
6710 6954 767059.4615062057 4430461.962181596
7320 6954 773158.3567943249 4430461.518213228
7442 6954 774377.9770382041 4430462.011167239
7930 6954 779259.2435197743 4430460.770361508
8784 6954 787798.4905710131 4430461.968789212
8906 6954 789020.5659458248 4430462.326303939
9028 6954 790238.9233472851 4430461.726119193
6588 7076 765838.2483881279 4429240.436567463
6954 7076 769499.6527637527 4429241.7264058255
7686 7076 776818.8107814984 4429241.372595224
7930 7076 779258.2798572703 4429241.580342821
8052 7076 780477.6972249529 4429238.486696078
8784 7076 787798.6918588193 4429241.822606232
9028 7076 790238.737794621 4429242.4833327
6710 7198 767058.5457193855 4428020.984331357
7686 7198 776818.6122282003 4428022.081390943
8052 7198 780477.7819458118 4428021.483198601
8174 7198 781700.8700158609 4428021.7876813235
8296 7198 782919.1645324632 4428021.863074603
8662 7198 786578.6472848381 4428021.131839713
8906 7198 789019.091215771 4428022.003181271
6710 7320 767059.6166046708 4426802.322799277
7320 7320 773158.6026190219 4426802.018455306
7686 7320 776818.5736815763 4426801.997000593
7808 7320 778038.5063712841 4426801.849653639
8052 7320 780478.9469449795 4426799.828156469
8540 7320 785358.5982145728 4426801.62485176
8906 7320 789020.9710612776 4426801.48472995
7198 7442 771938.5988166181 4425580.972184252
7442 7442 774380.5700955784 4425581.358959038
7564 7442 775597.2743467645 4425581.1197353825
7808 7442 778038.0941210542 4425580.8546912195
7930 7442 779257.8204098048 4425581.621134601
8052 7442 780478.5485213525 4425581.050587134
8906 7442 789020.4174941451 4425582.072492376
6832 7564 768278.9076945428 4424361.879799149
7198 7564 771937.2686992864 4424360.41295307
7320 7564 773157.0174571644 4424358.924393641
7442 7564 774378.5486167046 4424360.736563699
7686 7564 776818.977643122 4424361.99482123
7930 7564 779258.5877334765 4424361.642488683
8052 7564 780478.4366134171 4424361.327038913
8174 7564 781698.5238622248 4424361.651094805
8662 7564 786581.2397059145 4424361.534620874
8906 7564 789021.2873471373 4424361.335038098
6344 7686 763400.5470883418 4423141.113435611
6588 7686 765838.1910791373 4423139.731246376
7076 7686 770717.8903639229 4423140.38321337
8296 7686 782918.1524825039 4423141.491502913
8540 7686 785358.3894505687 4423141.310064604
8662 7686 786579.2227619538 4423141.723024516
8906 7686 789018.5618271948 4423142.385830602
6588 7808 765840.7151590212 4421921.355914135
7198 7808 771937.7421735652 4421921.342814718
7564 7808 775598.1387273858 4421921.295031692
8052 7808 780478.0229787524 4421921.6940138675
8906 7808 789021.4870754648 4421921.925806462
9028 7808 790240.6421508114 4421922.668617893
6832 7930 768278.1564855606 4420701.141509748
6954 7930 769498.4763491262 4420701.748707299
7198 7930 771938.7164997179 4420702.153581968
7564 7930 775599.3184642342 4420701.476456688
7686 7930 776818.4221942803 4420701.77958487
7808 7930 778038.8926563608 4420701.592859705
8296 7930 782918.1571568412 4420701.910644574
9028 7930 790241.505003465 4420702.264636098
6954 8052 769498.4470287368 4419481.5881959805
7686 8052 776818.9325576414 4419480.950502421
7808 8052 778038.7979254951 4419481.540382627
8418 8052 784137.3440089431 4419481.202911656
8662 8052 786578.5378313146 4419481.212002695
8906 8052 789020.4330211165 4419481.5887925485
7076 8174 770718.0175264216 4418261.772757098
7198 8174 771938.5096511606 4418261.898489284
7320 8174 773158.1488146023 4418261.891909276
7808 8174 778038.6499549863 4418261.647603156
8784 8174 787798.6292292185 4418262.924555057
8906 8174 789020.3854094775 4418260.947400014
7076 8296 770718.674174387 4417041.723563425
7198 8296 771938.3839887646 4417041.564781619
7442 8296 774378.649997035 4417041.771362365
7564 8296 775598.7321523668 4417041.539488937
7808 8296 778040.3662176059 4417041.891393338
8174 8296 781700.7756845978 4417041.546641421
8296 8296 782919.2710149147 4417042.087120563
8418 8296 784139.6443292905 4417041.446583091
8540 8296 785358.9224641037 4417041.075927101
8906 8296 789021.2841407688 4417042.180786442
7808 8418 778041.3065957947 4415820.696361892
7930 8418 779258.6704063268 4415821.848834382
8052 8418 780478.7790085175 4415821.782570911
8174 8418 781698.3490481874 4415821.635075163
8174 8540 781700.9283996639 4414601.620937415
8662 8540 786581.3784607657 4414602.323918993
8784 8540 787801.4371730109 4414602.070937551
8906 8540 789021.1962659555 4414602.7773162
8296 8662 782918.6815738241 4413381.522106152
8418 8662 784138.3971147846 4413381.267721213
8540 8662 785358.6475321194 4413381.164327917
8784 8662 787801.1379587706 4413381.794974835
8906 8662 789021.4279165136 4413382.2818148425
8662 8784 786581.5578690037 4412161.722342661
8784 8784 787800.8294947124 4412162.842782718
8906 8784 789021.086853722 4412162.580637999
