9516 8174 295135.31935724494 4218292.701390842
9516 8296 295136.5986167572 4217072.181081827
9272 8418 292695.49358010874 4215847.465535945
9394 8540 293916.45799660776 4214632.27302833
8662 9028 286602.77797166473 4209746.278099306
9150 9272 291476.47413861216 4207312.620344392
8052 9394 280501.1391078425 4206083.236476957
8296 9394 282939.12577469193 4206083.073947972
8540 9394 285377.1285761112 4206091.403251786
8418 9516 284156.45888113306 4204871.879935693
8540 9516 285377.2914914384 4204869.145351523
9272 9516 292697.5357117909 4204875.038036098
8418 9638 284156.6023970946 4203647.874696089
8540 9760 285376.104801952 4202432.46672933
7930 9882 279275.9904782529 4201206.805192625
8174 9882 281717.72316608985 4201208.94644464
8540 9882 285376.681812871 4201208.769346926
7808 10004 278061.7699540788 4199982.6469437005
8174 10004 281716.7689985256 4199991.762863577
8296 10004 282935.67912648496 4199992.429622162
8174 10126 281716.757378318 4198770.22429002
8418 10126 284156.4970584834 4198771.297622584
