4270 4392 285378.89374861855 4212187.755633949
4148 4514 282942.38229899446 4209743.795504644
4209 4575 284157.6368999515 4208524.465775081
4270 4575 285381.50319636695 4208524.221407798
4148 4636 282944.2843116392 4207302.5824670615
4209 4636 284157.01109031396 4207304.614777199
4026 4697 280499.2007851735 4206086.907532127
4087 4697 281718.8465060987 4206087.430848338
4148 4697 282940.77500161726 4206085.30002528
4270 4697 285378.2301718568 4206087.168294647
4087 4758 281718.44361429254 4204868.015685679
4270 4758 285380.83410013805 4204867.478451363
4148 4819 282938.5886545405 4203644.724720098
4270 4819 285379.1389066429 4203647.223621328
4026 4880 280499.06341701094 4202424.680204054
4087 4880 281720.6794912912 4202426.647960782
4148 4880 282938.71964757476 4202424.816591531
4270 4880 285381.8762455188 4202427.878862781
4026 4941 280501.0445684799 4201207.5489643095
4087 4941 281720.6062667069 4201206.623118531
4148 4941 282940.27881767706 4201206.495474624
4209 4941 284160.6793420679 4201204.839847252
4270 4941 285379.1828690086 4201203.490430773
3904 5002 278062.0881940016 4199984.235900983
3965 5002 279282.33455190354 4199984.653337779
4087 5002 281722.0347238317 4199984.489757272
3904 5063 278058.5344148735 4198768.373549769
3965 5063 279277.8820317786 4198771.671010937
3904 5124 278059.5974965466 4197546.893317802
4026 5124 280501.91076801333 4197546.612864773
4087 5185 281721.7672467761 4196324.395382459
