4575 1586 491460.9482837048 4168284.4515432846
4575 1647 491461.0041401107 4167064.1424493333
4575 1708 491461.9574484588 4165843.966918016
4514 1769 490242.86800323136 4164623.77052899
4514 1830 490242.8434121569 4163406.434512594
4575 1891 491461.10198789503 4162184.239126171
4514 1952 490241.6011693071 4160964.5307761924
4575 1952 491462.1953811602 4160964.1985921767
4514 2013 490241.9450384106 4159744.219558714
4575 2013 491461.3314528511 4159744.245512278
4453 2135 489021.00268519245 4157304.301799097
4514 2135 490241.1764679255 4157304.3386044707
4575 2196 491461.1735325418 4156084.9279775117
4575 2257 491461.248004846 4154863.4858880322
4636 2257 492682.4716066492 4154864.3114731815
4941 2257 498782.03565813403 4154866.183330279
4453 2318 489021.6847730901 4153644.270881851
4514 2318 490241.577382152 4153644.651963179
4636 2318 492681.8124808899 4153643.8251840165
4392 2379 487801.01126615633 4152424.393084024
4514 2379 490241.39501837705 4152423.984128887
4697 2379 493901.8083076103 4152423.682159135
4575 2440 491461.0107625358 4151203.3514848547
4636 2440 492681.9721070632 4151204.384588871
4697 2440 493901.40404387924 4151204.2201027274
4514 2562 490242.050299011 4148764.0122178476
4636 2562 492681.41764693975 4148764.4502852196
4758 2562 495122.90733611956 4148766.049752068
4392 2623 487801.46730680397 4147543.459448333
4514 2623 490241.0099046757 4147544.399470129
4575 2623 491461.4314168752 4147543.3253488187
4758 2623 495122.81556752697 4147543.8605974885
5002 2623 500002.5034238308 4147544.107309754
5063 2623 501222.22581518197 4147544.7395329615
4392 2684 487801.79511703725 4146323.7199787796
4575 2684 491460.31862490193 4146324.4097688217
4636 2684 492681.9464631626 4146324.843935757
4819 2684 496342.15415493125 4146324.664979603
5307 2684 506101.7717322194 4146323.950288943
5368 2684 507321.5251371203 4146323.3942897543
4453 2745 489018.98078131507 4145104.9815214183
4514 2745 490241.62231373775 4145103.8913661577
4575 2745 491460.6908037801 4145103.643323782
4636 2745 492682.83672076947 4145103.5654302975
4697 2745 493901.41518366354 4145103.1274628565
4758 2745 495122.30039287196 4145104.3244285407
4819 2745 496342.7104774467 4145104.409376001
4880 2745 497560.6299976915 4145104.9214616595
5063 2745 501220.62657230475 4145103.9589969823
5124 2745 502441.28765271354 4145104.163644355
5307 2745 506101.95032366976 4145103.0653564483
5368 2745 507321.82110422174 4145103.5048128683
4331 2806 486583.68777852063 4143884.1664311085
4392 2806 487802.1291904229 4143886.6529569253
4575 2806 491462.1118371256 4143882.9177523246
4636 2806 492681.19072040264 4143883.5303764828
4697 2806 493901.1604684762 4143884.424360033
4819 2806 496341.84392525564 4143884.439832909
4941 2806 498782.9218488576 4143884.824070153
5002 2806 500001.83752233983 4143884.9114030525
5124 2806 502442.6151884112 4143886.548883331
5307 2806 506099.1266503516 4143884.093992182
5368 2806 507322.17518029915 4143884.2453872524
4331 2867 486581.39108435105 4142663.9201589087
4453 2867 489022.43345457944 4142663.9158640057
4636 2867 492682.58710797474 4142664.842617844
4819 2867 496338.9256444757 4142664.382601234
4880 2867 497560.8287115263 4142665.9377054693
4331 2928 486579.5478593119 4141444.6795358667
4392 2928 487802.42783392005 4141443.669915572
4758 2928 495121.06633116846 4141443.541596818
4880 2928 497562.262029189 4141443.753476464
5124 2989 502441.74432842724 4140224.308316281
4270 3050 485358.51004941604 4139004.740233953
4331 3050 486583.0373288225 4139003.5673286254
4392 3050 487802.07509526814 4139002.0308125447
4514 3050 490239.06864193385 4139003.8041015323
4575 3050 491462.644637432 4139004.776477118
5124 3050 502442.0725203098 4139004.059894019
5185 3050 503662.1262896272 4139003.777660029
4270 3111 485362.82260029484 4137782.539029413
4331 3111 486582.84406708454 4137782.74211022
4392 3111 487800.8413089864 4137784.453563094
4514 3111 490242.3773323812 4137786.616676271
4575 3111 491460.25403604266 4137784.267320074
4697 3111 493900.65939994226 4137784.05708256
5002 3111 499998.745409025 4137783.908734031
5185 3111 503662.1254353218 4137784.849696379
5246 3111 504881.8113097479 4137783.6933842506
5307 3111 506103.2435782925 4137784.0870097037
4331 3172 486581.3260078469 4136563.9520193217
4514 3172 490243.0578269177 4136564.7117737774
5124 3172 502442.8871371014 4136563.6718528764
5246 3172 504882.15330041666 4136563.7597651165
4941 3233 498780.7737652062 4135344.8863203097
5063 3233 501220.6975453046 4135344.7163237827
5124 3233 502441.4778845399 4135343.897274956
5185 3233 503658.54520661273 4135344.9405985167
5246 3233 504883.17002109066 4135344.780104302
5307 3233 506101.2211946073 4135344.39231083
5368 3233 507320.9299628854 4135344.7669852218
4270 3294 485361.5473567543 4134124.155811091
4392 3294 487801.21084033523 4134124.470737988
4453 3294 489021.1106868143 4134124.3124432424
4514 3294 490240.79777936434 4134124.0202709017
4697 3294 493900.95473571826 4134124.097895013
4758 3294 495119.43093272863 4134124.062574881
4819 3294 496340.9109065134 4134124.6199930077
5002 3294 499998.79738627083 4134124.8949567825
5063 3294 501221.87658351625 4134123.427429446
5124 3294 502442.52011756616 4134124.22875348
5185 3294 503661.1530043619 4134124.1929441
4148 3355 482918.8143934872 4132904.8789399825
4209 3355 484140.46852370584 4132904.7159737013
4514 3355 490238.36503623123 4132904.0564898755
4575 3355 491461.72625518154 4132903.6328425556
4697 3355 493901.8717258256 4132904.28546617
4758 3355 495122.46899814287 4132904.161501392
4880 3355 497561.70606674906 4132904.738304318
4941 3355 498781.93156079674 4132904.4306795867
5002 3355 500000.9793032056 4132907.263393495
5063 3355 501221.41588934686 4132905.804324027
5124 3355 502442.62221475143 4132903.507649428
4270 3416 485361.42806517717 4131683.9804282347
4331 3416 486580.44982348476 4131684.7499479195
4392 3416 487801.58671176026 4131684.572701554
4514 3416 490241.4691436421 4131684.0398017606
4575 3416 491458.90862406 4131684.194081693
4636 3416 492679.36061730806 4131684.733788182
4941 3416 498781.65707861714 4131683.814698169
5002 3416 500001.8195893664 4131683.820632335
5063 3416 501220.82376184437 4131684.9609815096
5124 3416 502441.30263555626 4131684.4435929675
4209 3477 484141.03791785013 4130466.6174474806
4331 3477 486578.81456741254 4130464.133921081
4392 3477 487800.61262601556 4130464.439705153
4514 3477 490240.5928995427 4130464.0211695274
4941 3477 498781.0680842085 4130464.708818989
5063 3477 501220.9887546558 4130464.595130209
5185 3477 503661.1883763054 4130464.1085044434
5246 3477 504881.52586125623 4130463.986612018
4209 3538 484138.53146225685 4129244.6613822263
4270 3538 485362.12015968905 4129244.2648183787
4331 3538 486581.572931329 4129247.152005147
4392 3538 487801.32634046534 4129244.4481998645
4575 3538 491460.960107976 4129244.956273497
4636 3538 492682.8207416022 4129244.8213236863
4941 3538 498780.42860195274 4129244.8447156567
5063 3538 501219.4593829089 4129244.8222284755
5124 3538 502438.84135099594 4129244.3104229365
5185 3538 503661.6533158446 4129244.858686297
5246 3538 504881.09581328876 4129244.0346106933
5307 3538 506102.6896620815 4129244.835671261
4209 3599 484141.49763502326 4128024.1691950085
4453 3599 489020.7610533655 4128024.8449766766
4514 3599 490241.333791513 4128022.2025718316
4636 3599 492678.537986091 4128024.089367383
4758 3599 495120.8192296469 4128023.8844705746
4880 3599 497561.1484392172 4128024.9354857877
4941 3599 498782.3237967094 4128024.2597165694
5002 3599 500002.1637649217 4128024.9037886057
5063 3599 501222.1427211884 4128024.2956055533
5124 3599 502439.72167657025 4128024.645932343
5185 3599 503661.33566019 4128026.4374752073
5246 3599 504881.18757284275 4128024.9824848184
5307 3599 506101.57525227184 4128024.513453585
5368 3599 507321.7743292126 4128023.4643800203
5429 3599 508538.81367527344 4128026.4159793193
4148 3660 482920.3849709018 4126804.3433649875
4209 3660 484141.8305060617 4126804.5036231885
4270 3660 485358.3661613624 4126804.9924337603
4392 3660 487802.0472303722 4126804.964475856
4453 3660 489021.2649599347 4126802.401521068
4514 3660 490238.58604950714 4126804.8347467585
4636 3660 492678.3602562064 4126804.8945130985
4758 3660 495120.30474735185 4126804.808668946
4819 3660 496338.78261850367 4126802.960341286
4880 3660 497560.9879940852 4126804.6302481573
4941 3660 498781.95859192626 4126803.314744707
5002 3660 500003.25258806266 4126806.3576159803
5124 3660 502441.2853995409 4126804.282749911
5185 3660 503658.4975936842 4126803.9647470387
5246 3660 504878.7601021054 4126803.6966512166
5307 3660 506102.03921684314 4126804.7549601058
5368 3660 507321.1443706551 4126804.6639178097
5429 3660 508538.4193570213 4126804.566199811
4087 3721 481702.7238682429 4125586.579133521
4148 3721 482919.07664404623 4125583.87666485
4209 3721 484138.7234104736 4125583.3565373896
4331 3721 486582.4287489917 4125583.591744395
4392 3721 487799.1790159758 4125583.99741742
4697 3721 493902.2808118911 4125584.4510863293
4758 3721 495118.4327219627 4125584.7034743736
4880 3721 497559.2493674462 4125584.8185644457
5002 3721 500002.8150358576 4125583.496230729
5124 3721 502442.1545001218 4125584.586701406
5185 3721 503662.03719188785 4125584.2346690157
5246 3721 504881.5203708406 4125584.5725578545
5307 3721 506102.46957459534 4125584.7509984765
5368 3721 507321.0095102918 4125584.39794321
4209 3782 484138.5015370262 4124364.812271839
4270 3782 485358.58857303346 4124363.988272312
4392 3782 487799.8260030514 4124362.8488577884
4453 3782 489018.62624047213 4124366.271526805
4514 3782 490241.7411588658 4124364.6764996303
4575 3782 491462.35817144 4124363.8332263296
4758 3782 495118.7074783927 4124364.8069765307
4819 3782 496341.0322761488 4124363.4928151323
4880 3782 497562.17076389544 4124363.9624223765
4941 3782 498782.70465073484 4124362.9687289996
5002 3782 500002.4501560196 4124364.367221444
5063 3782 501222.21962271066 4124364.7366603017
5124 3782 502441.16643499775 4124364.8241233304
5246 3782 504881.67476860166 4124364.317958244
5307 3782 506102.5957794884 4124364.252552189
5368 3782 507321.8823242773 4124364.4607577026
5429 3782 508542.33564957086 4124364.546040116
4148 3843 482918.4949746078 4123144.0847566705
4209 3843 484138.43846356985 4123143.3403187785
4270 3843 485360.72819717677 4123144.2555585587
4331 3843 486581.6445421518 4123144.646978882
4392 3843 487799.18671556277 4123144.7492648577
4453 3843 489021.7398930492 4123146.777940792
4514 3843 490241.12948251254 4123144.3302988578
4575 3843 491461.21893624205 4123144.044880078
4636 3843 492683.534716307 4123144.754052343
4819 3843 496341.43105055625 4123142.902789939
4880 3843 497561.4672758665 4123144.7748331865
4941 3843 498781.7809357819 4123143.530557243
5002 3843 499998.3490831886 4123143.854138707
5063 3843 501219.2477910053 4123143.9665147783
5307 3843 506101.8621193542 4123143.9347084593
5368 3843 507322.4600047949 4123144.560564448
4026 3904 480478.78212752676 4121923.6929705217
4087 3904 481702.3806352476 4121922.901213292
4209 3904 484139.1524898394 4121924.7377876807
4270 3904 485360.90507434 4121923.791979732
4331 3904 486581.21031206363 4121924.315314263
4392 3904 487802.49033162626 4121923.3685077056
4453 3904 489018.59056158643 4121924.837845036
4575 3904 491458.2653870625 4121924.867458704
4819 3904 496339.1178535001 4121923.7638601894
4880 3904 497561.50727693783 4121924.30097182
4941 3904 498781.94835115725 4121923.1628281325
5002 3904 500001.1338025274 4121923.7054996844
5063 3904 501222.54108626605 4121923.2226845063
5124 3904 502441.89473796834 4121924.2187760854
5185 3904 503661.03234880604 4121923.800414555
5246 3904 504881.8810160648 4121923.7600847967
5307 3904 506101.85280965775 4121924.7726059575
5368 3904 507322.2753557877 4121924.027272625
5429 3904 508541.9199863977 4121924.8205186
4026 3965 480481.48460376967 4120704.2204540465
4270 3965 485362.3251741315 4120704.1571943862
4331 3965 486581.2818976943 4120703.1726897396
4392 3965 487798.9846100916 4120706.6218910674
4453 3965 489023.2753817426 4120704.07298238
4575 3965 491458.9246703133 4120703.902154452
4636 3965 492679.07079127216 4120704.4673756687
4758 3965 495121.86552715994 4120703.5093381787
4819 3965 496341.2886951767 4120703.7333842777
4880 3965 497561.8537789581 4120704.353820459
5185 3965 503661.99690068606 4120703.8012404945
5246 3965 504881.6276351717 4120703.661895198
5307 3965 506102.02196252526 4120704.0012205513
5368 3965 507322.106469735 4120704.476789416
5429 3965 508541.5624561561 4120704.502302694
4087 4026 481698.3405641554 4119484.4264403787
4209 4026 484141.6511555557 4119484.1078329673
4270 4026 485360.5267008738 4119484.4951547896
4331 4026 486578.5651588308 4119483.4565294012
4392 4026 487801.8543878581 4119484.176219438
4453 4026 489021.36881755426 4119484.914233229
4575 4026 491459.0529706841 4119484.4398822235
4636 4026 492678.0180421 4119484.8332913006
4697 4026 493899.1736197605 4119484.643000194
4758 4026 495121.1887308689 4119484.2493077395
4819 4026 496340.34472542506 4119484.2532689106
4880 4026 497559.2355825136 4119484.046854701
5002 4026 500002.27082006005 4119483.9562382204
5185 4026 503661.30947471317 4119483.749230277
5246 4026 504881.56429420447 4119483.39248129
5307 4026 506102.47750372096 4119484.535428375
5429 4026 508542.2284999175 4119484.6045970554
4331 4087 486581.54734184477 4118263.7044180064
4392 4087 487801.7225279633 4118263.823610478
4453 4087 489020.9832877204 4118264.510520759
4514 4087 490241.4541052515 4118263.73665818
4575 4087 491461.12037561013 4118264.482904368
4636 4087 492681.2263047862 4118264.609433937
4697 4087 493898.71074952587 4118263.77805447
4758 4087 495120.92405053606 4118263.8237928804
4819 4087 496340.8486055806 4118264.2703200355
4941 4087 498778.4891511431 4118263.6080870545
5063 4087 501218.926316901 4118264.9909126796
5124 4087 502442.13901736535 4118264.2644099453
5185 4087 503661.2784224249 4118263.8782106545
5246 4087 504881.58410584147 4118263.069285175
5307 4087 506101.75016709085 4118262.956981959
5368 4087 507320.62024384376 4118264.0624294393
5429 4087 508538.1147922825 4118264.6916912887
3965 4148 479260.7179847039 4117043.9712091945
4148 4148 482920.8154750634 4117044.19639259
4270 4148 485361.5507008769 4117044.0847669234
4331 4148 486578.7514507133 4117043.628582132
4392 4148 487801.03605290403 4117042.3930534367
4514 4148 490241.6567831873 4117043.9984677983
4575 4148 491458.7354981776 4117043.5416698754
4636 4148 492679.02411433856 4117044.7876991015
4819 4148 496341.8909137823 4117044.228344052
4941 4148 498782.43829571677 4117044.458156701
5002 4148 500002.81032634387 4117044.9958035937
5063 4148 501221.3236270145 4117043.3011417845
5124 4148 502441.5219514828 4117043.924422236
5185 4148 503658.62563280156 4117043.9810764743
5246 4148 504881.65947058133 4117043.8021844476
5307 4148 506101.70000270795 4117044.4192167846
5368 4148 507321.39816184866 4117043.987413899
5429 4148 508541.8798445402 4117044.215107197
4087 4209 481698.1653222024 4115823.190643344
4148 4209 482919.1440928226 4115822.608121192
4270 4209 485361.64244707086 4115823.0599831585
4392 4209 487801.075715712 4115823.600960874
4453 4209 489020.69520222663 4115823.041235159
4514 4209 490238.7067184303 4115822.9112263257
4575 4209 491461.0814201735 4115823.805424148
4697 4209 493898.7960359657 4115825.565528984
4941 4209 498778.4885160316 4115824.7642258853
5063 4209 501221.17555732134 4115824.284942097
5124 4209 502441.61174023006 4115823.174583805
5307 4209 506102.0441501667 4115824.265147087
5368 4209 507321.43301462283 4115824.606378326
4087 4270 481698.2654449376 4114603.5355761712
4148 4270 482922.58354647056 4114603.9904793566
4209 4270 484138.46058880474 4114603.817958868
4331 4270 486578.5920800182 4114604.0828845985
4514 4270 490237.888653612 4114604.529450329
4575 4270 491461.5250930882 4114603.938370146
4636 4270 492682.0714616227 4114604.0525568454
4758 4270 495121.13801630563 4114606.900660677
4819 4270 496341.369210509 4114604.7335968995
4880 4270 497562.2722441891 4114604.630060494
4941 4270 498781.5313702915 4114604.869398553
5002 4270 500001.6709639845 4114603.1550628236
5063 4270 501220.79140630714 4114604.1625615917
5124 4270 502441.36226520425 4114604.7039926937
5185 4270 503658.484567431 4114604.3209711164
5246 4270 504881.5523248899 4114603.890166997
5307 4270 506101.28495452873 4114603.74826762
5429 4270 508541.39181565813 4114604.7044543615
3965 4331 479258.9029843249 4113384.7856135378
4026 4331 480481.8719593986 4113384.0613145446
4087 4331 481701.3909832198 4113383.580100959
4209 4331 484141.02733371814 4113384.898380395
4270 4331 485358.23832593724 4113383.3384949444
4392 4331 487801.35989015887 4113382.7297090134
4453 4331 489018.23516612366 4113384.8946108716
4514 4331 490238.72151945886 4113383.6220241226
4575 4331 491460.8885550012 4113384.3783265846
4758 4331 495122.125253834 4113384.8652752303
4941 4331 498782.29668799136 4113385.58958642
5002 4331 500000.67773485236 4113384.123892068
5063 4331 501221.24590852123 4113384.183593657
5246 4331 504882.53242733184 4113384.6870501516
5368 4331 507322.7408430184 4113384.428751245
5429 4331 508539.3349537443 4113384.486317211
3965 4392 479260.9879865388 4112164.301110414
4026 4392 480482.0237279306 4112163.1959443223
4087 4392 481701.9263659468 4112164.093489891
4148 4392 482921.4566722065 4112163.624666187
4270 4392 485360.8014064482 4112162.9649094203
4331 4392 486578.49758870463 4112163.387701748
4392 4392 487798.4565796904 4112164.1505146762
4453 4392 489021.2412491735 4112164.005681026
4514 4392 490240.8976131054 4112164.5514754653
4575 4392 491461.651569376 4112164.663707196
4636 4392 492681.571956742 4112163.1335000005
5002 4392 500002.13989318773 4112164.7205624506
5185 4392 503662.23904677393 4112164.3307367153
5246 4392 504882.27823567064 4112164.1812107917
5368 4392 507322.6136433381 4112164.4263122287
5429 4392 508541.32942995545 4112164.8703063764
3904 4453 478038.2889041915 4110944.7564894026
3965 4453 479261.97856519115 4110943.6528022913
4026 4453 480482.22870157106 4110943.8684490854
4087 4453 481703.08439318545 4110942.98235707
4148 4453 482918.394749906 4110944.0420097625
4209 4453 484141.5647410893 4110943.807482942
4331 4453 486578.754846547 4110943.4873221396
4392 4453 487798.5683980135 4110943.5661599617
4453 4453 489017.8405796193 4110944.32275455
4514 4453 490238.9641844093 4110944.330006025
4941 4453 498781.9871951862 4110943.0117204394
5185 4453 503661.3065016535 4110944.932294689
3965 4514 479259.45724391524 4109723.550370043
4026 4514 480478.8629414647 4109723.767938941
4087 4514 481698.6242047166 4109723.810704482
4148 4514 482918.1002766854 4109724.7963021686
4209 4514 484138.59558488196 4109723.775654655
4270 4514 485361.0490307962 4109723.761966193
4331 4514 486581.72529890307 4109723.3525964683
4392 4514 487798.17498669843 4109724.898871147
4514 4514 490241.71531297837 4109723.907203489
4636 4514 492681.43627584557 4109724.146484469
3965 4575 479262.31751276075 4108503.0339792958
4026 4575 480478.1157354466 4108504.066621298
4087 4575 481702.075913999 4108503.7127591874
4148 4575 482918.2833047482 4108504.624113705
4209 4575 484140.41228167794 4108503.886758472
4392 4575 487800.67293014313 4108504.4761099536
4575 4575 491461.41473798244 4108504.2391124927
4636 4575 492680.8268655577 4108504.291245525
4758 4575 495121.0853894091 4108504.8063889844
3904 4636 478038.1138761638 4107284.7590593845
3965 4636 479258.6313744453 4107284.1053590328
4026 4636 480477.7881615693 4107284.522477513
4148 4636 482918.072529344 4107284.303336965
4209 4636 484142.0052452622 4107283.6782046417
4270 4636 485362.05441146385 4107283.1114393584
4453 4636 489018.19052000187 4107284.61968635
4514 4636 490241.785628733 4107283.9435783047
4575 4636 491461.5885119091 4107283.7553408453
4880 4636 497561.9080082204 4107284.112851441
5246 4636 504881.5906540371 4107283.8360018786
5368 4636 507322.5074175189 4107284.8980487166
3843 4697 476818.3829614448 4106064.505138712
3904 4697 478041.66515875503 4106064.258961496
3965 4697 479261.995393474 4106064.1566681406
4026 4697 480481.7191552231 4106063.812188875
4087 4697 481701.56515373895 4106063.3004901437
4209 4697 484142.2422719603 4106063.576639998
4270 4697 485357.76256124495 4106063.968783524
4331 4697 486582.12342752324 4106063.3460843647
4392 4697 487802.30420896504 4106062.9706768543
4453 4697 489017.96100785106 4106064.6747913966
4575 4697 491459.3136701889 4106066.251974997
3843 4758 476822.3181535418 4104842.749942106
3904 4758 478041.51157616405 4104843.8836041978
3965 4758 479262.39848364703 4104844.180723713
4026 4758 480482.05003241694 4104843.406546018
4087 4758 481700.63809804124 4104843.3356001154
4148 4758 482920.8812863417 4104843.177389782
4209 4758 484141.87680462067 4104843.5448224526
4270 4758 485361.6855204584 4104843.015133638
4331 4758 486581.6187138045 4104843.7445002226
4392 4758 487801.9650755705 4104843.7678909944
4453 4758 489021.7294144931 4104844.088226811
4514 4758 490240.9882209302 4104844.0165190594
4575 4758 491461.82663038076 4104844.6600044183
4636 4758 492681.42181995045 4104844.8426962886
3904 4819 478041.77728466404 4103624.032699081
4026 4819 480481.0308444651 4103624.19976703
4087 4819 481701.79839709675 4103623.740115312
4148 4819 482917.9230872314 4103623.4263038635
4209 4819 484142.601639837 4103623.365903165
4331 4819 486581.30916635145 4103624.738861705
4392 4819 487801.35171577043 4103624.2982251905
4453 4819 489020.7260475144 4103624.2594658174
4514 4819 490241.57651737955 4103623.9245997546
4575 4819 491458.57945893815 4103623.661614257
4697 4819 493900.9261546255 4103624.512557393
3843 4880 476822.2935532919 4102403.2295333985
3965 4880 479258.4402742642 4102404.076988764
4026 4880 480478.5445962664 4102404.2692854814
4087 4880 481701.5419277211 4102403.7608487774
4148 4880 482921.4390469535 4102403.05956339
4209 4880 484140.74425651436 4102404.2465191893
4331 4880 486581.0137158004 4102404.047775141
4453 4880 489022.0654700504 4102403.298186712
4697 4880 493902.22494321846 4102406.0838178694
3843 4941 476821.8905810957 4101183.795912125
3904 4941 478038.3597902644 4101184.320556313
3965 4941 479257.75306571415 4101184.656543215
4026 4941 480482.3752899614 4101184.226114316
4087 4941 481699.3397755158 4101183.8325179676
4148 4941 482921.87320666056 4101184.6664162204
4209 4941 484138.2344994437 4101184.2902192026
4270 4941 485362.2950123288 4101184.7518487945
4331 4941 486578.69003106124 4101183.749174063
4453 4941 489021.3728549368 4101184.2873187363
4514 4941 490242.7880544282 4101183.7094947733
4575 4941 491461.34736266785 4101184.3218196975
4697 4941 493898.5133426241 4101184.447596574
3843 5002 476822.49693733593 4099963.151556544
3904 5002 478041.7049482001 4099963.2373106694
3965 5002 479263.07378296973 4099963.6465549227
4026 5002 480480.52006350586 4099964.40703904
4087 5002 481701.81364716974 4099964.790592951
4148 5002 482918.611805175 4099963.4294574913
4209 5002 484140.7408238469 4099964.725436992
4270 5002 485361.6711967284 4099963.623574095
4331 5002 486580.79808128637 4099964.510136755
4453 5002 489021.8034154467 4099963.4930912796
4514 5002 490241.3664052411 4099964.700582508
4575 5002 491460.9734534652 4099964.507512185
4697 5002 493898.4586006607 4099963.3248737874
4758 5002 495121.2059317787 4099963.9281565007
4819 5002 496339.6577986359 4099964.6620280556
3782 5063 475598.1669930863 4098743.817584047
3843 5063 476821.7418271122 4098744.356397028
3904 5063 478042.801663429 4098742.759029502
3965 5063 479262.01955974597 4098742.9662017915
4026 5063 480481.4579560132 4098744.4926293306
4087 5063 481701.4423107927 4098744.0280144634
4148 5063 482921.48800948326 4098744.091432214
4209 5063 484141.5599310146 4098744.7563862
4270 5063 485358.4865820488 4098744.239105137
4331 5063 486582.44862677134 4098744.5171346683
4392 5063 487798.50022802135 4098744.4385407
4453 5063 489020.87171383714 4098744.0622109035
4514 5063 490242.0755341416 4098743.82966738
4697 5063 493901.8203127464 4098744.167394815
4819 5063 496342.05848438333 4098744.4270144794
4880 5063 497561.14678063523 4098744.08989474
5063 5063 501221.65286191064 4098743.5930049103
5185 5063 503658.93848220527 4098744.7591572413
5246 5063 504881.86206777097 4098744.2381367628
5307 5063 506102.07615247474 4098744.694071546
3904 5124 478041.05188130686 4097523.62984109
4026 5124 480478.1047533288 4097523.7591564003
4087 5124 481698.2980706105 4097523.3709714245
4148 5124 482921.4007163438 4097524.324673933
4209 5124 484140.8230941398 4097523.886211741
4331 5124 486581.9113788412 4097525.582877191
4392 5124 487801.0130782398 4097524.1849703677
4453 5124 489021.2639395354 4097523.7875618143
4697 5124 493901.25520917017 4097523.6100734724
4758 5124 495121.584400908 4097523.74528885
4819 5124 496341.90555087064 4097524.5188721363
4880 5124 497561.7952880962 4097524.9284938164
4941 5124 498780.95664957474 4097526.827430805
3904 5185 478041.60582251614 4096303.820401703
4026 5185 480478.57457060885 4096303.2599747647
4209 5185 484138.7911499325 4096303.959522128
4331 5185 486582.26280583855 4096304.081677515
4392 5185 487798.64347659674 4096304.5655429717
4453 5185 489018.3408490936 4096304.3831570214
4514 5185 490241.45407485537 4096304.0087665403
4575 5185 491462.0180742592 4096303.245165034
4636 5185 492680.9745562529 4096304.0880039698
4697 5185 493901.8833372176 4096303.8260983126
4758 5185 495121.6597091393 4096303.1397817507
3721 5246 474380.1834378841 4095084.064114101
3965 5246 479261.46827319294 4095083.5653527975
4026 5246 480479.0606767571 4095084.4386647334
4087 5246 481698.16568006924 4095084.0757891135
4148 5246 482921.351595365 4095083.6316383695
4209 5246 484138.28468165634 4095084.231180582
4331 5246 486581.4317295229 4095083.6827586778
4392 5246 487801.9809691148 4095083.8231835784
4453 5246 489021.5796094238 4095084.0176527947
4514 5246 490238.4190885081 4095082.730425681
4575 5246 491458.7693053535 4095084.6002570055
4758 5246 495120.5521818781 4095082.5272695757
3782 5307 475599.52402340935 4093864.270363922
3904 5307 478042.4668462896 4093863.4953480195
3965 5307 479262.2718619062 4093863.996167005
4087 5307 481702.18195550307 4093864.1105622035
4148 5307 482922.1991504283 4093864.3454145053
4209 5307 484141.98795240256 4093863.885465744
4331 5307 486581.93658073095 4093863.952013512
4453 5307 489022.9979761087 4093863.830148386
4514 5307 490241.87437468383 4093864.015068005
4758 5307 495122.1290570287 4093864.305639553
4819 5307 496343.09310975194 4093863.767181904
5124 5307 502443.0946160233 4093864.8363400744
5429 5307 508541.8099030818 4093863.62839113
3782 5368 475602.707420716 4092643.9049340915
3904 5368 478041.9277585618 4092644.353800658
4148 5368 482921.6313543708 4092643.1332038213
4209 5368 484142.4047188373 4092644.10851762
4270 5368 485361.42001456826 4092644.3741687397
4331 5368 486581.6366433928 4092643.8887242554
4392 5368 487802.09878931346 4092643.6086116713
4453 5368 489021.88322577754 4092644.315098569
4514 5368 490241.0604174934 4092644.182071252
4636 5368 492682.5212746222 4092642.858025127
4819 5368 496338.8572126714 4092644.9411208658
3721 5429 474381.8400597898 4091423.9678565385
3782 5429 475601.8001396391 4091424.9033867223
3843 5429 476823.0769324365 4091423.7187694153
3904 5429 478042.52143977955 4091424.147464133
4087 5429 481702.88222626224 4091424.282723861
4148 5429 482921.40447258984 4091424.449121834
4270 5429 485362.5538979361 4091424.222712134
4392 5429 487802.20317718317 4091424.187175989
4453 5429 489022.5793351912 4091424.218042815
4575 5429 491462.49358028884 4091423.759961142
4636 5429 492683.0456304886 4091423.9525108337
4697 5429 493902.5026719828 4091424.318727116
5185 5490 503662.47554555984 4090203.6139903814
