976 244 609756.6297585146 4297583.573658518
1342 366 613416.1872690805 4296364.960604315
488 610 604875.7613000156 4293922.073413659
854 610 608538.1128562231 4293923.248771009
1952 610 619517.6679739993 4293923.11800671
2074 610 620735.2344671566 4293921.811808503
610 732 606097.4097531993 4292703.821638887
732 732 607317.0886532671 4292703.142029909
1220 732 612198.0105067098 4292704.383471763
1830 732 618296.3170055175 4292703.04889844
3294 732 632936.5688377379 4292704.022635292
732 854 607316.8632987982 4291483.401614938
1098 854 610977.1339191456 4291483.336514786
732 976 607316.107482979 4290262.200666414
976 976 609757.2984596924 4290262.395141654
1098 976 610977.0978023256 4290262.561880223
610 1098 606097.0182000566 4289043.205964255
488 1220 604877.347790251 4287822.164878447
610 1220 606098.4790333323 4287822.9284829665
1830 1220 618295.6172678606 4287821.192958018
2318 1220 623176.3247413456 4287822.896699837
2684 1220 626836.4855165341 4287824.371351156
3172 1342 631717.7931336999 4286603.868567701
3294 1342 632936.5691778712 4286606.038429167
2928 1464 629277.561515614 4285383.265352905
3050 1464 630497.9829671544 4285383.004696187
732 1586 607316.9976435442 4284163.18604326
122 1708 601217.8848254202 4282942.597922873
488 1708 604876.0334903203 4282943.012590633
1342 1708 613416.761037191 4282944.556074675
1952 1708 619515.7151552574 4282944.950096146
2928 1708 629276.6074959182 4282942.302768663
1342 1830 613418.513764846 4281722.304107399
2196 1830 621955.2313295505 4281724.973399826
122 1952 601217.0993464777 4280503.808286016
366 1952 603657.5405425114 4280502.000965011
976 1952 609757.113199258 4280503.895041758
3416 1952 634157.1071277742 4280505.578948188
1220 2074 612197.2778436028 4279282.92193722
1342 2074 613418.2942058045 4279283.175379241
2074 2074 620734.7082062498 4279283.928389388
122 2196 601218.6839072764 4278063.542547408
3416 2196 634155.8678797678 4278064.997876115
3538 2196 635377.4736567911 4278067.496691443
122 2318 601217.258960043 4276842.479022234
3416 2318 634157.7482429527 4276842.995161228
3538 2318 635377.5429865966 4276843.071289642
3172 2440 631716.6705383734 4275623.3295448255
3294 2440 632937.3554311233 4275624.028793816
3416 2440 634157.5537504166 4275624.015521224
610 2562 606098.343011782 4274401.572965783
976 2562 609757.841744877 4274404.116095128
1342 2562 613417.2694595676 4274404.557304334
244 2684 602436.6236911241 4273183.921386918
976 2684 609757.1414692631 4273183.949137335
488 2806 604876.8595189723 4271964.217206093
2806 2806 628055.2507861921 4271964.911257018
122 2928 601217.0701826976 4270743.130902132
1830 2928 618295.835783905 4270743.560696012
2074 2928 620736.4629472235 4270743.422994341
3294 2928 632935.341785879 4270744.548763823
3050 3050 630496.8698916209 4269523.459695496
854 3172 608536.885250887 4268303.158552029
1220 3172 612196.4695482374 4268304.00881858
3294 3172 632938.1503723961 4268302.961674988
1220 3294 612196.8984830503 4267084.035011536
1342 3294 613416.8421696549 4267084.61444448
1464 3294 614637.4512536936 4267082.765269073
3416 3294 634157.2931646887 4267084.007910974
3538 3294 635375.9755877183 4267087.222172112
3660 3294 636596.2388341578 4267082.505572063
610 3416 606095.6324091692 4265864.9693886135
1220 3416 612197.2730273063 4265859.21487611
2440 3416 624396.8257106309 4265868.034026388
2928 3416 629277.5199479846 4265862.682626464
3050 3416 630497.7314934067 4265863.712898305
3172 3416 631717.7245688952 4265862.640898477
3294 3416 632935.992362785 4265864.369377128
488 3538 604877.6593729267 4264644.867007999
1586 3538 615861.5650236285 4264643.5224037245
3294 3538 632937.4750425587 4264643.552510573
366 3660 603657.5021457287 4263423.264088646
976 3660 609756.1139145445 4263423.657839075
1098 3660 610977.9296308272 4263423.687788543
2196 3660 621956.9592379765 4263423.775208391
3050 3660 630497.3805668309 4263424.789968266
1464 3782 614637.331530293 4262204.012090826
2318 3782 623176.4897457012 4262204.168600914
2562 3782 625616.2245639563 4262204.700733245
3538 3782 635376.597130629 4262207.15809703
3660 3782 636596.9030649123 4262202.89303239
366 3904 603656.1956110378 4260983.990056849
1098 3904 610976.8943171396 4260978.209787374
2562 3904 625616.1584058192 4260984.354114208
3172 3904 631717.5080235791 4260986.857037813
3416 3904 634156.7199278683 4260984.468397606
3538 3904 635376.3556359614 4260981.852182444
1708 4026 617075.9416515008 4259764.473498568
3050 4026 630495.9954144675 4259763.7896733405
610 4148 606095.7473242086 4258544.436021577
854 4148 608536.6034414227 4258543.534520796
976 4148 609756.9214617335 4258542.505058756
3660 4148 636595.630445287 4258543.675339387
2440 4270 624396.6386501654 4257323.746344778
2562 4270 625617.7397899951 4257322.552976609
3416 4270 634158.2335096364 4257326.756890268
2440 4392 624397.0693121277 4256104.0135193
2684 4392 626837.4360344674 4256102.548054921
2806 4392 628056.3231379419 4256103.32395543
3538 4392 635376.3249334415 4256104.46331379
3660 4392 636596.2205444962 4256103.543296541
2440 4514 624397.165992358 4254883.910107242
2684 4514 626836.8462225281 4254882.085536754
1586 4636 615857.3603315464 4253663.175379488
2318 4636 623176.6499280295 4253663.674780116
2684 4636 626837.4114495357 4253661.564633103
3294 4636 632936.4902204478 4253664.364538885
3538 4636 635376.5046103718 4253663.24355329
366 4758 603656.543449852 4252442.72776559
732 4758 607316.377908497 4252443.3922453625
1708 4758 617077.9948313141 4252443.0175468335
1830 4758 618298.0565399817 4252443.574066841
2562 4758 625616.2136270182 4252443.249239133
2928 4758 629276.2715965247 4252444.384066138
732 4880 607316.9937155436 4251222.785980099
2440 4880 624397.6746838401 4251223.257650237
2928 4880 629276.3865819846 4251222.791721651
3050 4880 630497.7275803662 4251227.488790505
3416 4880 634156.478723156 4251223.9629945895
976 5002 609756.8628221739 4250003.504532429
2074 5002 620737.5328987068 4250002.565128183
2196 5002 621957.3485639466 4250003.364789476
2318 5002 623176.662060426 4250003.316314061
1586 5124 615857.0189025508 4248782.758820185
854 5246 608536.2032021083 4247564.591341465
976 5246 609757.3092322905 4247562.930145369
1586 5246 615857.8191848034 4247562.856960394
1708 5246 617077.136940699 4247564.383004659
1830 5246 618297.199481829 4247563.0655279495
1952 5246 619517.061825441 4247564.4908047775
2074 5246 620736.4644353506 4247564.2695414005
2196 5246 621956.1129405656 4247563.710848966
2440 5246 624395.8157362237 4247564.03716343
2806 5246 628057.9361222313 4247562.780774176
1464 5368 614637.3665976184 4246342.889486384
1586 5368 615861.8665655875 4246343.173698175
1830 5368 618298.3710471883 4246343.196370626
1952 5368 619517.1595016822 4246343.982399232
1098 5490 610975.6784896309 4245123.752191623
1464 5490 614642.0782036454 4245123.405220106
1586 5490 615857.741865146 4245123.52267057
2074 5490 620737.2444239752 4245122.636658283
2318 5490 623176.2364845432 4245123.921304324
2562 5490 625617.8009393619 4245125.627607388
976 5612 609757.0186629252 4243902.638151175
1708 5612 617074.720926548 4243904.714644469
2196 5612 621956.9375544409 4243903.470429529
2318 5612 623177.4153384608 4243903.239088587
610 5734 606096.950929725 4242686.455508479
1708 5734 617077.4060566365 4242682.555082522
976 5978 609756.7136480603 4240243.571602688
1220 5978 612195.7552357474 4240244.083370923
1342 5978 613416.0560969044 4240243.751996709
854 6100 608537.5573206537 4239024.038842141
488 6222 604877.3524810264 4237804.029319766
1098 6222 610977.2862781995 4237802.464471051
244 6344 602437.1317812045 4236582.657292818
366 6344 603655.8938672241 4236584.202562036
488 6344 604875.6074798681 4236583.237338184
610 6466 606097.188415029 4235363.958661459
854 6466 608537.6699294052 4235363.932316002
122 6588 601216.9534265666 4234144.122242779
366 6588 603657.1874915496 4234144.6307378
122 6710 601216.9630840756 4232923.676808141
732 6832 607317.7661024339 4231704.671997741
122 7076 601216.8044348698 4229264.554931838
122 7198 601217.5620877177 4228043.465311669
244 7198 602437.262364405 4228043.751649881
244 7320 602438.5524794869 4226817.833303738
488 7320 604877.4960438068 4226824.383110485
122 7564 601217.6215474132 4224383.033617638
366 7564 603656.4966007059 4224384.103481714
