2623 0 752422.3539246111 5100001.27189064
244 61 704843.4754574202 5098781.48726251
976 61 719483.3892161717 5098783.418717672
1098 61 721924.3302274806 5098782.813359543
2135 61 742663.8769569731 5098783.292067089
2196 61 743881.9287958286 5098785.955679085
2501 61 749982.2916344893 5098777.581409814
2745 61 754862.5938059506 5098784.814842807
3050 61 760962.1336482398 5098782.284430475
3294 61 765843.8239787287 5098782.355824994
3904 61 778044.2940153736 5098783.279590389
4087 61 781704.5258654463 5098783.962999059
4331 61 786576.180972369 5098782.846748909
4575 61 791461.4343183545 5098782.156659284
4636 61 792682.3599597169 5098783.151974289
5063 61 801223.6973114612 5098783.515779115
5246 61 804882.8794864541 5098783.682115072
2501 122 749981.0124024593 5097559.474324518
2806 122 756083.9560646468 5097563.900580644
2928 122 758522.6989929265 5097562.624783462
3111 122 762182.3480506303 5097562.43064979
3294 122 765841.4383587284 5097561.041202531
3416 122 768281.7060200479 5097562.5157474335
3660 122 773164.4056971844 5097564.187867168
4209 122 784143.2150603374 5097564.700590091
4575 122 791458.4873579425 5097564.787395397
4880 122 797563.8380942121 5097563.917425661
5063 122 801221.2958411013 5097562.983623034
5368 122 807322.3573119007 5097561.741366668
2318 183 746324.0437215432 5096341.878634906
2806 183 756083.2521520928 5096344.660087066
2928 183 758522.817477418 5096342.404188829
3050 183 760957.1174418961 5096343.695960641
3233 183 764622.5162951265 5096342.93826869
4148 183 782921.5019174056 5096343.972557412
4209 183 784143.9916856026 5096344.852258702
4331 183 786583.3781291323 5096342.968307433
4819 183 796338.7429329833 5096343.771190516
4880 183 797563.139115806 5096342.683735872
5002 183 800002.8110229383 5096342.371024245
5307 183 806098.1731735258 5096342.511095295
671 244 713384.4401986124 5095123.441606397
732 244 714600.4618193895 5095119.718672613
3050 244 760962.6097074713 5095123.7253688
3111 244 762182.4050622125 5095122.804800906
3538 244 770724.7124311626 5095123.771163333
3599 244 771943.3575464601 5095123.768448409
3660 244 773162.6701415458 5095118.292050742
3904 244 778042.2653364611 5095122.126159448
3965 244 779261.9958328117 5095122.385975629
4026 244 780481.3419693271 5095123.956809294
4270 244 785363.5415278248 5095123.840374627
4331 244 786581.6431162588 5095122.276708793
4453 244 789023.3570504517 5095120.709452379
4697 244 793902.0134982881 5095123.797448515
4758 244 795122.7061642371 5095123.186857956
4819 244 796342.896533942 5095122.678714006
5002 244 800002.4067067537 5095123.647016213
5429 244 808541.2891257389 5095123.52786166
1159 305 723142.6783639281 5093902.421647728
2074 305 741443.074943853 5093902.926049344
2562 305 751201.4545101152 5093903.396877283
2806 305 756082.5908781533 5093902.741953271
2867 305 757302.5805646873 5093903.191872641
2928 305 758521.9155055444 5093903.028287242
3050 305 760962.7246334278 5093903.163902163
3355 305 767058.9906277799 5093902.675616363
3416 305 768282.1632645449 5093903.1333415825
3477 305 769499.2100713394 5093904.670895447
4209 305 784142.2262360877 5093902.405074432
4392 305 787801.1983511429 5093900.1522568
4575 305 791461.847018641 5093902.605926044
671 366 713380.5303547513 5092680.306937147
1952 366 739000.8719102085 5092682.974744356
2562 366 751203.0249000827 5092683.774269845
2684 366 753641.4737657605 5092683.151228147
2806 366 756080.4900340416 5092681.002521503
2989 366 759741.9396616974 5092683.3507103715
3111 366 762184.2109585251 5092684.788526702
3355 366 767062.4781369654 5092682.030613305
3538 366 770722.0760426024 5092683.284252796
3721 366 774381.5968091772 5092682.671678897
3782 366 775602.0194626563 5092682.664422613
3843 366 776818.1334632571 5092683.098100696
4392 366 787804.0756411597 5092683.715182025
4880 366 797562.9395759166 5092683.126466248
2135 427 742660.7782398293 5091462.7528197
2623 427 752422.28253393 5091463.221952692
2745 427 754863.2025162873 5091462.683014295
2806 427 756085.039688199 5091465.444170193
2928 427 758523.0635843171 5091462.492237708
3111 427 762178.3532175277 5091462.334922637
3294 427 765841.3988847273 5091464.900545683
3355 427 767061.9098463256 5091461.754934331
3538 427 770718.9141194151 5091463.047370785
3782 427 775602.8524112192 5091462.959898991
3843 427 776822.4456513581 5091463.699380179
4087 427 781701.4912340763 5091461.171426161
4575 427 791463.0296096662 5091463.279503427
5368 427 807322.4215269984 5091461.593436461
1647 488 732901.9910605173 5090237.754131839
1891 488 737781.773727634 5090243.047935742
2379 488 747541.5189982817 5090243.5710851215
2440 488 748759.4169078342 5090243.615751741
2562 488 751202.2690844215 5090243.380114626
2928 488 758522.8086961572 5090242.395061881
2989 488 759743.546586762 5090244.526763021
3233 488 764623.939372395 5090243.106748466
3294 488 765843.1407364322 5090244.01933711
3599 488 771943.3331429571 5090242.291181437
3843 488 776822.4212125691 5090242.3499882715
4331 488 786582.3086487091 5090241.010628062
4392 488 787803.0114024818 5090244.964137087
4819 488 796341.7513011622 5090238.832737736
1464 549 729243.4183629706 5089024.629537831
2379 549 747538.8534296164 5089023.7252986375
2867 549 757303.0528000949 5089023.013618031
2928 549 758523.1419712104 5089023.08730949
3355 549 767063.0187627967 5089022.709075395
3538 549 770722.6118564331 5089023.454660065
3721 549 774382.7819952779 5089023.438476956
3965 549 779260.7731329191 5089024.1901827585
4026 549 780484.3243665756 5089023.405172718
4270 549 785364.6862699796 5089022.851207138
4331 549 786582.7622032125 5089023.189386847
4453 549 789023.7867706023 5089022.023528649
5063 549 801218.9367496469 5089024.940098583
427 610 708501.5585268236 5087803.353901568
1586 610 731681.9989331315 5087802.887939128
1647 610 732902.2110644648 5087803.158098613
1952 610 739001.9981299785 5087802.942041815
2440 610 748763.4592763407 5087804.251561546
2501 610 749982.2843750957 5087803.371161038
2623 610 752422.4852580277 5087802.322629937
2928 610 758523.3384569094 5087804.715275225
3172 610 763402.0514174532 5087797.305584952
3843 610 776823.5063479926 5087803.084979788
4087 610 781702.5525308222 5087801.633503901
4331 610 786582.7085983701 5087803.191813929
4392 610 787801.9958383305 5087803.423710215
4453 610 789021.3637743891 5087798.467800235
5002 610 800002.1943483077 5087804.40401724
5063 610 801222.4267884174 5087804.042394003
1586 671 731682.57073112 5086583.2623793455
1708 671 734121.81955175 5086583.618329163
2318 671 746323.2076296906 5086584.055057555
2379 671 747542.2665903535 5086582.105971734
2562 671 751202.4540034584 5086583.178283728
2806 671 756083.8216778473 5086584.273085634
2867 671 757302.7491980859 5086581.798318331
3111 671 762182.2343120218 5086582.756096398
3355 671 767063.747365333 5086583.711758259
3599 671 771942.3835059887 5086584.77424668
3660 671 773162.4576256708 5086581.759793555
3843 671 776823.274452083 5086582.31089808
3965 671 779260.8115275719 5086583.428443488
4148 671 782923.4107111271 5086583.103414738
4453 671 789023.0793571203 5086582.906147794
5002 671 799998.0899906899 5086583.35170213
1281 732 725582.1899580857 5085357.391413342
1586 732 731681.6646817937 5085363.556235155
1830 732 736562.2727117997 5085363.1967906905
2074 732 741443.433697224 5085358.798268076
2318 732 746321.7298716245 5085362.407968584
2379 732 747541.0137734945 5085363.254384335
2623 732 752422.7487085745 5085362.669417101
2684 732 753642.6233685672 5085363.394766417
2867 732 757303.315637679 5085363.734613443
2989 732 759742.6381791075 5085363.61330316
3050 732 760962.3741171039 5085362.322025129
3111 732 762178.845074059 5085363.072003916
3172 732 763397.512045442 5085362.23664363
3294 732 765842.5146844428 5085362.7147519095
3843 732 776822.7466273353 5085364.52300764
4331 732 786582.0835405658 5085361.955121702
4636 732 792683.3830187956 5085364.763931107
4941 732 798783.4661203234 5085363.040428754
5307 732 806103.6409904249 5085363.292809749
1037 793 720701.3963564615 5084142.459771408
1159 793 723143.8492590609 5084137.195001906
1342 793 726801.6564183844 5084142.030865841
1403 793 728018.88075342 5084143.473108978
1464 793 729241.5559752967 5084142.386784098
1952 793 739001.1990840841 5084141.846991709
2013 793 740222.9509716574 5084143.714661769
2135 793 742661.5513911615 5084142.081718573
2196 793 743882.5405076322 5084143.399256656
2257 793 745098.1937369739 5084143.429326759
2318 793 746323.5106721618 5084143.539119387
2379 793 747543.3018253506 5084143.456204888
2440 793 748763.1327052712 5084142.366649492
2928 793 758522.3356183373 5084142.788677264
3050 793 760963.9481237424 5084142.726665977
3233 793 764622.6069478223 5084142.256022583
3294 793 765842.2786072266 5084143.5971390875
3416 793 768283.0274956379 5084142.689590806
3721 793 774382.333634788 5084142.840109748
3782 793 775602.6279672779 5084142.735823965
4026 793 780481.3598621323 5084143.194786884
4148 793 782921.6008687078 5084142.815642995
4209 793 784142.2714778051 5084143.209878993
4331 793 786583.6110066149 5084142.688805846
4453 793 789022.7776706764 5084142.775559637
5246 793 804883.2474974031 5084143.926249779
1830 854 736561.145746864 5082923.288575105
1952 854 739002.3043978919 5082922.08069116
2013 854 740221.0031083806 5082923.602532652
2196 854 743881.6664287488 5082922.046972182
2867 854 757304.748724845 5082923.964710612
3172 854 763401.8180897415 5082921.3459385
3233 854 764623.0136863715 5082922.923492418
3477 854 769502.458259144 5082922.717689332
3965 854 779263.0847450936 5082922.439627156
4026 854 780484.0524224483 5082922.470801615
4087 854 781702.5785029153 5082922.084994363
4514 854 790241.9625817268 5082922.571898748
4697 854 793902.8153125475 5082923.581659068
4758 854 795123.069236849 5082922.994202609
4941 854 798778.2311967403 5082922.777925013
5063 854 801223.6045320941 5082923.419446094
122 915 702402.2754886148 5081702.079808039
1037 915 720702.8750358473 5081702.518989936
1220 915 724363.6115377967 5081703.976423182
2257 915 745101.7858277711 5081703.545255573
2623 915 752425.5433074342 5081704.170758838
2745 915 754862.8400880464 5081703.6673437655
4087 915 781703.1084051824 5081702.253327849
4148 915 782924.2928380785 5081701.05808198
4392 915 787803.6558241731 5081702.812911085
4636 915 792683.451910314 5081703.179917246
5002 915 799998.3122657762 5081703.357505922
5429 915 808542.7318759208 5081704.550196146
1037 976 720701.3391368425 5080482.56105395
1098 976 721921.5120632447 5080482.364796245
1830 976 736562.8030258314 5080482.530096997
1891 976 737783.0529756931 5080482.026573338
2318 976 746321.5874330229 5080482.106214677
2501 976 749982.0122545414 5080483.472334993
2806 976 756083.5715776486 5080483.70389579
2989 976 759742.1467751312 5080482.435743009
3050 976 760962.754209364 5080483.420766347
3172 976 763402.127464081 5080482.547681037
3233 976 764622.3316895895 5080482.534426155
3294 976 765842.8326451859 5080483.81687674
3355 976 767062.2112440199 5080482.587513139
3599 976 771943.4739145186 5080482.524720716
3660 976 773163.6342954838 5080482.744389222
3904 976 778041.1419006969 5080481.367225199
4209 976 784144.9850897096 5080481.899817836
4270 976 785364.9964936295 5080480.8837522855
4331 976 786584.6620867263 5080484.763220525
4819 976 796338.3009337144 5080484.515331327
5002 976 800001.9471577423 5080482.542355479
854 1037 717042.821759909 5079260.535615295
976 1037 719481.8860835863 5079263.032202534
2989 1037 759741.2302854211 5079262.44357811
3050 1037 760963.1630715007 5079263.129989671
3172 1037 763402.8247610638 5079263.4779110635
3355 1037 767062.1548441525 5079263.415320708
3416 1037 768280.1984079959 5079264.935006205
3477 1037 769502.6367233187 5079263.486125472
3538 1037 770722.067356241 5079263.260738146
3660 1037 773163.8265785578 5079262.696612934
4026 1037 780481.9194582734 5079263.177907895
4209 1037 784139.8535382691 5079259.86831459
4941 1037 798783.6056161054 5079262.700870563
5185 1037 803661.9069616682 5079263.221863655
5307 1037 806103.3310119134 5079264.894688086
671 1098 713381.3331674426 5078044.062380228
793 1098 715822.4274378456 5078043.371494447
1281 1098 725582.3186390605 5078043.910674484
1525 1098 730463.1057806526 5078042.096926096
1647 1098 732899.1761417686 5078038.65982952
1952 1098 739004.2478057191 5078044.999776301
2196 1098 743882.7013187073 5078038.484126518
2867 1098 757303.480450043 5078042.763708678
2928 1098 758522.5727724691 5078043.562069643
2989 1098 759741.4728574276 5078044.001479335
3050 1098 760962.3606515954 5078043.889620295
3233 1098 764621.4417286543 5078044.102036751
3294 1098 765842.4652699742 5078043.6276694
3355 1098 767062.9496039972 5078043.622902251
3416 1098 768283.23986868 5078044.870991767
3477 1098 769503.8877307592 5078044.024899816
3538 1098 770722.9261162496 5078042.947262713
3965 1098 779263.7435619647 5078042.587980064
4026 1098 780482.28701246 5078041.823078273
4148 1098 782922.4844302024 5078041.935035691
4392 1098 787801.9934306374 5078042.399904602
4453 1098 789018.3907913518 5078039.410444656
5185 1098 803662.0108250449 5078041.517097693
854 1159 717041.0326597211 5076824.3679223955
1159 1159 723142.2245641004 5076822.922248028
1403 1159 728022.2213407028 5076823.486351448
1708 1159 734122.7301752962 5076823.72699729
1830 1159 736562.0235570681 5076822.672448103
1952 1159 739002.1266067513 5076819.036272952
2379 1159 747544.1110584012 5076821.572263608
2501 1159 749984.840494627 5076823.3715538755
2867 1159 757303.3216764259 5076823.500497247
3111 1159 762184.1989309433 5076823.695063931
3355 1159 767063.7330652486 5076824.5053320145
3477 1159 769501.6893806146 5076823.830218675
3660 1159 773157.9709913641 5076822.889531482
3721 1159 774382.7250347122 5076824.959649586
3782 1159 775602.4064040746 5076822.768649075
3843 1159 776818.2819496266 5076823.239422662
4209 1159 784143.5773028993 5076823.826339348
4270 1159 785362.3548879013 5076822.901178161
4392 1159 787802.2789650299 5076822.595911259
4453 1159 789020.4297692614 5076821.917342534
4636 1159 792681.913668691 5076823.7538408
4697 1159 793901.9530231279 5076822.474122618
4758 1159 795117.9788139677 5076822.876142701
4819 1159 796341.9899430104 5076824.003534257
5124 1159 802443.5657252008 5076823.531243366
5185 1159 803662.8935799387 5076823.940774752
305 1220 706062.7062493631 5075602.957606584
610 1220 712164.3143814268 5075604.558268286
854 1220 717040.98890745 5075598.455742528
976 1220 719481.358408006 5075603.6411276795
1037 1220 720702.5960416496 5075603.583618597
1281 1220 725582.0644344677 5075603.087941515
1525 1220 730462.7533845792 5075601.618897031
1708 1220 734121.5811743031 5075602.476564774
1830 1220 736562.1626723357 5075603.282717745
1891 1220 737782.5276853312 5075603.611477717
2257 1220 745101.7694432135 5075602.740270492
2440 1220 748762.5680652461 5075598.227978191
2684 1220 753643.2141734029 5075603.971096648
3111 1220 762183.0194497046 5075603.106501589
3172 1220 763397.8960013718 5075602.122183584
3233 1220 764623.0269626866 5075603.449684995
3477 1220 769502.3615655169 5075604.38798204
3782 1220 775602.8518083625 5075603.117229696
3843 1220 776821.4363140849 5075602.725132408
3904 1220 778042.0407403415 5075603.847841634
4209 1220 784142.3861368505 5075603.795333901
4392 1220 787801.8591973012 5075602.2272920385
5002 1220 800003.7893045695 5075603.412826904
5063 1220 801219.8600636378 5075604.947388343
5185 1220 803659.9369738648 5075603.74600976
5246 1220 804882.934348593 5075604.86148029
427 1281 708504.0467086228 5074378.818600367
488 1281 709722.8901636442 5074382.900570753
671 1281 713384.0802328038 5074381.989677075
976 1281 719481.9316000661 5074383.634148975
1098 1281 721921.6285794938 5074378.546385954
1403 1281 728023.3306533232 5074378.848966875
1525 1281 730461.148358986 5074383.085081741
1769 1281 735341.894147919 5074383.02860835
1891 1281 737784.9085937134 5074383.283376502
1952 1281 739002.9579455397 5074383.997484822
2318 1281 746317.3542986838 5074381.306876767
2501 1281 749982.5899289047 5074382.150729639
2745 1281 754862.6076201339 5074381.761775151
2806 1281 756082.2946168002 5074382.166726705
3172 1281 763402.8527661181 5074383.389059373
3233 1281 764618.8420566721 5074383.465449878
3904 1281 778042.427132467 5074382.492634194
4087 1281 781701.9971817997 5074381.334927419
4148 1281 782919.2573674048 5074382.653458349
4209 1281 784138.4151236339 5074382.769915239
4270 1281 785362.4052793564 5074383.327231625
4331 1281 786577.8055726758 5074384.250438273
4453 1281 789020.0963031552 5074384.937150158
4636 1281 792683.5170872856 5074383.022179229
4819 1281 796343.6139449899 5074383.327974628
5124 1281 802442.4942713721 5074383.193644179
5307 1281 806102.2108072821 5074382.172112573
5368 1281 807322.1817841743 5074383.648103452
671 1342 713383.827235427 5073162.693905599
732 1342 714602.3495201854 5073162.559225654
915 1342 718263.5842072478 5073164.459907504
976 1342 719481.790700179 5073161.849966613
1098 1342 721923.7327031159 5073163.580645055
1159 1342 723144.2459919932 5073162.944997435
1342 1342 726801.8371950389 5073163.079627357
1891 1342 737780.3177320611 5073164.274266892
2257 1342 745098.7749660317 5073163.634376981
2745 1342 754862.5963426057 5073163.212684933
3233 1342 764621.7153642623 5073163.3933446705
3416 1342 768279.5039871101 5073162.612802637
3477 1342 769503.3590233566 5073165.561562829
3660 1342 773163.9820336873 5073162.867865034
3721 1342 774382.6786658196 5073162.149758205
4026 1342 780477.2087854234 5073162.774357208
4087 1342 781700.0649748644 5073164.980661154
4148 1342 782918.1713807983 5073163.070155637
4575 1342 791462.985928444 5073164.183063612
4697 1342 793903.5285077397 5073164.562547613
4819 1342 796343.5555676528 5073161.745010361
5063 1342 801223.4820135254 5073163.589873794
183 1403 703621.9522021044 5071943.140321924
244 1403 704842.7643481882 5071943.212589183
549 1403 710943.1175149143 5071942.192279128
671 1403 713382.1506738157 5071944.345093681
915 1403 718263.8953283356 5071943.603924338
1586 1403 731682.8702143916 5071941.400885922
1769 1403 735344.0089565666 5071944.119214797
1830 1403 736562.7939034355 5071942.880585185
2135 1403 742658.3859021188 5071942.758196311
2440 1403 748762.6270871235 5071941.092068353
2501 1403 749982.9557944903 5071943.28066613
2684 1403 753643.3981702816 5071944.122837805
2745 1403 754861.5432302743 5071941.731760839
3233 1403 764622.838796951 5071943.198194191
3355 1403 767057.4982014393 5071943.564959529
3416 1403 768282.4898360063 5071942.197905069
3599 1403 771942.78950304 5071942.667357972
3721 1403 774381.6583444544 5071941.40795833
3904 1403 778042.7328453509 5071943.344514005
4514 1403 790241.0470290993 5071943.786436291
4575 1403 791463.2002692404 5071942.886289465
4758 1403 795123.8191282676 5071944.709920803
4819 1403 796343.4734047067 5071942.568806831
5246 1403 804883.1145140517 5071942.685564267
488 1464 709722.6405717534 5070722.681340569
671 1464 713383.1580437234 5070724.340263777
732 1464 714602.4342339912 5070721.568778799
1037 1464 720701.8751287649 5070723.326840244
1220 1464 724360.3705946663 5070724.268519337
1769 1464 735342.5740205442 5070721.818792037
1830 1464 736561.970604387 5070721.95227836
2013 1464 740220.779143946 5070721.337218863
2074 1464 741438.8805226632 5070720.886682458
2501 1464 749982.0217146602 5070724.504481812
2806 1464 756082.5812321029 5070723.74647505
2867 1464 757302.3727942508 5070722.745099189
3050 1464 760962.6502143423 5070722.053990979
3111 1464 762182.8115233709 5070720.142558161
3294 1464 765842.063157642 5070722.897250071
3355 1464 767062.5652201673 5070722.530523774
3416 1464 768281.6526305908 5070722.881756716
3599 1464 771941.8945516333 5070722.9554996565
3660 1464 773162.6509411152 5070723.507421337
3904 1464 778043.7179122336 5070724.777380717
4087 1464 781698.9295670843 5070722.205754594
4636 1464 792677.4135592487 5070724.134332971
122 1525 702402.7197588852 5069502.626404013
488 1525 709723.1263309981 5069503.079964539
549 1525 710942.1066174237 5069504.020469839
732 1525 714604.0881085234 5069503.038088169
1403 1525 728022.1998030419 5069503.446597897
1708 1525 734121.3327879655 5069503.406272672
1891 1525 737782.0366559603 5069504.132284388
1952 1525 739001.4393907841 5069504.461331173
2623 1525 752421.1092387384 5069497.587550999
2867 1525 757302.13297884 5069498.492740251
3172 1525 763402.9910808628 5069498.576121787
3477 1525 769503.6614258472 5069503.303539527
3538 1525 770723.3609300745 5069503.185336779
3599 1525 771943.1825166985 5069503.312923413
3782 1525 775602.969667629 5069503.400951875
4453 1525 789022.8169195093 5069501.78190747
4514 1525 790242.3082987729 5069504.298601021
4697 1525 793902.169754022 5069501.060139898
5185 1525 803662.7206941865 5069502.237644507
305 1586 706062.4954833959 5068284.861374408
366 1586 707281.3086854448 5068283.408146108
732 1586 714602.4959892785 5068283.955679394
854 1586 717041.489802732 5068284.311715516
1342 1586 726800.0551242642 5068284.565014943
1464 1586 729242.8620510406 5068283.677027093
1830 1586 736561.6570408599 5068283.372030848
2013 1586 740219.5924247641 5068284.015410459
2257 1586 745098.1154499687 5068282.836586609
2440 1586 748762.3059190501 5068284.206937657
2562 1586 751204.1483805318 5068284.618269093
3111 1586 762181.0653149991 5068280.94587782
3233 1586 764619.8110310489 5068284.899924674
3416 1586 768281.7735948241 5068282.066004064
3538 1586 770721.8627268809 5068284.258716987
3599 1586 771940.5064832661 5068283.614208059
3660 1586 773162.0323537426 5068283.110790133
3782 1586 775603.7877988837 5068282.58626705
3843 1586 776821.9645163316 5068283.1873604
3904 1586 778043.6176339303 5068283.0665077735
3965 1586 779262.6258893914 5068283.228590133
4148 1586 782920.6239776701 5068283.598796644
4392 1586 787803.1082696385 5068282.979580923
4575 1586 791456.3277928429 5068284.748762022
5063 1586 801222.4887222198 5068281.841881566
5185 1586 803663.2769910464 5068282.007902821
5246 1586 804877.0546942935 5068282.972938466
122 1647 702402.2000911986 5067063.22030336
183 1647 703621.5535408647 5067062.730302317
427 1647 708504.7628191102 5067062.347473591
732 1647 714602.3059992115 5067063.135579891
854 1647 717039.4123263442 5067062.171076708
1037 1647 720702.649677332 5067063.628867039
1342 1647 726802.3413072791 5067062.371491142
1586 1647 731683.1778207264 5067063.894917721
2013 1647 740222.0219421362 5067063.338708613
2501 1647 749981.1072823099 5067061.567920217
2623 1647 752422.3758251405 5067062.935047729
2684 1647 753644.2625643385 5067063.920262218
2867 1647 757301.1811508861 5067062.6357300505
3172 1647 763403.0623650049 5067062.887014289
3233 1647 764623.0080203129 5067064.4521786105
3660 1647 773164.1338742665 5067064.383083817
3843 1647 776823.1492533667 5067064.09069821
4087 1647 781703.680568941 5067062.402614063
4514 1647 790242.3066468728 5067064.705353554
4575 1647 791461.3518359825 5067063.893679588
4941 1647 798777.6896467932 5067063.311471379
5429 1647 808542.5803056554 5067060.779900236
61 1708 701181.7861426969 5065843.966244041
183 1708 703622.7709497832 5065843.137451138
305 1708 706062.8453668797 5065844.420645191
610 1708 712162.954834718 5065840.140930103
854 1708 717041.4248917238 5065843.632198313
915 1708 718262.2653841085 5065844.613661005
976 1708 719483.1631619186 5065842.746892196
1220 1708 724361.2174595274 5065842.643608568
1342 1708 726803.2323536107 5065843.775796426
1647 1708 732902.6859134089 5065842.355384062
1769 1708 735343.1444413925 5065843.540478421
1830 1708 736562.0374626209 5065842.293891891
1891 1708 737783.3766222728 5065843.721208196
2440 1708 748758.6394960964 5065838.70639972
2745 1708 754861.2040561066 5065838.053046106
2928 1708 758522.8662356222 5065842.5314741265
3416 1708 768283.1200926688 5065842.415893101
3660 1708 773163.9125119769 5065843.080750138
4026 1708 780483.4118975926 5065843.452188472
4270 1708 785363.550757916 5065844.2174682105
4331 1708 786582.1074061434 5065843.071547229
4453 1708 789021.6311427886 5065842.853328498
4941 1708 798781.913528206 5065839.102869234
244 1769 704842.1340186761 5064624.619535573
549 1769 710943.8871066943 5064622.426942333
610 1769 712161.949773106 5064624.7370710485
671 1769 713383.2683388976 5064624.721704143
793 1769 715824.3113922544 5064624.108312507
976 1769 719484.7563857165 5064623.94752597
1098 1769 721922.9205662697 5064622.5163517995
1220 1769 724362.3727480861 5064622.309721949
1464 1769 729241.8869758373 5064620.969597059
1708 1769 734121.9644152157 5064622.86357149
2257 1769 745103.9431279313 5064623.339793123
2623 1769 752423.6050628304 5064623.642073924
2745 1769 754861.4413236224 5064622.530048523
2867 1769 757301.6497859603 5064622.250987903
3416 1769 768283.3188267609 5064622.719420421
4026 1769 780478.2796615547 5064624.609754498
4270 1769 785362.1145803238 5064623.256857559
4819 1769 796343.105065112 5064624.614990233
61 1830 701182.3459925068 5063403.917483681
122 1830 702402.1953035654 5063403.342250872
183 1830 703620.8097205503 5063402.195432275
610 1830 712163.0827532364 5063403.960049016
854 1830 717042.7752052951 5063403.628331984
1586 1830 731683.4389845707 5063404.7606059555
1769 1830 735343.8586027923 5063403.515518147
1952 1830 739003.5319895481 5063403.85631825
2379 1830 747540.3834239389 5063400.860764559
2562 1830 751202.8636130749 5063403.370605102
2623 1830 752422.6765926855 5063403.661153026
2928 1830 758521.6903242809 5063402.396143245
3050 1830 760961.5886600564 5063403.157556629
3172 1830 763402.4960682865 5063402.118534712
3294 1830 765840.289450503 5063404.978743179
3599 1830 771942.3509510657 5063402.753504961
3843 1830 776821.4249975057 5063403.482801538
3904 1830 778043.1047512599 5063402.693662417
3965 1830 779263.5918304464 5063403.089642043
4392 1830 787803.1198102419 5063403.894669102
4453 1830 789018.1774758323 5063402.020045234
4636 1830 792682.3847570873 5063401.301276141
4880 1830 797563.5303856954 5063404.367608587
5368 1830 807323.4026700563 5063402.747873578
244 1891 704841.8436642104 5062182.982232323
305 1891 706060.1002199813 5062180.194610046
915 1891 718261.1758094708 5062182.337908068
1586 1891 731680.0925736813 5062182.096117047
1647 1891 732903.3022439794 5062183.626500864
1830 1891 736562.4320381162 5062182.661540268
1891 1891 737783.1231803669 5062181.561675964
2135 1891 742663.872430426 5062178.861047135
2318 1891 746321.5222356996 5062182.952734556
2379 1891 747544.3739269398 5062183.372696362
2684 1891 753643.219896333 5062182.968236112
2989 1891 759742.8333374332 5062181.600380788
3538 1891 770716.3233745736 5062183.9456036035
4331 1891 786582.7266307075 5062179.166302857
4453 1891 789018.4821956584 5062181.423778139
4758 1891 795117.6197602429 5062177.886236248
4880 1891 797562.166582223 5062181.354522661
5307 1891 806097.8474283554 5062182.469635953
5429 1891 808542.1265379947 5062178.81668734
183 1952 703622.9389577452 5060957.797661258
244 1952 704842.038257898 5060962.502263248
549 1952 710939.5789333206 5060960.450085951
610 1952 712159.0016491514 5060962.555379213
1037 1952 720698.3856199555 5060962.016275748
1769 1952 735342.5793520355 5060962.794741074
1952 1952 739002.3762977732 5060962.8266327325
2013 1952 740223.4010444543 5060962.220812919
2196 1952 743881.3763688253 5060957.907059375
2318 1952 746323.4068241852 5060962.7353197755
2623 1952 752422.8300973013 5060964.284860845
2684 1952 753642.1759864623 5060964.287113243
2745 1952 754862.166220352 5060958.629016093
2806 1952 756082.2920496281 5060963.72165949
2928 1952 758521.1685962707 5060962.023295718
3355 1952 767063.3664581466 5060962.755456074
3477 1952 769501.9454139448 5060960.7080715345
3660 1952 773162.4889061033 5060965.534562434
3782 1952 775601.4069338667 5060962.556975765
4026 1952 780481.6951585799 5060961.49525183
4270 1952 785362.1474147013 5060962.8115919735
4392 1952 787801.6254361043 5060961.522122999
4453 1952 789022.2997663604 5060963.579002354
5368 1952 807319.4055903772 5060962.575556963
5429 1952 808543.6752595796 5060963.696124087
61 2013 701183.0304993914 5059742.802646172
183 2013 703622.6052160164 5059741.955220266
1098 2013 721922.6946043686 5059743.116722567
1403 2013 728023.5226146579 5059743.008711674
1891 2013 737779.0793672205 5059743.344829853
2196 2013 743882.1393205583 5059742.39910513
2379 2013 747542.5675744943 5059744.974167257
2562 2013 751203.2231364832 5059742.252510496
2623 2013 752421.9839908389 5059744.620929442
2745 2013 754862.845799542 5059742.833256421
2928 2013 758523.6980439917 5059743.9399546515
3050 2013 760962.3330576044 5059743.567930669
3172 2013 763402.8633234716 5059740.1384349
3294 2013 765841.8796146138 5059742.804596207
3355 2013 767063.7850102227 5059737.76650216
3660 2013 773162.8750963551 5059744.602549676
4209 2013 784142.8785134382 5059741.042127359
4941 2013 798781.4247669658 5059741.622124994
5185 2013 803663.3098040574 5059743.846340219
5246 2013 804882.1689715661 5059742.070351216
5307 2013 806097.623816124 5059741.347451123
61 2074 701182.0318045549 5058522.030613725
427 2074 708501.8181233709 5058523.406736458
488 2074 709722.4949221233 5058524.418456237
854 2074 717042.9071902019 5058522.708816882
1098 2074 721919.8241699954 5058522.981649246
1220 2074 724362.2604047424 5058522.459644472
1342 2074 726802.7536364049 5058523.278538291
1403 2074 728021.455160851 5058523.928576182
1647 2074 732904.2305197169 5058520.728415301
1952 2074 738999.6700799039 5058517.774597105
2013 2074 740218.923171523 5058522.731924948
2074 2074 741443.0612624758 5058523.870749361
2135 2074 742660.77253034 5058517.3403124
2196 2074 743883.8878738601 5058522.624330598
2318 2074 746323.8172717688 5058523.876417812
2501 2074 749983.1929399022 5058523.840433645
2745 2074 754862.2725253818 5058521.892244667
3050 2074 760963.6155071232 5058523.498564777
3233 2074 764623.5517736289 5058523.172381181
3599 2074 771942.7894099947 5058523.321016297
3660 2074 773162.102383879 5058521.5976488525
4026 2074 780483.0603157051 5058524.438050952
4392 2074 787803.1334432423 5058523.814420819
4880 2074 797558.0856280396 5058521.561348678
732 2135 714603.2231784549 5057304.651851947
915 2135 718262.8386637209 5057302.295188045
1281 2135 725579.1404615055 5057301.152184613
1403 2135 728018.6676995184 5057302.955245373
1464 2135 729242.4415683366 5057302.179582135
1952 2135 739002.6640584533 5057301.736637232
2074 2135 741441.7709543583 5057303.407423961
2501 2135 749983.4624180458 5057303.451555317
2684 2135 753637.7917610946 5057302.674206086
2806 2135 756083.2941924189 5057303.912807215
3050 2135 760964.3856025072 5057304.214682388
3172 2135 763404.1604181792 5057302.888559905
3233 2135 764624.0939829055 5057302.162262633
3294 2135 765839.3586200593 5057301.126008088
3538 2135 770722.7958888465 5057303.318240889
3599 2135 771942.3098038682 5057302.265272093
4026 2135 780483.2428406066 5057301.882261094
4087 2135 781702.3852940662 5057302.585772967
4270 2135 785357.0847517498 5057302.014251344
4392 2135 787803.0110168576 5057303.789785381
5063 2135 801216.9175607563 5057301.409779154
5124 2135 802442.025778049 5057302.500505111
122 2196 702402.3873664493 5056083.76023018
366 2196 707283.655458038 5056081.868167544
610 2196 712163.7528631749 5056083.237596631
732 2196 714603.9989520884 5056083.452111126
1159 2196 723142.0243700226 5056082.379502463
1525 2196 730461.6669292104 5056081.398004371
1769 2196 735340.0117274137 5056082.945942188
2013 2196 740223.632325863 5056082.860811528
2501 2196 749982.4980302226 5056083.234426685
2928 2196 758520.9940078558 5056080.6875619935
3050 2196 760961.5849660841 5056082.484723791
3111 2196 762183.1146669519 5056082.865544686
3538 2196 770718.5405741865 5056083.269860173
3721 2196 774384.7581639272 5056083.295795873
3843 2196 776824.0065080159 5056081.876526001
3904 2196 778042.4663225106 5056083.013063746
1220 2257 724362.4649158292 5054863.251152999
1525 2257 730462.7775903537 5054862.227255307
1708 2257 734122.4501433136 5054862.262449607
1769 2257 735342.2680120609 5054861.503230442
2318 2257 746322.306068265 5054864.970619747
3416 2257 768281.8228372744 5054862.681678017
3477 2257 769502.526988425 5054862.225054451
3599 2257 771937.8497389872 5054863.79485338
4026 2257 780482.6065264272 5054862.959139922
4453 2257 789022.6835012542 5054863.226280871
4514 2257 790242.4560532623 5054863.600989509
244 2318 704843.6018017697 5053641.921401842
671 2318 713382.4932746161 5053637.517979559
793 2318 715820.7313453313 5053641.186772347
1037 2318 720700.428297882 5053642.304026783
1281 2318 725581.8690133619 5053642.152962569
1586 2318 731681.1034761366 5053642.030591447
2135 2318 742662.6660723225 5053638.221610596
2379 2318 747543.5522997952 5053643.29697358
2867 2318 757302.9978085752 5053637.651748074
3111 2318 762182.418229731 5053642.53214085
3233 2318 764622.6203757494 5053640.99477863
3599 2318 771943.0293346746 5053642.337494361
3965 2318 779258.1886131368 5053643.721375472
4026 2318 780483.5576922328 5053643.151310448
4392 2318 787802.5354515386 5053641.059068402
183 2379 703622.4825800642 5052424.170028042
366 2379 707283.0820471018 5052423.2864379175
610 2379 712162.2822353367 5052422.540292058
671 2379 713382.1278089278 5052421.788304183
854 2379 717041.0792599249 5052419.081799167
1403 2379 728021.1396097352 5052422.578893351
1769 2379 735340.1390626701 5052420.189279034
2013 2379 740221.7375838025 5052421.788643772
2501 2379 749982.4813862477 5052423.590700059
2928 2379 758522.5676271657 5052422.499862019
3233 2379 764623.5797341407 5052417.6460772455
3477 2379 769501.8336283737 5052423.213596772
3599 2379 771942.2544356359 5052424.503975438
3782 2379 775598.8081550515 5052418.061082389
3843 2379 776822.4668364786 5052422.240643591
3904 2379 778038.0817962182 5052422.97999457
4026 2379 780483.3385197953 5052423.088031908
4636 2379 792681.5385729633 5052423.131483832
1159 2440 723141.2831215765 5051202.426862423
1586 2440 731681.6246109119 5051202.003031738
1830 2440 736563.0347723835 5051201.624767091
2196 2440 743883.1206657477 5051198.50000142
2440 2440 748764.1603029349 5051203.849880962
2745 2440 754863.6474982958 5051202.185104142
3111 2440 762183.2460326242 5051202.157245662
3172 2440 763401.6406571105 5051205.103058473
3355 2440 767062.3683794196 5051197.2820548015
3660 2440 773160.9963950805 5051201.681983778
3782 2440 775597.6271905242 5051201.49961141
3965 2440 779264.0459413046 5051201.901732718
4148 2440 782922.001680061 5051202.5782153085
4331 2440 786583.1276117231 5051198.802644367
0 2501 699965.4151283446 5049979.487817754
366 2501 707282.7215791894 5049981.123272441
1037 2501 720702.5101265465 5049984.056718996
1098 2501 721924.6696759124 5049984.132883955
1281 2501 725582.2729508711 5049982.824758523
1647 2501 732899.1550154189 5049982.644046777
1952 2501 739001.8160018232 5049978.1441664975
2257 2501 745102.9240601958 5049984.561811933
2684 2501 753643.6868328815 5049983.592711539
2806 2501 756081.9498644244 5049983.755193062
2867 2501 757302.9796781776 5049983.822319103
3050 2501 760963.4050201345 5049982.515938129
3172 2501 763400.5250503537 5049980.96341351
3233 2501 764623.4788619293 5049980.998715482
3599 2501 771943.3385164381 5049981.193419207
3721 2501 774377.9346401078 5049982.765684725
3782 2501 775601.848900594 5049982.1625836445
3965 2501 779261.5969327852 5049981.216927197
4087 2501 781697.746000456 5049981.405071338
4148 2501 782921.680537159 5049984.015214051
4331 2501 786582.7537567602 5049984.052368291
4514 2501 790238.6335746703 5049986.669606876
4575 2501 791461.0344248873 5049978.38223347
305 2562 706063.3691966658 5048761.373907013
976 2562 719483.2155316294 5048763.480690507
1342 2562 726803.0685316831 5048763.127990834
1403 2562 728019.8336047512 5048763.138171077
1769 2562 735343.2089971905 5048763.242916874
2440 2562 748763.8309775235 5048763.697485731
2562 2562 751203.1268539607 5048761.706588928
2867 2562 757302.9646839608 5048763.278021393
2928 2562 758522.8895947721 5048763.633185702
3050 2562 760963.0952354583 5048763.85885631
3233 2562 764622.417345639 5048757.636669138
3294 2562 765842.3692594232 5048762.718430785
3782 2562 775597.7237418459 5048762.071432495
3843 2562 776822.1915878786 5048762.372477844
4148 2562 782921.7845493474 5048759.198106766
4209 2562 784141.8658826203 5048762.285788924
4453 2562 789022.6215127098 5048762.191671565
366 2623 707283.9989715337 5047542.811313877
1342 2623 726803.4747621949 5047543.365562679
1708 2623 734121.9332827174 5047542.1949862465
1769 2623 735342.5264762868 5047542.27273175
1830 2623 736562.5209129262 5047542.3599790335
2074 2623 741442.4027481953 5047542.434812827
2501 2623 749982.0683387723 5047543.419643455
2684 2623 753643.9719907205 5047542.664412698
3111 2623 762182.9076060803 5047543.781170687
3233 2623 764622.8135753225 5047536.869922749
3294 2623 765842.6161812609 5047543.967726834
3782 2623 775599.7388602337 5047540.184314434
4026 2623 780481.4665502794 5047541.509169174
183 2684 703623.5587085094 5046321.895238794
549 2684 710943.114855198 5046322.968650846
610 2684 712162.7436190925 5046321.643899893
793 2684 715822.2863665146 5046322.310514767
1159 2684 723142.1050522344 5046322.245929232
1586 2684 731680.3616286556 5046322.92770388
1708 2684 734121.859532786 5046323.710394268
1952 2684 738998.8515067915 5046323.600444712
2806 2684 756083.1891502502 5046322.196021377
3050 2684 760962.3760279593 5046318.461513027
3172 2684 763404.5124542463 5046321.94738564
3233 2684 764622.6202775312 5046321.792094164
3355 2684 767062.5314004616 5046322.165217914
3538 2684 770722.0278408128 5046322.051683314
3782 2684 775602.1550610205 5046322.602640202
305 2745 706063.8861181518 5045097.149846368
549 2745 710942.6348200059 5045103.6590371635
793 2745 715821.1432395362 5045102.0135381725
976 2745 719483.2033828262 5045103.323123641
1037 2745 720702.155754519 5045103.299598138
1708 2745 734118.3090788658 5045103.342968241
1830 2745 736560.0928550012 5045101.579794819
2013 2745 740222.2070213817 5045102.359553388
2196 2745 743882.5192212332 5045102.933415471
2379 2745 747542.2227094758 5045098.068526981
2440 2745 748763.1821956814 5045103.8889686
3172 2745 763402.673889321 5045102.544762952
3904 2745 778042.7572824233 5045102.28797886
3965 2745 779261.9075114212 5045102.238514841
4148 2745 782922.0924318221 5045104.16193003
183 2806 703623.6237782849 5043884.59513548
305 2806 706063.6660225567 5043881.994220403
854 2806 717042.7048806415 5043882.423438792
1342 2806 726804.4622670099 5043883.525876881
1464 2806 729242.4362893137 5043881.6697825715
1525 2806 730462.1591958244 5043884.2451652875
2074 2806 741442.8054638952 5043882.13088528
2257 2806 745104.31322295 5043882.405298808
2562 2806 751201.6284228523 5043879.577420798
2684 2806 753642.5010219051 5043883.506913583
2745 2806 754861.9829117057 5043884.1662411755
122 2867 702401.674430435 5042663.417005464
488 2867 709721.746486668 5042662.159068606
610 2867 712162.6121517577 5042664.38784029
793 2867 715824.3517912824 5042664.167011591
976 2867 719480.6929105833 5042662.59455699
1037 2867 720702.4297330339 5042662.742568316
1220 2867 724361.6730203552 5042662.2580156205
1342 2867 726800.8665434597 5042657.891349635
1403 2867 728022.0984868432 5042661.959621792
2135 2867 742662.7162106344 5042663.907456822
2379 2867 747543.3742509085 5042663.233901136
2623 2867 752421.8789617973 5042662.730664836
2684 2867 753642.5317682917 5042662.98268747
3294 2867 765842.7907873654 5042662.6440175995
3721 2867 774382.2622458145 5042662.107584179
3843 2867 776822.1611315354 5042661.199060693
3965 2867 779263.3939749632 5042662.344719126
305 2928 706063.431602885 5041441.856895257
732 2928 714601.7948762954 5041442.278108628
1220 2928 724360.8100685427 5041443.109436652
1830 2928 736562.6225702303 5041442.5308296075
2196 2928 743882.9991362931 5041443.06113246
2318 2928 746324.9993214057 5041439.529695496
2440 2928 748759.292480902 5041443.125658652
2562 2928 751203.7474942981 5041443.176041146
2745 2928 754861.5874916574 5041443.958674354
732 2989 714602.4310956774 5040223.169082553
1037 2989 720701.0306875474 5040223.702289975
1403 2989 728024.604332653 5040216.344039971
1464 2989 729240.7128323677 5040223.529369732
1769 2989 735341.9997888035 5040224.805723405
2013 2989 740222.2174443834 5040223.131691899
2074 2989 741438.5612365499 5040222.307285801
2135 2989 742660.1243644068 5040222.305254712
2318 2989 746323.5640148335 5040218.93660615
2745 2989 754863.4385515169 5040223.096208029
2806 2989 756082.0070828107 5040222.569676766
183 3050 703622.8040250692 5039001.844748289
305 3050 706062.8694982311 5039003.667648174
732 3050 714602.5277366425 5039001.0230968185
1586 3050 731682.8259652941 5039003.901387072
1647 3050 732901.8671300088 5038998.845025723
1830 3050 736559.5151483364 5039002.942006332
1891 3050 737781.869760274 5039004.025444168
3111 3050 762183.291725339 5039002.652770168
3538 3050 770722.4639157768 5039003.906329317
244 3111 704843.2217585841 5037782.188648595
854 3111 717042.2891178203 5037781.976395903
976 3111 719481.5465249624 5037779.216025489
1098 3111 721921.8811829862 5037782.8281887155
1281 3111 725583.4855438762 5037783.248320886
1586 3111 731682.8180967505 5037779.12685478
1647 3111 732902.0403254704 5037782.664273139
1830 3111 736558.4973545902 5037782.86852519
2379 3111 747544.0326593108 5037783.786876267
2623 3111 752423.0612725825 5037784.195553976
2928 3111 758521.9050197748 5037777.227744537
183 3172 703622.5983132778 5036562.881672117
244 3172 704842.5639461024 5036562.856817548
2318 3172 746318.8770449216 5036561.784329909
2562 3172 751202.0422383217 5036562.432395613
2989 3172 759742.3397563653 5036564.302875295
122 3233 702401.7487097279 5035342.252907793
488 3233 709722.5297326453 5035343.182975295
976 3233 719481.3027548731 5035341.725481022
1098 3233 721922.2720931572 5035342.254825585
1281 3233 725582.0687607888 5035342.542109029
1586 3233 731682.2501072006 5035343.739751509
1891 3233 737782.522411784 5035341.714920135
2684 3233 753638.7834992434 5035342.466994658
61 3294 701182.9017193624 5034122.03719289
549 3294 710942.5150322645 5034121.712547077
671 3294 713381.0900654139 5034118.934807196
732 3294 714601.9324012437 5034119.276802323
1281 3294 725583.18457975 5034123.6524247695
1891 3294 737784.2947520114 5034122.688931711
2257 3294 745101.4879524029 5034122.888730647
2379 3294 747541.1494047969 5034118.060728291
2562 3294 751201.2870600253 5034122.043025006
61 3355 701182.6658911282 5032902.032353601
183 3355 703622.1472167377 5032902.343307798
244 3355 704842.774426181 5032902.501143663
610 3355 712162.959981321 5032903.477563198
915 3355 718262.2091767332 5032902.979229453
1037 3355 720702.8413533578 5032902.924225628
1220 3355 724362.7747401379 5032903.910919204
1403 3355 728023.5371363702 5032903.1457766425
1464 3355 729241.5663572603 5032902.417833411
1647 3355 732902.7161348282 5032903.973967053
2135 3355 742661.4151994596 5032901.623997566
2196 3355 743881.8259253567 5032901.146114453
122 3416 702400.1724461502 5031680.493637207
366 3416 707279.1128522939 5031681.713211586
610 3416 712163.9953717781 5031684.007038977
976 3416 719483.0293652379 5031682.9539154805
1159 3416 723143.1818830292 5031683.606230959
1403 3416 728021.9588097758 5031682.815174053
1525 3416 730461.1660270415 5031683.184792081
1708 3416 734123.877890787 5031683.019741864
2074 3416 741438.2356558511 5031683.146348413
2196 3416 743881.6168531654 5031682.5624732245
2257 3416 745098.5636234547 5031681.589306238
2440 3416 748761.6562788322 5031678.110496205
244 3477 704841.717979888 5030461.760402511
610 3477 712164.8039072066 5030462.7441615295
854 3477 717043.7636742436 5030461.5100505315
976 3477 719482.4245690125 5030463.392486263
1037 3477 720702.674317153 5030463.006421579
1281 3477 725581.9680368388 5030461.782239651
1769 3477 735341.9371656734 5030462.937674732
1891 3477 737779.8235527013 5030463.353512618
2196 3477 743882.3221007687 5030463.3797090985
2501 3477 749982.4497472435 5030461.498326293
2928 3477 758520.3771736979 5030459.797573014
488 3538 709721.0260411882 5029237.929315816
2013 3538 740222.4707640213 5029242.269444554
2196 3538 743881.8914121535 5029238.341119859
183 3599 703622.5752444416 5028021.993589221
305 3599 706062.7183755847 5028023.272951908
549 3599 710943.9071020186 5028018.014611694
915 3599 718261.9296305525 5028024.368771281
976 3599 719479.3671744687 5028022.463268407
1037 3599 720698.2142468456 5028022.297750888
1159 3599 723141.0445387928 5028023.095992446
1403 3599 728022.2511844627 5028023.066345376
1586 3599 731680.634823052 5028021.897441185
1830 3599 736563.4786730336 5028022.571889308
1952 3599 739003.2087233608 5028022.318049257
2074 3599 741442.7956671176 5028023.349196568
2196 3599 743882.78897412 5028021.590785629
2318 3599 746322.299391594 5028018.910155196
1220 3660 724363.2312883736 5026803.170510974
1952 3660 739001.8897139353 5026799.247369236
2013 3660 740223.7645058809 5026803.375497904
2196 3660 743883.4887799037 5026803.617828032
2318 3660 746318.4691490552 5026798.389429282
2440 3660 748757.092314401 5026797.352931952
2745 3660 754862.3130628311 5026797.826096805
366 3721 707283.1245353102 5025582.979439132
793 3721 715822.8363558346 5025582.135274647
915 3721 718262.6136994186 5025582.971924898
1159 3721 723141.0241890561 5025581.078425407
1220 3721 724363.6050599415 5025582.48053788
1281 3721 725582.2822230994 5025582.007611215
1403 3721 728019.8825485996 5025580.04435324
1525 3721 730463.3429292762 5025583.332534123
1647 3721 732901.8746878993 5025581.102341986
2074 3721 741442.0306280268 5025584.299646382
2318 3721 746318.2162040516 5025581.439178101
2501 3721 749977.854284664 5025583.0902897995
671 3782 713383.3779454469 5024363.931662729
732 3782 714602.2059953498 5024362.531875946
1342 3782 726801.1875477363 5024362.16344679
1647 3782 732900.2417000282 5024362.570155889
2013 3782 740223.8769871148 5024361.924877089
2318 3782 746322.792043198 5024362.178876183
732 3843 714601.982857366 5023142.700049468
1037 3843 720702.3613432514 5023143.382181499
1159 3843 723142.4171840331 5023143.794843825
1342 3843 726802.9890825088 5023143.796040149
1403 3843 728021.7647485824 5023143.157231759
1586 3843 731682.543885003 5023138.747816177
1769 3843 735342.3595077816 5023142.202181266
1830 3843 736562.0407421276 5023142.794599097
2257 3843 745102.0156057767 5023142.686612251
2379 3843 747538.8499359923 5023142.208252177
244 3904 704842.0566355464 5021922.74713371
305 3904 706062.8345809935 5021922.223589178
366 3904 707283.4923901712 5021922.030870061
1830 3904 736558.5779160715 5021922.902770891
1952 3904 739002.422154508 5021922.539820773
244 3965 704843.7020824128 5020702.613007654
488 3965 709723.7078642228 5020703.343508274
1281 3965 725583.4880054758 5020703.703194918
1403 3965 728023.4981539493 5020703.888094284
1525 3965 730462.7839422182 5020704.389421995
1891 3965 737782.6508704487 5020703.192229527
2013 3965 740221.6626317143 5020698.913817465
2074 3965 741443.2757401917 5020703.270250234
2196 3965 743882.8910664081 5020703.563530786
122 4026 702402.8093783001 5019481.621628016
1220 4026 724358.5970204722 5019482.542671324
1403 4026 728022.9944562481 5019481.841165738
2074 4026 741443.1999360357 5019482.3487776825
122 4087 702404.9826609417 5018259.760668934
244 4087 704841.7692761192 5018262.084942344
915 4087 718261.820926435 5018263.646698463
976 4087 719481.2621160764 5018262.9296219135
1037 4087 720702.2026621787 5018263.293921575
1098 4087 721921.7200114273 5018263.308646745
1220 4087 724363.2294862341 5018261.06807158
1464 4087 729238.0530777213 5018261.485095207
1708 4087 734122.5823323404 5018262.654418901
122 4148 702402.8747092113 5017043.631560264
610 4148 712161.7469793913 5017042.506698754
671 4148 713381.0324937284 5017042.367017869
976 4148 719481.2564989739 5017043.253743829
1037 4148 720701.2775316373 5017042.58430247
1159 4148 723141.9589986928 5017042.840863583
1281 4148 725581.0772512945 5017043.447474271
1525 4148 730463.2212432941 5017042.954118989
1647 4148 732901.9829331728 5017044.092037913
1830 4148 736562.3689140428 5017041.9561124565
610 4209 712162.2760596267 5015822.194918783
1098 4209 721921.8708397825 5015823.148364863
1403 4209 728019.5741238098 5015821.827675507
2379 4209 747540.0712691338 5015820.036624853
2562 4209 751202.1170613138 5015822.8449958665
61 4270 701182.677221853 5014602.324336512
244 4270 704842.924518906 5014602.640958561
366 4270 707281.31741553 5014600.869822163
1220 4270 724361.8624487737 5014603.288828681
1708 4270 734123.1191701557 5014603.211205385
1891 4270 737783.3244181537 5014603.5090202475
2379 4270 747543.474051163 5014597.017168997
61 4331 701182.6550958012 5013382.68808421
122 4331 702404.0163848453 5013377.435616611
427 4331 708501.8040453751 5013382.460389843
488 4331 709721.9429749951 5013382.146342947
671 4331 713382.4425726191 5013383.974890152
732 4331 714601.8073358147 5013381.769622902
915 4331 718261.4515062459 5013381.255089205
976 4331 719482.1119991423 5013381.680178515
1403 4331 728018.6983562002 5013382.047402758
1525 4331 730461.648536813 5013382.963971311
1830 4331 736562.5224795684 5013382.259937501
2013 4331 740221.9482618357 5013382.91708903
2440 4331 748757.1524447736 5013382.515685627
2928 4331 758522.176194085 5013383.29173367
976 4392 719481.2384948351 5012161.891424893
1037 4392 720702.0812943183 5012159.143710892
2013 4392 740221.3264577085 5012161.91057471
2074 4392 741443.2958704797 5012163.818659301
2318 4392 746322.0420940361 5012164.313025702
2440 4392 748760.3378281009 5012159.847624989
2562 4392 751202.6801025973 5012163.388617885
2867 4392 757302.2019671578 5012162.668583865
2928 4392 758521.6606809257 5012162.6937751705
488 4453 709722.9426852037 5010943.5802125335
732 4453 714601.5724535922 5010942.157892239
976 4453 719481.1458965029 5010942.660410572
1220 4453 724358.7178808565 5010942.438941878
1586 4453 731682.3319192969 5010942.316764069
2623 4453 752417.7810300449 5010941.389173634
2928 4453 758521.2711133996 5010943.764450033
122 4514 702402.3291213108 5009722.5617207205
549 4514 710943.7626218917 5009722.175689314
854 4514 717041.532155486 5009720.912478772
976 4514 719478.8867795139 5009721.681595898
1037 4514 720701.9338575092 5009723.327482593
1159 4514 723142.3961872463 5009724.000801309
1342 4514 726803.2392886601 5009723.14381962
1464 4514 729241.1670145399 5009722.275707418
1891 4514 737777.9356899121 5009721.485583041
2013 4514 740222.1971923908 5009723.935023733
2074 4514 741443.7197400926 5009722.257269177
2196 4514 743882.4368638356 5009723.632692704
2257 4514 745102.4041826802 5009723.246003725
2806 4514 756077.7070062748 5009723.158822266
2867 4514 757301.5190616617 5009719.310350062
549 4575 710941.8432601892 5008503.741249602
671 4575 713379.9193156129 5008500.061790306
1037 4575 720699.5020150263 5008503.107676741
1525 4575 730458.8034968959 5008503.42584546
1586 4575 731682.61390044 5008498.239191107
1769 4575 735342.2448513089 5008502.202720948
1891 4575 737781.7871132311 5008503.013220148
2867 4575 757301.7642929158 5008502.492376879
2989 4575 759741.4436222423 5008502.78446697
488 4636 709722.5163989721 5007283.682088386
671 4636 713380.5720892478 5007281.086985321
793 4636 715822.4057427329 5007282.1084337365
1037 4636 720701.0573925487 5007283.034890821
1464 4636 729241.7307507191 5007283.330119082
1952 4636 739002.358000013 5007279.427273992
2562 4636 751204.160796786 5007278.29560049
122 4697 702400.1011505238 5006062.655337805
427 4697 708503.121761982 5006061.870874988
671 4697 713383.9893839075 5006062.773134087
1952 4697 739001.6908103533 5006062.569995714
2135 4697 742657.838125231 5006061.81315964
2684 4697 753640.2949969181 5006058.69206727
3050 4697 760961.0594557722 5006062.071521918
549 4758 710942.5016598693 5004842.319141038
732 4758 714602.6743150514 5004842.8948533535
1342 4758 726804.3119470375 5004835.929698384
1403 4758 728021.6231172088 5004843.059005161
1525 4758 730461.6878353966 5004843.816631783
1891 4758 737784.6086518413 5004842.336070609
2196 4758 743880.8156102338 5004843.5124916155
2379 4758 747538.801978137 5004839.7630160395
2440 4758 748761.4399891129 5004838.620006326
2867 4758 757303.1276390736 5004843.794104601
244 4819 704840.2143167234 5003620.137515625
549 4819 710942.0963755454 5003622.566478834
854 4819 717042.1709720381 5003623.254984822
1281 4819 725582.7281655888 5003623.750559245
1891 4819 737782.4217085621 5003623.883049426
2257 4819 745102.5313708686 5003622.463747402
2440 4819 748761.3577916401 5003616.630693126
427 4880 708502.343562883 5002401.836866752
671 4880 713383.0704182929 5002401.882244474
1769 4880 735342.9667154658 5002397.854474971
2074 4880 741439.9008547256 5002400.209295166
2867 4880 757299.5133201889 5002400.479913834
2989 4880 759737.7178967025 5002402.165242255
244 4941 704842.7608225599 5001182.04101226
610 4941 712159.0266927533 5001182.074835109
671 4941 713381.794221514 5001182.564836068
1769 4941 735342.4321035017 5001182.988169214
1891 4941 737782.4781352294 5001182.226309079
2684 4941 753642.574706638 5001183.437430608
976 5002 719479.0299982325 4999961.998764736
1159 5002 723141.7508204256 4999962.522569799
1281 5002 725579.2168680854 4999963.064463188
1403 5002 728021.8481711218 4999962.315811586
2257 5002 745102.8519463273 4999963.751490239
549 5063 710941.8203091833 4998742.194278142
1159 5063 723138.3565153705 4998742.36009219
1891 5063 737781.1735885693 4998742.659929335
2257 5063 745104.5690283962 4998742.182464709
2562 5063 751202.0036449629 4998742.876955016
2745 5063 754862.9599822529 4998740.606744063
2928 5063 758521.710704571 4998737.2591905715
488 5124 709722.9128585622 4997520.870336572
1159 5124 723139.8183843044 4997519.421053659
1281 5124 725579.1281416593 4997522.310591674
1525 5124 730462.2706928852 4997517.900884376
1647 5124 732902.9822677103 4997523.545217998
2257 5124 745102.9524358562 4997523.002633708
2745 5124 754858.8096165832 4997522.629458366
61 5185 701182.2936439599 4996302.190279884
183 5185 703620.1258728435 4996300.089404611
366 5185 707281.9476216349 4996302.527457475
549 5185 710939.6963237942 4996296.106056253
732 5185 714601.9649564767 4996303.411824865
1037 5185 720702.5962326815 4996302.912592643
1159 5185 723138.3330574044 4996302.467344129
1464 5185 729242.1327459444 4996302.477478738
1647 5185 732903.5650391696 4996302.429721405
2257 5185 745103.4783301142 4996301.612626596
2318 5185 746322.714793152 4996301.615100215
2806 5185 756079.0400748324 4996302.773965669
2867 5185 757302.0618435415 4996302.11850046
2989 5185 759740.7958486818 4996298.657205943
366 5246 707283.654825446 4995082.472416876
1037 5246 720702.1522122144 4995083.334022757
1342 5246 726801.2881823938 4995082.239768675
1403 5246 728021.5420968507 4995082.612021869
1464 5246 729242.2242819499 4995079.5747942105
2013 5246 740222.3813548015 4995083.457436742
2989 5246 759743.0488405968 4995078.57457698
488 5307 709723.3855338541 4993863.188893104
671 5307 713380.2366146522 4993862.946083532
854 5307 717043.3596396535 4993863.241453611
1159 5307 723141.1569806462 4993863.452944717
1830 5307 736558.2784517715 4993861.6404097155
2013 5307 740219.6875848938 4993860.869706599
2440 5307 748763.4872281753 4993862.352056426
2867 5307 757301.8394178072 4993862.702954465
2928 5307 758522.5381078623 4993861.616912601
61 5368 701183.6124391913 4992642.972018551
122 5368 702402.8400356697 4992642.631480765
1037 5368 720701.8502572424 4992642.279683248
1098 5368 721921.8133431721 4992643.057920376
1281 5368 725582.8991016642 4992642.2931491025
1464 5368 729241.8295009227 4992642.090151032
1647 5368 732897.5750216843 4992641.380968301
1891 5368 737781.6716127825 4992642.3580707535
2013 5368 740223.5574622324 4992643.049515487
2379 5368 747543.9447061162 4992642.732301497
2562 5368 751203.522516121 4992642.562825348
2928 5368 758522.4076772355 4992643.390608874
3233 5368 764622.0495988982 4992641.674339043
61 5429 701182.1304272094 4991422.6755487425
427 5429 708503.6183021311 4991417.868103004
1098 5429 721922.1687496868 4991423.334272879
1525 5429 730463.2144582294 4991418.254627481
2135 5429 742662.3821017251 4991422.106373788
2745 5429 754858.9390763938 4991422.132712583
2928 5429 758520.1726578529 4991420.18375889
2989 5429 759742.6925791638 4991419.163292776
