5368 1891 807315.5530488372 5162203.027718395
5307 2257 806093.4943338456 5154893.899425188
5124 2440 802431.4022681708 5151233.100774604
5368 2501 807313.0103646152 5150008.30365877
5246 2623 804868.091591317 5147572.818622671
5307 2623 806092.9998972802 5147572.890502237
4209 2745 784133.1486990491 5145133.311284306
5124 3050 802427.1080162684 5139027.080300288
4148 3172 782915.5970847411 5136593.459676888
4941 3172 798775.3163247586 5136583.73307944
5124 3172 802427.0984076398 5136592.1843057405
4697 3233 793887.1743608303 5135372.559602932
4758 3355 795116.5077076817 5132921.917852438
5307 3355 806092.0623674784 5132933.061738601
4392 3416 787788.9520191523 5131713.463487897
4514 3416 790231.8172598332 5131712.983416493
5002 3416 799992.8145719103 5131714.566420989
5429 3416 808528.1162317855 5131713.468567035
5490 3416 809751.7295177038 5131712.073908869
4636 3477 792671.0072886067 5130488.900002555
4758 3477 795111.217934311 5130492.181967978
4941 3538 798775.3032870879 5129263.198671648
4941 3599 798775.7504467404 5128046.776438431
5124 3599 802432.0811997915 5128053.118865686
5246 3599 804876.4513404983 5128055.682490976
5429 3599 808532.6522637705 5128048.280635991
4331 3660 786571.9311558406 5126832.844338646
4392 3660 787788.1743045052 5126831.005206575
5185 3660 803651.2982202035 5126833.906629578
5246 3660 804872.4335929293 5126827.999274918
5429 3660 808528.887449732 5126832.733555857
4270 3721 785351.7619861336 5125612.09720933
4331 3721 786573.413053767 5125613.050843886
4636 3721 792666.8460908682 5125608.133528838
4697 3721 793892.3721550537 5125612.931093839
4758 3721 795114.1050751257 5125612.316592184
4880 3721 797552.5464317882 5125614.02190194
5002 3721 799992.6216382815 5125611.574677708
4209 3782 784132.0890532801 5124392.623358759
4392 3782 787792.3705248033 5124391.915818717
4758 3782 795112.3371151725 5124392.084354637
4819 3782 796331.9215489255 5124391.842396393
4941 3782 798772.8793393389 5124392.059580569
3782 3843 775595.7578678154 5123173.3853771575
4575 3843 791452.2269130183 5123173.15434564
4636 3843 792670.2609819662 5123172.865269934
4758 3843 795113.0412394366 5123168.442095557
4819 3843 796333.3272176464 5123174.010206742
4880 3843 797552.6979556801 5123174.65085575
5246 3843 804871.5174038383 5123173.867747908
5429 3843 808530.9822646525 5123172.510965643
3782 3904 775591.6918744033 5121953.775076615
4392 3904 787788.4491460244 5121952.608260958
4636 3904 792677.3205539028 5121941.713009934
5063 3904 801212.3417159233 5121953.8410231285
5185 3904 803653.9688316737 5121951.928538972
5307 3904 806089.9277545558 5121949.79387422
5368 3904 807311.4159738617 5121955.568521903
4270 3965 785351.7467915632 5120734.062466732
4331 3965 786569.3010634212 5120732.133635235
4636 3965 792672.6144619612 5120735.647944098
4697 3965 793896.8994621772 5120722.2219413025
4941 3965 798776.5232672979 5120723.879876979
5368 3965 807320.3443182178 5120730.331263459
4026 4026 780473.7426846346 5119512.68615667
4087 4026 781696.690546393 5119504.764533467
4148 4026 782912.0805290724 5119512.5174841685
4392 4026 787796.8500509907 5119510.271717896
4453 4026 789011.0410851836 5119513.058243499
4941 4026 798777.9399324245 5119502.99652362
5124 4026 802431.5494237599 5119508.372052325
5246 4026 804872.3173550316 5119511.088798841
5429 4026 808528.1056904377 5119512.526963467
4209 4087 784133.186173545 5118289.251779501
4331 4087 786574.944550527 5118290.14475443
4453 4087 789012.1357492349 5118293.646323585
4880 4087 797551.8161324875 5118293.021034746
5368 4087 807315.504794114 5118292.227635703
4026 4148 780475.0149245518 5117073.613216225
4087 4148 781692.6485332176 5117075.661148103
4148 4148 782915.5068909515 5117075.2590250075
4392 4148 787792.4854370846 5117071.699529205
4575 4148 791451.1810706604 5117072.543744448
4758 4148 795112.4675117023 5117072.525881632
4880 4148 797549.4135388428 5117068.436652723
5063 4148 801210.2411669219 5117076.479937599
5185 4148 803652.0831998878 5117071.0163212465
3965 4209 779255.3390176243 5115852.518283037
4087 4209 781693.5503108336 5115851.828064189
4148 4209 782916.3458292589 5115856.50946503
4453 4209 789015.5088765752 5115843.885996397
4636 4209 792676.188908551 5115843.212986067
4758 4209 795112.408196072 5115852.913336329
4819 4209 796335.8383810649 5115843.472252347
4880 4209 797549.0127498386 5115854.607752573
5246 4209 804873.5269764473 5115852.9561044425
3904 4270 778033.4517483172 5114632.258513019
3965 4270 779256.5636724818 5114632.055909366
4148 4270 782912.7979790429 5114626.135548365
4514 4270 790236.1425506497 5114624.709733294
4636 4270 792677.6063172823 5114624.63322931
4758 4270 795112.6260544179 5114632.447788012
3843 4331 776817.2702790648 5113410.842250599
3904 4331 778032.5739991787 5113413.794096098
3965 4331 779252.8669694474 5113409.000913463
4331 4331 786572.3758718639 5113413.161544896
4392 4331 787793.853458746 5113411.795460809
4453 4331 789015.419519254 5113414.024355591
4636 4331 792672.0089903768 5113412.774419085
4758 4331 795112.3192219016 5113411.340973344
4880 4331 797556.6279300649 5113403.821641498
5124 4331 802429.5050251879 5113413.946524382
3782 4392 775596.2909340454 5112193.471068402
3843 4392 776817.6315999059 5112190.47073891
4331 4392 786577.0452380966 5112183.247602285
5246 4392 804871.7563685325 5112192.174107685
3782 4453 775595.8653368992 5110971.666291657
3904 4453 778033.2295334231 5110973.638616014
4209 4453 784131.7476835351 5110973.925224973
4392 4453 787792.2760873671 5110972.666736002
4819 4453 796338.155120937 5110964.5045621265
4941 4453 798771.5288360071 5110974.082870827
5002 4453 799992.5277559464 5110973.0185415
5063 4453 801212.4552228946 5110973.394206432
5368 4453 807320.1256153304 5110969.8853781065
3721 4514 774376.9713841482 5109751.904087069
3843 4514 776813.3626736338 5109753.302251119
4392 4514 787796.781979789 5109743.829642389
4514 4514 790228.7872859159 5109752.9583690455
4697 4514 793892.2680926214 5109752.225241065
4758 4514 795112.6272707746 5109752.2059722645
3660 4575 773153.6319926158 5108532.99788309
3721 4575 774372.8623961799 5108532.247809229
3782 4575 775593.1688497585 5108533.192846889
3843 4575 776816.9980858624 5108527.132418749
3904 4575 778029.8809748532 5108529.781930518
3965 4575 779254.3275149954 5108533.83932361
4026 4575 780477.3841823548 5108532.703445605
4331 4575 786573.6506086765 5108530.390226058
4453 4575 789012.1897289775 5108533.512296843
4514 4575 790231.2798284587 5108533.694281698
4697 4575 793891.8499344363 5108532.288019542
4758 4575 795113.0146050924 5108533.216646817
3660 4636 773155.6787703299 5107306.996582331
3721 4636 774371.5379864852 5107313.917424573
4331 4636 786571.9587895378 5107313.701997288
4514 4636 790232.0214667661 5107312.643281384
4575 4636 791453.3536829895 5107314.26195921
4697 4636 793892.0825908263 5107311.707841032
4758 4636 795112.5666084695 5107313.537159239
5185 4636 803652.1849221567 5107307.640065075
3660 4697 773153.6261538918 5106093.344661317
4148 4697 782913.771402278 5106093.231581854
4209 4697 784135.8651394702 5106097.620559137
4453 4697 789012.1990524813 5106093.599489823
4514 4697 790231.8538486336 5106092.2626927085
4697 4697 793892.4469001034 5106092.602664177
4758 4697 795112.0720118266 5106094.151976294
4819 4697 796329.7080925666 5106094.418709112
5185 4697 803653.2190542693 5106092.8325746395
3599 4758 771935.9516268831 5104873.088234821
3660 4758 773153.1866750582 5104872.968756942
3782 4758 775593.7995959232 5104872.788227066
3843 4758 776808.6434006065 5104872.263926859
3965 4758 779256.2014870143 5104878.915441307
4148 4758 782914.3232284972 5104874.5492412085
4392 4758 787792.8570425019 5104865.567866439
4453 4758 789012.6706289824 5104872.479809332
4514 4758 790232.2260856815 5104873.258593008
4575 4758 791451.7404734242 5104872.146195276
4636 4758 792671.9379431908 5104872.815933318
4697 4758 793892.0655830533 5104872.096357397
4758 4758 795120.1835233257 5104870.046977731
4880 4758 797548.5125801595 5104869.285973975
5124 4758 802432.6065414111 5104871.730866744
5246 4758 804872.1137353363 5104873.061736586
3660 4819 773152.4186976778 5103652.793807688
3843 4819 776814.299094943 5103654.772515687
4331 4819 786569.1428207236 5103657.169196859
4453 4819 789008.4413725452 5103653.25440805
4514 4819 790232.3759507093 5103653.935675547
4636 4819 792672.167127748 5103653.022430404
4758 4819 795112.3284901509 5103653.119879584
4819 4819 796331.8131792373 5103653.325120703
5002 4819 799992.3935799142 5103653.029052825
5124 4819 802432.6559304881 5103652.071046677
5368 4819 807312.6640615482 5103653.544593945
4087 4880 781695.1632415311 5102434.93663591
4270 4880 785356.5282574884 5102436.588535261
4941 4880 798770.0531222101 5102429.980662555
5002 4880 799992.298447403 5102432.970303047
5124 4880 802431.531173393 5102431.736896749
3538 4941 770717.6152171037 5101203.527416081
3599 4941 771933.0422348124 5101207.819861581
3721 4941 774372.4364183439 5101211.524732176
3782 4941 775596.9633812389 5101213.874364677
3904 4941 778032.0860632281 5101213.843449307
4026 4941 780471.8977492122 5101213.980525867
4270 4941 785350.2794200762 5101213.032606884
4392 4941 787793.0452355408 5101213.324537754
4575 4941 791454.2043199121 5101214.409485293
4758 4941 795118.562725333 5101214.773044522
4880 4941 797552.2845124148 5101211.8904692875
4941 4941 798775.8625731822 5101217.753384855
5124 4941 802432.5110960124 5101212.576550135
5368 4941 807312.7844042025 5101213.78324291
3843 5002 776814.9259827444 5099990.17560023
4392 5002 787789.8437184336 5099989.753628932
4575 5002 791450.9588211759 5099991.728937546
4880 5002 797552.3233172132 5099993.016888773
5063 5002 801211.7215506801 5099993.571675678
5124 5002 802433.6450652967 5099993.475784494
5368 5002 807312.3131636726 5099992.913887616
3721 5063 774373.4793281653 5098772.050106848
3904 5063 778034.9674720428 5098774.87207367
4026 5063 780476.6165584852 5098773.097625603
4209 5063 784127.8326415039 5098774.253889389
4270 5063 785352.3487917617 5098772.982460299
4819 5063 796331.6809891824 5098774.627863452
5124 5063 802432.6400897595 5098773.231431419
3599 5124 771932.8284520699 5097553.860574242
3660 5124 773155.554112781 5097552.245975361
4331 5124 786570.5205004491 5097553.79839015
4514 5124 790233.1419674024 5097552.408595335
4697 5124 793891.4662031414 5097553.703599579
4758 5124 795111.3525744267 5097553.599646937
4880 5124 797553.2202425143 5097559.260784347
5063 5124 801207.7612261722 5097553.828273132
5246 5124 804874.7327795939 5097549.8759344835
3599 5185 771931.8552021382 5096332.818618543
3660 5185 773152.6104531165 5096332.388777194
3965 5185 779253.4371781212 5096334.249924705
4331 5185 786577.4645787149 5096331.142435314
4636 5185 792671.4303211499 5096333.927836497
4819 5185 796332.1294576008 5096333.07386627
5307 5185 806090.989533976 5096333.098947611
3538 5246 770716.7023350146 5095111.564783292
3660 5246 773153.0812237258 5095108.317138406
3721 5246 774374.0970027565 5095112.895963868
4026 5246 780471.8534570803 5095113.328561087
4209 5246 784136.7617734642 5095113.230930759
4270 5246 785347.2260303217 5095112.900465619
4514 5246 790235.2195701766 5095109.67763244
4697 5246 793893.637269985 5095112.929036405
4758 5246 795111.913595574 5095111.575135853
4941 5246 798771.4158768089 5095113.55113446
5124 5246 802433.3658080496 5095111.756451728
5246 5246 804872.2318020029 5095111.621886994
4209 5307 784133.4393925482 5093893.459258605
4392 5307 787796.7917610523 5093898.153759884
4514 5307 790231.831525484 5093886.619465798
4880 5307 797555.9645128679 5093887.7595937345
4941 5307 798771.9466402819 5093893.527553004
5185 5307 803652.7026588877 5093891.479821432
3538 5368 770712.8659576887 5092667.638549921
3599 5368 771935.0604182361 5092673.088250659
3843 5368 776811.1559184211 5092674.032101067
4880 5368 797552.6558428867 5092673.055520296
3660 5429 773154.1569153992 5091450.464694126
3721 5429 774372.4390326409 5091452.7392589515
3782 5429 775593.7487588278 5091453.946967409
4209 5429 784133.5066188393 5091455.220030243
4453 5429 789012.0228944612 5091452.788640364
4758 5429 795111.5179091363 5091457.5195343
4941 5429 798772.7197645408 5091451.591214899
5246 5429 804871.6509521995 5091452.122169341
5185 5490 803651.5673065707 5090232.110704456
