3050 1281 760962.9145741819 5174404.812907316
3111 1281 762182.6300516945 5174403.2247382635
3111 1342 762181.3047433685 5173184.5354577275
3233 1403 764622.3061866984 5171965.886340083
3233 1464 764622.9716507144 5170744.991537487
4453 1464 789021.2289659849 5170742.983086744
3294 1525 765842.708333979 5169524.32324695
4453 1525 789021.8680767294 5169524.46922353
4575 1525 791462.4461823278 5169523.290209885
3416 1586 768282.1283029666 5168303.3362141205
3477 1586 769502.6370161751 5168304.133235435
4575 1586 791462.5918911534 5168303.686631083
5185 1586 803661.2373946019 5168302.7689878205
5246 1586 804881.3317011654 5168302.614816519
3416 1647 768281.2054585723 5167084.295019522
3477 1647 769500.7872669611 5167083.59985391
3538 1647 770720.4315254376 5167084.822220293
4453 1647 789023.3937340498 5167083.557497226
4575 1647 791462.1319415311 5167083.577839264
4636 1647 792682.4629227096 5167083.67918204
4758 1647 795120.6648436256 5167083.924761083
5246 1647 804881.6231898704 5167084.189242356
5368 1647 807321.3602469102 5167082.193893457
5429 1647 808540.8926255829 5167082.393253707
3416 1708 768281.6810503344 5165863.123396257
4514 1708 790242.6391737466 5165863.345699423
4636 1708 792682.2541073171 5165864.149911407
5246 1708 804882.2858818604 5165864.444019538
5307 1708 806102.2617152643 5165863.574607249
5429 1708 808540.5083831315 5165865.848482921
3416 1769 768283.2320621586 5164644.389931784
4636 1769 792681.9733577067 5164644.047794386
5185 1769 803660.7936789815 5164641.831367591
5307 1769 806101.6415867202 5164644.445602653
5429 1769 808539.0063121286 5164644.142559681
3111 1830 762180.7915182955 5163421.568957579
3355 1830 767061.4819523983 5163424.527350643
3416 1830 768281.0165539902 5163422.497922299
3660 1830 773161.870419934 5163423.11023365
4819 1830 796342.8925566643 5163424.478745762
5246 1830 804881.9518867383 5163422.169632792
5307 1830 806101.4850566207 5163423.971057434
3111 1891 762182.0162165604 5162203.407397303
3416 1891 768281.9391339652 5162203.785836886
3477 1891 769501.2731592209 5162204.764475255
3538 1891 770721.7453238355 5162203.986158318
3599 1891 771940.4511667914 5162204.157840302
3660 1891 773161.3323666636 5162202.00996984
4758 1891 795122.3009229737 5162204.016343309
4819 1891 796342.1100654393 5162203.987184931
4880 1891 797563.2050089071 5162204.533220557
5246 1891 804881.3759587929 5162203.817275411
5307 1891 806101.5945618198 5162204.08425662
5368 1891 807321.7690620346 5162202.560217079
5429 1891 808542.8912887686 5162203.828933097
2074 1952 741441.3300286478 5160984.502177529
2135 1952 742658.853824414 5160983.94383312
2196 1952 743881.6770971143 5160984.353219292
3111 1952 762182.5123536318 5160984.800363721
3172 1952 763402.5770754351 5160984.028905663
4514 1952 790241.5744804061 5160983.178404467
4575 1952 791462.2384454955 5160984.368571167
4636 1952 792681.4301584414 5160984.62179415
4758 1952 795122.1702819455 5160984.358887584
4819 1952 796341.7399793214 5160983.117459324
4880 1952 797561.7218379464 5160983.313008638
4941 1952 798782.0659544837 5160983.487519571
5246 1952 804882.8872375957 5160982.718582613
5307 1952 806102.5713419109 5160983.533804846
5429 1952 808542.2650857634 5160983.589501686
2074 2013 741440.9588977507 5159763.991557097
4575 2013 791462.3020673457 5159764.927359788
4636 2013 792682.1995395819 5159764.829395601
4697 2013 793902.3779743992 5159763.608060599
4758 2013 795121.4356742827 5159764.33641631
4819 2013 796342.7728036565 5159763.496413442
4880 2013 797559.4704466473 5159764.238729148
5307 2013 806103.9205825087 5159764.352586258
3233 2074 764621.5432536723 5158544.550455791
3294 2074 765842.1796294608 5158544.340489964
4636 2074 792681.6731228647 5158543.52973985
5246 2074 804882.363940352 5158543.869021808
5368 2074 807320.8867417873 5158542.63829421
5429 2074 808541.4824417167 5158543.397554096
3233 2135 764622.1736691154 5157324.979992808
3416 2135 768282.9305948936 5157323.869456405
4880 2135 797562.1852896146 5157323.762226878
5002 2135 800000.9897355809 5157324.018899642
5307 2135 806101.8644451356 5157323.564122075
5368 2135 807321.4860511733 5157323.794311514
5429 2135 808541.3530191401 5157323.0893451385
2135 2196 742662.8014124995 5156103.169997596
3233 2196 764621.1312826823 5156104.705644142
3355 2196 767061.4805400935 5156103.650004192
4880 2196 797561.4192428192 5156103.391910413
4941 2196 798782.2872903295 5156104.142736842
5307 2196 806101.3206376451 5156104.407519208
5429 2196 808542.0304517074 5156104.014574211
3050 2257 760959.8959989098 5154884.841379215
3111 2257 762181.7012399653 5154884.30617039
3172 2257 763401.8101906434 5154884.343774096
3233 2257 764618.6333171236 5154883.103585733
3294 2257 765841.8488901261 5154883.827858531
4697 2257 793902.5370017751 5154883.912087098
4819 2257 796341.2900115822 5154883.27590146
4880 2257 797560.7204867892 5154883.712383655
5185 2257 803661.5649419399 5154883.895596242
2257 2318 745101.7505867507 5153664.179986408
2989 2318 759742.4196576294 5153663.905726083
3172 2318 763402.4979813509 5153664.564150055
4697 2318 793902.2186808927 5153663.560095704
4941 2318 798782.6480228376 5153664.497123806
5063 2318 801221.5245335378 5153664.296225691
5124 2318 802438.7762495935 5153664.462965961
5246 2318 804882.0449421636 5153664.44428511
5307 2318 806101.5174388144 5153665.352757579
5368 2318 807321.7229619571 5153664.513042168
5429 2318 808541.4818458218 5153663.471593665
5490 2318 809761.6764214693 5153661.887532891
2318 2379 746317.8923860295 5152444.036820573
2928 2379 758521.8420799957 5152444.648466357
3050 2379 760962.1746398747 5152444.193418069
3111 2379 762182.4324721615 5152444.606559644
3355 2379 767062.9889319484 5152443.711663165
3477 2379 769502.0705570548 5152444.512750246
4270 2379 785362.0000048548 5152443.0620367825
4392 2379 787803.6693980278 5152443.974513876
4758 2379 795121.8917815643 5152443.835143769
4819 2379 796341.5940551258 5152443.897856131
4941 2379 798778.289424711 5152444.286290475
5063 2379 801221.8638311289 5152444.372958264
5124 2379 802438.4192826577 5152444.395739819
5185 2379 803661.9931187112 5152444.172163214
5246 2379 804882.7182801063 5152444.587438665
5307 2379 806101.5291861912 5152443.743208313
5368 2379 807319.590935915 5152444.600407758
5429 2379 808541.3670553887 5152443.526074185
2318 2440 746320.7297785295 5151225.999977239
2989 2440 759741.9725656378 5151224.083103004
3050 2440 760962.1540062758 5151224.0073880805
3111 2440 762178.7072652353 5151223.576401644
3477 2440 769501.1979236747 5151223.032867112
3538 2440 770721.4719820993 5151224.081183697
3599 2440 771941.7053684965 5151223.681981288
4514 2440 790241.4790956713 5151223.140957005
4636 2440 792681.4445831368 5151223.3410168495
4697 2440 793899.3529737501 5151223.985314697
4758 2440 795118.3447263419 5151223.341115808
5002 2440 800002.3026990338 5151223.902144826
5063 2440 801220.960429517 5151224.438189017
5124 2440 802442.3742885252 5151224.1555291535
5185 2440 803662.2221054805 5151224.412229647
5246 2440 804881.4149988322 5151223.772428666
5307 2440 806101.0837888567 5151223.195644916
5368 2440 807318.7756301534 5151223.771246155
5429 2440 808542.9291500858 5151224.543475481
5490 2440 809760.7116942402 5151221.553333925
1586 2501 731680.3625576282 5150006.530223624
3172 2501 763401.3928787063 5150006.017579002
3538 2501 770720.6321718674 5150003.20145217
4636 2501 792678.7200299812 5150003.882911224
4697 2501 793900.9824061848 5150003.533924884
4758 2501 795121.245394369 5150004.033848206
4819 2501 796341.2775602436 5150003.627486365
4941 2501 798781.4412497722 5150002.72880289
5002 2501 800001.41593055 5150004.371834497
5246 2501 804881.4627443574 5150003.700186692
5307 2501 806102.0500014742 5150004.030765125
5368 2501 807321.9381444252 5150004.360030572
5429 2501 808541.9072762298 5150003.296774897
1525 2562 730462.8126754714 5148783.830601144
1830 2562 736561.4618479345 5148783.841167027
2318 2562 746318.0798140665 5148783.498462004
2379 2562 747539.0337474546 5148783.204683609
3721 2562 774383.4830903397 5148783.74578889
4392 2562 787803.126204743 5148784.82079863
4453 2562 789022.1832551891 5148783.77793423
4514 2562 790241.9161058096 5148784.297931397
4575 2562 791461.7065711729 5148784.345292898
4636 2562 792680.9712609702 5148784.083000561
4697 2562 793898.3145981514 5148783.961524502
4758 2562 795118.6415159217 5148784.360475972
4880 2562 797560.7524238715 5148784.395662853
5002 2562 800000.6798988661 5148782.117181403
5063 2562 801222.2082807155 5148783.106473985
5185 2562 803661.0882524891 5148783.688694309
5246 2562 804881.0219571808 5148783.63843766
5368 2562 807320.938792903 5148783.742697189
1525 2623 730462.2614605677 5147563.830970249
2318 2623 746319.0803548303 5147563.90249027
2501 2623 749978.3673973086 5147563.419256074
2806 2623 756082.7018498858 5147564.685651549
2867 2623 757302.3110942784 5147563.60256705
2989 2623 759742.7223233497 5147562.239119891
3660 2623 773161.637336309 5147563.446324391
3843 2623 776821.6852378997 5147563.307815557
4392 2623 787803.7311067067 5147563.983472636
4453 2623 789022.6797258509 5147564.315716325
4636 2623 792681.078710985 5147564.2512852615
4697 2623 793901.1551008155 5147564.827240552
4758 2623 795121.9749920712 5147564.800138435
4819 2623 796341.7058731209 5147563.845458985
4880 2623 797562.1297034933 5147563.993153195
4941 2623 798780.8548063809 5147563.656927122
5185 2623 803661.4637571762 5147562.9381758915
5246 2623 804881.6763208307 5147563.08559463
5307 2623 806101.9064021902 5147562.654697082
1586 2684 731681.0354480399 5146344.090834799
2501 2684 749981.8665433625 5146343.801979968
2684 2684 753642.0657584522 5146343.556029065
2745 2684 754861.5130513485 5146343.438969326
2806 2684 756082.1257274747 5146341.964209011
3904 2684 778041.7291820028 5146343.8878089925
4270 2684 785361.6648367308 5146342.916646197
4331 2684 786582.3409970098 5146342.765595214
4392 2684 787801.2634523418 5146341.511136188
4514 2684 790238.8445575564 5146344.803729774
4697 2684 793901.8200513154 5146344.005558675
4758 2684 795118.3404992436 5146344.451557409
5307 2684 806101.8796769055 5146343.214371419
1647 2745 732901.8372232305 5145124.045004283
2318 2745 746321.5001412835 5145124.626278226
2623 2745 752420.6797500632 5145123.813413508
2928 2745 758521.8131243596 5145123.255849785
4270 2745 785360.977242021 5145122.037699817
4331 2745 786581.466960181 5145124.981265082
4392 2745 787801.3159687957 5145124.552988653
4453 2745 789021.8003266384 5145124.450326083
4514 2745 790240.4930515087 5145123.343205521
4575 2745 791461.378634354 5145124.65528257
4758 2745 795119.0898053186 5145123.884752584
4941 2745 798782.5131418305 5145124.033052182
5185 2745 803661.2626191588 5145124.753320715
5307 2745 806102.3685602486 5145122.992232706
4026 2806 780481.9416320882 5143903.381161148
4453 2806 789022.0929535397 5143904.097561245
4514 2806 790241.2726416393 5143903.575514064
5185 2806 803658.5423986829 5143902.986384661
5246 2806 804881.4512453969 5143901.71481364
5368 2806 807320.8041767456 5143903.711828552
1525 2867 730461.3226118413 5142684.0494479295
1952 2867 739002.2340672207 5142683.435917263
2196 2867 743882.4926482696 5142684.884969264
2806 2867 756082.4008457935 5142684.461359009
2867 2867 757302.4892046769 5142683.490487729
2928 2867 758522.0587043989 5142684.266029706
4270 2867 785362.2768470648 5142684.139611586
4392 2867 787800.51442095 5142683.592480271
4453 2867 789021.1658022027 5142683.3612048
4575 2867 791459.2571468453 5142684.183802241
4941 2867 798781.6957307691 5142683.529926494
5002 2867 800000.5695101415 5142683.027520623
5185 2867 803662.012745953 5142682.817907873
5246 2867 804881.6593772349 5142683.354572791
5368 2867 807319.0591982119 5142684.047384999
1342 2928 726802.4492413289 5141463.936300651
1403 2928 728021.9819930624 5141463.829553547
1464 2928 729241.8304846075 5141464.063056051
2013 2928 740221.3721376726 5141463.190000596
2074 2928 741441.5349296748 5141464.655794013
2257 2928 745101.8523683023 5141464.273274077
2806 2928 756077.6912241989 5141464.681374107
2867 2928 757301.8300372298 5141464.0456059845
4331 2928 786582.095123145 5141462.941486427
4636 2928 792681.1183109264 5141463.928666984
4697 2928 793902.2087418342 5141463.703377681
4941 2928 798782.7180054031 5141463.893281719
5002 2928 800001.9894606267 5141463.00494998
5063 2928 801221.4143841879 5141462.832945954
5124 2928 802439.0571533621 5141462.94073306
5185 2928 803659.2657840875 5141463.0694684405
5490 2928 809758.7934031637 5141463.111321956
1281 2989 725581.6024533593 5140243.950456314
1403 2989 728022.2450397157 5140244.641499805
2257 2989 745100.7488650135 5140244.074837644
2318 2989 746321.7789553262 5140244.055677307
2379 2989 747541.5584505899 5140244.123194073
2806 2989 756082.128903967 5140244.358672329
2867 2989 757298.6288183181 5140242.880845058
4087 2989 781701.3069987958 5140244.252834983
4514 2989 790238.865148807 5140244.161265896
4697 2989 793900.7937903083 5140243.186704185
4941 2989 798779.8510134538 5140243.530549295
5002 2989 800001.4828850783 5140243.108914559
5063 2989 801222.0531498457 5140242.789471748
5124 2989 802442.1780417359 5140243.717204837
5307 2989 806101.119195024 5140242.581900978
5368 2989 807320.7899505005 5140242.475715814
1342 3050 726801.6183102531 5139023.9052815465
1403 3050 728021.8937409302 5139024.609112514
2196 3050 743881.7875382163 5139023.995343264
2318 3050 746318.279454517 5139024.9551897
4148 3050 782921.5973533577 5139024.351500765
4392 3050 787801.9702138574 5139024.233173807
4453 3050 789022.9407465619 5139023.425734586
4514 3050 790242.2860046449 5139022.794803637
4758 3050 795120.7488344079 5139023.135145987
4880 3050 797558.8287164643 5139023.633181827
4941 3050 798782.1583574942 5139024.166553479
5124 3050 802441.597994333 5139023.059784365
5368 3050 807318.9831371877 5139023.720290322
5429 3050 808542.3790030754 5139022.607325423
5490 3050 809762.5167392163 5139022.126105131
1647 3111 732901.5507902941 5137806.089788548
2379 3111 747538.3686314655 5137803.911747061
2684 3111 753641.8378676651 5137802.8137263255
2745 3111 754857.6599571339 5137804.137807673
4026 3111 780483.2773529092 5137804.050166193
4087 3111 781702.3633384167 5137804.521260876
4148 3111 782923.3276973559 5137804.63116361
4209 3111 784142.3292417947 5137803.692067024
4331 3111 786581.7467217017 5137803.203021048
4636 3111 792682.7793885437 5137804.088590487
4819 3111 796342.156608853 5137802.18752069
4941 3111 798781.2421524236 5137803.2656147815
5002 3111 799998.646176886 5137804.586828331
5307 3111 806100.9008115315 5137802.423517672
5368 3111 807321.3392775898 5137803.753072752
1586 3172 731678.535770502 5136584.688559468
1647 3172 732901.9281190799 5136584.735272288
2074 3172 741437.5760015302 5136584.614299166
3294 3172 765841.9713256388 5136583.250769728
4453 3172 789022.0547408258 5136583.952679396
4514 3172 790242.2552129347 5136583.333310929
4575 3172 791461.7718820986 5136583.545701245
4819 3172 796340.9484161981 5136584.2021059925
4941 3172 798782.5696686174 5136582.898164237
5185 3172 803659.0733417472 5136584.078627101
5246 3172 804881.1274571796 5136584.281447906
5307 3172 806101.9714503692 5136584.0761291385
5368 3172 807321.4507183223 5136583.762992627
1525 3233 730461.6700559066 5135362.685943635
1586 3233 731681.9946063969 5135363.863055905
2379 3233 747541.8765293949 5135364.184357348
2440 3233 748762.2582374129 5135363.740103007
2684 3233 753641.4400893903 5135364.504311779
2745 3233 754862.4876397618 5135363.929251146
3233 3233 764622.0925177467 5135362.879697358
4209 3233 784142.3711526945 5135363.813813652
4270 3233 785362.7996233146 5135363.816863234
4392 3233 787803.13849479 5135364.080854063
4575 3233 791461.4408420341 5135363.479672881
4636 3233 792681.7893049562 5135363.78126034
4880 3233 797561.193682779 5135364.299183099
5002 3233 800000.6328825692 5135363.668047331
5246 3233 804881.9431958939 5135363.1260960745
5307 3233 806102.8094299649 5135364.018562088
5368 3233 807322.8802645302 5135364.157534823
5429 3233 808541.7528005501 5135364.218092265
3294 3294 765840.902128083 5134143.869519602
3904 3294 778040.4743242278 5134143.691191432
4148 3294 782921.5467304549 5134143.948340448
4209 3294 784142.8952779154 5134144.166878742
4270 3294 785362.6474957721 5134144.757864423
4331 3294 786578.4904051016 5134143.9241576595
4880 3294 797558.6110307992 5134144.355880551
4941 3294 798781.4346814504 5134144.258258146
5002 3294 800002.4024820821 5134144.838152228
5307 3294 806098.7565378251 5134143.422174848
5429 3294 808542.1148243201 5134143.7609426305
1220 3355 724361.7710057641 5132923.695105644
1708 3355 734121.5874133687 5132923.275896787
1830 3355 736562.7447735354 5132924.100835432
2440 3355 748762.1353472881 5132924.296950695
2745 3355 754859.1558439366 5132923.458282064
3050 3355 760962.2431840155 5132923.216958858
3172 3355 763401.5351184165 5132923.005381648
3477 3355 769502.603285575 5132923.408785003
4453 3355 789022.1010269101 5132923.657412691
4575 3355 791460.6600783552 5132924.300231402
4697 3355 793900.8633628907 5132923.909471941
5002 3355 800002.5053539057 5132923.927757258
5124 3355 802441.6370102814 5132924.1322031785
5307 3355 806102.1377529985 5132923.9237702675
5368 3355 807320.9811250184 5132923.7363480935
5429 3355 808542.858185242 5132924.165167072
732 3416 714601.1435029691 5131702.541916804
854 3416 717041.2242170963 5131702.029025746
1281 3416 725580.6439610178 5131702.353799885
1403 3416 728020.9807515775 5131703.791844752
1464 3416 729241.9459456066 5131702.894004882
1525 3416 730460.961068952 5131703.581564118
1647 3416 732900.6863716188 5131702.932944375
1708 3416 734121.5184416653 5131704.701648261
1891 3416 737782.4168772193 5131704.869750671
1952 3416 739001.2721086016 5131705.636737053
2684 3416 753641.1566201474 5131704.153351234
2745 3416 754862.0656232417 5131702.711454584
2806 3416 756081.5657635106 5131704.091081016
3294 3416 765841.8078239542 5131703.813737101
3355 3416 767061.3966521884 5131703.530738419
3843 3416 776822.6023629279 5131702.916702896
4209 3416 784142.6304457454 5131703.666737958
4270 3416 785360.9694199722 5131704.32497216
4331 3416 786578.9116605853 5131704.236711502
4392 3416 787801.1527652071 5131703.93389106
4453 3416 789020.9684066401 5131704.942425116
4697 3416 793902.2292142578 5131704.761125438
4941 3416 798781.529387366 5131703.470299075
5002 3416 800001.8556131555 5131702.966827628
5063 3416 801222.2919323846 5131703.466849674
5185 3416 803662.3518680995 5131704.0602077115
5307 3416 806102.4022162837 5131703.887914387
5368 3416 807321.0907460314 5131704.986395401
5490 3416 809760.8183647498 5131701.741685466
793 3477 715821.414797561 5130482.540131399
1586 3477 731682.3173947489 5130483.956109706
1647 3477 732899.7159417274 5130483.734846682
1708 3477 734122.0133299122 5130483.581180427
1769 3477 735338.8189260914 5130483.414802309
1830 3477 736562.6457003636 5130483.920323986
1891 3477 737778.1166987153 5130484.7395994635
1952 3477 739001.7265205308 5130484.841683371
2501 3477 749981.5439699366 5130484.680248711
2562 3477 751202.0146747014 5130484.595862665
2623 3477 752422.4931967153 5130484.201696637
2684 3477 753642.2879099685 5130483.005548607
2867 3477 757302.5469297004 5130482.820445297
2928 3477 758522.2424490703 5130483.051581742
3355 3477 767062.1092808727 5130482.772734154
3416 3477 768281.4817267599 5130483.651620761
3538 3477 770721.4336053515 5130484.491534815
4026 3477 780482.9066677669 5130483.156640382
4148 3477 782922.0244184938 5130483.894868244
4331 3477 786579.1150708953 5130484.07511771
4392 3477 787801.3596182707 5130483.344141966
4453 3477 789021.0120510635 5130483.917154522
4575 3477 791460.9034851192 5130484.329779514
4636 3477 792681.1337532265 5130483.798578634
4697 3477 793901.017629364 5130483.913970301
4758 3477 795121.5011538652 5130483.320570964
4819 3477 796338.4902636863 5130483.512697163
4880 3477 797561.7505419357 5130483.225949806
4941 3477 798782.6344455676 5130484.374234161
5002 3477 800002.442709868 5130482.8656444615
1525 3538 730460.9859666579 5129264.301618642
1586 3538 731680.2650654371 5129263.213792513
2379 3538 747541.5330543345 5129264.195084222
2440 3538 748761.4750636097 5129263.797784583
2562 3538 751200.9105394253 5129264.548749323
2623 3538 752421.3629562168 5129264.0743450085
2684 3538 753639.7157712871 5129264.549700691
2745 3538 754862.2216180653 5129263.149445889
3355 3538 767062.2247193797 5129262.715163566
3416 3538 768278.81613376 5129262.425903069
3904 3538 778041.889268549 5129263.53880732
3965 3538 779262.3902787787 5129263.842852558
4758 3538 795118.7470478851 5129264.263866874
4819 3538 796338.8814207751 5129264.450403001
4941 3538 798781.301404126 5129263.6081830375
5002 3538 800000.7513999473 5129263.7878278615
5063 3538 801220.9963189109 5129262.9618101865
5185 3538 803662.5035189282 5129264.457128862
5368 3538 807319.6582215739 5129264.067944356
1647 3599 732902.5945229928 5128043.616839792
2562 3599 751201.964498629 5128044.311588339
2623 3599 752421.1464354546 5128044.864749351
2745 3599 754860.3350738697 5128042.457803528
3172 3599 763399.0351765688 5128044.8086790675
4514 3599 790241.6978684894 5128042.906993281
4575 3599 791459.4507081998 5128043.548182664
4636 3599 792680.9209106377 5128043.657353174
4697 3599 793901.4075862613 5128043.7039005235
5002 3599 800001.1534117159 5128043.5267608585
5063 3599 801220.9513710877 5128043.6254165815
5124 3599 802441.3313894913 5128043.789674583
5185 3599 803661.9195322961 5128044.075586516
5246 3599 804881.5155074536 5128043.311520924
5368 3599 807318.76190465 5128043.317224168
5490 3599 809761.7920069076 5128041.933868851
1830 3660 736561.9333166117 5126822.965821223
1891 3660 737781.5269126546 5126823.471620392
1952 3660 739001.7869373925 5126823.719168803
2013 3660 740221.913623263 5126824.338127113
2196 3660 743881.9863318424 5126822.777991206
2501 3660 749980.8677650511 5126823.268615062
2684 3660 753641.2537421451 5126823.127000696
2867 3660 757302.9344136004 5126823.33154591
2928 3660 758521.2855555444 5126824.014405809
3050 3660 760960.6528004969 5126822.810903713
3355 3660 767061.4741492694 5126822.726399684
4331 3660 786581.2816217879 5126822.677703084
4392 3660 787801.8298882984 5126823.121073688
4453 3660 789021.0782846527 5126822.127131758
4514 3660 790242.1102855311 5126821.985708017
4636 3660 792682.2070698584 5126822.9340233905
4697 3660 793902.2303015629 5126822.988618171
4758 3660 795122.124053691 5126823.2090613535
4819 3660 796341.8608597934 5126822.358149699
4880 3660 797560.7640263314 5126822.95215364
4941 3660 798781.3179607973 5126823.303852498
5124 3660 802441.3807752706 5126822.886945407
5185 3660 803659.25819763 5126823.245090109
5246 3660 804879.1713498144 5126823.946901253
5307 3660 806101.077423539 5126824.0733517185
5368 3660 807320.6753401136 5126823.509793635
1464 3721 729241.1990457817 5125604.699320182
1647 3721 732900.7987859232 5125603.513726995
1952 3721 739000.0787962906 5125603.057736784
2074 3721 741438.6665611659 5125602.787264124
2440 3721 748761.1288841285 5125603.609658405
2501 3721 749978.7339231975 5125604.27117025
2562 3721 751201.1111414366 5125604.434388537
2684 3721 753641.134506234 5125603.883653583
2867 3721 757302.3877926668 5125603.021749693
2989 3721 759741.2282340002 5125602.9001394585
3233 3721 764621.5099735286 5125603.672969466
3416 3721 768282.0029182395 5125603.818476448
3660 3721 773161.1300729603 5125604.174212796
3782 3721 775601.9288041812 5125603.985612736
3843 3721 776822.0584782467 5125603.489950637
3904 3721 778042.0866984461 5125603.823537658
3965 3721 779261.3069347513 5125603.392070756
4148 3721 782921.5337822312 5125603.016115009
4209 3721 784141.2284787624 5125603.730704392
4270 3721 785361.458624616 5125603.174393002
4331 3721 786581.4777255408 5125603.393292995
4392 3721 787801.1340100276 5125603.099825413
4453 3721 789018.8885775711 5125603.25482346
4575 3721 791461.0272020467 5125602.273399609
4636 3721 792682.1937328764 5125601.969033692
4697 3721 793902.2376484952 5125602.92758956
4880 3721 797561.8450127046 5125603.061755196
4941 3721 798781.9750518766 5125603.17603392
5002 3721 800000.3077569056 5125603.188723257
5063 3721 801221.7523994634 5125602.068021396
5124 3721 802439.4622012818 5125602.340076867
5246 3721 804882.392540203 5125603.305095399
1525 3782 730461.9208308848 5124383.079391772
2013 3782 740219.413272262 5124381.983990001
2135 3782 742661.358240533 5124383.494953259
2501 3782 749980.1313631508 5124382.150345234
2562 3782 751202.7307284884 5124382.3983915355
2623 3782 752419.1799282179 5124382.786529261
2806 3782 756081.2188941288 5124383.157320552
2867 3782 757301.17146008 5124383.546953523
2928 3782 758521.7146665986 5124383.017325161
2989 3782 759740.987043377 5124383.538107114
3538 3782 770718.4538471409 5124383.183273014
3660 3782 773162.5318672231 5124383.872417745
3721 3782 774381.3019765186 5124382.843695767
3782 3782 775601.2478976066 5124384.287000843
3904 3782 778041.6650688648 5124383.601494244
3965 3782 779261.3461466929 5124382.954293905
4026 3782 780481.2544649494 5124383.606134052
4148 3782 782922.7451551408 5124383.151943881
4209 3782 784140.8128938831 5124383.246979512
4270 3782 785360.5975909443 5124382.725898784
4331 3782 786582.0611960868 5124383.827398564
4392 3782 787800.9458293653 5124382.9167728
4636 3782 792679.8748554398 5124384.99319789
4758 3782 795121.3245112156 5124382.74733654
4819 3782 796342.0931222124 5124382.836136898
4880 3782 797562.4092502235 5124382.6386096
4941 3782 798782.1537392187 5124382.827346545
5063 3782 801221.6824203256 5124382.734062194
5185 3782 803661.6855672566 5124382.824542649
122 3843 702401.6556644025 5123164.144050069
915 3843 718261.6503505312 5123164.995983785
1464 3843 729242.3476831324 5123163.805131668
1525 3843 730461.068678777 5123163.399447127
1891 3843 737783.096399892 5123163.806994875
2074 3843 741441.9547851842 5123163.661884937
2135 3843 742661.0541648671 5123163.63905306
2196 3843 743879.448911029 5123163.412474918
2257 3843 745101.4463737848 5123161.36423373
2379 3843 747541.4918163483 5123163.605553203
2440 3843 748760.9998128436 5123163.973267431
2501 3843 749982.1124270607 5123164.146604821
2562 3843 751202.1681355292 5123163.5269362945
2623 3843 752422.0218521558 5123163.306817001
3050 3843 760961.9162253614 5123163.511880092
3599 3843 771941.048186237 5123163.011826711
3660 3843 773158.157753494 5123163.464369985
3782 3843 775598.1161065117 5123163.072766276
3843 3843 776822.9116071669 5123163.626500318
3904 3843 778042.1523229824 5123163.722079548
3965 3843 779261.7188260551 5123162.660470792
4026 3843 780481.3568067026 5123163.169319302
4209 3843 784142.2497454232 5123164.024327348
4270 3843 785362.5751186376 5123162.9981631385
4331 3843 786581.6547582914 5123162.860074137
4392 3843 787802.0578737995 5123163.5954982005
4453 3843 789018.497024243 5123163.207759793
4575 3843 791463.0208583936 5123163.573999115
4636 3843 792681.3262384643 5123163.266626109
4697 3843 793898.9114202888 5123162.992823486
4758 3843 795121.2835611852 5123162.892083674
4819 3843 796338.9209338818 5123162.554169692
4880 3843 797562.1184069905 5123162.959915497
5063 3843 801221.2314926973 5123162.842169754
5124 3843 802441.9218239071 5123161.659770297
5185 3843 803662.0423537933 5123162.507317847
5246 3843 804881.7880348332 5123162.277206713
5429 3843 808542.4625042235 5123163.127095833
122 3904 702398.0545264931 5121944.965752823
183 3904 703621.2825749038 5121944.311507659
244 3904 704841.8836562035 5121944.3918514475
305 3904 706058.5029494842 5121944.31163163
366 3904 707281.9803271028 5121944.990800912
427 3904 708500.649808353 5121943.5162509745
1464 3904 729241.7543008645 5121943.5282635465
1952 3904 739002.2991145266 5121944.236893273
2013 3904 740222.1430471342 5121944.082806356
2806 3904 756082.2006485083 5121944.613869716
2989 3904 759742.3822900241 5121943.339971978
3050 3904 760962.3174775251 5121943.128222052
3172 3904 763402.0308314812 5121943.438991178
3416 3904 768282.1803395383 5121943.693185225
3477 3904 769501.253707755 5121943.391521801
3782 3904 775602.1475289937 5121943.095862403
3843 3904 776820.7060400209 5121942.15302434
3965 3904 779258.8941880967 5121943.771650366
4026 3904 780482.121827446 5121944.070588353
4087 3904 781702.2872309807 5121942.944488816
4148 3904 782921.4532087217 5121943.881636812
4209 3904 784138.5854381125 5121943.252719147
4270 3904 785361.1174944375 5121944.051286017
4392 3904 787799.6833601692 5121945.622569125
4636 3904 792681.5510355149 5121942.101141105
4697 3904 793899.4870305322 5121942.30136408
4758 3904 795121.134529736 5121943.6889041895
4819 3904 796342.3134639015 5121943.480704935
5002 3904 800000.9856144579 5121943.185835576
5063 3904 801220.9693063468 5121943.029505022
5124 3904 802439.0879426658 5121943.406314584
305 3965 706061.9555940632 5120724.532215365
366 3965 707281.6438200977 5120723.72873654
427 3965 708502.1378225434 5120722.907752692
976 3965 719481.1721277679 5120724.61095326
1403 3965 728021.511280289 5120724.755228524
1769 3965 735342.9945501226 5120724.323836253
1952 3965 739002.1545055682 5120724.157653777
2196 3965 743882.1774217273 5120724.752460482
2257 3965 745102.0808750597 5120723.8805045765
2440 3965 748761.148072922 5120723.15484322
2501 3965 749981.6174674275 5120723.019789742
2562 3965 751201.4446627467 5120724.093791067
2684 3965 753641.0740171312 5120724.124091137
2989 3965 759742.5610735322 5120723.3535080105
3111 3965 762181.4802127564 5120722.522949794
3172 3965 763401.5168533666 5120723.3359074015
3233 3965 764620.9967355947 5120723.388150129
3599 3965 771940.9289389106 5120722.735908045
4087 3965 781701.569695269 5120722.81807063
4148 3965 782921.4753975366 5120722.59440566
4209 3965 784138.8272170167 5120723.063066531
4270 3965 785360.4835486267 5120723.256344999
4331 3965 786580.1452451905 5120721.974205927
4392 3965 787799.158937461 5120722.57979245
4453 3965 789021.5943772761 5120723.274763867
4514 3965 790241.2105353659 5120723.677974824
4575 3965 791462.3228494927 5120724.793978412
4697 3965 793902.8969645264 5120723.413077939
4758 3965 795121.8643275389 5120723.78611893
5002 3965 800002.0165658934 5120724.669745605
5063 3965 801220.4201972121 5120723.4937480735
5185 3965 803662.2698796771 5120722.940022731
5429 3965 808541.836202975 5120723.295145001
366 4026 707281.5204379156 5119503.468102865
915 4026 718261.6583990479 5119503.568272368
976 4026 719479.4876269836 5119504.797835094
1037 4026 720698.6669243525 5119504.099822059
1525 4026 730458.5602971904 5119504.463027788
1769 4026 735342.5604300207 5119504.113534441
1952 4026 739002.0742377228 5119504.865463225
2013 4026 740222.4502513001 5119503.882495372
2318 4026 746321.1612700797 5119503.077711018
2379 4026 747542.7811297798 5119504.608498513
2440 4026 748762.5982280389 5119504.199524693
2501 4026 749981.666684144 5119503.84459655
2562 4026 751201.2906625788 5119504.771673204
2684 4026 753642.0336278382 5119502.32405498
2806 4026 756081.7752369893 5119504.620141798
2867 4026 757302.5525440762 5119503.721982102
2928 4026 758521.8936749353 5119503.532243791
2989 4026 759739.4887050968 5119503.257356666
3050 4026 760960.8606201136 5119503.04872973
3111 4026 762181.2654622964 5119503.056358526
3172 4026 763401.9134325777 5119502.361625522
3233 4026 764621.9930226579 5119503.284471115
3538 4026 770721.1057552135 5119502.948580411
3660 4026 773162.5827541088 5119502.867935956
3843 4026 776822.0471894655 5119503.50016968
4270 4026 785360.9175286791 5119502.500843676
4331 4026 786580.9158450974 5119501.744050343
4392 4026 787801.3447183054 5119502.658188854
4453 4026 789020.7262191407 5119503.313119412
4514 4026 790239.0559881886 5119502.660127988
4758 4026 795120.7240771389 5119503.391123962
4819 4026 796339.2573274039 5119503.865602817
4941 4026 798783.4358877958 5119503.145023729
5063 4026 801220.7995037985 5119502.233753716
5124 4026 802439.6622363365 5119502.6872209795
5185 4026 803659.4161571407 5119503.1805243045
5246 4026 804880.6761313505 5119502.757810075
427 4087 708501.6463926156 5118284.182716214
488 4087 709721.3068912704 5118284.075347869
549 4087 710941.2748367833 5118283.835871431
671 4087 713379.4014111053 5118283.892514668
732 4087 714599.2295284433 5118284.703769293
854 4087 717041.1310442982 5118283.2892107265
915 4087 718260.7559088749 5118283.846094266
1952 4087 739001.0094974061 5118283.763683987
2135 4087 742658.8454123746 5118283.865578038
2196 4087 743878.699474756 5118283.909848325
2257 4087 745099.0391902707 5118284.0382835185
2379 4087 747542.1799983694 5118284.082202082
2440 4087 748758.6221602854 5118284.313014133
2867 4087 757301.5609205391 5118284.079268187
2928 4087 758520.922160332 5118283.369274985
2989 4087 759741.434190304 5118283.740338748
3050 4087 760961.7217642248 5118283.412234225
3172 4087 763401.240428959 5118282.907282396
3233 4087 764621.5173011831 5118282.740400033
3843 4087 776822.4774773864 5118284.2272209255
4087 4087 781701.8552925322 5118283.457937496
4514 4087 790238.9998030132 5118282.118042077
4575 4087 791462.5557586069 5118283.8328341525
4636 4087 792680.5037837323 5118282.158965907
4697 4087 793899.2653210331 5118282.188461554
4758 4087 795121.4185205853 5118282.1273810435
4819 4087 796340.7088060522 5118283.285575467
4880 4087 797560.9821077384 5118283.088904901
5063 4087 801221.3348543067 5118285.8703583805
5124 4087 802441.8648361008 5118284.532127385
5185 4087 803662.2525466413 5118283.860609316
5307 4087 806103.3410610566 5118283.888081879
5368 4087 807319.1634160704 5118282.217017994
5490 4087 809760.7950829945 5118281.593278002
366 4148 707281.658063406 5117064.297007899
427 4148 708499.825383869 5117062.505820171
488 4148 709722.3400991749 5117064.008903018
549 4148 710942.1000526013 5117063.157314007
610 4148 712161.8008214664 5117063.274736467
671 4148 713378.6199345042 5117063.467434791
793 4148 715821.531435092 5117062.69651038
915 4148 718262.6360157416 5117063.956591898
976 4148 719480.5990375534 5117063.874972189
1769 4148 735338.9736663464 5117063.236382954
2013 4148 740218.8808430871 5117063.7436058605
2135 4148 742662.4360654214 5117064.135074312
2318 4148 746321.1702620969 5117063.345165811
2379 4148 747541.104969536 5117062.968404758
2501 4148 749981.3856004655 5117062.2300239755
2623 4148 752419.3241591654 5117063.781718573
2745 4148 754861.1721583452 5117064.369010005
2806 4148 756082.0559920104 5117062.747245506
2928 4148 758519.0531377664 5117063.230563712
3050 4148 760962.3824540478 5117063.249944399
3172 4148 763401.4182190276 5117062.878758833
3294 4148 765841.0226808737 5117061.626631644
3416 4148 768281.1369983635 5117060.8309793
3477 4148 769500.9980841172 5117061.296988
3843 4148 776822.08372393 5117062.64811059
3904 4148 778041.7521644785 5117062.444529526
3965 4148 779261.796028092 5117062.952625793
4270 4148 785362.0764258057 5117061.189451248
4331 4148 786578.3246077516 5117063.455040123
4392 4148 787801.249086336 5117064.661733389
4514 4148 790238.7200470376 5117062.2813605275
4636 4148 792682.105160715 5117061.91364166
4697 4148 793899.3814401428 5117062.810949805
4758 4148 795120.9877908056 5117061.926693301
4819 4148 796341.4609971961 5117061.755545366
5002 4148 800000.4691358892 5117062.143492948
5124 4148 802441.7754018946 5117064.755759108
5185 4148 803660.3961471388 5117064.096140845
5307 4148 806098.7110093872 5117063.363724049
427 4209 708501.0120048703 5115843.109010094
488 4209 709717.4078368237 5115844.232632353
549 4209 710940.7553783514 5115843.196580074
671 4209 713381.7820152981 5115842.766319178
732 4209 714601.614851154 5115843.31157079
793 4209 715819.4809483921 5115843.234702889
854 4209 717040.5082248722 5115843.558945102
915 4209 718258.3609090518 5115843.1982995095
976 4209 719481.6496215389 5115843.686900354
1037 4209 720702.368035295 5115843.430627848
1403 4209 728021.5801767583 5115842.870907634
1464 4209 729241.4769713716 5115842.635425099
1891 4209 737780.257112561 5115842.85602822
2257 4209 745100.8748011552 5115843.405477789
2318 4209 746321.5495865397 5115843.52861454
2379 4209 747542.4277018335 5115842.332744514
2440 4209 748760.9169696376 5115842.368542089
2623 4209 752421.5188607102 5115842.769554021
2684 4209 753641.6480112107 5115843.848384522
2745 4209 754860.4661140464 5115842.903477974
2989 4209 759742.064568078 5115843.485616546
3111 4209 762181.0265910273 5115844.881111048
3294 4209 765842.2576557761 5115843.857430855
3782 4209 775601.4474122429 5115843.196272674
3843 4209 776820.8102048446 5115842.604975232
3904 4209 778041.6249462796 5115842.896915739
3965 4209 779261.9483365463 5115843.099859613
4026 4209 780483.1323779576 5115845.233896631
4087 4209 781702.3142148448 5115843.573708556
4148 4209 782920.9022433151 5115842.80922732
4209 4209 784140.9854520952 5115842.437700533
4270 4209 785358.9337627783 5115842.428793765
4514 4209 790241.8197718193 5115843.085221991
4575 4209 791461.3170429149 5115844.112018197
4636 4209 792681.8234557366 5115843.269882158
4697 4209 793900.3172550345 5115843.615647795
4758 4209 795120.8475399589 5115842.314623757
4880 4209 797559.6776913574 5115842.426505324
4941 4209 798781.4953906394 5115841.534049756
5063 4209 801222.6764884486 5115842.212135818
5185 4209 803660.5035915992 5115841.685525332
427 4270 708502.6174905921 5114624.182581277
488 4270 709721.4713384705 5114622.932329951
610 4270 712160.8256870044 5114622.897500871
671 4270 713381.1918990277 5114622.949060005
732 4270 714598.6635861815 5114622.837593426
976 4270 719480.6981285989 5114622.749195387
1037 4270 720701.0935489718 5114622.621724086
1342 4270 726801.0932349744 5114623.383846472
1403 4270 728020.7640325287 5114623.765972263
1830 4270 736562.3465545063 5114623.629088382
1952 4270 739001.9549566072 5114623.059802458
2013 4270 740221.1408456856 5114623.179906296
2074 4270 741441.9438989996 5114623.889829341
2196 4270 743879.3639952652 5114622.462967745
2257 4270 745098.2482791502 5114624.569949621
2379 4270 747538.473649355 5114622.548564627
2440 4270 748761.6158691756 5114621.557136262
2623 4270 752422.7454874093 5114624.644696192
2684 4270 753642.024470441 5114624.461294617
3050 4270 760961.3788283118 5114623.771089562
3111 4270 762181.160864571 5114624.587111654
3233 4270 764621.3979744251 5114623.948540445
3294 4270 765842.2249937322 5114622.9729297105
3355 4270 767062.0675920651 5114623.744591781
3721 4270 774382.1886326792 5114623.572171644
3782 4270 775602.7169232318 5114622.539110375
3843 4270 776822.342199965 5114622.4253670685
3904 4270 778042.4642541657 5114622.696618381
3965 4270 779262.6945712117 5114622.880101638
4026 4270 780481.1530518784 5114623.955621179
4087 4270 781701.2175688518 5114623.130154379
4270 4270 785362.6564021545 5114623.403286554
4514 4270 790239.3217300737 5114623.269158184
4575 4270 791461.769066556 5114623.06338886
4636 4270 792681.1331259506 5114623.232564071
4697 4270 793901.2160032595 5114624.455098979
4758 4270 795121.3939028619 5114623.427557321
5063 4270 801222.2564028946 5114623.35521707
5124 4270 802441.6103966975 5114622.923266307
5368 4270 807320.0972726739 5114623.87380305
427 4331 708501.8304672252 5113404.164742771
854 4331 717042.5360176502 5113404.017470048
915 4331 718261.4847575701 5113404.023257437
1037 4331 720700.9006049465 5113404.326203673
1342 4331 726798.254665401 5113404.142363058
1464 4331 729238.5776563667 5113404.014106134
1891 4331 737781.0611376284 5113403.341623936
2135 4331 742662.259714414 5113404.412749749
2196 4331 743882.3843498396 5113403.364307399
2257 4331 745102.050810814 5113403.492537192
2318 4331 746321.6461732045 5113402.037961563
2623 4331 752422.2947974139 5113404.120895668
2684 4331 753642.1310822254 5113404.989429649
2745 4331 754861.1122295278 5113403.9745731335
3050 4331 760961.1779252291 5113404.577560902
3111 4331 762178.614272186 5113402.986155514
3172 4331 763398.9132937846 5113403.472299817
3233 4331 764620.971340641 5113402.61546638
3721 4331 774382.3982043518 5113403.418068073
3782 4331 775602.1886011803 5113402.9792297995
3843 4331 776821.764728977 5113403.215796736
3904 4331 778041.3739607169 5113403.130096896
4026 4331 780480.4401751149 5113404.204435223
4270 4331 785361.3659870059 5113402.05222208
4331 4331 786580.8282690867 5113403.285097773
4392 4331 787800.6638339675 5113404.148295598
4636 4331 792681.5693795407 5113403.454644955
4697 4331 793901.1451589535 5113401.175981202
4758 4331 795121.1371419418 5113402.608762365
4880 4331 797563.0774380988 5113403.282211304
5124 4331 802441.4900722794 5113402.899203303
5368 4331 807321.5522521901 5113402.116402945
366 4392 707281.4032439186 5112183.418186311
671 4392 713381.0659679641 5112183.612062329
793 4392 715822.1832325364 5112182.352457697
1220 4392 724359.3463081301 5112183.103662279
1281 4392 725580.3113654813 5112184.200402203
1342 4392 726801.0089496342 5112182.5725845
1769 4392 735342.2626899173 5112184.280150447
2013 4392 740218.1742410202 5112183.916613966
2074 4392 741441.1050939205 5112183.207918941
2257 4392 745099.7346134812 5112181.968591347
2562 4392 751201.7835783011 5112184.256228649
2745 4392 754861.1141765931 5112183.651852189
2806 4392 756082.4586942842 5112184.012023454
2867 4392 757301.21565098 5112183.688141637
2989 4392 759741.9933508063 5112183.639346819
3050 4392 760961.1685269008 5112184.378521637
3294 4392 765841.2203878835 5112184.28573214
3599 4392 771942.46818043 5112181.643229002
3721 4392 774381.9099945785 5112183.453027094
3782 4392 775601.9609148011 5112183.917414397
3843 4392 776821.96482182 5112183.767952205
3904 4392 778041.8107427426 5112183.21790025
3965 4392 779260.7879476914 5112184.456271583
4148 4392 782923.1468400933 5112183.4323668135
4209 4392 784143.2277953669 5112183.687182995
4331 4392 786581.3935641561 5112183.250762723
4392 4392 787800.5909625562 5112182.334292054
4575 4392 791461.4261705839 5112184.344593804
4697 4392 793901.6533432681 5112183.147958204
4758 4392 795122.5068362887 5112183.855157246
4819 4392 796342.9629146637 5112182.913901519
4941 4392 798780.394356092 5112183.887220011
5002 4392 800002.1463910427 5112183.570602378
5063 4392 801219.3757407885 5112183.547601536
122 4453 702401.3507325087 5110964.172665905
366 4453 707281.4528119975 5110963.624150932
488 4453 709717.7042915715 5110964.626950913
671 4453 713381.8589668138 5110964.978092186
793 4453 715822.7697536409 5110963.273502423
1525 4453 730462.5283107425 5110964.034726196
1586 4453 731681.4790786171 5110964.145353749
1647 4453 732902.1181424544 5110963.513090238
1708 4453 734121.6954513942 5110963.729238467
1769 4453 735339.1067517399 5110963.823145614
1830 4453 736559.0901092058 5110961.57811296
2013 4453 740221.5442026516 5110961.190883426
2562 4453 751201.7347628931 5110963.977063097
2623 4453 752421.081982063 5110963.945473882
2745 4453 754862.8836044914 5110964.246655358
3233 4453 764618.5249250542 5110964.107252708
3660 4453 773162.1745445715 5110963.515309108
3782 4453 775602.8479992388 5110964.152195198
3843 4453 776822.1662240304 5110962.67907237
4026 4453 780480.9313316043 5110964.873266346
4392 4453 787802.5575503827 5110964.062468737
4453 4453 789021.3258285087 5110964.26064149
4514 4453 790240.7787852755 5110961.163256346
4575 4453 791461.2150629436 5110960.129009681
4697 4453 793898.7465760794 5110963.331007098
4758 4453 795120.2523664796 5110961.851716623
4819 4453 796341.67036628 5110962.578133003
4941 4453 798781.0346850945 5110964.033971462
5063 4453 801222.1272586451 5110964.155089194
122 4514 702400.0931052557 5109744.927740645
183 4514 703621.3848046545 5109742.463884577
366 4514 707282.253253704 5109742.385501393
488 4514 709721.9894413626 5109744.196981165
549 4514 710942.3913123329 5109744.753100035
1159 4514 723140.8427698389 5109743.369646797
1525 4514 730461.9257963436 5109744.233308082
1647 4514 732901.0193104721 5109743.454553059
1708 4514 734118.7284148856 5109743.088442351
1952 4514 739002.4872633861 5109742.865753886
2013 4514 740218.899172688 5109742.921603093
2257 4514 745101.4753834765 5109743.790065108
2440 4514 748759.2918832697 5109744.226504298
2501 4514 749981.3585043983 5109744.813932749
2562 4514 751201.917406432 5109742.98621887
2623 4514 752421.3475104884 5109744.550604453
2745 4514 754858.3987260327 5109744.550374313
3477 4514 769501.204542334 5109742.815957487
3538 4514 770721.9774816601 5109742.31707211
3721 4514 774381.502593647 5109743.509852404
3782 4514 775601.7840377371 5109743.991840227
3843 4514 776821.1736698932 5109743.643961447
3904 4514 778042.3678605645 5109743.551399755
3965 4514 779262.4322152692 5109744.612213107
4270 4514 785358.7447486258 5109744.362303231
4392 4514 787802.7152175707 5109743.376798073
4453 4514 789022.3711858444 5109743.124948835
4514 4514 790241.5501250847 5109743.095776687
4575 4514 791463.0765317639 5109742.504977473
4697 4514 793901.5503546123 5109743.595002504
4758 4514 795120.1471323669 5109744.014997091
5124 4514 802441.715428221 5109743.403540707
5185 4514 803661.5342398911 5109742.987701754
366 4575 707280.7620306412 5108522.631591647
610 4575 712157.9855098329 5108524.774820445
1037 4575 720701.354934943 5108522.670443712
1159 4575 723138.0727355222 5108523.686354023
1281 4575 725581.77933569 5108523.258574216
1525 4575 730461.0482395629 5108523.440933217
1586 4575 731680.5826149553 5108523.244938329
1952 4575 738998.6962294909 5108521.801208003
2074 4575 741441.4462413276 5108521.680809237
2135 4575 742661.0317461959 5108523.229765402
2196 4575 743881.6243892718 5108523.53432116
2440 4575 748758.7309557445 5108524.587014482
2501 4575 749981.5044749017 5108523.814291236
2562 4575 751202.1930462951 5108523.647284629
2623 4575 752419.4958974525 5108523.0987721
2684 4575 753639.3653551306 5108524.616222791
2745 4575 754860.8787841002 5108524.074066631
2806 4575 756081.531203876 5108523.864366582
2867 4575 757301.8112252407 5108524.052442113
2928 4575 758523.0765270548 5108523.103945329
3416 4575 768280.8645733396 5108524.618382848
3477 4575 769500.8113994006 5108524.204945904
3538 4575 770721.9660077683 5108524.743585669
3660 4575 773161.3691023206 5108523.86396794
3721 4575 774381.4454522937 5108524.079193592
3782 4575 775601.7803504136 5108522.985146912
4209 4575 784139.8777459656 5108521.715407951
4331 4575 786580.5726893155 5108522.925207379
4392 4575 787800.9579690752 5108521.920649151
4453 4575 789021.6268976469 5108523.265232372
4514 4575 790240.9768736374 5108523.374812267
4575 4575 791458.7603790631 5108523.228491245
4636 4575 792681.783732951 5108523.472393861
4697 4575 793901.8690927702 5108522.8812703155
5063 4575 801219.0894242015 5108522.389339312
5185 4575 803661.0271230232 5108523.413616596
5368 4575 807320.8252016415 5108521.789283075
244 4636 704838.5687334096 5107304.0858309325
366 4636 707280.8227924583 5107303.485836247
427 4636 708500.8948247756 5107302.662753237
610 4636 712161.5076131009 5107304.219543048
793 4636 715819.14645368 5107303.456370363
854 4636 717041.0377165559 5107302.013886072
915 4636 718259.1230351431 5107302.9445885485
976 4636 719478.745808354 5107302.875222308
1037 4636 720701.4947866481 5107303.016870778
1098 4636 721917.6812839028 5107303.518261996
1220 4636 724362.0413393999 5107303.239423537
1342 4636 726801.9888462387 5107304.4719280405
1403 4636 728022.1806611187 5107303.904863422
1464 4636 729237.9070684336 5107303.901898278
1586 4636 731680.7049224012 5107304.370665548
1647 4636 732901.1523035805 5107302.602242469
1708 4636 734121.5900368887 5107303.583352834
1830 4636 736560.5602822744 5107303.774991012
2074 4636 741439.6156111814 5107303.570814684
2135 4636 742658.8405711683 5107302.177658619
2196 4636 743881.3634692078 5107303.413843534
2501 4636 749981.7865036227 5107303.040410638
2562 4636 751202.1242358597 5107303.33229307
2623 4636 752422.1948538206 5107303.977969718
2745 4636 754860.3947805736 5107303.101777981
2806 4636 756081.071910689 5107302.748021611
2928 4636 758521.0318419802 5107302.755096635
3355 4636 767062.1401642612 5107302.708451059
3416 4636 768281.8787367368 5107303.337897011
3477 4636 769501.396550741 5107302.811706174
3538 4636 770720.7221580899 5107303.536838425
3599 4636 771941.9287517467 5107303.947549101
3660 4636 773161.8927871506 5107304.466972172
3721 4636 774382.3169332886 5107304.183607925
3782 4636 775602.317776246 5107302.3921897635
3965 4636 779262.0485277452 5107302.672563568
4209 4636 784143.2762146923 5107303.633154602
4331 4636 786582.3685217433 5107302.802919567
4453 4636 789021.0985546404 5107302.273141274
4514 4636 790241.0989719488 5107302.685967197
4575 4636 791461.0624648217 5107302.698897649
4697 4636 793900.9416207366 5107302.536339824
4758 4636 795121.5597050993 5107303.552017096
4819 4636 796341.2564061432 5107303.199283296
4880 4636 797561.8038053844 5107303.489219773
5124 4636 802443.0964904835 5107304.165348835
5185 4636 803660.6526181129 5107303.111754845
244 4697 704840.6847837926 5106083.912120861
305 4697 706060.8669352699 5106083.038968781
366 4697 707278.2223058218 5106084.533852399
427 4697 708501.1079136699 5106083.910507486
732 4697 714601.7378345319 5106084.211360417
793 4697 715818.5344052687 5106083.4479133105
854 4697 717041.6798431107 5106082.70681976
915 4697 718260.9838002182 5106083.554949903
1098 4697 721918.266486096 5106083.74351793
1220 4697 724362.502972154 5106083.27265955
1403 4697 728021.8307310091 5106083.754738207
1464 4697 729241.9651626614 5106084.542631608
1525 4697 730460.8555666342 5106083.6893800115
1586 4697 731680.6948736988 5106083.027638342
1647 4697 732899.7507147001 5106084.989332348
1708 4697 734120.9247365764 5106083.309905716
2013 4697 740221.5255435554 5106083.022672406
2074 4697 741442.3502522755 5106083.668848626
2196 4697 743881.7878264958 5106083.643682943
2379 4697 747541.5954001354 5106084.516903233
2440 4697 748761.3638041423 5106083.477752719
2562 4697 751200.7226315404 5106084.467069137
2623 4697 752421.8559002639 5106084.60495097
2806 4697 756082.0319990125 5106083.469460839
3050 4697 760962.1424788028 5106083.109709568
3172 4697 763401.0667625119 5106083.54679392
3233 4697 764621.8681754378 5106083.498715581
3355 4697 767061.9693681584 5106083.10978732
3416 4697 768281.1683739038 5106082.773064901
3477 4697 769501.7579617524 5106082.961377184
3538 4697 770721.3086487749 5106081.937245105
3599 4697 771942.0790650646 5106082.618741395
3660 4697 773161.1483240362 5106082.928153723
3721 4697 774380.2719217403 5106080.376229759
3843 4697 776820.8574118689 5106083.033102107
4087 4697 781702.9192568078 5106083.009808133
4148 4697 782922.8082103727 5106083.75690897
4270 4697 785362.0417203372 5106084.254412499
4392 4697 787803.9142679779 5106082.041142134
4453 4697 789022.7507516609 5106083.30594157
4514 4697 790242.4889943043 5106083.003341888
4575 4697 791462.1423800265 5106082.74254825
4636 4697 792681.8961655789 5106083.185872812
4697 4697 793901.359695478 5106082.471461704
4941 4697 798781.38741152 5106082.727519652
5063 4697 801220.9454730654 5106082.870898243
5124 4697 802443.5791289663 5106082.353207373
5185 4697 803659.4309671501 5106083.103923504
61 4758 701182.0900280402 5104863.649383871
366 4758 707281.1070716529 5104863.593270503
427 4758 708500.9566307672 5104862.83715298
488 4758 709720.8290749721 5104863.353429725
549 4758 710941.0969565631 5104863.209018753
610 4758 712160.8875656709 5104862.9775276175
793 4758 715818.9575317466 5104863.203628168
854 4758 717039.4068202066 5104863.253605646
915 4758 718259.6091450884 5104863.930931071
976 4758 719481.6916634523 5104863.160208568
1098 4758 721920.6278623887 5104864.291853194
1220 4758 724359.1038287735 5104862.4711291725
1403 4758 728021.7512500881 5104864.473060921
1586 4758 731681.1448567067 5104864.040988964
1708 4758 734121.3441280974 5104862.673579333
1769 4758 735340.5854208973 5104863.194039781
1952 4758 739000.8690195084 5104863.787186899
2013 4758 740221.450228507 5104862.706571046
2074 4758 741441.1540165212 5104863.552647275
2135 4758 742662.0468368746 5104862.903702653
2196 4758 743881.4179432738 5104863.756803013
2318 4758 746321.7486870448 5104864.424418197
2379 4758 747542.4310091536 5104864.08433176
2440 4758 748762.4976118826 5104863.869577104
2501 4758 749982.117816153 5104863.218003913
2562 4758 751202.2769489036 5104863.988195098
2623 4758 752422.1637569817 5104864.609539463
2684 4758 753642.6207307486 5104864.260505701
2745 4758 754861.873646521 5104863.308067773
2806 4758 756082.8531615705 5104862.964452959
3050 4758 760962.5395110885 5104864.042985574
3111 4758 762179.1533246535 5104863.4488733355
3172 4758 763400.5845378649 5104863.341003861
3233 4758 764621.7087335782 5104864.225614226
3294 4758 765842.3119692571 5104864.114627289
3355 4758 767062.8439285945 5104862.432362125
3416 4758 768282.1986971494 5104862.627656181
3477 4758 769501.860866948 5104862.728541745
3538 4758 770721.4361924744 5104862.4159064265
3599 4758 771940.4159988008 5104862.312585152
3782 4758 775602.1138603843 5104863.724438483
3843 4758 776818.5911917626 5104862.696205734
4087 4758 781700.3170671415 5104861.971986497
4209 4758 784142.3622361475 5104863.986671816
4270 4758 785362.9166388244 5104863.36299452
4514 4758 790242.6189573422 5104863.653297076
4575 4758 791462.826272549 5104863.504539147
4636 4758 792682.334497477 5104863.326374884
4697 4758 793902.5447162989 5104863.461544909
5063 4758 801219.4476321496 5104862.867150591
5124 4758 802442.1711712829 5104863.258801098
5185 4758 803661.4373241938 5104864.106440598
244 4819 704841.4848773704 5103642.81930186
305 4819 706061.6232006297 5103642.065794494
366 4819 707282.0037164162 5103643.535561622
427 4819 708501.3480558419 5103645.65943306
549 4819 710941.8565598697 5103643.765120379
610 4819 712161.6468609879 5103642.965994907
671 4819 713381.88782786 5103642.947278841
793 4819 715817.7640468683 5103642.720419057
915 4819 718261.8042038865 5103644.014991431
976 4819 719478.6404208759 5103643.180889433
1037 4819 720702.0266984239 5103644.080279368
1220 4819 724360.9891459122 5103642.830069237
1281 4819 725581.2090348945 5103642.339044785
1403 4819 728019.2156891369 5103644.005760833
1464 4819 729237.7019073461 5103644.670686078
1525 4819 730462.5996288924 5103644.505057435
1647 4819 732902.2366221728 5103644.055259931
1708 4819 734122.380063489 5103644.548122547
1830 4819 736560.913919995 5103643.4936575685
1952 4819 739000.9371416324 5103643.888403773
2074 4819 741441.3974211166 5103644.067227913
2135 4819 742661.7872462367 5103643.832942624
2196 4819 743882.3244646932 5103643.517873828
2257 4819 745102.321396632 5103643.536388302
2318 4819 746322.6254488126 5103643.926340143
2440 4819 748762.1095962164 5103644.734032771
2501 4819 749981.7438934835 5103643.461325022
2562 4819 751201.8374518648 5103643.707875512
2623 4819 752421.5278203735 5103644.057356838
2684 4819 753642.7861651276 5103644.639933702
2745 4819 754863.4635578794 5103643.918585127
2928 4819 758522.8950615182 5103644.255519195
3050 4819 760961.4600830094 5103643.48511899
3172 4819 763402.730611762 5103644.4994966695
3233 4819 764621.8791472762 5103643.998076803
3294 4819 765838.2637064366 5103644.091583894
3355 4819 767061.4304175068 5103642.807167975
3416 4819 768281.4587286944 5103642.775520209
3477 4819 769499.4832112053 5103642.519333599
3660 4819 773161.493812933 5103642.825043447
3721 4819 774378.9155277249 5103643.889721348
4026 4819 780480.9753445403 5103641.950304771
4087 4819 781699.4362188722 5103643.567520647
4453 4819 789023.1795578543 5103643.423850412
4514 4819 790242.8733700948 5103643.884228659
4575 4819 791462.012323394 5103642.166156404
4636 4819 792682.9194563616 5103643.970280709
4697 4819 793899.827111156 5103642.0862577995
4758 4819 795122.5549442982 5103643.861410096
5002 4819 800002.7571063947 5103643.9633338675
5185 4819 803662.9819611015 5103643.276024123
61 4880 701181.6874205441 5102424.212013392
122 4880 702402.6648163671 5102424.457222346
183 4880 703620.4261560786 5102424.636201707
305 4880 706059.3246415308 5102424.224551764
366 4880 707280.6405680832 5102424.408264512
427 4880 708502.5637958568 5102423.315237897
488 4880 709722.6509813548 5102424.249310555
549 4880 710942.5228459088 5102423.976300902
610 4880 712161.4508450447 5102423.820924611
671 4880 713381.2211140892 5102423.531892794
793 4880 715821.528510101 5102424.077455947
854 4880 717041.2543203332 5102423.766081881
915 4880 718260.6111379552 5102423.721267918
976 4880 719481.0062672165 5102423.593522578
1037 4880 720699.5122856997 5102423.511208422
1098 4880 721918.8494902492 5102423.705196117
1220 4880 724358.9968048146 5102422.719483959
1525 4880 730457.503781002 5102422.895568382
1586 4880 731682.2057642301 5102423.46920926
1647 4880 732901.3393030567 5102423.935090476
1708 4880 734121.9962161478 5102424.692367952
1952 4880 738998.4038113102 5102424.942022783
2013 4880 740220.7266962352 5102424.204415838
2074 4880 741441.2059262379 5102424.3308914425
2135 4880 742661.345406628 5102424.287017456
2196 4880 743881.9828490783 5102423.5620818045
2257 4880 745102.264395957 5102424.086924234
2379 4880 747543.0113111727 5102424.959156766
2440 4880 748762.6057271562 5102424.330478123
2501 4880 749981.2613404524 5102425.990073628
2562 4880 751201.6781702654 5102425.784087988
2623 4880 752421.9178301565 5102424.427636008
2684 4880 753641.3505192488 5102423.899504644
2745 4880 754861.0659126202 5102422.664741454
2806 4880 756081.3002216521 5102423.64424191
2867 4880 757301.6306459088 5102423.935555289
2989 4880 759742.1973959667 5102424.0936008785
3050 4880 760961.5034442599 5102424.11428175
3111 4880 762182.5606075644 5102423.61864506
3355 4880 767062.0088254119 5102423.786002712
3416 4880 768282.6497563509 5102424.47821213
3477 4880 769501.0890464218 5102423.187586974
3843 4880 776820.7000588884 5102422.802149526
3904 4880 778040.821691959 5102420.757067256
3965 4880 779261.0631203431 5102423.731023456
4392 4880 787801.8509302309 5102424.44316373
4514 4880 790241.9876006383 5102423.905583208
4575 4880 791461.9443027156 5102423.4681081
4636 4880 792682.3405676311 5102423.43016735
4697 4880 793902.8723640533 5102424.730699869
4880 4880 797562.2937820231 5102423.784096353
4941 4880 798782.8837336123 5102421.847386348
5124 4880 802441.6282915073 5102421.87282721
5246 4880 804881.2666408229 5102422.586958113
183 4941 703621.7807724721 5101203.840473018
244 4941 704841.3670261531 5101203.696125828
366 4941 707281.3056799278 5101204.675271633
427 4941 708501.0967993962 5101204.425563935
488 4941 709721.29862804 5101203.760171338
793 4941 715821.0339279925 5101203.477576822
854 4941 717041.3701266205 5101204.081266113
915 4941 718262.3576909899 5101202.826336036
976 4941 719481.2481755716 5101203.69606073
1037 4941 720699.3280014207 5101203.243069714
1403 4941 728022.0331834655 5101205.081176062
1464 4941 729241.2568704388 5101203.826931042
1525 4941 730463.1899415781 5101202.582211269
1647 4941 732902.8246286304 5101204.883444813
1708 4941 734121.3735342094 5101205.90386343
1830 4941 736562.2950117693 5101204.941941194
1952 4941 739001.3814128251 5101204.641735442
2013 4941 740220.8447701564 5101204.968905232
2074 4941 741441.0084345546 5101204.013628755
2135 4941 742661.279514087 5101204.378577421
2196 4941 743879.440510274 5101204.478038631
2257 4941 745101.6383749732 5101203.468028511
2379 4941 747542.3451657207 5101203.813534269
2440 4941 748762.6247984272 5101204.411088513
2501 4941 749982.7189734022 5101204.0503881555
2562 4941 751202.3299481531 5101204.918735703
2867 4941 757301.9810873957 5101203.513934806
2989 4941 759741.6650012336 5101204.15226224
3050 4941 760962.1321093668 5101204.002178926
3233 4941 764622.5664158964 5101204.212783346
3294 4941 765841.6274455494 5101203.515398805
3416 4941 768281.5339913213 5101202.352760616
3477 4941 769502.5629632347 5101202.996672064
3538 4941 770721.3809809131 5101203.174900549
3599 4941 771941.1726187372 5101203.432319988
3660 4941 773160.8179950567 5101203.089150863
3843 4941 776821.59433189 5101202.353855198
4026 4941 780481.625426802 5101203.597648994
4209 4941 784139.6421353576 5101203.54402566
4575 4941 791459.4276101952 5101203.626215576
5368 4941 807322.2908460085 5101204.068699351
122 5002 702401.9206427023 5099984.423639885
183 5002 703617.3599066886 5099983.196970289
244 5002 704840.9151100751 5099984.305759012
305 5002 706061.2661175694 5099985.954825863
366 5002 707282.6213290809 5099984.081221378
427 5002 708498.0266867891 5099984.830282791
915 5002 718261.4814852547 5099983.562699962
976 5002 719479.214151407 5099983.128272714
1037 5002 720701.7846845203 5099983.552279585
1098 5002 721921.4609091022 5099983.0293955
1342 5002 726801.9926172748 5099983.243171667
1586 5002 731681.0254565653 5099984.1415042
1769 5002 735342.2568594133 5099984.562392115
1830 5002 736561.8516261812 5099984.744183799
1891 5002 737781.6486689274 5099984.6207832415
1952 5002 738998.4089040887 5099984.800963116
2013 5002 740221.0315783898 5099984.2067660205
2074 5002 741440.9352898948 5099984.9162096
2135 5002 742658.9026256303 5099984.726448159
2196 5002 743881.4203671871 5099984.551877316
2257 5002 745099.0946774702 5099983.387124748
2318 5002 746320.5428089882 5099983.909556537
2379 5002 747542.6507324225 5099983.924850308
2440 5002 748761.8761909062 5099983.002035484
2562 5002 751202.2684302999 5099984.5047892155
2623 5002 752418.7864077771 5099984.769013912
2745 5002 754862.0686612889 5099982.874844773
2806 5002 756081.7029265465 5099983.401632192
3050 5002 760962.3642741803 5099984.137621864
3111 5002 762182.5878396855 5099984.489516535
3172 5002 763402.5704383823 5099984.608261367
3294 5002 765842.1681722483 5099983.721548752
3477 5002 769501.1784127019 5099983.069199261
3538 5002 770719.0240788024 5099983.269012649
3721 5002 774381.3205935014 5099982.309310013
4270 5002 785361.7504895111 5099983.714343829
4514 5002 790241.9290749053 5099983.400617908
4575 5002 791459.2649995866 5099981.752714463
4636 5002 792682.0901882711 5099982.449538845
4697 5002 793902.5085488331 5099982.185586369
4819 5002 796341.4162305356 5099981.995281364
4880 5002 797559.8813028206 5099982.388264297
5124 5002 802441.2246916052 5099982.989947686
5368 5002 807319.12692466 5099983.4482197305
61 5063 701178.4759159109 5098763.243519804
305 5063 706061.4071374935 5098763.186868835
366 5063 707282.1548404064 5098763.949692456
610 5063 712160.9272849999 5098763.852305629
671 5063 713381.7961195125 5098764.356418679
915 5063 718261.458871088 5098761.013402474
976 5063 719481.6798838986 5098764.086449492
1037 5063 720699.1805383584 5098761.321167051
1220 5063 724361.7850347603 5098763.615287526
1281 5063 725582.314180338 5098763.651172617
1342 5063 726801.8483487854 5098763.170804276
1464 5063 729238.1982528521 5098764.413793103
1586 5063 731681.8189377054 5098764.077817467
1830 5063 736558.0957998877 5098764.047205446
1952 5063 738998.2408426233 5098764.059606748
2013 5063 740218.0024889905 5098763.981306747
2074 5063 741441.3520715628 5098764.357569033
2135 5063 742659.1930354399 5098763.186134113
2196 5063 743880.713015584 5098762.888911937
2257 5063 745098.936121453 5098763.522183426
2440 5063 748761.8650352656 5098762.771326849
2501 5063 749981.4643776704 5098763.658664407
2623 5063 752418.6180492376 5098764.047546636
2684 5063 753642.730676186 5098762.856238956
2867 5063 757302.116670351 5098763.056294366
2928 5063 758521.5570477357 5098762.735795143
2989 5063 759741.1148269057 5098763.324199095
3050 5063 760961.0682315616 5098763.193183268
3172 5063 763401.2774781932 5098763.3017116785
3233 5063 764618.7171685415 5098763.761476425
3294 5063 765842.1053198221 5098764.187784767
3355 5063 767062.100942958 5098764.482570761
3477 5063 769501.8767153533 5098764.2061780505
3599 5063 771942.3496585011 5098761.677356136
3721 5063 774378.7032408025 5098761.923547396
4026 5063 780483.5858721571 5098763.22675528
4270 5063 785361.9865783076 5098762.23754016
4392 5063 787803.9078285658 5098763.769269573
4453 5063 789022.6710304187 5098764.55687434
4575 5063 791462.0054809396 5098763.555769794
4636 5063 792680.0217070399 5098763.054148395
4697 5063 793898.6847380074 5098762.656794015
4880 5063 797561.3421283982 5098762.502894036
5063 5063 801221.1968034828 5098763.500710855
5124 5063 802441.9009621448 5098762.332540778
5429 5063 808540.7065289479 5098760.450040328
5490 5063 809760.4685008036 5098760.054327295
0 5124 699961.7306568547 5097543.052198107
61 5124 701180.8351724321 5097543.315832278
366 5124 707281.0856473115 5097542.766874538
427 5124 708499.374095139 5097542.596293834
488 5124 709721.2258946145 5097542.409692637
549 5124 710940.9051794475 5097543.581418569
610 5124 712159.6984433435 5097544.08766777
671 5124 713378.7112566812 5097543.800768003
732 5124 714598.5725303126 5097544.103333747
793 5124 715821.3574195334 5097542.9613832235
854 5124 717040.6819923978 5097544.088239704
976 5124 719478.2830850503 5097544.338971052
1098 5124 721921.2281578387 5097544.302454283
1281 5124 725583.1279396192 5097544.241657895
1403 5124 728019.7358371482 5097543.950751295
1464 5124 729241.5893880556 5097544.269675738
1586 5124 731682.0460376004 5097544.702025178
1891 5124 737779.7442543724 5097544.097368767
1952 5124 739001.2185829093 5097544.551869373
2013 5124 740221.146872413 5097543.385073869
2074 5124 741442.4872344008 5097543.320062673
2135 5124 742662.1193362346 5097543.31476923
2196 5124 743881.8129097978 5097544.837325036
2257 5124 745098.3999436984 5097543.706081589
2318 5124 746319.0476742287 5097544.286561451
2379 5124 747539.2895758781 5097543.483757206
2562 5124 751198.7014996137 5097543.102980435
2867 5124 757302.709052625 5097542.889424012
2928 5124 758521.886137666 5097542.541122083
2989 5124 759741.520369297 5097543.092928612
3172 5124 763400.6496703317 5097542.851537588
3233 5124 764620.6231018482 5097542.978610026
3294 5124 765840.4350093728 5097543.080988617
3538 5124 770722.186463009 5097543.465124743
3660 5124 773162.3583670266 5097543.281325978
3721 5124 774381.2891373248 5097544.246790353
4087 5124 781703.7465552284 5097543.9633504925
4148 5124 782922.0826454981 5097542.904203517
4270 5124 785360.6225374851 5097541.981118012
4453 5124 789020.4263831464 5097540.882050046
4758 5124 795120.5088037825 5097543.292325294
4880 5124 797560.5535286551 5097540.7585954275
5185 5124 803661.4846277405 5097543.772064182
5307 5124 806101.4551828082 5097541.84067978
5368 5124 807321.1591412757 5097540.685979707
61 5185 701181.5950182527 5096322.892779202
122 5185 702399.063808089 5096322.551241431
366 5185 707281.1171573189 5096323.595406427
427 5185 708501.5938288779 5096323.055445035
488 5185 709720.9492552162 5096323.4089388605
549 5185 710941.4637412978 5096322.930135783
610 5185 712159.6899884124 5096322.996118138
671 5185 713381.7184507876 5096323.607474962
732 5185 714601.7356742328 5096323.314527345
915 5185 718257.3816443968 5096324.46571313
1037 5185 720699.8384931653 5096324.949459195
1342 5185 726801.9794437848 5096323.652105921
1952 5185 739002.4692291792 5096324.370753021
2013 5185 740222.7780042795 5096324.41286068
2074 5185 741438.407709996 5096323.694588962
2135 5185 742661.1342334797 5096323.061499274
2257 5185 745100.6143681905 5096323.256929419
2379 5185 747538.235071669 5096323.461445329
2440 5185 748758.740221657 5096324.963178306
2501 5185 749980.3703395424 5096323.216606275
2562 5185 751203.2688436751 5096323.230995553
2623 5185 752422.251426721 5096324.310591593
2684 5185 753641.8294699911 5096323.385410434
2806 5185 756082.5373806362 5096323.992013971
2867 5185 757301.0702997509 5096322.9476352185
2989 5185 759742.344517675 5096322.98648165
3172 5185 763401.857201073 5096322.935397522
3233 5185 764620.9399940387 5096323.07663492
3294 5185 765840.1865863279 5096320.286332414
3416 5185 768281.1776682904 5096322.4852900645
3477 5185 769500.7305337132 5096322.853225902
3599 5185 771939.262618706 5096322.768694562
4209 5185 784140.5432670944 5096322.505193628
4331 5185 786580.7515654026 5096322.14641518
4514 5185 790243.1409942067 5096323.034592273
4636 5185 792681.2560290701 5096323.485219772
4880 5185 797561.5512430186 5096322.335555759
5185 5185 803659.6195943406 5096322.037313843
5429 5185 808542.4906850363 5096323.440219831
122 5246 702398.2523881558 5095103.527480992
244 5246 704839.7480234357 5095104.055752551
427 5246 708500.5606664055 5095103.37898583
488 5246 709720.5653142071 5095103.293391297
549 5246 710940.9432195951 5095102.873685144
610 5246 712161.5291911468 5095103.202579492
671 5246 713381.6793101553 5095101.30429737
915 5246 718261.0531111686 5095103.970989842
1281 5246 725581.5008451232 5095102.771212838
1342 5246 726802.8872352213 5095102.606546951
1647 5246 732902.9599298507 5095104.676503239
1830 5246 736562.6393038979 5095104.464119805
1891 5246 737782.0080226911 5095104.823316631
1952 5246 739001.3022413143 5095102.6013196865
2013 5246 740218.8763289454 5095104.469396168
2074 5246 741440.8633807698 5095103.655883174
2196 5246 743878.2319726245 5095103.773305754
2257 5246 745101.2025178276 5095103.202676131
2318 5246 746321.7820751807 5095103.101977397
2379 5246 747540.590919827 5095102.570917861
2440 5246 748761.4000669646 5095103.302580842
2501 5246 749980.633309593 5095103.454602127
2562 5246 751200.8613380579 5095104.233555853
2623 5246 752421.2897207815 5095103.636052088
2684 5246 753642.2270947635 5095103.809872603
2989 5246 759741.5149020976 5095104.981081741
3050 5246 760961.8072052693 5095102.440646915
3111 5246 762182.5100560602 5095102.805764504
3233 5246 764622.2008753275 5095103.421230179
3416 5246 768281.0809660754 5095102.75472632
3538 5246 770721.0864905502 5095101.920414677
3599 5246 771940.1736500808 5095102.66076563
3721 5246 774381.3821449685 5095101.985396127
3782 5246 775601.1168861737 5095102.749936569
3904 5246 778041.9795406992 5095103.007042753
4026 5246 780481.7640342348 5095103.8608041145
4697 5246 793899.0573260672 5095103.713650459
4758 5246 795118.855897603 5095103.024662455
4819 5246 796339.0688870959 5095103.628626875
4941 5246 798781.0343010225 5095103.824596997
5124 5246 802442.3254525437 5095101.648927586
5185 5246 803662.1963168262 5095102.661293011
5246 5246 804881.9230983173 5095103.335137504
183 5307 703621.9139080188 5093882.428446284
244 5307 704842.6568046863 5093883.986182344
305 5307 706061.9071500018 5093884.872386494
366 5307 707277.6660567886 5093883.691511924
549 5307 710938.7726826761 5093883.982372741
610 5307 712160.9103584081 5093883.616139539
732 5307 714601.0037818055 5093880.663288208
793 5307 715822.3613785779 5093884.572880285
854 5307 717041.0761514095 5093884.3607191825
915 5307 718261.3247377749 5093884.540517908
1159 5307 723141.1626599355 5093883.216838674
1220 5307 724361.2837391509 5093882.601249324
1342 5307 726800.9622941383 5093883.203803854
1525 5307 730461.8436713029 5093884.224732078
1586 5307 731680.4605883781 5093883.572567246
1647 5307 732902.5704222606 5093885.2769693155
1891 5307 737782.5994825754 5093884.466431624
2074 5307 741442.5396239558 5093883.256296818
2196 5307 743881.1340070781 5093883.677643496
2257 5307 745099.0374944857 5093882.814259368
2440 5307 748761.2560969455 5093883.280001002
2501 5307 749981.3746382234 5093883.971599941
2562 5307 751199.3013098332 5093884.039613237
2623 5307 752422.6232337197 5093884.16098072
2684 5307 753642.4713421658 5093883.463757624
2806 5307 756082.2157397938 5093883.680762105
2867 5307 757301.8208490304 5093882.3044185685
3050 5307 760959.2486652429 5093883.843578757
3172 5307 763400.3558277489 5093880.393618216
3355 5307 767060.2552209157 5093880.596661879
3416 5307 768280.6184823287 5093882.252026599
3538 5307 770718.7301319132 5093883.653079288
4148 5307 782921.1073251725 5093885.318479112
4270 5307 785361.7046206715 5093880.707762058
4575 5307 791459.8830065258 5093882.980097843
4819 5307 796341.9247165107 5093883.415421222
5002 5307 800001.6780795846 5093883.81791966
5124 5307 802442.2581267959 5093883.931103214
5185 5307 803662.1320097477 5093883.43830312
5246 5307 804879.3003536661 5093882.56361392
5429 5307 808541.5080221731 5093881.992932266
183 5368 703621.5128718272 5092663.808835416
244 5368 704841.7012128835 5092663.178577411
305 5368 706061.1647227152 5092664.067900853
366 5368 707281.5434386506 5092664.308386924
671 5368 713379.092280211 5092661.282301349
793 5368 715818.0642327555 5092664.782171444
854 5368 717042.5708029841 5092664.555383712
915 5368 718261.4809979367 5092664.382624953
976 5368 719481.852568811 5092663.152861993
1037 5368 720701.0603298686 5092663.389199473
1098 5368 721921.1666540682 5092663.015937558
1159 5368 723140.7045205131 5092663.400896405
1220 5368 724360.8705595495 5092662.736343687
1464 5368 729241.0832216238 5092664.241921578
1525 5368 730459.1636685162 5092664.283607402
1586 5368 731681.2618910848 5092664.511158404
1647 5368 732902.0154978936 5092664.375578013
1708 5368 734121.0167640973 5092664.60713897
1769 5368 735341.8514663175 5092664.298059615
1830 5368 736562.3086867076 5092664.090083878
1891 5368 737782.7427166688 5092663.923784274
2074 5368 741441.8968207719 5092663.115390865
2196 5368 743882.6957577518 5092664.322140591
2257 5368 745102.5401457954 5092664.448938074
2318 5368 746322.1671259957 5092663.736372109
2379 5368 747542.1714933019 5092664.084188476
2440 5368 748762.2679300704 5092664.242585494
2501 5368 749981.7310540379 5092664.546661432
2562 5368 751201.8472163184 5092662.506946593
2623 5368 752421.7783627348 5092664.11971679
2806 5368 756080.8416325992 5092660.948866511
2867 5368 757302.9272373779 5092661.54403658
2928 5368 758522.1274908703 5092664.132961461
3233 5368 764620.4579734377 5092662.173947747
3477 5368 769502.2160864249 5092664.252977226
3599 5368 771941.8867492101 5092663.243645245
3721 5368 774383.1508861575 5092663.701343296
3782 5368 775602.1237467122 5092662.7442724705
3965 5368 779260.925336736 5092662.878485226
4209 5368 784141.6890695004 5092662.270141095
4575 5368 791461.4829768146 5092662.9748312095
4636 5368 792679.2118821681 5092662.985293969
4697 5368 793902.2312577583 5092664.060583013
4819 5368 796338.8616986994 5092663.103870515
5124 5368 802441.7675015251 5092664.699990677
5368 5368 807322.2823765273 5092664.214557837
5490 5368 809759.2499793236 5092662.362942935
122 5429 702401.4877590297 5091443.532069502
183 5429 703620.4644657841 5091443.096234993
244 5429 704841.5821621277 5091443.764839326
305 5429 706061.9490084449 5091444.149627443
366 5429 707277.4033329056 5091443.294728489
488 5429 709722.7266572429 5091444.074503583
610 5429 712158.3884093404 5091444.414470387
854 5429 717042.5929006942 5091443.265130972
1037 5429 720698.4632976365 5091443.893454545
1220 5429 724361.0702851396 5091443.335729917
1281 5429 725581.2615784393 5091443.501167518
1464 5429 729241.6084798808 5091443.804118454
1525 5429 730462.6000621754 5091444.564403113
1586 5429 731682.3284848691 5091444.371232598
1647 5429 732898.0592845201 5091444.151252253
1830 5429 736562.0728320893 5091444.56390707
1891 5429 737782.5090515348 5091443.691504062
2013 5429 740220.7157745312 5091444.089327288
2074 5429 741441.7884960271 5091443.789790864
2135 5429 742662.0472643382 5091444.025467761
2196 5429 743882.5552122332 5091443.973629296
2318 5429 746322.3267131697 5091444.749691094
2379 5429 747541.9260109331 5091444.695115767
2440 5429 748758.2939118743 5091444.346425352
2501 5429 749981.5154173905 5091443.980220636
2745 5429 754861.5178308154 5091442.979760911
2928 5429 758522.1467859455 5091444.660918579
2989 5429 759741.5456137172 5091443.474567457
3050 5429 760959.4388463618 5091442.532072137
3111 5429 762181.2745314102 5091442.414495012
3355 5429 767062.492165789 5091443.715212511
3416 5429 768281.8212672732 5091443.506515283
3538 5429 770721.2608694197 5091443.336282984
3721 5429 774381.1976110287 5091442.869906899
3782 5429 775601.1860219593 5091442.852023689
3965 5429 779261.19715339 5091442.177152126
4148 5429 782921.4309038239 5091443.738680731
4331 5429 786580.8288253578 5091443.294175706
4575 5429 791461.9875067971 5091442.119507224
4758 5429 795119.6323698835 5091442.403543073
4880 5429 797561.7598763815 5091442.7850405695
4941 5429 798782.2724000457 5091444.203115999
5002 5429 799998.8444576386 5091442.933277193
5063 5429 801219.7685770168 5091442.70290759
5368 5429 807320.9323468782 5091444.442280933
305 5490 706059.5543457501 5090222.671448971
915 5490 718261.2891008253 5090224.545060161
1708 5490 734121.8540273597 5090223.096851304
1769 5490 735342.1244939348 5090223.919077858
2013 5490 740221.9839002603 5090222.938711331
2379 5490 747542.9695974647 5090223.271867063
2684 5490 753639.1926166815 5090222.15927286
3599 5490 771942.0058305244 5090223.095323616
3721 5490 774381.368125252 5090222.1828269
4392 5490 787801.4064551037 5090222.392231915
