5490 732 754857.2676942918 4492693.609596444
5612 732 756077.6211328622 4492693.219659999
5978 854 759738.0017888674 4491474.394523323
5734 976 757301.2095493648 4490252.403800942
6100 976 760957.4169872963 4490253.180953757
6222 1098 762178.7052546935 4489034.525027832
6710 1464 767057.5235513756 4485373.026447033
6832 1464 768277.7715293454 4485377.473299098
6588 1586 765837.670005506 4484152.312794012
6832 1586 768281.0762482389 4484152.63972403
6954 1586 769497.9305170034 4484156.415753531
7076 1586 770719.8132543406 4484156.84446941
5734 1830 757301.6305556955 4481712.787232784
6832 1830 768282.8174689921 4481713.350730107
7198 1830 771939.3290035859 4481716.766151563
7320 1830 773157.2558376542 4481712.081280247
7198 1952 771938.1035513266 4480492.545261723
7564 1952 775601.6766277514 4480496.422101036
5978 2074 759737.7340005399 4479274.669472452
6710 2074 767059.7772770637 4479276.466951689
7198 2074 771938.3376913734 4479271.843530862
7442 2074 774379.2982514751 4479273.658281129
7564 2074 775601.0200857505 4479276.188320022
5734 2196 757300.9727893722 4478053.466291502
6466 2196 764620.4977013541 4478057.679536067
7076 2196 770718.7377219306 4478053.651422334
7320 2196 773159.2758061747 4478052.9662365
7442 2196 774379.296283433 4478053.070262024
7686 2196 776821.410599072 4478054.119454867
7808 2196 778038.0552396065 4478053.639685961
5734 2318 757301.5288143512 4476836.740644535
6832 2318 768278.3028231973 4476835.677776387
7442 2318 774378.6095614324 4476833.382578658
7564 2318 775598.025410267 4476833.113879202
7686 2318 776821.4332147753 4476837.640376851
7076 2440 770718.35580669 4475614.5415309565
7442 2440 774378.576865442 4475612.034515709
7808 2440 778038.1623958095 4475615.16857462
6466 2562 764618.3583173358 4474395.534835969
6832 2562 768278.421802604 4474396.861725413
6954 2562 769500.212373742 4474389.898421421
7930 2562 779257.1736116178 4474392.881319848
5978 2684 759741.6904568746 4473176.725435621
6100 2684 760958.9152544766 4473173.600880625
6588 2684 765842.2673070554 4473171.465597109
8052 2684 780478.5915731927 4473177.658673001
8174 2684 781697.8644713887 4473173.815677497
5856 2806 758522.5893170845 4471957.30050058
5978 2928 759737.9953185446 4470735.2135642115
6222 2928 762181.6383668721 4470737.2633614745
6344 2928 763398.1985907796 4470734.5551538
6466 3050 764621.3221957503 4469516.929264834
6588 3294 765838.3944690578 4467072.642208795
