4270 7076 442657.73427137156 5129264.543836077
4392 7198 443875.6684263446 5128044.685902873
4514 7198 445095.7817204395 5128044.662444628
4514 7320 445096.23118633346 5126824.648508026
4392 7442 443876.6439070778 5125604.146190007
4636 7442 446316.52354167897 5125604.492647112
4758 7442 447535.9131897143 5125604.033280487
4880 7442 448756.7886094013 5125603.628885962
5124 7442 451197.9411435173 5125603.758259649
4514 7564 445098.1044740942 5124384.865237026
4758 7564 447536.57172743586 5124384.099289316
4880 7564 448756.00585277315 5124384.6968796905
4514 7686 445097.7421483738 5123166.84003102
3660 7808 436555.86209653347 5121944.447482922
4514 7808 445096.70559637237 5121947.391232601
4636 7808 446318.02846033475 5121944.19202245
4758 7808 447538.8659371756 5121944.680774997
5002 7808 449976.5352181017 5121944.933153553
5124 7808 451196.2679654523 5121944.747365148
3904 7930 438996.80008377944 5120724.240569434
4026 7930 440215.9654908769 5120724.3840352185
4514 7930 445095.9504066507 5120726.870426965
4880 7930 448757.3516013465 5120723.915713166
4148 8052 441436.4426853239 5119503.85973524
4270 8052 442656.5930049595 5119504.69826026
4392 8052 443876.79153194115 5119503.694666564
4514 8052 445093.45238697587 5119507.042719844
4636 8052 446317.60804475885 5119503.754366645
4758 8052 447537.7196283236 5119503.861212094
4026 8174 440216.9318390494 5118283.753128741
4148 8174 441436.2487699299 5118284.17401323
4270 8296 442657.730665554 5117065.998920018
4514 8296 445098.58995450253 5117063.91000957
4636 8296 446315.1830552776 5117067.57735481
4880 8296 448756.1148401779 5117063.41659459
5002 8296 449976.127997826 5117064.038933457
5124 8296 451198.0218417381 5117063.311415475
4636 8418 446316.58624302514 5115844.676447051
4880 8418 448757.783279427 5115846.445431705
5002 8418 449975.9703986185 5115844.597758689
5246 8418 452415.8808802901 5115844.117692049
4636 8540 446315.93269397406 5114627.307512909
5002 8540 449976.4531042371 5114624.76313967
4392 8662 443872.0445195546 5113407.936528425
4636 8662 446317.45745226945 5113406.666006593
4880 8662 448757.3247024323 5113403.454449995
5002 8662 449976.1432259119 5113404.792122765
5246 8662 452416.3630605174 5113404.787323269
5734 8662 457296.36055963754 5113403.755081704
6588 8662 465838.3193198872 5113407.362941151
4880 8784 448757.77636302664 5112184.078841901
5124 8784 451197.2659879931 5112186.044937936
5734 8784 457298.73859115376 5112183.90591499
6466 8784 464615.23921832634 5112184.913844401
6588 8784 465836.6974879226 5112184.20357366
4514 8906 445097.37288528256 5110965.038244033
5246 8906 452416.22122864454 5110964.95180197
5368 8906 453637.1504338428 5110965.398782629
5612 8906 456078.16136487765 5110963.956615371
5734 8906 457298.09077847336 5110965.748668035
5978 8906 459738.66953324655 5110966.688951871
6100 8906 460958.0798047091 5110965.918454181
6344 8906 463396.84211421694 5110963.645344998
6466 8906 464618.0375037955 5110964.527920043
6588 8906 465842.29749656195 5110964.54813784
6710 8906 467057.83769907197 5110964.60551263
6832 8906 468277.06681385037 5110966.403132791
4392 9028 443875.937784409 5109743.925600545
4758 9028 447535.7600629556 5109744.611902671
4880 9028 448755.79984792793 5109744.373464328
5002 9028 449976.5463909954 5109744.493859743
5124 9028 451196.2183466882 5109744.843786571
5246 9028 452416.57905480586 5109744.667444621
5368 9028 453637.08683875523 5109746.028102995
5490 9028 454856.43945654726 5109745.250525777
5612 9028 456076.82126287604 5109744.4234962845
6100 9028 460958.3670338176 5109745.65956402
6222 9028 462177.90650019987 5109744.210752967
6344 9028 463397.4696422724 5109744.502271574
6466 9028 464621.4487151045 5109743.959379402
6588 9028 465840.9006278587 5109744.169001379
6710 9028 467060.5196404452 5109747.848076234
4270 9150 442655.8605419232 5108524.4248186955
4392 9150 443875.4094970873 5108523.49733091
4514 9150 445097.65332824533 5108524.465332796
4758 9150 447535.8510590754 5108523.983609654
5002 9150 449975.89019481384 5108524.100528386
5124 9150 451195.3035106984 5108523.680186682
5368 9150 453636.9829865632 5108523.900877129
5490 9150 454857.6192719609 5108524.039343723
5612 9150 456076.4736046104 5108524.499112692
5734 9150 457297.4177152375 5108523.882564287
5978 9150 459737.53065398574 5108525.293377495
6710 9150 467058.0197085534 5108524.4154473925
6832 9150 468278.8877465423 5108523.9112765975
6954 9150 469497.3544731755 5108524.465545135
4270 9272 442656.7136741838 5107304.916725861
4392 9272 443876.4079351878 5107304.279108961
4514 9272 445097.593923445 5107304.88614099
4758 9272 447536.0475327898 5107304.534700984
4880 9272 448757.3358069034 5107303.65585861
5002 9272 449976.5748708802 5107303.549989482
5124 9272 451195.88030983804 5107304.606493251
5246 9272 452416.6665684886 5107304.628976363
5856 9272 458516.3444850202 5107304.59436822
6100 9272 460956.1238690696 5107304.275959091
6222 9272 462175.8781375969 5107304.558106117
6344 9272 463398.6465017725 5107304.936948564
6588 9272 465837.4060170441 5107306.409483772
6710 9272 467056.9831305787 5107303.577436655
6832 9272 468275.0543463632 5107304.790876162
7076 9272 470716.1527983257 5107304.672229472
4270 9394 442656.21010362165 5106083.189417728
4392 9394 443876.9924736247 5106084.794604411
4758 9394 447537.2699497678 5106084.32214266
4880 9394 448756.7476996197 5106084.9252673
5002 9394 449976.062801928 5106084.101680341
5856 9394 458515.4258648737 5106084.676093113
5978 9394 459737.3895664168 5106083.091663736
6222 9394 462177.1767318328 5106086.597203828
6344 9394 463401.6185004266 5106086.959551858
6466 9394 464616.8890426066 5106085.922152009
6588 9394 465836.99102264526 5106084.647646437
6710 9394 467055.94216991175 5106084.884367216
6832 9394 468277.1515852888 5106086.698088579
6954 9394 469497.70255391643 5106087.363677603
4758 9516 447535.9419839537 5104864.945176154
6222 9516 462177.6506516734 5104867.279661548
6344 9516 463398.21712569427 5104865.856457298
6466 9516 464617.2647750501 5104867.056351608
6588 9516 465836.23370173486 5104865.952331557
6710 9516 467060.67245189694 5104865.70997458
6832 9516 468280.4884163045 5104868.095695327
6954 9516 469501.349389707 5104866.756670585
7076 9516 470717.8239447938 5104866.897427392
7198 9516 471936.3807900712 5104866.495138456
7564 9516 475596.8815937927 5104864.636506517
4758 9638 447538.23804488487 5103646.3206413565
6222 9638 462176.4174126519 5103644.618205195
6344 9638 463396.2708925258 5103644.453553737
6466 9638 464617.757878065 5103645.247828191
6588 9638 465838.43715040624 5103645.492649385
6710 9638 467057.4685555866 5103646.148133706
6832 9638 468278.36031290045 5103645.896674682
6954 9638 469498.6463212594 5103646.834134077
7076 9638 470718.71835962316 5103646.195918386
7198 9638 471938.6493127378 5103646.4651056165
7320 9638 473158.79253222066 5103647.283959905
7442 9638 474378.1341791194 5103646.210047958
4636 9760 446317.224625855 5102424.278400062
5490 9760 454857.1967891567 5102424.751047435
6344 9760 463396.60137461463 5102424.589406471
6466 9760 464617.01193044847 5102424.359688059
6588 9760 465837.4710168328 5102423.400528069
6710 9760 467056.5362312492 5102424.795514967
7076 9760 470716.57090398995 5102424.820428561
7320 9760 473159.1313730091 5102426.192232274
7442 9760 474377.7595163598 5102426.293902366
7564 9760 475601.18318624404 5102427.684744775
4514 9882 445097.0132694217 5101206.40441591
4636 9882 446315.59510752425 5101204.898983972
4758 9882 447536.92366194265 5101206.79256739
5490 9882 454857.1949961461 5101206.25950535
6466 9882 464616.76629210357 5101204.292188228
6710 9882 467056.14558156655 5101204.846213127
6832 9882 468276.5237092591 5101204.798606566
6954 9882 469496.5570056863 5101204.979238227
7076 9882 470716.93550421664 5101204.4700874975
7198 9882 471936.79244211456 5101204.628910971
7320 9882 473156.8257942131 5101204.549507331
7442 9882 474377.1598225619 5101203.834075937
4636 10004 446316.26063071267 5099987.174654703
4758 10004 447537.5083982109 5099984.748563093
5246 10004 452416.75425075437 5099984.949490122
5368 10004 453635.8722621561 5099984.933957894
5490 10004 454857.2716895142 5099984.914075173
5612 10004 456077.2115092796 5099984.357277538
6222 10004 462176.90946173697 5099985.389197816
6710 10004 467063.0229392041 5099984.512213084
6832 10004 468277.6344824629 5099985.701598259
6954 10004 469496.2220257845 5099984.302283784
7198 10004 471936.9606170751 5099986.260909189
7320 10004 473157.71527722216 5099986.344733064
7686 10004 476817.59791947907 5099983.760216363
4148 10126 441435.8708642883 5098764.806972451
4270 10126 442653.4186969658 5098766.586913041
5368 10126 453637.39574891515 5098764.25459704
5612 10126 456077.6802073514 5098763.538096306
5734 10126 457294.03870784875 5098764.5025155125
5856 10126 458517.67933806777 5098766.129324553
5978 10126 459736.52610490815 5098766.8084516935
6100 10126 460960.7654833973 5098767.040546388
6954 10126 469498.4093373969 5098765.761767354
7076 10126 470717.63795919635 5098764.078741354
7198 10126 471936.66233131575 5098764.337474921
7564 10126 475596.5175767401 5098764.882570237
4148 10248 441435.787764317 5097544.776341109
4514 10248 445096.7344143922 5097544.21826285
4636 10248 446316.7788476674 5097546.6942342445
5490 10248 454857.067005445 5097546.74372249
5734 10248 457296.9949042021 5097547.704417306
5978 10248 459738.2719079726 5097546.965005423
6100 10248 460956.0962113309 5097544.888315451
6588 10248 465836.3232659506 5097546.861084211
6710 10248 467058.77185800724 5097546.385684906
6832 10248 468277.43917026743 5097548.05091573
6954 10248 469495.5782789199 5097544.12440842
7076 10248 470716.51119263837 5097547.208282804
7320 10248 473161.61727186054 5097545.312669627
7442 10248 474377.3950628738 5097543.750804481
4514 10370 445096.4940656973 5096324.985618746
4636 10370 446316.37349428376 5096324.63368834
4758 10370 447538.01716948836 5096326.211887048
4880 10370 448756.4539499341 5096324.690131041
5002 10370 449977.5432149412 5096327.304926401
5124 10370 451197.18704311666 5096323.813811452
5490 10370 454856.7905788632 5096324.542907548
5856 10370 458516.282054873 5096326.950967465
5978 10370 459736.7633035282 5096325.5648670485
6100 10370 460956.5297962461 5096323.945212228
6222 10370 462176.0737363462 5096324.781349628
6710 10370 467056.5109144666 5096326.832370238
6832 10370 468275.0315739008 5096323.201747648
6954 10370 469497.3955009622 5096327.067071447
7076 10370 470717.9359976844 5096326.854701773
7198 10370 471937.62307307543 5096326.670542088
7320 10370 473157.600864155 5096326.680033405
4270 10492 442655.8020348523 5095104.788980873
4636 10492 446316.07894749934 5095106.049041751
4758 10492 447535.6662379495 5095104.257396795
4880 10492 448756.5259308686 5095104.3813716825
5002 10492 449976.18194477586 5095104.946451095
5124 10492 451195.29314126115 5095107.38710014
5246 10492 452417.0189222444 5095104.5379423965
5734 10492 457296.278698952 5095106.7880169675
5856 10492 458517.2253691864 5095104.433466898
5978 10492 459735.6041234581 5095104.023837451
6100 10492 460956.63659763464 5095104.679672442
6222 10492 462175.7574587003 5095104.506510799
6588 10492 465835.7848167915 5095104.3835566975
6710 10492 467056.9509892066 5095104.815210535
6832 10492 468275.7674305425 5095104.5757157365
6954 10492 469496.3635382811 5095104.990453512
7076 10492 470716.4254238535 5095106.953539279
7198 10492 471937.8380357881 5095105.557747395
4270 10614 442656.6120406045 5093883.853809186
4758 10614 447537.4904829293 5093882.287514134
5124 10614 451196.19371464633 5093885.859280679
5246 10614 452419.2118592895 5093883.433739817
5368 10614 453635.9256440465 5093886.519624103
5612 10614 456077.44869884494 5093883.493357077
5734 10614 457298.0352422432 5093886.191742707
5856 10614 458516.50320231396 5093888.29803659
5978 10614 459735.87035703595 5093884.660596911
6222 10614 462177.1080499653 5093886.313897732
6344 10614 463396.0279890542 5093883.204945983
6466 10614 464615.9499021467 5093884.515642171
6588 10614 465836.1172396658 5093884.367553642
6832 10614 468276.8302949503 5093884.420676755
6954 10614 469498.4732934962 5093886.155675253
7076 10614 470716.5750740783 5093887.014176486
4148 10736 441437.13734522683 5092662.6699118605
4392 10736 443876.8607562424 5092663.955281837
5368 10736 453636.45091841044 5092664.823774251
5490 10736 454856.3411645763 5092664.086033987
5734 10736 457297.45208841626 5092664.581358053
5856 10736 458518.41306896566 5092667.794618426
6100 10736 460955.9564243287 5092664.925007311
6344 10736 463395.38710454147 5092664.232142235
6466 10736 464616.9991249319 5092666.427822802
6588 10736 465836.3730446372 5092664.45935782
6710 10736 467056.04872544983 5092664.151431023
6954 10736 469496.6375665851 5092663.765370693
7076 10736 470716.244428351 5092664.603421314
7198 10736 471936.054139266 5092663.629896993
4880 10858 448755.34115856426 5091444.666692565
5002 10858 449975.95871461404 5091444.550565313
5612 10858 456076.67077183776 5091444.613328548
5734 10858 457298.22863567394 5091446.551518314
5856 10858 458518.5516868053 5091446.026957898
5978 10858 459737.3572642358 5091447.170368331
6344 10858 463398.6309597576 5091446.143321794
6588 10858 465837.9527058623 5091446.5145249395
6710 10858 467055.9004599696 5091444.779994653
6954 10858 469497.16447181435 5091443.390423539
7076 10858 470715.8426459726 5091444.956464101
4758 10980 447537.4339944891 5090223.7517540855
5002 10980 449976.5435882161 5090223.560061979
6222 10980 462176.4932744046 5090224.625123826
