1220 61 524381.6941564081 5098782.301178457
1281 61 525602.2364581136 5098782.520823747
1403 61 528042.4418215845 5098783.357450087
1464 61 529262.9135406476 5098781.434719192
1525 244 530481.3181289942 5095122.623364668
1220 305 524380.8453523042 5093902.5598582225
1281 305 525599.9309883977 5093899.874096853
1220 366 524381.0496581788 5092681.0378025975
1220 488 524381.310525958 5090240.569900789
1708 488 534141.7296288232 5090241.458930488
1830 488 536582.2757661971 5090238.665856078
1220 610 524381.3804127194 5087801.76228799
1281 671 525600.0262178457 5086580.223852401
3843 793 576842.4099238231 5084138.670750878
1342 854 526821.9214359054 5082922.010357395
3660 854 573179.2555207792 5082921.05978044
3782 854 575622.5344302001 5082918.066787728
3965 854 579280.9569975806 5082922.491476368
488 915 509742.2866312471 5081702.2276631715
1037 915 520718.8404763127 5081701.677527794
1403 915 528039.2499395879 5081701.895963221
1586 915 531701.3050480585 5081701.525878584
3416 915 568301.8823987714 5081699.713815951
3477 915 569520.8387114105 5081700.969700522
3599 915 571961.4223971141 5081699.091750067
427 976 508520.83450329787 5080482.865841973
1525 976 530481.0039072044 5080481.200943779
3355 976 567082.4325073834 5080479.24342465
3416 976 568302.5221974677 5080481.4513536785
3477 976 569521.3381006023 5080478.253582059
3538 976 570741.3505096608 5080481.42457571
3660 976 573181.501838079 5080480.956383616
3782 976 575621.2178632353 5080480.580410944
366 1037 507301.40800911206 5079261.0653118165
1159 1037 523162.14631720196 5079262.108366972
1586 1037 531701.8734435015 5079261.537814036
3294 1037 565863.3380525515 5079263.531185171
3538 1037 570742.0225989993 5079261.001170873
976 1098 519501.81208918546 5078042.204297153
1647 1098 532921.5749260841 5078041.803621177
3355 1098 567078.1751875256 5078042.180202071
4453 1098 589040.017344249 5078040.012785605
915 1159 518281.07152393897 5076820.724991963
1586 1159 531701.9541216292 5076822.029199722
3294 1159 565862.0818094839 5076821.038428719
3355 1159 567082.1218462075 5076821.731200572
4453 1159 589040.8598457361 5076822.03451084
4514 1159 590261.6066338497 5076821.99062076
4636 1159 592698.9553930063 5076823.138088747
183 1220 503638.4301846495 5075600.990822929
244 1220 504861.4747584282 5075601.217269618
854 1220 517061.6359510088 5075599.31274798
1281 1220 525601.0397273137 5075601.254351086
1525 1220 530481.0207430718 5075601.9704685705
3294 1220 565860.9276666401 5075600.7863219185
3416 1220 568301.4244113909 5075599.297635913
4087 1220 581720.9230500477 5075601.973616907
1586 1281 531700.0007085118 5074380.000656015
3172 1281 563421.2216819348 5074382.431511212
3233 1281 564641.1979385258 5074380.961974425
4453 1281 589040.9475761661 5074382.410182411
366 1342 507300.6288018423 5073160.241539925
488 1342 509741.1919523732 5073161.673817591
549 1342 510960.9404899839 5073162.609487096
610 1342 512178.6337409802 5073161.57749184
671 1342 513398.5258329091 5073161.414665151
732 1342 514617.7532219102 5073162.129463828
1464 1342 529261.8803728356 5073161.317240002
1586 1342 531700.0 5073159.84375
1647 1342 532919.2706696357 5073158.878326485
2196 1342 543898.7204061097 5073161.239945606
2257 1342 545120.8939073711 5073161.136104262
4392 1342 587822.0605518719 5073162.755816547
1586 1403 531700.5727164862 5071942.458668757
2074 1403 541461.3882547499 5071941.671975903
2257 1403 545119.3392665519 5071941.441896332
2440 1403 548778.8616394885 5071942.436470108
2745 1403 554881.0701869118 5071940.707660118
3843 1403 576838.3051680219 5071940.9024580205
4026 1403 580500.6285653234 5071941.2256871965
4087 1403 581720.574061499 5071941.416131025
732 1464 514621.34575566667 5070721.254127245
854 1464 517060.97765263217 5070720.699180839
1281 1464 525601.2404698338 5070720.891293395
1342 1464 526820.9352998885 5070721.989431345
1769 1464 535359.4779292132 5070721.859342358
1891 1464 537801.672622846 5070722.296559476
2196 1464 543900.5420852371 5070721.495679747
2257 1464 545119.673958706 5070721.804591245
2379 1464 547561.432140983 5070720.686923867
2684 1464 553662.4154647032 5070719.614667723
3050 1464 560982.2804701561 5070718.593694041
4270 1464 585379.3940798992 5070721.65894706
854 1525 517061.8234063687 5069501.209303173
1647 1525 532922.6708476669 5069503.516003188
2196 1525 543898.8529631253 5069501.958366945
2318 1525 546339.5222396669 5069501.611559426
4270 1525 585377.7285738837 5069501.312178292
4331 1525 586601.9857109212 5069500.942950885
244 1586 504861.421848204 5068281.834114595
1708 1586 534140.0001898846 5068280.001407713
1891 1586 537798.854348296 5068278.367891472
2135 1586 542679.0505422499 5068281.60951375
2928 1586 558541.7291838035 5068282.679262735
2989 1586 559761.4375513482 5068282.16559374
3477 1586 569522.2677508646 5068281.977616665
3538 1586 570741.5675402357 5068282.101873129
3660 1586 573181.3657101407 5068281.488897582
244 1647 504862.24518912844 5067061.516539613
793 1647 515840.96870903374 5067060.98498537
1952 1647 539018.8221363006 5067061.911841147
2196 1647 543901.2000696969 5067061.943011696
2501 1647 550001.4332304806 5067061.218518478
2562 1647 551221.2080630462 5067062.554091868
2745 1647 554882.019951315 5067061.941423077
2867 1647 557321.8043832805 5067058.906564714
2928 1647 558540.9809423948 5067062.056545276
3599 1647 571963.0636103677 5067062.009905548
1525 1708 530482.1564740364 5065841.733698104
1586 1708 531702.3571267474 5065842.001598852
854 1769 517060.4228937388 5064621.32233485
2379 1769 547559.6545727587 5064621.511355595
3416 1769 568298.5580097303 5064621.644389408
3782 1769 575617.7351956222 5064621.413898719
4392 1769 587818.1317270829 5064622.0784877855
305 1830 506078.9024980232 5063400.532681044
3294 1830 565861.8071110111 5063398.288169376
3538 1830 570741.3716968561 5063400.589746486
4331 1830 586598.5984499551 5063402.017004106
854 1891 517059.3537514134 5062180.902316776
3538 1891 570742.166546677 5062181.44004483
3599 1891 571961.3152092514 5062181.787089618
3782 1891 575621.1920219047 5062181.748524535
3965 1891 579280.197382705 5062182.356985366
2562 1952 551219.9869764739 5060960.027631539
3111 1952 562201.3168710149 5060962.1994642755
3782 1952 575620.7894795561 5060961.589544113
4026 1952 580501.3248432359 5060962.3174855
4087 1952 581721.3385902046 5060960.795593652
854 2013 517058.95742556313 5059741.04401148
2501 2013 550002.3003475387 5059742.060141586
2745 2013 554881.4665892124 5059741.913424966
2989 2013 559761.6230105481 5059738.747435246
3355 2013 567080.5729690131 5059740.773078533
3477 2013 569520.812048723 5059742.043035305
3721 2013 574400.1356547608 5059742.393517676
3965 2013 579280.3654556299 5059740.580393138
4026 2013 580500.4555171414 5059740.851975128
4087 2013 581719.8132620996 5059740.625757782
610 2074 512179.30075834785 5058521.589113324
1220 2074 524379.1369245315 5058520.893109116
2074 2074 541460.5952970958 5058522.018862659
2501 2074 550001.6811406243 5058521.100812884
2928 2074 558541.709644631 5058521.0871450845
3721 2074 574400.7334540288 5058521.023719873
915 2135 518280.0221927979 5057300.01971646
2684 2135 553662.5105384376 5057298.868987467
2806 2135 556101.2675685494 5057300.313834352
3172 2135 563420.5969053513 5057301.20274612
3599 2135 571961.7674559869 5057301.7915283395
2440 2196 548781.4001041668 5056081.5931828255
3233 2196 564642.2400215319 5056081.318449441
3294 2196 565860.1557197388 5056080.172747876
3538 2379 570740.6902722428 5052422.714260694
3050 2440 560980.9134524174 5051199.693672566
3355 2440 567081.5067573913 5051200.372284953
3782 2440 575618.5011335947 5051201.482874438
4270 2440 585381.3000040299 5051200.191772309
3965 2501 579278.8424197533 5049981.820678092
4026 2501 580497.953957083 5049982.58454904
2440 2562 548780.3248573262 5048762.524749717
2989 2562 559761.4270200722 5048759.118423432
3355 2562 567080.1077588912 5048760.193718161
3599 2562 571956.9216349772 5048762.154663871
3721 2562 574398.4309078844 5048762.0417280635
2745 2623 554880.0932855827 5047540.124592732
3782 2623 575618.2656884555 5047541.852543514
3843 2623 576838.4011263505 5047542.303039178
3294 2684 565861.3643130816 5046318.780398334
4209 2684 584158.6270392132 5046320.734794443
4514 2684 590261.547346283 5046322.380297741
5124 2684 602462.2489894519 5046322.108508453
3660 2745 573180.5421486215 5045101.208561282
3904 2745 578058.9712265513 5045100.921612779
4331 2745 586601.2727434121 5045101.476664074
4697 2745 593921.1394143235 5045101.791441437
4758 2745 595142.1293614339 5045101.484240924
5185 2745 603682.0198932011 5045101.130830975
5368 2745 607342.5494274024 5045102.287607547
3782 2806 575621.5223108628 5043881.006773084
4697 2806 593919.8382758147 5043880.668904138
4880 2806 597582.1000469321 5043881.362062551
4941 2806 598801.087999633 5043880.9067679895
4148 2867 582941.0701632174 5042660.9089150615
4697 2867 593921.9562685288 5042661.276090823
3294 2928 565861.8925955077 5041441.826017306
3965 2928 579276.1944090857 5041441.094629579
4087 2928 581721.51378587 5041439.014605347
4331 2928 586599.1002840896 5041442.670174551
3355 2989 567081.8684359099 5040221.145385325
3599 2989 571959.0190302397 5040222.537296225
3355 3050 567080.5393701172 5039000.7508568745
4331 3050 586598.9983919521 5039003.383682711
2501 3111 550000.3305074947 5037780.250932056
3477 3111 569519.6244114761 5037781.379128619
3904 3111 578061.477191075 5037781.925189546
4514 3111 590260.5573326811 5037781.814964517
3721 3233 574400.1880695277 5035339.80737584
3782 3233 575617.9792908006 5035340.311617636
3904 3233 578057.695712604 5035342.034569816
4026 3233 580499.9418673804 5035340.312074239
3843 3355 576841.6901629956 5032901.616328848
3904 3355 578057.8370160166 5032901.910010299
3355 3416 567081.2623230381 5031682.429890704
3843 3416 576838.6718318914 5031679.334570132
3965 3416 579281.2144994669 5031682.322773321
3904 3477 578058.3522009228 5030461.23016577
