2440 1037 748757.1776887084 4979302.388326869
2745 1098 754855.2762518681 4978082.117036752
2501 1220 749977.2852809165 4975642.485514204
2318 1281 746320.6522620033 4974416.47620987
2806 1281 756075.2454584604 4974419.691406852
2501 1342 749975.987598377 4973197.057611157
2867 1342 757297.0682375142 4973202.752123652
2745 1403 754855.7853144261 4971982.256562652
2806 1403 756076.0725867866 4971983.259681603
2867 1403 757296.0061355893 4971983.262927991
2989 1403 759735.64190343 4971982.569165829
3050 1403 760955.007623556 4971979.742449498
2806 1464 756077.7688086256 4970757.732630284
2501 1525 749976.9676698758 4969538.978781061
2684 1525 753636.6150646128 4969538.4723578505
2806 1525 756076.6411213626 4969537.6246358
2928 1525 758518.2601912979 4969538.640501467
2318 1586 746317.5475771407 4968317.11494468
2440 1586 748756.2806680715 4968317.1087949695
2867 1586 757296.9036534077 4968321.193587678
2196 1647 743878.1573408573 4967101.071251109
2684 1647 753639.1723669651 4967098.291761455
2562 1769 751196.7725968165 4964662.10437553
2196 1830 743876.253851755 4963440.404715847
2257 1830 745096.5867970915 4963443.1856625015
2257 1891 745096.3035180167 4962220.134013593
2379 1891 747535.1394550267 4962222.8533607265
2440 1891 748755.7884227467 4962220.315720237
2745 1891 754859.9944942854 4962219.996167583
2135 1952 742658.1360278607 4960997.228442074
2379 1952 747538.3261668201 4960998.9653247185
2196 2074 743875.7360579465 4958563.008807538
2684 2074 753636.1521114458 4958561.821159294
2257 2135 745095.5374815925 4957342.512644057
2562 2135 751195.6652566611 4957341.921992703
2318 2196 746316.1339109399 4956118.749521429
2318 2257 746315.6296702257 4954903.032984712
2562 2257 751195.2667440929 4954898.991543783
2623 2257 752417.6236142083 4954901.660669736
2806 2257 756075.1986723708 4954902.236222277
2379 2318 747535.9229604783 4953681.9341929415
2440 2379 748755.3832289161 4952463.218795782
2501 2379 749977.5568941714 4952458.717212568
2379 2440 747533.972617728 4951242.423907082
2501 2440 749975.075088917 4951238.115397231
2806 2440 756075.6591374328 4951243.317153547
2867 2440 757298.2612680647 4951243.308788521
2440 2501 748756.121514466 4950022.716420022
2074 2745 741437.4177540144 4945136.849679199
2196 2745 743878.4271506699 4945137.538821249
2989 2867 759735.1904570059 4942702.594126103
2745 2928 754857.4732719654 4941476.281672159
1952 2989 738995.338663963 4940261.6098578945
2745 2989 754859.9966340931 4940259.989014666
2989 2989 759736.7866276102 4940262.842466294
2440 3050 748760.7552111666 4939040.128919458
2440 3111 748758.1913671212 4937818.151603091
2684 3111 753635.7178971819 4937824.304243684
2135 3172 742656.6841151702 4936603.210335523
2440 3172 748755.0060028273 4936603.263889545
2501 3172 749976.1643320089 4936602.315263529
2196 3233 743875.8061575415 4935377.50768942
2257 3233 745095.4498150332 4935382.343469078
2623 3294 752415.2965774913 4934157.513915778
2684 3294 753637.3056813569 4934162.587952275
2501 3355 749978.0764146223 4932939.123322516
1891 3416 737775.5035520884 4931722.889619837
2074 3416 741433.3207335458 4931717.5615212
2623 3416 752415.6248695026 4931723.972796107
2745 3416 754856.2439955139 4931722.714303799
1952 3477 738995.1299908622 4930503.974069458
2196 3477 743875.6379278131 4930502.06819099
2257 3477 745096.2709252059 4930502.787935086
2684 3477 753637.8713406274 4930498.595964262
2806 3477 756073.3246642733 4930502.991462883
1891 3538 737776.9807243249 4929282.908421538
2135 3538 742656.1590075147 4929281.983141096
2196 3538 743877.318037709 4929282.638442134
2562 3538 751197.1463837203 4929281.80396205
2684 3538 753636.9257543508 4929282.995985753
2745 3538 754857.2804759635 4929277.840831754
2806 3538 756075.1845660424 4929281.992155326
2013 3599 740216.4023555554 4928062.247475844
2196 3599 743875.880408752 4928063.137588602
2867 3599 757297.554558889 4928062.291025106
2440 3660 748755.3127679173 4926841.848452355
2562 3660 751195.9412759935 4926843.023740955
2806 3660 756076.3647379163 4926843.1573840715
2135 3721 742655.0281121206 4925624.918319657
2196 3721 743875.4234303848 4925624.250503556
2318 3721 746316.0125409004 4925623.1239068955
2501 3721 749974.9386788944 4925622.787485319
2623 3721 752413.8707739348 4925622.851137581
2745 3721 754856.3464085801 4925621.61866426
2867 3721 757295.8649956955 4925618.346550348
1830 3782 736556.3751243054 4924404.045767514
1891 3782 737775.7415721872 4924401.6392583
1952 3782 738995.223245191 4924402.176181854
2013 3782 740215.1371059791 4924402.625837556
2318 3782 746316.1106205112 4924398.970095448
2867 3782 757299.389289174 4924403.48167973
1769 3843 735335.4325294001 4923183.019214816
2135 3843 742655.1869012488 4923183.498703734
2196 3843 743876.0044361374 4923184.386989219
2318 3843 746315.1081737676 4923182.742703221
2501 3843 749976.2908573791 4923182.802451106
2684 3843 753637.0846752536 4923183.628862574
2745 3843 754857.1592552046 4923183.270022963
3172 3843 763397.2408894859 4923183.45609099
2196 3904 743875.209932641 4921958.195506067
2257 3904 745095.2732056548 4921962.716471724
2318 3904 746315.3970544765 4921964.177802992
2440 3904 748756.0046501531 4921963.343924292
2684 3904 753635.6318445441 4921964.092281647
3050 3904 760957.7569896397 4921959.144244766
3172 3904 763400.3551911106 4921964.925814793
1769 3965 735336.6838320541 4920743.09204203
2013 3965 740217.020864612 4920742.453516733
2074 3965 741434.2480406942 4920742.719224434
2135 3965 742655.7805403076 4920741.615538265
2318 3965 746314.7224847781 4920743.8330239225
2562 3965 751195.6918709874 4920741.766652788
2623 3965 752415.8784059234 4920743.903998003
1769 4026 735336.0315514021 4919522.945553412
1891 4026 737776.6143622731 4919521.779187561
2074 4026 741436.3700927276 4919522.567516537
2196 4026 743875.3808070688 4919522.397935869
2257 4026 745095.8407775278 4919522.522567157
2074 4087 741437.3392805675 4918303.081761454
2135 4087 742656.0478517815 4918303.029111313
2501 4087 749973.8156784872 4918301.812774798
2745 4087 754856.318472103 4918301.976841519
1708 4148 734116.8077151721 4917084.217397619
1891 4148 737776.3813080953 4917082.902232057
1952 4148 738996.1515695526 4917082.47452273
2013 4148 740216.0514157183 4917084.776917319
2074 4148 741435.0676369685 4917083.703004197
2440 4148 748755.7791807469 4917082.853192622
2684 4148 753635.2745843724 4917083.240002501
2745 4148 754853.1214633527 4917083.582943826
3050 4148 760955.3322910939 4917083.773634105
1952 4209 738995.0443593757 4915863.915142644
2135 4209 742656.5333692059 4915862.5137636205
2379 4209 747535.561565321 4915863.55541265
2806 4209 756073.4395530956 4915862.8651704015
2989 4209 759736.4543267146 4915864.049223675
3233 4209 764616.259840181 4915862.189471937
1769 4270 735335.3313828728 4914637.17888762
2135 4270 742655.8084697402 4914643.0498120645
2318 4270 746314.190104015 4914642.401692694
2379 4270 747535.8394771481 4914643.46275281
2440 4270 748757.9713938272 4914642.5373945525
2806 4270 756074.6424500712 4914642.889174828
1647 4331 732895.6734754036 4913422.213504554
1769 4331 735335.8072396503 4913423.900712086
2257 4331 745095.8788948935 4913423.664017581
2806 4331 756077.0610659973 4913421.623963387
1647 4392 732895.4062141681 4912203.518907391
2013 4392 740215.8262043817 4912202.888444305
2257 4392 745095.982288552 4912203.059309656
2745 4392 754855.2965915465 4912202.943021986
2013 4453 740217.4466861691 4910982.207074761
2318 4453 746315.9570821029 4910983.309529962
2806 4453 756075.2278520204 4910983.688994066
2135 4514 742655.7471422626 4909763.605400324
3111 4514 762177.8958400509 4909759.139406863
3233 4514 764615.7090071272 4909761.917930633
2013 4575 740216.0397528957 4908542.270539198
2074 4575 741435.7070292704 4908543.3691154765
2135 4575 742654.2823856049 4908542.97452351
2440 4575 748756.5026163675 4908542.935720212
2562 4575 751196.1596967098 4908543.09837473
2745 4575 754856.9187117161 4908541.480296287
2867 4575 757296.4665620115 4908541.620726341
3355 4575 767057.0347368178 4908543.352685046
1708 4636 734115.3765737967 4907321.691947216
2013 4636 740216.2895963978 4907323.956619445
2135 4636 742655.5805549892 4907317.612259764
2318 4636 746320.444256681 4907324.8879890805
2867 4636 757295.2484829031 4907322.346831732
3294 4636 765841.6254017926 4907320.61251175
3355 4636 767058.6649558782 4907324.612812354
2562 4697 751195.256602019 4906103.578924313
2623 4697 752416.134252471 4906101.975556109
3111 4697 762175.6510352268 4906103.644227403
3172 4697 763394.2482924372 4906102.769282199
1586 4758 731675.9602400672 4904881.834143304
1647 4758 732895.3966669197 4904882.441668906
1952 4758 738996.1243341179 4904882.87329649
2013 4758 740213.4523361016 4904878.297102835
2257 4758 745097.8517138547 4904883.841729914
2318 4758 746316.8453592842 4904883.468769481
2440 4758 748756.322098731 4904883.520423655
2623 4758 752415.8651330365 4904882.847271343
2928 4758 758515.793240966 4904882.605458006
3172 4758 763397.0148088314 4904882.148844968
3416 4758 768277.8368400233 4904881.445619711
1586 4819 731675.0378125465 4903662.818034505
1708 4819 734115.9748928633 4903662.410205358
1769 4819 735335.0714357212 4903663.530963998
1891 4819 737774.9757061566 4903660.102131066
2135 4819 742656.392985622 4903662.11863734
2257 4819 745095.7861070589 4903664.248170788
2501 4819 749976.0825968824 4903658.6593044
2562 4819 751195.3021959603 4903661.700483784
2684 4819 753640.0602904188 4903665.084070964
2745 4819 754855.2021591669 4903663.1922696745
3416 4819 768277.3998812394 4903662.858969553
1586 4880 731675.2345900496 4902442.693281586
1647 4880 732896.2918332714 4902442.069109185
1708 4880 734116.6787993228 4902442.046083942
1891 4880 737776.0127494124 4902438.317530845
2257 4880 745097.5501136612 4902443.3288596505
2318 4880 746317.1073098185 4902442.316817735
3111 4880 762176.4637892523 4902442.168306468
3233 4880 764615.0919253514 4902444.281832199
3355 4880 767058.098762464 4902444.488630451
3416 4880 768275.4962997844 4902443.054164238
1708 4941 734115.9059563628 4901217.972882164
1891 4941 737775.8977900548 4901222.638888052
1952 4941 738996.0280798047 4901218.240223099
2013 4941 740215.9208892563 4901223.624251369
2196 4941 743876.2696238596 4901222.91876525
2257 4941 745096.3951003166 4901222.9021175215
2440 4941 748755.7436447977 4901222.697052613
2806 4941 756075.3163623413 4901221.120525634
2867 4941 757302.268459418 4901223.010003316
3233 4941 764615.1603812871 4901221.842694186
1769 5002 735335.0835001033 4900002.2037061
1830 5002 736556.2598440317 4900002.104013696
2135 5002 742657.2050606667 4900004.193140274
2318 5002 746315.4041974153 4900004.870903863
2501 5002 749975.0166288586 4900003.057321844
2989 5002 759736.1879229676 4900002.075664218
3050 5002 760955.5191600084 4900001.847371032
1525 5063 730456.0862741675 4898783.181389843
1647 5063 732898.0812715145 4898783.4416782865
1708 5063 734115.8051884827 4898782.437027055
1769 5063 735336.8937893731 4898783.528063402
1952 5063 738999.1736112126 4898783.464840326
2257 5063 745096.3395989947 4898781.490632266
2501 5063 749975.3594318534 4898778.501895998
2684 5063 753635.0135110714 4898782.2405948015
2928 5063 758515.8075839237 4898782.428596886
2989 5063 759735.8992309463 4898781.456849333
3172 5063 763396.2283317837 4898782.0826821625
3233 5063 764615.7783724477 4898782.793215243
3355 5063 767056.6234454183 4898782.384841324
3416 5063 768275.623000007 4898782.223585731
3477 5063 769495.0615312853 4898782.685774861
1586 5124 731675.9136438434 4897563.044724776
1708 5124 734115.6070665739 4897563.825926846
1952 5124 738995.7473377035 4897562.420778015
2318 5124 746314.0308533915 4897562.6051051365
2562 5124 751195.6902047197 4897562.144716915
2745 5124 754855.9173250565 4897562.013371351
2867 5124 757295.8866591698 4897563.811814193
1708 5185 734115.2654521923 4896342.376205306
1769 5185 735335.8377613856 4896338.6001849
1891 5185 737775.3535143319 4896342.258443723
2196 5185 743876.572527359 4896337.685046638
2318 5185 746313.7092274397 4896342.63605562
2623 5185 752415.4680040897 4896344.900104085
1708 5246 734115.4396201731 4895122.409972071
1769 5246 735339.6356208172 4895124.946279178
1891 5246 737777.4529733025 4895123.091396143
1952 5246 738996.0323342703 4895122.754193509
2257 5246 745097.6656975596 4895123.241333098
2318 5246 746316.1889141105 4895123.023361238
2623 5246 752415.0023064236 4895119.177468217
2684 5246 753634.0463460167 4895121.926293315
2806 5246 756075.0561558793 4895121.596764556
3050 5246 760955.9876936964 4895124.974699057
3111 5246 762175.2565780956 4895122.882769305
3782 5246 775595.4702462708 4895123.286632694
1464 5307 729237.5897107315 4893902.549200406
1769 5307 735335.9633911893 4893902.932562489
1952 5307 738996.4400312406 4893902.692920528
2135 5307 742655.8783786222 4893901.210780952
2440 5307 748757.0534350948 4893900.751025865
2684 5307 753636.6587630536 4893902.037801756
2989 5307 759735.9648576551 4893903.9145134315
1769 5368 735335.767445481 4892683.99249721
1952 5368 738995.2172563756 4892679.339986146
2013 5368 740216.1220356062 4892681.17942864
2135 5368 742655.6331737568 4892680.68850982
2440 5368 748755.5846784913 4892682.1086082
3050 5368 760954.3945714569 4892683.82894307
1464 5429 729237.7902316963 4891461.7148131495
1525 5429 730457.0443637387 4891459.360407137
2013 5429 740215.1260179757 4891463.286593535
