2440 1037 748763.3299798336 4979298.520181158
2806 1342 756083.5933006876 4973202.151135288
2867 1342 757301.582830965 4973197.986152807
2928 1342 758522.5184581513 4973198.903935119
2440 1403 748764.2831364262 4971977.637781258
2867 1403 757302.2499372995 4971978.404622335
2928 1403 758521.9850336757 4971978.6803320525
2989 1403 759743.0606591806 4971979.240768635
2257 1464 745102.6209048872 4970760.799280333
2501 1464 749983.2111326142 4970758.794907424
2562 1464 751202.1966827251 4970757.636716789
2806 1464 756081.377144199 4970758.903441851
2867 1464 757301.3845466351 4970758.430851125
2257 1525 745102.6384533638 4969538.382518131
2501 1525 749982.0814904699 4969539.071276429
2806 1525 756082.2953224741 4969541.43198259
2440 1586 748763.462752745 4968318.498079908
2806 1586 756081.3346580118 4968321.019948727
2867 1586 757301.5016013436 4968318.920748483
2684 1647 753640.7057959877 4967099.398814324
2867 1647 757301.8030431258 4967098.04365466
2318 1708 746323.7941226456 4965878.202133153
2623 1708 752424.6957640437 4965880.921491099
2196 1769 743883.3813232911 4964658.760946683
2623 1769 752421.7397811784 4964660.988535411
2257 1830 745102.2869846023 4963438.987482814
2318 1830 746323.0575167007 4963437.202773471
2562 1830 751203.0321702929 4963438.230655692
2745 1891 754860.0033218492 4962220.000851305
2318 1952 746321.850616307 4961000.782063398
2623 1952 752420.8823274414 4960998.248278117
2684 1952 753642.5059669468 4961001.000891508
2806 1952 756081.451599235 4960999.415415812
2135 2013 742664.0141961805 4959775.772296445
2196 2013 743882.1016010479 4959782.338121716
2379 2013 747543.6431191062 4959777.681256823
2623 2013 752424.975700282 4959779.787369623
2684 2013 753640.8133486862 4959779.0805849265
2623 2074 752420.1455059617 4958560.855614722
2684 2074 753641.9482480923 4958560.830349248
2745 2074 754861.7763229228 4958560.135701148
2806 2074 756082.2389410533 4958561.4317894215
2257 2135 745102.684457514 4957339.314018751
2318 2135 746324.5122036302 4957340.881994829
2562 2135 751202.1031731466 4957341.429283042
2318 2196 746323.6217221008 4956119.176583014
2623 2196 752422.4559714104 4956121.941146756
2257 2257 745103.3938671885 4954898.18531733
2318 2257 746322.835007467 4954898.02048453
2562 2257 751202.482464505 4954899.153585397
2257 2318 745101.3305953002 4953679.559415843
2318 2318 746323.6215762633 4953678.33739499
2379 2318 747542.2347562894 4953681.701811187
2196 2379 743883.6205817185 4952459.153153141
2440 2379 748763.1207200463 4952461.872422021
2501 2379 749981.7659633732 4952458.912994713
2135 2440 742663.472088192 4951239.069116818
2379 2440 747542.0228042849 4951237.005493036
2562 2440 751202.6180848153 4951240.864901778
2440 2501 748762.2896777169 4950021.101882563
2562 2501 751200.9888400398 4950021.205854308
2196 2806 743881.7765500229 4943921.5033875555
2257 2867 745103.020875222 4942701.736653096
1952 2928 739003.1139163426 4941480.43187123
2196 2928 743883.6186371784 4941482.083998581
2257 2928 745101.7159301478 4941481.683328941
1952 2989 739003.0792467314 4940258.2230078615
2318 2989 746322.4905632446 4940261.6740077315
2867 2989 757301.688725865 4940261.691388547
2867 3050 757302.1530977226 4939042.416306632
2928 3050 758521.5128446397 4939038.014588062
2074 3111 741441.4645172025 4937820.863994678
2379 3172 747542.4522780223 4936599.816399758
2440 3172 748761.3624206989 4936599.950807342
2745 3172 754862.6069403959 4936602.477966211
2806 3172 756081.4154521894 4936598.554463503
2867 3172 757301.9110352985 4936598.464046577
2196 3233 743881.9455014663 4935381.235732957
2257 3233 745101.751434056 4935378.097348619
2623 3233 752422.0948070812 4935379.2549105715
2013 3294 740223.5499438142 4934158.905334728
2440 3294 748762.2513042402 4934160.528873177
2623 3294 752422.8712042416 4934160.346234593
2135 3355 742661.4326780488 4932938.684588343
2196 3355 743882.0223226082 4932938.2406270765
2318 3355 746323.2472909249 4932941.404344477
2318 3416 746321.8227257377 4931721.792182214
2623 3416 752423.04274579 4931721.407956489
2745 3416 754861.682855724 4931722.112672505
2806 3416 756082.9257288697 4931718.784115109
2867 3416 757302.0621679974 4931718.127715817
1952 3477 739001.8549526252 4930499.347046205
2196 3477 743882.5928828268 4930498.467037675
2684 3477 753638.4416887194 4930499.638587787
2806 3477 756081.7672147155 4930499.453563212
1891 3538 737781.9455051004 4929278.663268319
1952 3538 739002.6742577129 4929280.901428894
2013 3538 740221.4042847512 4929279.071227046
2074 3538 741440.5940119245 4929280.755553381
2257 3538 745102.5877673578 4929276.929291634
2867 3599 757302.7964628047 4928060.097809923
2562 3660 751202.3460950189 4926838.813019998
2074 3721 741442.3953464907 4925619.682207003
2257 3721 745102.6193580556 4925621.474215966
2806 3721 756082.201360335 4925618.636634688
2867 3721 757302.6662469003 4925620.997897565
2928 3721 758519.8383879381 4925621.055779079
2867 3782 757302.0086894959 4924402.016125854
2806 3843 756084.9825109572 4923179.13276485
2867 3843 757302.0370414607 4923181.488659889
2867 3904 757302.151033248 4921963.156206306
2989 3904 759742.3899971071 4921961.917846774
3111 3904 762181.3567396986 4921960.985188045
3172 3904 763404.6005847694 4921964.7831721725
2928 3965 758521.8835630354 4920741.545280195
3050 4026 760962.1414531954 4919521.885903488
3050 4087 760961.27882513 4918298.582446086
3111 4087 762184.2143388458 4918298.443390691
3050 4148 760962.9386827009 4917078.226574695
3233 4148 764621.536521626 4917078.433714387
2928 4209 758521.3638708774 4915858.2177732885
3050 4209 760961.6670149759 4915858.264373965
3111 4209 762182.5372883378 4915858.062702812
3233 4209 764622.7715104282 4915858.717269113
2928 4270 758521.8794203841 4914638.235484221
2989 4270 759742.5637182653 4914637.6287083635
3050 4270 760962.0769983632 4914641.6927297795
3111 4270 762183.73865557 4914638.3601145195
3172 4270 763402.2309053988 4914637.224245293
2989 4331 759741.8854653771 4913418.283327161
3050 4331 760960.1663019945 4913420.14319848
3172 4331 763401.5312485307 4913422.728365568
2623 4392 752423.028831552 4912198.847378477
3172 4392 763402.3804969958 4912197.374389962
2623 4453 752422.576157699 4910981.658443795
2684 4453 753642.4647156008 4910979.595323469
2867 4453 757298.190467262 4910981.363526607
2928 4453 758521.1597836367 4910978.049671003
2989 4453 759744.0901146661 4910977.399109245
3111 4453 762182.1560950794 4910981.761440266
2806 4514 756081.5127856532 4909758.106302358
3111 4514 762182.6641718814 4909760.419909166
3172 4514 763402.5042038944 4909761.831203616
2745 4575 754862.8467286009 4908538.972480307
2806 4575 756082.2101182728 4908540.60095137
2867 4575 757302.4373475257 4908538.839896444
3050 4575 760962.5913555594 4908538.769833244
3111 4575 762182.3923435231 4908541.78505112
3233 4575 764622.1801810894 4908542.2768771285
3294 4575 765842.0108180419 4908541.404236602
2623 4636 752423.0077897371 4907318.233597492
2806 4636 756081.7335863257 4907319.718025566
2867 4636 757302.8529687676 4907320.408247138
3050 4636 760962.1316850855 4907319.872402611
3233 4636 764621.9844349518 4907321.945655908
2684 4697 753642.3117600512 4906100.970074107
2806 4697 756082.8784088319 4906098.885363348
2867 4697 757302.4794556833 4906103.063708269
3050 4697 760962.6464246368 4906100.620999802
3111 4697 762183.1406528907 4906101.611893891
3172 4697 763405.081804734 4906100.316725433
2867 4758 757303.0788291642 4904880.753712976
2928 4758 758522.3024720118 4904879.312689022
2989 4758 759742.4055864708 4904879.105962223
3050 4758 760962.661232465 4904880.447777725
3111 4758 762182.1030144852 4904879.613554061
3172 4758 763402.8746180864 4904881.857892153
3233 4758 764623.0224875198 4904881.942191084
2745 4819 754862.2501693576 4903658.46077193
3050 4819 760962.9088674082 4903658.859414535
3233 4819 764623.2493857704 4903662.8685070155
3172 4880 763402.1946688624 4902438.388848554
