366 5063 407283.7853750098 4698743.748034754
427 5063 408502.55314628413 4698743.364603146
244 5124 404838.3397080437 4697527.130712652
366 5124 407282.52472960437 4697526.261825046
427 5124 408502.11600339244 4697524.754409809
366 5185 407281.9261519439 4696307.457036062
427 5185 408502.07834282576 4696304.071858437
305 5246 406062.2056318979 4695083.462970536
366 5246 407281.4548678997 4695087.145544323
549 5246 410941.92984422354 4695084.688095558
183 5307 403621.261083645 4693867.286567517
244 5307 404842.8024253628 4693867.332578039
305 5307 406063.0389240778 4693867.752402472
366 5307 407282.5967061515 4693864.194565021
427 5307 408501.86703668267 4693868.337085961
488 5307 409723.604748011 4693864.451790945
244 5368 404842.96467251866 4692644.60034698
549 5368 410942.4115999115 4692644.540802911
305 5429 406063.3207605019 4691425.978041561
366 5429 407283.16707904544 4691424.610390029
427 5429 408503.23711887904 4691428.3528103
488 5429 409722.0576304261 4691424.825013183
