9638 7930 296363.2714910217 4220721.544061215
10126 7930 301244.2781684005 4220721.658173749
10248 7930 302463.1657787709 4220721.257628567
9638 8052 296361.4007930753 4219501.199193881
10126 8052 301243.6630706779 4219500.770640208
10248 8052 302464.227811495 4219501.961500702
10370 8052 303683.85462700104 4219501.475874762
9516 8174 295143.13672722504 4218282.114488344
9638 8174 296362.5421787314 4218281.501789098
10126 8174 301243.5632864133 4218281.233532744
10248 8174 302463.4472916039 4218281.333300689
9394 8296 293923.5736643245 4217061.236209108
10126 8296 301242.2288938961 4217061.041912057
10248 8296 302462.7772303072 4217061.180294406
8662 8418 286603.60668482597 4215838.730614378
8784 8418 287823.5186429792 4215841.989723735
9272 8418 292702.25387123704 4215841.137273427
9394 8418 293922.7773670005 4215840.553909718
9638 8418 296363.42731855845 4215841.500747718
9760 8418 297584.14801853173 4215842.090272944
9150 8540 291482.8093350551 4214621.910022496
9272 8540 292702.8248308557 4214622.349707101
9516 8540 295142.73392460344 4214618.755307293
9638 8540 296363.5710603436 4214622.517071671
9760 8540 297583.2049276717 4214621.324496233
9882 8540 298803.0137752169 4214618.954240379
10004 8540 300022.7671536796 4214621.872482333
9638 8662 296363.27945995715 4213402.67860602
9760 8662 297582.5101064533 4213401.086303435
9882 8662 298803.1897967141 4213401.306259179
10004 8662 300022.3651119685 4213401.750022273
10126 8662 301242.9727070972 4213400.844977497
10248 8662 302462.943269592 4213401.427215758
10370 8662 303683.13455942436 4213401.257771137
10492 8662 304903.35725464567 4213401.387973844
9394 8784 293923.7049084791 4212181.965901661
9638 8784 296361.6648786964 4212181.886993294
9760 8784 297582.5686703443 4212181.219645404
9882 8784 298803.217392988 4212181.56785429
10004 8784 300023.04707623844 4212181.15224643
10370 8784 303682.55858233845 4212181.168330405
10492 8784 304902.40310744685 4212181.061426317
10736 8784 307342.7211670812 4212181.389242266
8540 8906 285382.5308456122 4210962.960559553
8784 8906 287822.5994207 4210961.098262799
9150 8906 291483.62854427076 4210961.209234081
9272 8906 292703.6937896918 4210962.165584068
9394 8906 293924.6935623404 4210962.397396464
9516 8906 295144.6839083086 4210962.064186257
9638 8906 296363.9245935107 4210962.0603398485
9760 8906 297583.21610946546 4210958.843199098
9882 8906 298802.55397797545 4210961.216442449
10370 8906 303684.041390124 4210962.569759148
10614 8906 306123.68859316525 4210961.042212017
8418 9028 284163.8374088475 4209743.164605307
8906 9028 289043.5472309131 4209742.982516399
9028 9028 290262.74671813083 4209741.558338903
9150 9028 291482.3874212818 4209741.644046106
9272 9028 292702.83787038765 4209738.892031395
9394 9028 293923.91839350597 4209738.8006954165
9516 9028 295143.7433312824 4209742.320758427
9638 9028 296363.9178062596 4209742.085073716
9760 9028 297583.99257183826 4209742.250062555
10370 9028 303682.41133521753 4209741.658649709
10492 9028 304903.1662994266 4209739.494591223
10614 9028 306124.0692536516 4209741.996903353
8540 9150 285383.56357014 4208521.516066386
8784 9150 287823.3472226431 4208521.854122251
8906 9150 289043.94912170706 4208522.279757812
9150 9150 291483.2229948322 4208521.3840163
9272 9150 292703.82671816356 4208519.07739667
9394 9150 293923.3663651729 4208518.776453674
9516 9150 295142.99148221716 4208521.432148847
9638 9150 296363.24514135043 4208520.975413338
9760 9150 297583.1075059747 4208521.051093855
10614 9150 306122.1363499766 4208522.186868854
10736 9150 307343.17274054396 4208522.435498073
8662 9272 286604.08627146925 4207301.89930852
9028 9272 290263.25703573436 4207301.809499677
9150 9272 291483.1052659438 4207301.7777246535
9272 9272 292703.38193372695 4207302.188769079
9394 9272 293922.25695022685 4207300.906216988
9516 9272 295143.11094144825 4207301.73089486
9638 9272 296363.29183041235 4207301.4324454805
9760 9272 297582.4680543215 4207301.727600798
10370 9272 303682.4492894091 4207301.951155382
10492 9272 304903.03756364516 4207301.396476728
10614 9272 306122.6063609653 4207301.746537996
10736 9272 307342.5703751307 4207301.02939455
8174 9394 281722.6882067317 4206083.262413783
8540 9394 285382.6953341683 4206081.337143865
8662 9394 286602.67754024855 4206081.890641201
8906 9394 289044.0552835511 4206082.5723380735
9028 9394 290263.85469765624 4206082.510671285
9516 9394 295142.3815773621 4206081.500928913
9638 9394 296362.63171982527 4206081.842904042
9760 9394 297582.787801845 4206079.032327388
9882 9394 298801.93736511364 4206081.280857753
10248 9394 302462.8327713937 4206081.782452412
10492 9394 304902.9788256241 4206081.819536027
10614 9394 306123.28097516403 4206082.143312397
8052 9516 280503.85048272484 4204863.388922082
8296 9516 282942.5246704713 4204861.875251679
8418 9516 284162.13657650026 4204861.697244685
8540 9516 285382.01209533936 4204861.588573665
9028 9516 290263.0650056653 4204861.5431734575
9150 9516 291482.18466966006 4204861.622578847
9272 9516 292703.6265666685 4204863.513453926
9516 9516 295142.77940714627 4204861.249910448
9638 9516 296362.7944808066 4204861.395330162
9760 9516 297582.21887531155 4204861.644776159
9882 9516 298802.64656266215 4204861.079948999
10126 9516 301242.2894230224 4204861.404858683
10370 9516 303682.88150335604 4204861.049090152
10492 9516 304902.53163932473 4204861.6922744615
10614 9516 306123.68185703165 4204862.351837709
10736 9516 307342.5895823117 4204861.518047379
10858 9516 308563.0185300581 4204859.258541251
10980 9516 309782.96476367547 4204861.299285337
8418 9638 284163.45471465914 4203642.544496762
8540 9638 285383.27231512754 4203642.39867144
8662 9638 286602.6704547181 4203642.705055155
8906 9638 289042.4494828023 4203639.015226437
9272 9638 292703.0095488061 4203643.047381455
9638 9638 296363.86884238943 4203641.937747926
9882 9638 298802.9929527675 4203642.271100265
10004 9638 300022.8588208717 4203642.452914089
10248 9638 302463.63623900735 4203641.513030461
10370 9638 303682.1281837384 4203641.213453142
10492 9638 304902.6703911397 4203641.619327693
10614 9638 306121.9963985088 4203641.440779305
10736 9638 307342.538906076 4203639.37058484
10858 9638 308562.54796484765 4203641.243968741
8418 9760 284162.28787247906 4202422.4515804965
8540 9760 285382.06738994806 4202421.812638049
9394 9760 293922.67909395817 4202419.689725978
9638 9760 296363.91787280526 4202422.325060795
10004 9760 300023.61536215805 4202420.6888427995
10248 9760 302462.8988518446 4202422.048413646
10370 9760 303683.02339099126 4202422.067069431
10736 9760 307343.0570711478 4202420.78470402
10858 9760 308561.6902672647 4202419.366421716
8296 9882 282942.7287651513 4201202.676630627
8418 9882 284162.9185148678 4201202.9986877
9516 9882 295142.1153680172 4201201.510998316
9638 9882 296363.80254178477 4201202.399534804
9760 9882 297583.26709752565 4201201.510878959
9882 9882 298804.2743901692 4201201.170086822
10126 9882 301243.4436896825 4201200.800018932
10614 9882 306123.20553227724 4201202.090044444
10736 9882 307343.0415906523 4201202.05376195
10858 9882 308563.1527908626 4201201.685901833
10980 9882 309782.21331479104 4201200.474529116
7808 10004 278062.52259944525 4199981.5345425615
7930 10004 279282.88903489703 4199981.351319623
8174 10004 281722.7154680867 4199981.063326251
8296 10004 282942.2826316603 4199982.07222664
8418 10004 284163.6277486802 4199983.300542912
8540 10004 285382.47515528393 4199982.256323036
8662 10004 286602.4403363406 4199982.990464608
9028 10004 290262.08664784534 4199982.573443671
9272 10004 292702.17871064076 4199981.219081941
9882 10004 298803.68812783854 4199982.419627876
10614 10004 306122.56636104116 4199981.571605685
10736 10004 307341.6910800936 4199981.973859865
10858 10004 308562.3974553534 4199981.851249937
7808 10126 278062.38502574497 4198761.469121782
7930 10126 279282.7570270669 4198761.991632395
8052 10126 280502.7423986959 4198761.510554627
8540 10126 285382.211638876 4198761.417303595
8906 10126 289044.09210410167 4198762.586704762
9028 10126 290263.85447601555 4198762.610293376
9272 10126 292703.3594880266 4198763.649904222
9638 10126 296362.47932132747 4198761.891340647
10492 10126 304903.71902476833 4198760.945044431
10614 10126 306124.40260612266 4198762.044800052
10736 10126 307343.30408415035 4198761.693398092
10858 10126 308563.200121835 4198762.372503527
7808 10248 278062.430358232 4197540.863234807
7930 10248 279282.3470943158 4197542.741611842
8052 10248 280502.4482740566 4197541.933568378
8174 10248 281723.4505605056 4197541.19912066
8540 10248 285382.69965253305 4197541.5229979
9028 10248 290262.48014299024 4197542.834133158
9150 10248 291483.2562812563 4197542.772964738
10126 10248 301241.95680107514 4197541.107152235
10492 10248 304903.0307615326 4197541.337156175
10614 10248 306123.4495335488 4197542.040233546
10736 10248 307343.7363697332 4197542.0807063235
10858 10248 308563.7467818989 4197542.9631284885
7808 10370 278062.4125389517 4196321.309398767
8174 10370 281723.03137285425 4196321.114253017
8296 10370 282942.9062569415 4196321.311594913
8540 10370 285382.2143951156 4196321.82197399
8784 10370 287823.03341151174 4196321.325654319
8906 10370 289042.4234073962 4196321.947854623
9028 10370 290262.2517342983 4196320.974899788
9272 10370 292702.65545319533 4196321.665878598
9394 10370 293922.5184671747 4196322.00669416
9638 10370 296362.92731385445 4196320.978987337
10126 10370 301243.4073371842 4196321.675843381
10492 10370 304902.8047839832 4196321.563460686
10614 10370 306123.1720395013 4196321.995914967
10736 10370 307343.2547463571 4196321.688179867
10858 10370 308563.09066820616 4196321.188350083
8174 10492 281721.96454478434 4195101.8760974975
8296 10492 282941.5278094931 4195101.685812725
8418 10492 284162.3177561924 4195101.5328700235
8540 10492 285383.17811069085 4195101.575102381
8662 10492 286601.8263660931 4195101.874571779
9150 10492 291482.0560862746 4195102.236819359
9272 10492 292702.64205934847 4195102.323158637
9394 10492 293921.92886693426 4195101.593466508
9516 10492 295141.7859594835 4195102.011973132
9638 10492 296362.700170286 4195103.193314366
9760 10492 297582.94807268155 4195101.8386096535
10126 10492 301243.1833024498 4195103.030292059
10492 10492 304904.55010766425 4195102.275258214
10614 10492 306123.3959953411 4195102.0014613
10858 10492 308562.3704641777 4195101.887443282
8174 10614 281721.67247384286 4193883.208005338
8296 10614 282943.3215078204 4193882.2744581364
8418 10614 284162.6040581418 4193880.8650417496
8784 10614 287822.2216901083 4193881.610703598
9028 10614 290262.16428268224 4193881.025900997
9150 10614 291482.30607654573 4193881.553440756
9272 10614 292702.3559310634 4193881.5649780994
9760 10614 297581.51149578416 4193881.485804297
10614 10614 306123.8164643005 4193882.18292794
10736 10614 307344.24497142667 4193882.294495644
8296 10736 282944.05398867547 4192662.334811381
8418 10736 284162.19612038555 4192661.9336846145
8540 10736 285383.2607290081 4192662.233868286
8662 10736 286603.9912583819 4192663.4966892414
8784 10736 287821.79402415245 4192661.5487719523
8906 10736 289041.72060253983 4192661.2989159646
9028 10736 290261.79052501044 4192661.1786770998
9150 10736 291482.05828310456 4192661.364212498
9760 10736 297582.0816441326 4192661.178757687
9882 10736 298802.6493810552 4192661.699079207
10004 10736 300022.29169044807 4192661.7227974785
10614 10736 306123.51610522403 4192662.9259225884
10736 10736 307343.82074020384 4192662.098978161
10858 10736 308564.3125554916 4192662.522202923
8418 10858 284163.38536277914 4191442.9451619415
8540 10858 285382.85306418256 4191441.8867098754
8662 10858 286603.01014617854 4191442.459206991
8784 10858 287823.13533730526 4191443.1166117284
8906 10858 289043.79566002265 4191441.7704978846
9028 10858 290262.6774609841 4191442.9596493626
9272 10858 292701.68623018183 4191441.3816772606
9638 10858 296361.98715966835 4191441.264614244
10126 10858 301241.9449809879 4191441.477959833
10248 10858 302462.1724395572 4191441.656757922
10614 10858 306123.9954735212 4191442.8441670565
10736 10858 307343.60554344766 4191442.721686488
10858 10858 308564.1060309434 4191442.4517575772
8418 10980 284162.2171981475 4190221.991930225
8906 10980 289042.48391098634 4190221.533257365
10248 10980 302461.844065211 4190221.8790414035
10736 10980 307342.73268714116 4190222.4246951668
