8540 9638 685397.018395651 5203664.598531365
8662 9638 686616.8221606066 5203664.749069266
8540 9760 685396.9126870431 5202444.676688336
8662 9882 686617.1532952117 5201223.3769660555
9150 10004 691497.389261299 5200003.74390865
7564 10126 675636.0398960751 5198784.354990052
8540 10126 685396.6718294234 5198783.948199098
8784 10126 687836.9436222782 5198784.476805664
7808 10248 678077.3721997867 5197563.355249168
8296 10248 682955.9036317708 5197563.322339511
8418 10248 684177.1231989923 5197566.76615132
8662 10248 686617.3276952284 5197567.936770952
8906 10248 689062.0136357682 5197563.811890713
7686 10370 676857.4003081612 5196342.802572548
8052 10370 680516.4629048116 5196343.98358207
8296 10370 682956.8491148384 5196344.39798806
8418 10370 684176.2196989739 5196346.599120063
8540 10370 685396.3326474411 5196344.978425047
8296 10492 682957.0747469248 5195123.075713619
8540 10492 685396.3260255959 5195123.988378101
8784 10492 687837.121338425 5195123.53379166
8906 10492 689057.7017820635 5195124.752547731
7686 10614 676856.8482404762 5193903.692429741
9516 10614 695155.1728523627 5193906.035401683
8174 10736 681736.6709660696 5192683.71343978
9638 10858 696378.2918296381 5191463.920345945
