5368 122 453638.4661805343 4398822.421910228
5978 122 459737.46752598346 4398821.428135396
7442 122 474378.75181785144 4398821.755619833
7930 122 479258.74973058887 4398818.195249443
8296 122 482920.3481150169 4398821.867420352
8418 122 484139.0358980215 4398821.021068202
8662 122 486581.0399999551 4398822.758560521
8784 122 487801.2538021914 4398821.186099039
8906 122 489018.280022195 4398818.6189833125
9028 122 490240.94540196506 4398818.077913447
9150 122 491460.9493057582 4398820.948525096
9394 122 493898.2737428538 4398821.907645493
9516 122 495118.90468728496 4398822.303464501
10492 122 504880.67219846015 4398818.715225591
10736 122 507321.33770160534 4398817.134109425
10858 122 508541.3901405009 4398816.852279783
5368 244 453637.5990059529 4397602.70295603
5490 244 454858.1097155507 4397602.221575634
6832 244 468277.1516801127 4397602.860101632
7198 244 471941.99543143145 4397599.331053117
7320 244 473159.50517393206 4397598.37113086
7442 244 474378.0395713891 4397597.555586329
7686 244 476819.285234847 4397601.0734226545
8174 244 481701.0024755436 4397601.1242293725
8540 244 485361.0186480836 4397597.067389961
8662 244 486579.220608179 4397598.478520437
8784 244 487799.8252188849 4397601.843362576
8906 244 489020.13399952586 4397598.832003252
9150 244 491457.7307046628 4397598.9679965945
9516 244 495119.18327558105 4397600.934019477
9760 244 497558.1364998928 4397602.909057164
10004 244 500000.3971425958 4397601.588432476
10126 244 501221.28461686574 4397598.379708929
10370 244 503658.79105907213 4397598.7730452465
10736 244 507321.9569494053 4397597.0359142255
5490 366 454857.80379070196 4396381.582408128
6222 366 462181.5160609556 4396381.609193621
7564 366 475597.960519202 4396381.863128276
7930 366 479258.0176595932 4396382.335777094
8052 366 480477.6992459128 4396378.184600442
8174 366 481698.4650999641 4396378.520754771
8296 366 482920.9360284809 4396377.239363162
8784 366 487799.075957078 4396378.507161718
9028 366 490241.17273499 4396378.151027482
9150 366 491462.0510817873 4396381.697874878
9638 366 496339.50854504184 4396383.0589569025
9882 366 498779.1974834491 4396381.464732042
10370 366 503660.5467785905 4396380.434659516
10614 366 506101.47090628353 4396380.734718343
10736 366 507318.2994531882 4396381.5707478495
10858 366 508539.030554412 4396377.793996942
5368 488 453637.88464402617 4395163.293635881
5490 488 454857.54292071407 4395162.041683266
6954 488 469497.9601289645 4395158.530016276
7686 488 476819.4416980634 4395158.591186881
7808 488 478039.1044188152 4395161.6255051745
7930 488 479261.4436581648 4395161.670607574
8296 488 482921.1674166357 4395156.713943082
8662 488 486580.90233453363 4395157.570735447
8784 488 487799.33893582615 4395156.905407347
8906 488 489018.8964794246 4395157.058930333
9028 488 490238.594402603 4395159.174563625
9150 488 491461.59205136466 4395160.771931096
9272 488 492678.6041484136 4395161.892913106
9394 488 493897.9282046859 4395161.747096571
10248 488 502439.5694917723 4395157.805127781
10370 488 503659.88503025286 4395158.436026597
10492 488 504878.6718257374 4395160.726691009
10736 488 507320.6774940854 4395160.357715897
5368 610 453637.8263566466 4393942.6809118865
5612 610 456078.6661996051 4393941.412862618
5856 610 458521.2671366964 4393940.594626078
6588 610 465840.7947710603 4393937.146111613
6710 610 467059.4068303867 4393937.132247595
7564 610 475598.23915745725 4393938.370567964
7808 610 478041.9477431311 4393939.060213182
8052 610 480479.01372182113 4393941.728861209
8296 610 482920.61865643726 4393936.836278112
8418 610 484142.1987069199 4393937.630648227
8784 610 487798.48059249675 4393937.491021721
9150 610 491459.4696838045 4393937.9871147415
9272 610 492679.2160634588 4393938.897293895
9516 610 495120.46998065914 4393940.661668502
9882 610 498781.0943302361 4393942.019858184
10248 610 502441.0791708377 4393937.641332085
10370 610 503660.910396773 4393937.85587318
10492 610 504879.150211652 4393941.186147189
5368 732 453638.7959253753 4392722.4961934155
5490 732 454858.80224003224 4392721.846019347
5612 732 456079.1503138562 4392722.15961572
5734 732 457299.10725761426 4392721.464563081
5856 732 458518.9893064758 4392720.885867761
5978 732 459741.8072287544 4392722.086610363
6222 732 462178.9966679315 4392717.997152197
7076 732 470718.9729162068 4392718.788110984
7320 732 473160.9505255922 4392722.391718603
7808 732 478038.43700870924 4392717.8344408
8540 732 485360.5441236974 4392723.27477121
9150 732 491460.6590412439 4392720.758812013
9272 732 492680.9578091442 4392719.503106972
9394 732 493899.01391988125 4392721.88497987
9516 732 495121.02117523056 4392721.5743403295
9638 732 496340.10976316716 4392721.391742564
9760 732 497560.3807171434 4392722.342614866
10492 732 504881.32562003075 4392718.678429503
10614 732 506101.6211965803 4392718.659549522
5368 854 453639.3325920382 4391501.441731283
5490 854 454859.0177798457 4391501.3911055345
5612 854 456078.3433897339 4391502.478410024
5734 854 457298.02887489396 4391501.236864002
6466 854 464616.4334575784 4391502.752802329
7320 854 473158.7659678366 4391497.406948253
7564 854 475597.1471503512 4391502.776992476
8174 854 481698.2150650498 4391502.3711198615
8296 854 482921.40788219345 4391496.893420321
8418 854 484138.69368466677 4391498.013313904
8540 854 485359.5878171653 4391498.426463807
8906 854 489019.8520207542 4391501.686552358
9028 854 490238.73150095367 4391502.419639645
9760 854 497561.21601130674 4391501.6069285935
10004 854 499998.5930101712 4391501.128754068
10248 854 502438.158782726 4391498.58024574
5490 976 454858.02023674134 4390282.259967641
5612 976 456078.7315461573 4390281.934311508
6100 976 460958.37194824073 4390282.011874083
6466 976 464621.07702352124 4390282.00063496
6710 976 467060.67059432174 4390278.058892086
7320 976 473158.19013366196 4390278.108686907
7808 976 478038.03052792157 4390278.901536793
8540 976 485361.4046013932 4390281.95862422
8784 976 487800.76178348355 4390281.642917426
9028 976 490238.28599035164 4390282.3262055395
9394 976 493898.4011922261 4390278.4168519685
9638 976 496337.892829615 4390281.377382763
9882 976 498780.4705571671 4390281.357619189
10004 976 499999.48450124625 4390281.416917906
10248 976 502437.48549938906 4390280.64735496
10370 976 503659.1824742383 4390277.539116036
10614 976 506098.3328402067 4390281.151542028
10736 976 507318.9507440681 4390281.760325413
10858 976 508540.09024332225 4390280.549843858
5368 1098 453637.6705228887 4389061.690458374
5490 1098 454857.48487706046 4389062.592522617
5612 1098 456079.10489935824 4389061.87481402
5978 1098 459739.2759534741 4389061.701068192
6100 1098 460957.62253895594 4389061.3189015
6222 1098 462178.33859673806 4389061.4583141655
7198 1098 471937.1254181421 4389062.4721667515
7686 1098 476818.19406736636 4389058.834270697
7808 1098 478039.1849161842 4389059.030496993
8052 1098 480481.32161589 4389057.157925834
8174 1098 481699.19341806625 4389061.765937906
8784 1098 487800.96324730915 4389058.91869445
9516 1098 495118.34209981404 4389062.60958114
9638 1098 496338.9219745495 4389062.21463624
10004 1098 500001.8545187974 4389060.114549554
10248 1098 502440.59930399427 4389058.773486611
10492 1098 504878.1568827876 4389062.632380203
10858 1098 508541.96338369674 4389061.571956314
5368 1220 453637.8800953986 4387842.119379668
5490 1220 454857.92106702295 4387841.759444603
5612 1220 456077.435360441 4387841.552355942
6832 1220 468281.23949649715 4387840.978584256
7076 1220 470717.71670589695 4387843.962726947
7198 1220 471939.1506256276 4387841.871759804
7320 1220 473157.3640231156 4387841.828353053
7930 1220 479259.0744324077 4387840.728497913
8052 1220 480480.9957792985 4387839.246441358
9516 1220 495119.6009073116 4387842.027094301
9760 1220 497558.1672434688 4387840.908218786
10126 1220 501220.59492042207 4387839.211033178
5368 1342 453637.39789712324 4386622.351035598
5490 1342 454857.20100866735 4386621.869401896
5612 1342 456077.49972676765 4386621.087459636
5734 1342 457298.47064182593 4386621.282173315
6466 1342 464618.82475351146 4386619.004976063
8052 1342 480477.6841945991 4386621.422788262
8296 1342 482918.03858323646 4386621.012316366
8784 1342 487799.0555620243 4386618.727796817
9028 1342 490239.2107643315 4386619.059286825
9272 1342 492678.85412737646 4386620.361975379
10004 1342 500001.851073935 4386619.5726391915
10614 1342 506098.7045391712 4386621.567415621
5490 1464 454858.64764612704 4385401.130744601
8296 1464 482921.9543368626 4385397.243607998
8662 1464 486578.5174197515 4385402.180421616
9272 1464 492681.1741506507 4385401.297101304
9394 1464 493898.5602955781 4385398.21867916
9882 1464 498781.2871927378 4385402.452511986
10004 1464 500001.02881678764 4385402.85606125
10126 1464 501220.6668064865 4385401.5070829205
10248 1464 502440.63864734134 4385401.3729282925
10370 1464 503659.73010644095 4385402.541156284
10492 1464 504881.469984765 4385401.414948518
10736 1464 507320.88273566123 4385397.7607812015
5734 1586 457298.9441045512 4384181.5419590995
6466 1586 464620.52140606765 4384178.191936785
6588 1586 465839.84735978954 4384178.66814092
8784 1586 487796.95201934833 4384180.948399959
9028 1586 490239.4177172746 4384181.281917291
9150 1586 491458.62661927583 4384181.392014056
9516 1586 495120.72338852845 4384180.560247777
9760 1586 497559.3717118891 4384181.843389079
5490 1708 454858.7413388146 4382962.346386805
7442 1708 474381.3119085258 4382962.782943601
7930 1708 479258.75429572864 4382957.934196398
8174 1708 481701.15959247254 4382957.801554815
8296 1708 482918.2621803632 4382962.191196859
8784 1708 487797.37141974113 4382961.854941979
9028 1708 490237.826321726 4382961.939241043
9394 1708 493897.4093942737 4382957.482766319
9760 1708 497561.69619538373 4382961.372503139
10126 1708 501219.47174237354 4382957.928005407
10370 1708 503659.8149691541 4382961.944644411
10492 1708 504880.3209871611 4382962.0692045
5490 1830 454858.6334024614 4381741.955948087
5612 1830 456079.17367027135 4381742.36816767
6588 1830 465839.1661688552 4381741.387429104
6710 1830 467060.8342099006 4381739.119073362
6954 1830 469499.5175518577 4381738.7630759
7076 1830 470718.20226729795 4381736.69548676
7564 1830 475601.7872171531 4381738.044597903
8296 1830 482920.3348764781 4381737.538290007
8540 1830 485358.5908567926 4381741.32431103
8906 1830 489021.4590796517 4381741.302969979
9394 1830 493902.2837876297 4381738.7945569875
5490 1952 454858.7025999656 4380521.505809664
5612 1952 456078.70689621277 4380521.48274762
6222 1952 462179.1041374623 4380521.3485066425
6466 1952 464618.37822778244 4380517.5295623345
6588 1952 465838.3681380683 4380521.397012854
6954 1952 469497.6295474945 4380517.587330682
7442 1952 474376.7430536823 4380518.251401461
8052 1952 480478.84788575815 4380518.937830513
8174 1952 481698.6385922383 4380517.45814737
8418 1952 484138.6863737801 4380516.9478622535
8540 1952 485357.4900560219 4380519.26295988
9394 1952 493899.60489009635 4380521.196681978
9760 1952 497561.57225948485 4380520.66619948
9882 1952 498779.4434355635 4380521.626499321
10614 1952 506098.29142474924 4380521.899489032
10858 1952 508538.4859418146 4380521.202900217
5368 2074 453637.1803789387 4379302.053946869
5490 2074 454858.2005397962 4379301.906925951
5612 2074 456078.90593978734 4379302.574215654
6100 2074 460957.29227353656 4379301.639676651
6222 2074 462179.4397354753 4379298.571651833
6344 2074 463399.00440438266 4379301.454329519
6588 2074 465838.29844110005 4379301.379163659
6710 2074 467061.25172787474 4379299.42951987
6832 2074 468279.36852256715 4379298.06844627
7442 2074 474378.5130446985 4379296.883393539
8418 2074 484139.32222550554 4379298.797991037
8540 2074 485361.34941453795 4379297.9825776415
9028 2074 490239.63124465296 4379298.301118402
10248 2074 502439.0573108051 4379302.857622401
10736 2074 507318.5291462612 4379302.008015997
5368 2196 453639.1765033891 4378081.694535715
5490 2196 454861.8650166021 4378082.046368292
6832 2196 468278.85607683274 4378078.454673318
7198 2196 471940.816820147 4378077.501556234
7686 2196 476821.1054921016 4378078.273281353
7808 2196 478038.9122283028 4378078.263957978
8540 2196 485357.80707004253 4378080.503162026
9394 2196 493901.3743987562 4378079.568969672
9760 2196 497562.1915009481 4378078.661549774
9882 2196 498782.0971162823 4378076.920528157
10248 2196 502440.8555213548 4378078.770137039
10614 2196 506101.2451466065 4378082.651707805
5368 2318 453639.3599695731 4376861.841128449
5490 2318 454857.9759040542 4376862.961826363
7198 2318 471938.43424211943 4376857.564038756
7686 2318 476818.43483024905 4376856.401325404
8296 2318 482919.30667168426 4376858.93726235
8662 2318 486581.96196236485 4376860.924363537
8906 2318 489017.92589015333 4376861.216679608
9516 2318 495116.92682842264 4376861.6944855405
10126 2318 501221.00316924276 4376862.857347436
10248 2318 502438.1803538938 4376857.995125715
5246 2440 452418.94902906724 4375642.864148975
6588 2440 465837.4597754341 4375643.1706476025
6954 2440 469500.7905659735 4375638.633268224
7320 2440 473156.813472869 4375637.822299002
7564 2440 475600.42625894485 4375642.558557199
7686 2440 476818.93940060725 4375637.676777379
7808 2440 478039.65226687357 4375637.564542157
8052 2440 480479.2601499129 4375636.192045876
8296 2440 482921.8625383816 4375641.860992545
8540 2440 485362.06703570654 4375640.360419245
8662 2440 486579.1686534221 4375642.436663054
8906 2440 489020.59877411724 4375637.965117952
9028 2440 490240.76658735593 4375638.161407783
9150 2440 491461.1673935818 4375638.320484243
9272 2440 492681.08759949694 4375638.046861958
9394 2440 493897.9943999742 4375641.642289901
9638 2440 496340.45324457 4375642.227922385
9760 2440 497558.9188785161 4375642.884352682
10370 2440 503659.2977769138 4375638.549509256
5124 2562 451198.89277836983 4374421.02420093
5246 2562 452418.3972565771 4374422.836424139
5368 2562 453638.4964226634 4374423.454934122
5612 2562 456078.103110508 4374422.404889754
6222 2562 462177.4419474538 4374417.794449513
6710 2562 467057.4020124598 4374422.450227987
6832 2562 468278.42758665956 4374421.834496314
6954 2562 469498.5788456373 4374423.356752084
7076 2562 470718.91689555015 4374417.74079001
7442 2562 474380.5143413421 4374417.187875607
8418 2562 484139.0592165985 4374422.595098661
8662 2562 486581.25220789947 4374420.725511142
9272 2562 492678.44821423385 4374417.996592214
9394 2562 493898.39140352467 4374421.488199247
10126 2562 501220.47615764674 4374418.498446299
10248 2562 502438.3879381493 4374417.731823416
10614 2562 506102.086503738 4374416.590486966
5124 2684 451199.65707235696 4373202.266406539
5246 2684 452420.86095443857 4373202.271131985
5612 2684 456078.1622444166 4373203.415512916
5856 2684 458517.83131181885 4373197.700941802
5978 2684 459737.82950819057 4373201.874702412
6222 2684 462178.7188862967 4373198.113746274
6344 2684 463398.24151304434 4373203.539611753
6466 2684 464618.5575875214 4373202.892997833
6588 2684 465839.1279518234 4373201.819546822
6710 2684 467059.5205388729 4373201.35451736
6832 2684 468279.2982992724 4373199.185366515
6954 2684 469499.23703590635 4373199.221877896
7076 2684 470718.9257809595 4373198.624710448
7198 2684 471939.23667474376 4373198.726043242
7442 2684 474378.1945162556 4373201.086032388
7564 2684 475599.422671985 4373197.310548786
8418 2684 484141.16354837024 4373197.55126907
8784 2684 487802.2506523098 4373202.092783564
9272 2684 492678.0609056971 4373201.805401237
9638 2684 496337.75395324937 4373202.9375199145
10126 2684 501218.60300170735 4373202.454766259
10614 2684 506099.333491853 4373202.08377741
10736 2684 507318.49508566223 4373197.8989948295
5002 2806 449978.62910842546 4371982.250251574
5124 2806 451198.1136223594 4371982.45428428
5490 2806 454858.12211363064 4371977.393228407
5978 2806 459737.640405401 4371977.866219523
6222 2806 462178.01730218256 4371982.348971213
6344 2806 463398.16071842687 4371983.855224863
6466 2806 464618.78514912416 4371983.168057446
6710 2806 467058.73677685874 4371978.8026288515
6832 2806 468278.58015808096 4371979.588036702
7320 2806 473161.7637581888 4371977.739443289
7442 2806 474378.5779412192 4371977.255895313
7686 2806 476818.1942360754 4371977.073139198
7808 2806 478038.3808532823 4371976.462656252
9028 2806 490239.47937468614 4371978.184109122
9516 2806 495122.2008901919 4371981.519103739
10004 2806 500000.7049125986 4371978.65004642
10370 2806 503659.2747816051 4371982.155019586
10736 2806 507318.25879369956 4371981.527077989
10858 2806 508538.6795431404 4371978.733517962
4880 2928 448760.809529142 4370763.3220703555
5002 2928 449978.2172904459 4370761.890613974
5246 2928 452418.9594097506 4370761.822554866
5368 2928 453638.1320579556 4370758.038441189
5734 2928 457298.8903280142 4370762.120329129
5856 2928 458518.368990214 4370758.456890586
5978 2928 459737.95786902355 4370757.780325411
6100 2928 460958.3780101313 4370756.90726743
6466 2928 464618.5230116274 4370757.053976787
6588 2928 465839.3013885678 4370756.96554232
7686 2928 476819.87827695627 4370757.782691054
8784 2928 487798.2336914008 4370759.508944265
8906 2928 489018.77084966743 4370762.594107227
9272 2928 492681.01459225116 4370761.792232157
9760 2928 497559.5161477314 4370761.437663868
10004 2928 499999.59079967445 4370758.289006048
10370 2928 503661.3312711631 4370761.0660795225
10492 2928 504881.01590290136 4370756.514952818
4758 3050 447538.4030162946 4369541.645657443
4880 3050 448761.1892897045 4369541.836321441
5002 3050 449981.49389350135 4369541.686375837
5124 3050 451198.0750716094 4369541.909021832
5246 3050 452417.6693903153 4369542.723922314
5368 3050 453637.66571127984 4369541.798763493
5490 3050 454859.0895853961 4369541.1080998685
5612 3050 456078.7120846677 4369542.152155337
7198 3050 471938.40143763094 4369541.18933943
7686 3050 476817.7096384389 4369538.518411314
7808 3050 478038.1698285249 4369537.3784092255
7930 3050 479258.870616335 4369537.281236987
8174 3050 481699.1115936582 4369537.230225912
10370 3050 503660.91760898824 4369539.785186711
10736 3050 507318.66309345374 4369540.993134552
4758 3172 447538.7591326106 4368321.576075873
4880 3172 448758.949008589 4368321.199124132
5002 3172 449979.02755729074 4368322.0943703605
5124 3172 451198.85196461034 4368322.538171356
5246 3172 452418.40905416 4368322.155932171
5490 3172 454859.02731594606 4368321.674327095
6100 3172 460957.5265890851 4368323.158430547
6588 3172 465838.9083279205 4368321.513196373
7930 3172 479261.56661628996 4368318.1327141
8662 3172 486578.8460007196 4368317.402377375
8784 3172 487801.9582070002 4368321.329024057
8906 3172 489020.76153968635 4368316.5523191355
9638 3172 496338.2216676235 4368319.247403113
9760 3172 497559.20150836144 4368318.046398284
10126 3172 501218.1322295264 4368318.862233754
10370 3172 503658.9295236366 4368321.395929251
10736 3172 507318.3130379315 4368317.048285967
5002 3294 449978.63543791795 4367101.9763058415
5124 3294 451199.31912643317 4367102.955363206
5490 3294 454857.58849396685 4367097.417809656
6100 3294 460957.9625219795 4367102.86777522
7930 3294 479259.47077046876 4367097.696088565
8052 3294 480480.9755818012 4367097.831447424
9272 3294 492676.4491743463 4367097.090145787
9882 3294 498781.43714259256 4367099.1940255035
10004 3294 499998.5564448782 4367102.201298423
10248 3294 502439.12950546545 4367099.168954188
10370 3294 503660.8511882138 4367100.941046308
10858 3294 508538.9497648963 4367101.564715737
5002 3416 449978.5066299629 4365878.300182996
6588 3416 465839.1708445226 4365883.024700355
6710 3416 467058.2177204737 4365883.31122584
7320 3416 473157.9476603505 4365881.310180426
7564 3416 475599.13290276204 4365878.67806171
8540 3416 485358.94393908506 4365881.72695833
8784 3416 487798.3768285239 4365876.312022762
8906 3416 489018.53459186724 4365876.783849365
9150 3416 491458.54340295354 4365877.327452977
9882 3416 498779.1473806439 4365882.9949258
10248 3416 502442.5910865037 4365878.5612647375
10370 3416 503659.196053539 4365875.833627296
10614 3416 506098.93821100955 4365881.875712058
6588 3538 465838.4994795117 4364662.358468049
6710 3538 467058.2465331908 4364662.416791652
7320 3538 473158.77662818565 4364661.663135098
7686 3538 476818.2635641864 4364661.085069597
8052 3538 480480.62755535403 4364657.984351039
8906 3538 489018.4879626386 4364656.909022008
9028 3538 490238.30644224177 4364657.457415984
9150 3538 491461.81895191787 4364657.013919821
10004 3538 500001.9127619719 4364661.578961962
10370 3538 503660.5921918468 4364657.74511824
10492 3538 504879.5814937449 4364661.926754528
10614 3538 506101.87693471817 4364660.3173127165
10858 3538 508538.8239865845 4364657.053621525
6100 3660 460958.14412777097 4363441.952684578
6344 3660 463398.1903051236 4363442.590773037
6588 3660 465840.6269523673 4363442.421283242
6832 3660 468279.1896685923 4363441.882179436
7442 3660 474379.83484398527 4363439.896879166
7686 3660 476822.4131219339 4363438.388337475
7808 3660 478037.99795595673 4363437.167669572
9028 3660 490239.2578345108 4363436.7941440055
10736 3660 507317.1236905407 4363437.247548123
6710 3782 467059.4183904597 4362217.71399231
6954 3782 469498.67227317183 4362222.493212462
7930 3782 479260.85308117064 4362222.1535767345
8052 3782 480481.34251262224 4362221.308951323
8174 3782 481698.60990049096 4362216.865588168
8540 3782 485361.0348603455 4362217.12042416
8906 3782 489021.300887897 4362217.125367144
9028 3782 490238.7725833371 4362217.350538246
10614 3782 506098.3213493837 4362222.206577179
10736 3782 507322.3735102034 4362220.973580071
5002 3904 449979.19210333517 4361001.373664993
5124 3904 451197.9442131618 4361001.461213114
5490 3904 454860.5804179532 4360997.6923477305
5734 3904 457298.0349869515 4361001.597084416
6100 3904 460958.13546033046 4361002.557666167
7198 3904 471938.6712828611 4361002.13353927
7442 3904 474377.5166021892 4360997.139697324
7686 3904 476818.0942600457 4361002.579057239
7808 3904 478041.3759872534 4361002.119954632
8052 3904 480479.8897195446 4361001.605654436
8662 3904 486582.3792955004 4360998.592719698
8784 3904 487798.569380406 4360996.607422376
9150 3904 491458.2259679712 4360997.922149374
9516 3904 495121.5934856604 4360998.8809029395
10736 3904 507321.56850234634 4361001.1199669
4758 4026 447537.06866980327 4359781.326638623
5246 4026 452417.35937216826 4359782.414604563
6466 4026 464618.59387794085 4359782.784055894
7564 4026 475598.72682364564 4359781.501525026
8296 4026 482917.5313573061 4359780.832731812
8662 4026 486581.35108414834 4359777.492259851
8784 4026 487801.36659417156 4359777.192474205
9516 4026 495117.17062999797 4359782.380782524
10126 4026 501222.0136298442 4359777.883147033
10492 4026 504878.29052947677 4359778.311407546
10858 4026 508540.98607802915 4359777.442382616
4758 4148 447537.84949350497 4358562.29232393
4880 4148 448758.6093172722 4358562.197907402
5734 4148 457301.06615344645 4358558.940094427
6832 4148 468280.57323578047 4358562.852541618
7198 4148 471938.2340786185 4358561.682504988
7320 4148 473158.7005833931 4358561.450341993
7442 4148 474378.70523018204 4358560.721989374
7686 4148 476819.2095502381 4358562.215193834
7808 4148 478038.7348489323 4358561.985830416
7930 4148 479261.51727630507 4358561.739199969
8784 4148 487798.4852053196 4358562.718682697
8906 4148 489020.03109394835 4358562.2275647195
9272 4148 492682.21062734036 4358557.414777282
9882 4148 498781.4737064439 4358556.947423316
10004 4148 500000.96855480276 4358558.194968545
10126 4148 501219.62000772817 4358558.669239244
10370 4148 503657.3602414008 4358560.920422195
10492 4148 504881.1680866004 4358562.035585141
10736 4148 507321.5347933246 4358558.722569722
5246 4270 452417.8546778569 4357342.221079502
5734 4270 457300.4855209815 4357338.02681326
6832 4270 468277.9506734238 4357343.091112481
6954 4270 469497.3091225386 4357343.168632667
7076 4270 470717.8547487649 4357342.399550106
7198 4270 471937.68097453984 4357342.676153286
7320 4270 473158.0632361259 4357341.561172846
7442 4270 474377.7360213768 4357341.643596604
7564 4270 475598.94169557234 4357341.752115267
7930 4270 479259.0829781016 4357341.619911667
8052 4270 480478.9417001484 4357337.8660132345
8418 4270 484138.77855161787 4357338.468627206
8662 4270 486576.7200388989 4357339.1288370285
8784 4270 487797.91439598985 4357341.556264871
10126 4270 501220.9029775705 4357338.678698773
10248 4270 502441.4205010793 4357337.699938736
10370 4270 503659.33143556095 4357337.11535573
10858 4270 508539.38165134675 4357342.391146738
5612 4392 456078.4290666555 4356117.0454305755
6832 4392 468278.34507854254 4356122.803906417
6954 4392 469499.00560559455 4356122.064226319
7320 4392 473158.43620397116 4356118.641331676
7442 4392 474378.5446929532 4356121.478154811
7564 4392 475598.5208759981 4356121.739136879
7686 4392 476821.50595562207 4356121.33302889
7808 4392 478041.01732359733 4356121.916499028
8052 4392 480482.1499617983 4356118.5409049
8174 4392 481701.29113875475 4356119.359536304
8662 4392 486577.3316067522 4356122.039031906
8906 4392 489020.31718320283 4356117.846973389
10858 4392 508539.4292801258 4356122.475868275
5002 4514 449977.4248576977 4354902.732468154
5856 4514 458518.3711495203 4354897.422368907
6954 4514 469499.3879047132 4354902.79539745
7076 4514 470719.54670091916 4354902.061608564
7320 4514 473158.6986225414 4354897.692297225
7564 4514 475598.5312790892 4354901.94177059
8540 4514 485359.00026647287 4354901.029777236
8662 4514 486580.0586889801 4354902.135405438
9882 4514 498781.1699041244 4354898.299968884
10248 4514 502439.6093295759 4354901.701163128
10370 4514 503660.3078349643 4354901.464669218
5978 4636 459736.4430021216 4353683.822921647
6588 4636 465837.61001277284 4353682.341731843
7076 4636 470720.4199056208 4353682.124851294
7320 4636 473158.772961651 4353677.543262145
7442 4636 474377.77111692325 4353678.052132727
7808 4636 478038.17651907535 4353678.258497306
7930 4636 479258.3808389656 4353677.548478282
8662 4636 486579.05530336767 4353681.358737864
9516 4636 495122.02105230215 4353677.006744747
9760 4636 497558.1945682899 4353678.420896255
10614 4636 506097.8755423705 4353681.519642373
5856 4758 458517.9185683292 4352458.112841447
6954 4758 469497.18894125253 4352463.286562495
7076 4758 470717.9434641212 4352462.304572145
7686 4758 476818.6469269217 4352457.09846687
7930 4758 479259.2914421974 4352458.216349048
8296 4758 482917.0249820502 4352458.444559993
8540 4758 485358.90548698365 4352461.513216615
8662 4758 486579.44582871237 4352460.846182661
8784 4758 487799.6648473923 4352458.780701706
8906 4758 489019.43072968395 4352457.689899021
9394 4758 493898.99011562276 4352461.746715321
10370 4758 503659.31984175526 4352461.159870938
10736 4758 507319.02564152074 4352462.052106324
10858 4758 508539.33209437015 4352461.710046608
5856 4880 458516.70182344905 4351243.729491956
5978 4880 459736.0578640127 4351243.248577706
6222 4880 462178.4125345182 4351242.332786281
6344 4880 463399.24918515334 4351238.478686441
6466 4880 464619.2580879218 4351238.30223989
7808 4880 478037.1352788206 4351237.170425323
8540 4880 485361.08961210644 4351237.329577341
8662 4880 486578.6762723534 4351236.355810682
8784 4880 487801.0701303011 4351237.830957602
8906 4880 489021.2477252968 4351237.579754575
5246 5002 452418.7351832915 4350021.939137002
7198 5002 471938.3042708176 4350018.319065331
7442 5002 474377.67706063075 4350018.649319295
8540 5002 485358.27344629396 4350018.762029547
8662 5002 486581.61625570216 4350018.763254342
8784 5002 487798.2526600701 4350019.384614531
9028 5002 490241.99833173066 4350017.942246425
9638 5002 496342.43660025316 4350017.9687361205
9882 5002 498782.140711274 4350018.246973363
10370 5002 503659.6560326426 4350021.755296341
6100 5124 460959.16544240835 4348801.567462495
7320 5124 473157.4559949082 4348797.655506032
7442 5124 474377.62985737936 4348798.744889436
7930 5124 479258.0809653534 4348801.878839246
8174 5124 481696.8489220298 4348802.347905836
8540 5124 485362.32999986 4348801.197542211
8784 5124 487800.16258776834 4348799.293767295
9760 5124 497561.7093636359 4348801.544759926
5490 5246 454857.88750850304 4347582.66302929
5734 5246 457297.344693354 4347582.302378873
5856 5246 458518.93280274124 4347582.868445195
6832 5246 468278.8169456899 4347581.404690976
7320 5246 473160.7377173826 4347576.850516818
7930 5246 479258.91456431773 4347577.850622479
8174 5246 481697.9656173524 4347577.93018942
8296 5246 482918.25579582585 4347581.034744569
8540 5246 485360.9067957317 4347578.591233219
8662 5246 486579.82513087156 4347581.933236486
9028 5246 490239.40652454615 4347581.332622574
9150 5246 491459.30598822626 4347578.88678829
9272 5246 492681.3532154105 4347577.12532901
9760 5246 497557.8188233323 4347582.180860096
10858 5246 508538.25199085934 4347582.15577441
5368 5368 453641.17795640643 4346361.191130796
5978 5368 459738.6229947198 4346361.851841833
6222 5368 462177.24335465726 4346356.908920175
7808 5368 478038.6174964725 4346362.426633309
7930 5368 479259.3780289043 4346358.207659765
8540 5368 485358.5163968459 4346358.907637138
8662 5368 486580.7419514257 4346358.948227382
8784 5368 487800.2887017607 4346360.682332644
9150 5368 491458.47466605215 4346362.027125518
10004 5368 499998.11864355556 4346361.746092278
10492 5368 504878.3652240014 4346361.949739876
4880 5490 448759.56411177997 4345141.739865831
5856 5490 458519.16271908 4345142.768336458
5978 5490 459738.70435640105 4345143.00328051
6100 5490 460961.0529480901 4345138.338441091
7686 5490 476818.4063700008 4345141.566626232
8174 5490 481700.64586647536 4345137.843843501
8296 5490 482920.91541558545 4345138.986620024
8418 5490 484139.4750177804 4345137.001008759
8662 5490 486577.7265306097 4345142.004879217
9028 5490 490240.2794309791 4345138.756672666
9150 5490 491460.8734220552 4345138.3024201095
9516 5490 495121.7274785607 4345137.356321979
9882 5490 498778.5778789916 4345138.323197609
10004 5490 499999.4393710591 4345141.926078921
4880 5612 448758.7768026132 4343921.659549233
5734 5612 457298.04742087185 4343922.520717427
8784 5612 487799.34549790825 4343917.3256633
9028 5612 490241.80206640303 4343921.873684567
9150 5612 491458.57670916535 4343922.7977185985
9394 5612 493900.49785185227 4343918.174157374
10004 5612 499999.0709984961 4343918.204458016
10126 5612 501219.9962049054 4343920.006197061
4636 5734 446318.2253794258 4342703.04786976
4758 5734 447538.14009646146 4342702.844566844
4880 5734 448758.45506172697 4342702.116529529
8052 5734 480481.43582439545 4342701.478148785
8296 5734 482921.1537002229 4342702.591284592
8418 5734 484138.7338382333 4342702.528611098
8662 5734 486579.534930526 4342701.767851353
8784 5734 487799.4673528847 4342701.738282838
8906 5734 489021.17532496696 4342698.1343532195
9394 5734 493902.2663372692 4342697.905595485
4636 5856 446319.17853513645 4341482.250485052
4880 5856 448758.73864657845 4341482.491975582
7686 5856 476819.3892080407 4341481.873111355
8418 5856 484138.39386716223 4341477.675107736
8540 5856 485357.8522957667 4341482.739238852
8662 5856 486578.16717447835 4341482.438997141
8784 5856 487798.13234753296 4341482.664833469
9272 5856 492681.40849771793 4341478.369913355
9394 5856 493901.7238326881 4341478.511953529
9516 5856 495120.8682682841 4341476.51543927
10614 5856 506098.9516635826 4341482.340816778
4636 5978 446318.46881359647 4340262.261096212
7564 5978 475599.6404305848 4340261.689778367
8784 5978 487799.51080408477 4340261.380962877
8906 5978 489018.7307152297 4340258.460260693
9394 5978 493897.8039645131 4340262.105911468
9516 5978 495122.19956072274 4340259.29716705
5002 6100 449980.62745021743 4339042.685486371
6710 6100 467058.6651371968 4339038.593594303
6954 6100 469498.1494280404 4339037.050693812
7198 6100 471938.48914720485 4339042.166483047
7686 6100 476818.6237041622 4339042.083078733
9638 6100 496340.61629908625 4339041.733884471
9760 6100 497557.9581936045 4339039.074219681
9882 6100 498778.72015859303 4339042.850456477
10004 6100 499998.0804091356 4339041.8572614575
10614 6100 506100.00603854825 4339040.005569795
5002 6222 449976.9535445967 4337824.080625235
5124 6222 451201.2592604585 4337822.331430758
5368 6222 453637.8180644111 4337823.875274799
7076 6222 470718.9860993131 4337820.806430751
7320 6222 473158.4779371046 4337822.3866305705
7808 6222 478040.81267102255 4337821.400505984
8296 6222 482920.72414085513 4337822.587883642
9028 6222 490240.5715722896 4337822.084802645
9394 6222 493899.2495091753 4337821.708861424
9760 6222 497559.53696461115 4337818.578871732
4880 6344 448760.0531277161 4336599.972743578
5002 6344 449977.65364517743 4336601.530658167
5612 6344 456078.2813619797 4336601.771162411
5734 6344 457298.6636570351 4336598.340847088
6710 6344 467059.44348556065 4336601.6365234405
6832 6344 468278.5524350334 4336601.852276528
6954 6344 469498.58031462424 4336602.2718276745
7320 6344 473158.0922368493 4336598.700193905
7442 6344 474378.03423950553 4336602.399952414
7686 6344 476818.00144997693 4336598.443811236
7808 6344 478040.73554091697 4336600.482194528
7930 6344 479259.53504487994 4336602.014095951
8174 6344 481701.84090768086 4336601.9802734675
8296 6344 482917.9177321554 4336603.049924647
9272 6344 492678.97430903383 4336601.344881491
9516 6344 495120.8390009514 4336601.899615779
9638 6344 496339.47555121983 4336601.719343863
5246 6466 452419.0116254598 4335380.902211668
5368 6466 453638.203257969 4335382.311364967
6832 6466 468281.6965488113 4335378.21338165
7320 6466 473160.71465323435 4335377.41006729
7442 6466 474381.0662054536 4335377.985405021
7564 6466 475600.3665069847 4335378.267363459
7930 6466 479258.80543122895 4335380.888340122
8052 6466 480479.62883006677 4335381.72774917
8906 6466 489018.59270146524 4335382.627920436
5490 6588 454858.52398885065 4334162.263645161
5734 6588 457297.6912493251 4334163.363610141
6222 6588 462178.32464077946 4334158.467440874
7442 6588 474377.7464485835 4334157.304261089
9150 6588 491457.81827430916 4334162.077769468
9516 6588 495119.09644683514 4334161.5650347825
9638 6588 496338.42026132974 4334161.442146524
5246 6710 452417.0349908081 4332942.495577729
5368 6710 453638.1310546923 4332942.275601387
5490 6710 454858.82166695356 4332942.103628168
7076 6710 470718.1000303731 4332942.319236611
7198 6710 471941.72639568435 4332938.112087499
7320 6710 473160.71356493054 4332938.934177459
7564 6710 475598.67345686594 4332938.881632183
10004 6710 499998.66752762714 4332938.007231088
5368 6832 453637.2565745834 4331719.12262129
5734 6832 457298.2263914919 4331721.987675121
5856 6832 458518.50110360584 4331721.848785638
6588 6832 465838.8827187364 4331722.041655762
7076 6832 470718.5488182638 4331722.357258934
7442 6832 474380.7486248554 4331721.0300901
7564 6832 475600.8353054092 4331718.289089056
7686 6832 476820.6902586896 4331718.015081881
8906 6832 489020.8662247444 4331716.510158631
9638 6832 496338.56325070787 4331723.146860148
6466 6954 464618.0801869401 4330496.701209554
7564 6954 475601.38659996825 4330498.6125061335
7686 6954 476821.5310208233 4330498.991408222
9272 6954 492682.1096596968 4330497.733898513
5490 7076 454860.50815266714 4329279.072999847
5612 7076 456080.56803397683 4329279.310683047
6100 7076 460961.74327279715 4329279.307143735
6710 7076 467057.3499743934 4329282.865737647
6832 7076 468277.35173214384 4329282.211513221
7686 7076 476818.87143491075 4329281.233720751
5612 7198 456079.03209576546 4328061.472664681
6222 7198 462178.4053092132 4328056.6898158295
6710 7198 467057.5088498225 4328062.6542407945
6832 7198 468277.80516066786 4328063.218706772
6954 7198 469497.891282089 4328062.555219534
7808 7198 478039.42631801177 4328061.554482481
7930 7198 479259.26013492624 4328060.935285
8052 7198 480480.69745271525 4328061.790141335
8174 7198 481698.7225596872 4328062.210636005
8906 7198 489019.09705927764 4328060.976785527
9028 7198 490238.991622268 4328062.0710623935
6100 7320 460958.06616821024 4326842.736234159
6344 7320 463397.70425493724 4326838.98364399
6954 7320 469500.9123956809 4326837.829465676
7930 7320 479258.5124228582 4326838.02284425
4880 7442 448758.2891098071 4325622.495877197
5124 7442 451198.749622898 4325621.041744962
5246 7442 452418.4240927803 4325621.276843296
7198 7442 471938.9997381144 4325620.543744789
7686 7442 476821.2856250822 4325621.187385721
7808 7442 478039.3811026223 4325621.712443082
9028 7442 490238.12057995104 4325623.197565782
4758 7564 447538.43659475324 4324403.666767737
5002 7564 449977.9346934199 4324403.059779681
5124 7564 451198.874857874 4324401.455824514
6344 7564 463397.51007455646 4324402.564298011
6466 7564 464617.5098449497 4324402.566046048
9028 7564 490239.66638039134 4324396.914941327
9760 7564 497558.53092151124 4324402.589577163
5002 7686 449978.24573561276 4323182.670244387
6222 7686 462178.2617585328 4323179.407766103
6466 7686 464617.8059378371 4323177.908492751
6588 7686 465836.7710999145 4323176.85631236
10370 7686 503659.4054870425 4323180.828191507
5002 7808 449978.3594795073 4321962.868210786
5124 7808 451198.2213143713 4321963.242729962
5246 7808 452417.37475401553 4321961.104815162
9638 7808 496339.33198114083 4321962.493538817
10248 7808 502438.50461369497 4321961.914599406
5124 7930 451198.4644444016 4320741.93175866
9394 7930 493898.38967047015 4320743.113995606
9516 7930 495119.44272108265 4320742.409887956
9638 7930 496340.7439948265 4320738.970178289
5124 8052 451197.7975234791 4319522.253247756
9028 8052 490238.62765146035 4319522.700620207
9394 8052 493897.68096983875 4319522.646835055
9516 8052 495118.5884884022 4319522.709858114
5124 8174 451198.49070343317 4318302.1578070335
6466 8174 464621.3263557371 4318301.9475370925
6588 8174 465841.17293867184 4318298.961640062
7320 8174 473159.2579201318 4318299.24409832
8418 8174 484139.21225508 4318301.093361558
8784 8174 487799.4104006816 4318297.619971643
9516 8174 495118.1621693682 4318302.765014655
6588 8296 465838.8899436336 4317082.552793682
6710 8296 467057.2384492441 4317084.062488072
8418 8296 484137.5390157495 4317083.051594946
8540 8296 485357.91208471765 4317081.705283986
9028 8296 490238.58045536594 4317082.2953419
9150 8296 491457.9413428458 4317083.250114761
9272 8296 492679.03307149495 4317082.003022158
4880 8418 448758.83669981913 4315861.322477905
6344 8418 463398.1465928799 4315862.713019683
6466 8418 464617.7840843141 4315863.233783245
7564 8418 475601.3983120717 4315862.008898516
8540 8418 485358.4563138425 4315858.321894219
9394 8418 493898.0445070551 4315857.88610684
9516 8418 495118.6817220296 4315861.725441891
9882 8418 498781.5949839163 4315858.552878868
10004 8418 500001.4309285876 4315861.304445218
4880 8540 448758.0110283122 4314643.629366353
5002 8540 449978.8993689609 4314641.5604414
5124 8540 451199.05550499517 4314641.404857441
6710 8540 467059.0084436612 4314642.626960433
7442 8540 474378.82506229973 4314641.459362458
7564 8540 475601.54460838233 4314641.578113897
8418 8540 484137.5032873972 4314642.95141753
9882 8540 498781.06483750866 4314641.679931246
4880 8662 448758.72166256537 4313422.148200061
5002 8662 449979.19132533204 4313421.3162994
6466 8662 464618.21716836106 4313423.271008085
6954 8662 469498.44602845516 4313423.213938203
7076 8662 470718.5492978367 4313422.789105455
7198 8662 471939.48750874755 4313422.560436079
7320 8662 473159.178298782 4313422.337512475
7442 8662 474381.1113250838 4313421.7246881025
8174 8662 481701.6628295968 4313421.648942336
8296 8662 482918.99141824164 4313422.344492006
8418 8662 484138.26070306887 4313423.471865752
8540 8662 485358.88563155796 4313422.831893725
8784 8662 487799.2235521854 4313422.811881428
8906 8662 489019.0822431651 4313422.511269768
9638 8662 496338.69105223066 4313422.5957261305
6954 8784 469498.68835168664 4312202.3523092065
7076 8784 470718.835546778 4312202.640122433
7198 8784 471938.27897346695 4312203.174254679
7320 8784 473158.8789686562 4312203.377081416
7442 8784 474379.3604507478 4312202.314505543
7686 8784 476819.57482706115 4312201.29212231
8174 8784 481698.4129947217 4312201.859695864
8296 8784 482921.6743604602 4312201.528037369
8418 8784 484138.0091989994 4312202.890135889
8906 8784 489019.18718045857 4312201.975038446
9516 8784 495118.26415744546 4312202.420650359
6832 8906 468279.22747000935 4310981.94842476
6954 8906 469498.2712574284 4310982.221222082
7076 8906 470717.7179529227 4310983.187544395
7320 8906 473160.2664067987 4310983.043250284
7442 8906 474380.7646989402 4310983.049912106
7930 8906 479261.01030310604 4310981.646726328
8296 8906 482918.3720495749 4310982.504203905
8540 8906 485358.6344119395 4310983.433888608
8662 8906 486579.53983928246 4310983.206748786
9150 8906 491458.88699383667 4310982.779137553
6832 9028 468278.8256018276 4309762.263073679
6954 9028 469498.9857878413 4309762.810895923
7076 9028 470720.51473639597 4309762.307063592
7686 9028 476819.81658832176 4309762.692216441
7808 9028 478038.8331499695 4309762.207527426
8052 9028 480478.5621453407 4309761.476403228
8174 9028 481699.2816643824 4309761.814458688
8296 9028 482919.12369302986 4309761.230852932
9272 9028 492678.02063929784 4309763.048840996
6832 9150 468279.01299620676 4308542.118204401
7320 9150 473160.72090870864 4308542.069100658
7930 9150 479257.80392445275 4308542.776427998
8418 9150 484138.343307805 4308541.736396667
9150 9150 491458.80467369774 4308542.962902721
9272 9150 492679.3373519029 4308543.166435392
6710 9272 467056.7940138352 4307322.723809402
6832 9272 468278.4262246098 4307322.808095993
6954 9272 469498.0783124454 4307322.6849026205
8540 9272 485359.47156439733 4307321.839281068
8662 9272 486578.66551584844 4307322.365265896
8784 9272 487798.0184672792 4307323.176488424
8906 9272 489018.8226326466 4307322.754215932
6710 9394 467057.17170247145 4306102.08032324
6832 9394 468277.48568489857 4306103.406492582
6954 9394 469497.9713840227 4306102.434326987
7076 9394 470718.7356951031 4306102.114296432
8174 9394 481697.76036331616 4306102.631336775
8418 9394 484138.05006265285 4306102.422184546
8662 9394 486578.72111384204 4306102.001665708
6710 9516 467059.19003131904 4304881.619606394
8540 9516 485360.24700484757 4304881.874703284
8662 9516 486579.6604906305 4304881.2625430375
6954 9638 469497.97328910854 4303662.631931926
