366 122 603658.987535308 4398828.179597976
610 122 606100.0546181984 4398823.597868315
1098 122 610981.9777062464 4398828.233169648
1342 122 613417.8320728098 4398824.657599088
1464 122 614641.6210905265 4398827.700298012
1708 122 617077.5369714675 4398827.906268219
1952 122 619521.5390691711 4398827.975711776
2074 122 620738.0472917499 4398824.834138778
2196 122 621959.0905171209 4398824.645262602
2318 122 623182.0581166572 4398824.582774555
2562 122 625617.8260667216 4398832.181226512
244 244 602441.7745867086 4397604.60544048
366 244 603662.2722032774 4397609.32364251
488 244 604878.6580270762 4397607.656199309
1464 244 614642.3532466006 4397608.361872697
1708 244 617079.5576250477 4397611.471569
1952 244 619522.4847822675 4397603.556724718
2074 244 620741.65525218 4397603.812895153
2196 244 621958.5580300275 4397606.782732558
2440 244 624398.7776727999 4397608.11922539
976 366 609758.108147926 4396387.393911577
1830 366 618301.8409263655 4396392.15371801
366 488 603662.0292467402 4395164.903956712
488 488 604881.7937617667 4395164.945078046
732 488 607321.8598859736 4395172.266627933
1342 488 613422.1610574165 4395168.302592157
1586 488 615863.0607454561 4395169.153200523
2562 488 625621.5808989914 4395169.155825233
244 610 602438.6023258169 4393944.965307804
1098 610 610981.2908063617 4393944.626051911
1464 610 614639.5103945831 4393949.466035991
1586 610 615861.9576659565 4393946.773172439
1708 610 617082.1072084223 4393947.857672684
2196 610 621962.3704751414 4393948.752701107
1220 732 612198.9475505082 4392728.029833054
1830 732 618302.1457790339 4392728.42297945
2074 732 620741.5506812677 4392728.221641068
2196 732 621959.3243798339 4392728.784107436
2562 732 625622.853443938 4392724.843704522
122 854 601221.7616674422 4391506.512337181
244 854 602441.4739288539 4391507.80634942
366 854 603662.45404187 4391504.223153544
488 854 604883.2421142777 4391504.528093318
732 854 607322.6335273313 4391507.504598452
854 854 608537.4323638289 4391504.920061691
1342 854 613422.4980825477 4391507.055143879
1708 854 617083.0654322985 4391508.331067587
2440 854 624398.261121221 4391511.123906119
366 976 603662.8573117718 4390287.535066104
976 976 609762.0331265413 4390287.843947148
1586 976 615858.1602748695 4390290.785435812
1708 976 617081.97672197 4390288.427865469
2074 976 620738.3295103638 4390289.243697832
2196 976 621961.8824925601 4390289.131548223
2684 976 626841.2640004152 4390290.497352907
610 1098 606101.9615563145 4389064.308994288
854 1098 608542.1872229975 4389068.71383914
976 1098 609758.4167154778 4389069.559135961
1342 1098 613418.2352814353 4389067.3422847185
1464 1098 614641.5531014253 4389068.034676915
2074 1098 620742.6532186525 4389071.98283726
2196 1098 621957.279625231 4389068.704949089
2318 1098 623181.3321107124 4389068.401752136
122 1220 601221.1030946847 4387844.554126571
976 1220 609761.9853170319 4387844.573022997
1464 1220 614641.6579515736 4387848.21046126
1586 1220 615862.8844910315 4387848.550676727
1830 1220 618297.0648531805 4387846.277546417
2074 1220 620739.138725402 4387844.637148387
2562 1220 625621.62079831 4387847.682142538
122 1342 601221.7547889223 4386625.982971184
732 1342 607321.610002907 4386624.33200384
1098 1342 610981.200491654 4386627.874812874
1220 1342 612201.5989702181 4386629.507468115
1830 1342 618297.9596795668 4386627.472159995
1952 1342 619522.4543272316 4386630.778046796
2318 1342 623178.6926140973 4386624.558185005
2562 1342 625621.5935671703 4386627.890396911
488 1464 604881.1070150394 4385403.637064365
1708 1464 617078.4555980662 4385407.555795265
976 1586 609762.5187797159 4384184.322115662
1220 1586 612201.6483974187 4384182.679124232
1586 1586 615861.9278466187 4384187.619263821
1830 1586 618297.8290816075 4384187.064127551
2318 1586 623182.169550315 4384184.964805136
2440 1586 624398.6625396202 4384186.210757774
122 1708 601222.109070696 4382967.257046586
366 1708 603658.8367046608 4382963.799818838
1342 1708 613421.0064944448 4382964.833719423
1586 1708 615858.8504702683 4382968.243447639
1830 1708 618301.9662958772 4382964.394951842
1952 1708 619520.8418054455 4382968.007622889
2074 1708 620742.0650897538 4382966.944949337
2440 1708 624401.6565267402 4382964.5792942485
1098 1830 610983.1694407085 4381746.90943957
1220 1830 612198.519461846 4381746.94960913
1464 1830 614638.1870213047 4381747.300828536
1952 1830 619518.1912910802 4381750.678978415
2074 1830 620738.7194509875 4381747.739948583
2440 1830 624398.540935871 4381747.368078102
122 1952 601220.8376607526 4380527.259771311
244 1952 602437.545359824 4380527.656129393
366 1952 603657.4853175572 4380525.963874623
1342 1952 613421.4456697792 4380528.222657329
1464 1952 614641.2233409825 4380526.814733919
1830 1952 618302.227427805 4380527.220465333
2196 1952 621957.3647571284 4380527.720433946
2318 1952 623177.7098018926 4380532.018568272
2440 1952 624398.9915038092 4380527.635042401
366 2074 603659.3530433966 4379304.858432348
854 2074 608541.2649890385 4379303.468302537
1708 2074 617077.8520070772 4379308.282014618
1830 2074 618298.2224306908 4379307.021233612
1952 2074 619517.5790714533 4379307.196415979
2074 2074 620741.458826943 4379307.151555015
2318 2074 623177.6708200125 4379304.731869806
244 2196 602442.0666219185 4378084.9812340215
976 2196 609758.1886932524 4378088.399718378
1098 2196 610979.0890159303 4378087.899840546
1220 2196 612202.1339793509 4378089.206255663
1342 2196 613418.6464353347 4378088.022442881
1464 2196 614638.6213033698 4378088.145520932
1586 2196 615860.1003230403 4378088.804524048
1708 2196 617082.1392983076 4378084.852144764
1830 2196 618297.6157969589 4378086.070344676
854 2318 608542.0307395394 4376864.916154525
1220 2318 612197.5292296066 4376869.031900148
1342 2318 613417.7868794985 4376867.509203266
1464 2318 614638.5207188096 4376868.479497343
1586 2318 615861.41812965 4376867.368418422
1708 2318 617081.1528963972 4376867.747979257
1830 2318 618302.2386129454 4376868.227752488
1098 2440 610981.7660355136 4375647.957471607
1464 2440 614638.1633922834 4375649.081513645
1708 2440 617080.8344572707 4375647.366573463
1830 2440 618297.1712090734 4375648.052420813
1952 2440 619518.1339067513 4375648.794687385
2196 2440 621958.6790897277 4375647.521276648
1586 2562 615858.9665059577 4374427.409424179
1708 2562 617079.2303561241 4374427.061926481
122 2684 601221.5598806468 4373204.482902448
244 2684 602441.994599722 4373204.319783327
1342 2684 613418.3090435098 4373207.448530924
1708 2684 617080.7990739045 4373206.4951953655
244 2806 602441.5057401183 4371986.906448684
1220 2806 612201.7586348925 4371988.660762486
2196 2806 621957.6801478098 4371988.803300346
122 2928 601222.7319628331 4370764.5292507
244 2928 602443.2813237478 4370764.701410759
366 2928 603660.8413100485 4370767.156254204
1464 2928 614638.786397836 4370764.6833421895
1952 2928 619518.3087613363 4370767.739029997
2074 2928 620737.8363324234 4370769.629299232
122 3050 601221.8745272092 4369547.417324899
1342 3050 613421.597291232 4369548.141694104
122 3172 601221.6238905196 4368324.377762262
244 3172 602440.9897980585 4368326.272381194
488 3172 604882.9182673986 4368324.218386284
610 3172 606102.5195684226 4368323.925331643
1464 3172 614637.7082977555 4368327.395522163
1952 3172 619517.7639466358 4368328.209399771
2074 3172 620737.6316005291 4368328.286980543
122 3294 601222.9169054393 4367104.186642287
976 3294 609761.4607591722 4367104.934180782
1342 3294 613421.7070302819 4367105.589991383
1464 3294 614638.7740509249 4367106.886188814
1952 3416 619521.7328740422 4365888.357419433
122 3538 601218.3562607272 4364664.7202970255
488 3538 604881.810115689 4364664.153078258
122 3660 601221.4156979537 4363447.743490506
244 3660 602443.0744477087 4363444.585189596
1098 3660 610982.3891561765 4363444.711534278
1220 3660 612201.9139954624 4363447.38838726
244 3782 602442.1523087639 4362224.237362575
488 3782 604881.3115300495 4362227.201399179
1342 3782 613421.4338208108 4362228.253234184
1464 3782 614638.1090871985 4362226.563087926
1708 3782 617081.6262523576 4362232.278253098
488 3904 604881.7193927047 4361003.4017807795
1342 3904 613418.2620449966 4361006.462591704
1586 3904 615857.4807234156 4361008.161660513
366 4026 603662.9166378236 4359784.658262297
366 4148 603663.2354697409 4358566.881783031
1464 4148 614642.6493169186 4358564.185859847
1586 4148 615862.5513473139 4358564.246984157
122 4270 601218.2890512638 4357345.59623437
1220 4270 612202.1036755327 4357347.130783826
1464 4270 614642.1859447235 4357344.804539862
1708 4270 617083.2416465404 4357344.875947952
122 4392 601221.0928894139 4356127.577846196
1586 4636 615863.0080141956 4353690.718474869
122 4758 601222.5124697618 4352471.551758052
366 4758 603660.3515831617 4352463.957831191
1342 4758 613419.090313007 4352464.5646931315
244 4880 602441.5876997141 4351251.15603156
122 5002 601222.0680884309 4350028.594834879
1220 5002 612197.7040943915 4350027.945850806
488 5124 604881.5862272598 4348812.021976821
122 5246 601221.3642781554 4347586.807305417
1098 5246 610978.5948088566 4347584.640773896
488 5368 604878.5819586314 4346367.790715685
488 5490 604881.6136012938 4345152.015889331
1098 5490 610982.3039096566 4345144.73494711
1220 5490 612201.8062193793 4345148.829294967
366 5612 603662.9836806764 4343924.064869885
976 5612 609763.3334414646 4343924.967382672
1220 5612 612202.043900857 4343924.583520619
122 5734 601222.0888770772 4342704.586524068
854 5734 608542.6258474776 4342705.5581298005
976 5856 609763.5986279239 4341489.01383033
976 5978 609757.5517647001 4340264.88931602
1098 5978 610982.528445026 4340264.869895813
1220 5978 612201.8255706622 4340263.516601653
1098 6100 610982.4128865435 4339042.915389416
1220 6100 612202.5975266054 4339044.220247745
976 6222 609763.0955887533 4337822.909739733
1220 6344 612202.1011714219 4336604.174826434
610 6466 606102.2256605128 4335384.17606793
1098 6466 610981.4094245755 4335384.667052525
1220 6466 612201.3036847002 4335384.669807138
732 6710 607322.2130745172 4332944.601383133
976 6710 609757.3059774765 4332948.311767854
732 6832 607321.5222319029 4331727.968333235
976 7076 609762.6972577595 4329284.446281476
1098 7076 610978.712546277 4329283.927990083
976 7442 609761.6455594017 4325624.2765702205
732 7808 607322.3036601365 4321968.502673593
732 8052 607321.8788092008 4319526.812360075
854 8052 608541.1771734676 4319531.946397053
366 8296 603661.5689764862 4317084.157447628
366 8662 603658.3631056818 4313428.122682975
732 8662 607318.3135414986 4313428.250214749
488 8784 604878.9439300603 4312210.465129088
