122 0 602438.200977406 4400042.478629017
61 61 601221.2103634907 4398824.2586362315
122 61 602438.0904779069 4398824.783671912
183 61 603657.9090029502 4398824.798232056
244 61 604881.68112885 4398824.510059612
305 61 606099.1710215745 4398822.182835167
427 61 608539.3339213582 4398824.275897707
488 61 609760.7832366978 4398824.730478623
549 61 610981.6444669474 4398824.159681522
610 61 612201.555044736 4398823.987436297
732 61 614641.6716652041 4398823.660784948
793 61 615858.7643827915 4398824.810895103
61 122 601218.711085118 4397604.370665815
122 122 602441.5944460073 4397604.729996242
183 122 603661.4815474857 4397604.010489358
488 122 609757.8310294211 4397604.501897333
610 122 612197.7286123828 4397604.722648493
1220 122 624396.9486647721 4397604.9642410325
1281 122 625617.1202367586 4397603.523694667
61 183 601216.2482743755 4396383.717216734
122 183 602437.2820349819 4396384.775900973
305 183 606097.537545847 4396384.445610873
366 183 607317.1761575901 4396384.463944589
610 183 612198.2907439112 4396384.078103053
671 183 613418.8390492176 4396385.94519905
732 183 614640.6627973258 4396385.528478887
793 183 615856.9608125933 4396385.662117191
1159 183 623179.7540134825 4396386.383091914
1220 183 624400.8785761407 4396386.092537641
1342 183 626837.8220755224 4396384.678460966
1464 183 629279.0307335667 4396384.259186627
1525 183 630497.2931476028 4396382.021605827
61 244 601216.7012018985 4395164.020948873
122 244 602440.6484962911 4395163.762382077
183 244 603657.7071065704 4395164.123656162
305 244 606097.3980477952 4395166.004941336
427 244 608537.9391576046 4395164.065003276
488 244 609757.5124543352 4395164.589621499
549 244 610978.2683865007 4395163.610848685
610 244 612198.3820449712 4395163.69264923
671 244 613419.0247854705 4395164.574729826
732 244 614638.9232630789 4395164.034896013
793 244 615857.327726609 4395164.435100118
915 244 618299.049331503 4395164.541712451
976 244 619521.0803789698 4395164.691427262
1098 244 621960.5009080449 4395166.088431385
1220 244 624400.7930836627 4395166.168624527
1281 244 625616.812382917 4395164.880097265
1342 244 626837.6663565869 4395164.565958549
1403 244 628058.8103343728 4395165.616419441
1464 244 629280.6587687548 4395165.613839746
122 305 602437.0412463831 4393943.224017268
183 305 603658.1531926404 4393943.244967944
244 305 604881.0058136669 4393944.086624395
305 305 606099.4391032546 4393944.130964128
427 305 608537.909912254 4393943.986576739
488 305 609757.4637680429 4393944.535528229
549 305 610978.0012216175 4393944.12534955
610 305 612197.66867552 4393944.142867298
671 305 613417.5652166656 4393943.48255658
732 305 614637.1297588929 4393944.267327003
793 305 615861.6423648152 4393944.788140882
915 305 618299.0889766262 4393944.555275874
976 305 619517.4196033003 4393944.8112999275
1037 305 620737.5508580882 4393943.643864228
1159 305 623181.260771031 4393944.779077671
1464 305 629277.1214550602 4393944.370766576
1525 305 630497.1443572779 4393944.208406612
122 366 602437.8073932948 4392723.968722768
244 366 604878.3440996303 4392723.811195401
366 366 607317.4452915983 4392724.340499712
427 366 608537.7639666355 4392723.413037701
549 366 610977.6370992417 4392723.442476325
610 366 612198.3727804447 4392724.006406572
671 366 613417.4945061962 4392724.2185133705
732 366 614638.2296349596 4392724.158915187
854 366 617077.1623138972 4392724.432576771
1037 366 620738.4496720734 4392724.528359366
1098 366 621959.0210083019 4392724.74660887
1342 366 626838.2824955239 4392724.359206948
1403 366 628058.1061061465 4392724.173734366
1464 366 629279.3346366325 4392724.5055080755
61 427 601218.0123741901 4391503.968962418
488 427 609757.5132417775 4391504.364771674
549 427 610977.0727302245 4391504.717518128
610 427 612197.3794611305 4391504.511487027
671 427 613417.7365447879 4391504.230940986
732 427 614638.0440535173 4391504.723655354
793 427 615857.4346328144 4391503.7563703265
1037 427 620741.2479448229 4391504.159192924
1159 427 623181.1146774259 4391504.490283742
1220 427 624398.835472972 4391504.812889041
1281 427 625618.7866151164 4391504.892136677
1342 427 626837.641698279 4391504.827674537
61 488 601219.0172901751 4390283.734651956
183 488 603658.0499246127 4390283.8209134685
305 488 606097.8353188803 4390283.393440263
366 488 607319.5676498323 4390283.590284848
488 488 609758.3120567391 4390283.960606676
549 488 610978.0969961202 4390283.55469436
610 488 612200.5966876015 4390283.299700605
671 488 613421.234455289 4390283.3474315135
732 488 614637.9788717784 4390284.306849625
793 488 615857.9814503704 4390283.681157998
854 488 617078.0821075925 4390284.326518288
915 488 618298.4987344036 4390284.493628749
1037 488 620737.5783599863 4390284.513065015
1098 488 621958.3297288235 4390284.569327451
1159 488 623177.3686769521 4390284.348347257
1281 488 625619.5326749076 4390284.903843323
1403 488 628061.1594262175 4390284.02423707
1464 488 629281.1130437771 4390283.88617308
1525 488 630497.8217760657 4390284.352967667
1586 488 631721.5275809518 4390284.996875158
61 549 601217.8347697576 4389063.682789948
244 549 604877.7476639693 4389064.091846053
488 549 609758.4932500118 4389063.1697884565
549 549 610977.3800651457 4389064.531784491
610 549 612200.9448059684 4389062.939579291
671 549 613418.9911934306 4389063.528120668
732 549 614638.6635478062 4389063.529100478
854 549 617078.3023551768 4389062.881764188
915 549 618300.8084854999 4389063.730928646
1037 549 620738.1657871088 4389064.563874575
1098 549 621958.2192355641 4389064.747850584
1159 549 623178.5329144392 4389064.359896259
1220 549 624398.8398941614 4389064.098578594
1403 549 628057.2831703876 4389064.869347182
1464 549 629278.8430486791 4389065.58290386
1647 549 632939.2320492254 4389064.17812147
305 610 606097.6573310865 4387844.489202606
427 610 608541.6457405316 4387843.959816424
488 610 609759.0896050237 4387844.846865322
610 610 612200.966128764 4387843.309431147
671 610 613417.3451847665 4387843.056737222
732 610 614637.8334124228 4387843.567793538
793 610 615858.9848366637 4387843.594246211
854 610 617078.4505513743 4387843.874850042
915 610 618298.4325677591 4387844.217625455
976 610 619518.5418016042 4387844.267410372
1037 610 620737.3190384923 4387844.770839268
1098 610 621957.9462318835 4387844.09627615
1159 610 623178.5584797411 4387844.2978971135
1220 610 624398.2754689434 4387844.737337744
1464 610 629278.4589403473 4387844.942277942
1647 610 632937.6537967242 4387844.125099096
1708 610 634157.9118483547 4387844.531966303
183 671 603658.773747047 4386623.399376639
244 671 604877.7934730769 4386624.076395172
305 671 606099.5700402445 4386624.201135018
366 671 607319.4535709857 4386623.7747620465
549 671 610978.2598079387 4386623.852974503
610 671 612197.5957701618 4386623.942845722
671 671 613417.9254444069 4386623.998220595
732 671 614638.3684819323 4386623.615124712
793 671 615858.2324920237 4386623.388290022
915 671 618297.9796274649 4386624.089654793
1037 671 620737.8612481345 4386623.6140912995
1220 671 624397.988443731 4386624.321206261
1647 671 632940.5346772532 4386624.861807692
1708 671 634160.5862041475 4386624.962530633
1769 671 635378.4469736874 4386624.517897451
1830 671 636598.1013678944 4386624.357942534
1891 671 637817.4748532429 4386624.1712446315
2196 671 643918.3980688963 4386623.457770346
2257 671 645137.0917817251 4386623.47747584
2562 671 651238.0708619968 4386624.2375748
244 732 604878.4213565323 4385402.973513881
366 732 607317.6835583737 4385404.141062633
427 732 608538.8826611661 4385404.662848302
671 732 613420.6701648241 4385403.81997766
732 732 614641.1506800791 4385403.936769881
793 732 615858.7035469195 4385403.710520385
854 732 617078.104359352 4385403.664553623
1281 732 625621.0180284252 4385403.710239418
1586 732 631718.470029255 4385403.43484036
1647 732 632937.9473915239 4385404.596072736
1708 732 634158.0812096902 4385403.98331976
1769 732 635378.1510395809 4385404.660305756
1830 732 636599.1323017569 4385404.192118354
1891 732 637821.5002371082 4385404.737498394
1952 732 639038.254365894 4385403.1835302515
2013 732 640259.4872810399 4385404.602299908
2135 732 642697.9955937845 4385403.516168006
2196 732 643917.5397516105 4385404.29141186
2257 732 645137.750463182 4385403.615673322
2440 732 648798.236559911 4385403.707335336
2501 732 650017.9874822389 4385403.203145897
122 793 602441.4582079519 4384184.149191294
244 793 604878.6944317275 4384183.9476921875
1708 793 634160.6206656813 4384183.200755648
1830 793 636600.4346184272 4384184.256503055
1891 793 637818.1133849082 4384182.916035559
1952 793 639038.0480835502 4384184.3518070625
2013 793 640257.9863882526 4384184.198356073
2074 793 641481.2882604375 4384184.705445395
2135 793 642697.373485715 4384183.157627264
2196 793 643918.2141019936 4384182.7107020365
2257 793 645138.3301975614 4384182.146482442
2379 793 647578.174352757 4384183.516763545
2562 793 651237.9877027639 4384183.288306164
1891 854 637818.403060131 4382963.840185361
1952 854 639038.7178966856 4382963.783912892
2013 854 640258.5091876938 4382963.768309385
2074 854 641478.7531576647 4382963.70454109
2135 854 642698.7544102846 4382962.747134059
2196 854 643918.7126539063 4382963.305733757
2257 854 645137.9466668612 4382963.627036308
2318 854 646358.7519188483 4382963.192963162
2379 854 647579.4141795915 4382964.282559356
2501 854 650019.1484215676 4382963.254356556
2806 854 656117.5586832139 4382963.592935853
1891 915 637820.8343008475 4381743.646548352
1952 915 639038.4453472358 4381744.190523156
2013 915 640258.4272902346 4381744.8960085055
2074 915 641478.2689864746 4381743.715851917
2135 915 642698.015933741 4381744.055907205
2196 915 643917.6743530921 4381743.93545581
2318 915 646358.0108191702 4381743.721517754
2379 915 647578.6810489297 4381743.542849771
2440 915 648799.0310293729 4381743.45768513
2501 915 650021.2536445619 4381743.917351705
2623 915 652458.0958875677 4381744.063949484
2684 915 653681.3407506119 4381744.138606015
2806 915 656118.1381943114 4381743.451298062
1952 976 639036.6771581357 4380523.362897949
2013 976 640257.6538450784 4380523.259174291
2074 976 641478.3616329348 4380522.926139862
2196 976 643920.8550432653 4380523.183790472
2257 976 645140.7932176758 4380523.219193828
2318 976 646358.2392648017 4380523.380258317
2379 976 647579.1833958294 4380522.956014712
2440 976 648798.5792408497 4380523.885257222
2501 976 650018.6451794261 4380524.324235452
2562 976 651237.2669778732 4380524.262770091
2623 976 652457.2450327319 4380524.005583041
2745 976 654897.7430417361 4380524.160211946
2806 976 656118.3948652496 4380523.287232852
2867 976 657337.7475494657 4380523.806713988
2318 1037 646357.9490083379 4379303.757766448
2379 1037 647579.5250516653 4379303.303652779
2440 1037 648801.0700778203 4379303.235922824
2501 1037 650019.0783506683 4379303.362271569
2745 1037 654901.0000595668 4379303.861319431
2867 1037 657337.3890937578 4379304.447805666
2318 1098 646357.2503170576 4378084.719341544
2379 1098 647577.9729620498 4378084.412561563
2440 1098 648798.7895225902 4378086.78803277
2501 1098 650019.2046473284 4378084.060456766
2562 1098 651238.9688672913 4378084.084944227
2623 1098 652459.457131754 4378084.250690895
2684 1098 653678.7482056787 4378083.256051094
2806 1098 656120.0869913937 4378083.409811916
2867 1098 657340.9318679767 4378083.665114189
2928 1098 658561.003913787 4378083.8837352805
2257 1159 645137.5585811723 4376864.68807404
2318 1159 646359.3117741424 4376864.631253701
2562 1159 651238.311934907 4376864.3597957725
2684 1159 653677.8251139659 4376864.643125232
2745 1159 654899.5570058096 4376866.9064566605
2928 1159 658558.5662538853 4376863.600445986
2989 1159 659778.5701518053 4376864.030538125
3050 1159 660998.6955697596 4376863.688760446
3111 1159 662218.8511521451 4376863.821294952
2379 1220 647578.0456869651 4375644.29058513
2440 1220 648798.7379027358 4375644.916522548
2562 1220 651237.5867607887 4375644.713222992
2684 1220 653679.0142785157 4375644.0386129245
2745 1220 654898.5654535787 4375644.343306325
2806 1220 656117.3913555783 4375643.878623341
2867 1220 657337.76804974 4375644.038158241
2928 1220 658557.5309500602 4375644.701740321
2989 1220 659777.2728770889 4375644.8848445
3050 1220 660998.3307740939 4375644.437436496
2318 1281 646358.6938124266 4374423.19111379
2379 1281 647578.3367834187 4374424.249803565
2440 1281 648797.7152092251 4374423.11010475
2501 1281 650018.2707153384 4374423.491463788
2623 1281 652458.1242366789 4374424.968908797
2684 1281 653678.4242620539 4374424.508174258
2745 1281 654898.9915171626 4374424.898480083
2867 1281 657340.6237333562 4374425.418022684
2928 1281 658558.164714443 4374424.5122804
2989 1281 659778.5480476859 4374424.201032524
3050 1281 660998.2085947561 4374423.251336809
3111 1281 662218.3084349291 4374424.159491026
3172 1281 663436.4432723335 4374424.039289362
3233 1281 664656.708791249 4374424.129180156
3294 1281 665877.1173360416 4374424.042643457
2135 1342 642698.2059254429 4373202.818744833
2318 1342 646357.1653731096 4373203.288585694
2379 1342 647577.8056196087 4373204.024925591
2440 1342 648797.2909989145 4373204.322235949
2501 1342 650017.4211259866 4373204.175446431
2562 1342 651237.7744113776 4373203.813801264
2623 1342 652458.2046009325 4373203.511281001
2684 1342 653678.3053914866 4373203.81023872
2745 1342 654898.0354684652 4373204.044715712
2806 1342 656118.0108722977 4373204.190824199
2867 1342 657338.6175598506 4373204.823246295
2928 1342 658558.0723604857 4373204.159210441
3050 1342 660998.320420201 4373204.407106259
3111 1342 662218.5511842956 4373204.554989955
3172 1342 663438.1391407629 4373203.613781241
3233 1342 664659.4383857268 4373203.85704842
3294 1342 665878.7640797137 4373203.826538726
3355 1342 667097.7781907892 4373204.211546029
3416 1342 668317.8437689038 4373204.97864279
1952 1403 639037.5937408775 4371984.93467343
2013 1403 640258.3032226738 4371983.256388195
2074 1403 641477.3881252613 4371984.073359147
2318 1403 646358.1135188018 4371983.4393603485
2379 1403 647577.6400435163 4371982.395151322
2440 1403 648797.8719443709 4371983.499946894
2562 1403 651238.8728243506 4371982.067237765
2623 1403 652458.3617882598 4371983.764963707
2684 1403 653678.4964908472 4371983.288462377
2745 1403 654897.6691111001 4371984.148484831
2806 1403 656117.1692017689 4371983.500040983
2867 1403 657338.0735056038 4371984.020739983
2928 1403 658558.4776533609 4371983.116715163
2989 1403 659778.8087975313 4371983.6283939965
3050 1403 660998.3496045948 4371983.955388349
3111 1403 662218.3550601437 4371983.819227872
3172 1403 663438.2874403683 4371984.6761176195
3233 1403 664657.1658404568 4371983.695782333
3294 1403 665877.2917311796 4371983.926134767
3355 1403 667097.7976149124 4371983.910975956
3416 1403 668317.9798979694 4371984.31746386
3477 1403 669538.3772716863 4371983.275032853
3599 1403 671977.0817592316 4371984.381394696
3660 1403 673197.1030386952 4371984.845517739
1952 1464 639040.3086193549 4370763.081236508
2013 1464 640259.0485251723 4370762.633397577
2074 1464 641478.8212294024 4370764.261513146
2318 1464 646357.4925521517 4370764.143652422
2379 1464 647577.630155363 4370763.769543879
2440 1464 648797.3645167728 4370763.502930281
2501 1464 650017.5842580575 4370764.006153371
2562 1464 651236.9249750838 4370764.09457318
2623 1464 652457.5781828711 4370764.054073446
2684 1464 653677.8144365002 4370763.391679206
2745 1464 654898.0176630563 4370763.8931146655
2806 1464 656118.2968473099 4370762.7417527335
2867 1464 657338.2797072269 4370763.2051034095
2928 1464 658558.378115448 4370763.731834765
2989 1464 659778.0588493816 4370763.531012705
3050 1464 660997.2497810047 4370763.97946743
3111 1464 662217.2375259524 4370763.822524909
3172 1464 663438.6930583138 4370763.229812772
3233 1464 664659.2233704431 4370762.915998635
3294 1464 665877.5582119529 4370763.731168941
3355 1464 667097.9509370768 4370763.736170367
3416 1464 668318.5089104235 4370763.666662738
3477 1464 669537.5939668886 4370764.020293077
3599 1464 671977.8422211513 4370764.612112537
3721 1464 674417.2465779448 4370763.401544744
1952 1525 639038.1134185174 4369543.935622684
2013 1525 640258.4488318125 4369544.363122933
2074 1525 641478.5370147043 4369544.10905642
2135 1525 642698.2154342885 4369544.185841295
2196 1525 643918.9626153577 4369543.982801818
2257 1525 645138.3942213298 4369543.26193602
2318 1525 646358.5557638573 4369543.599596192
2379 1525 647577.8338745914 4369544.176270413
2440 1525 648796.8462799295 4369543.695122697
2501 1525 650017.0682235361 4369543.825800791
2562 1525 651237.8348721875 4369543.89747542
2623 1525 652457.9565874451 4369543.53116354
2684 1525 653677.9179020744 4369544.151770546
2745 1525 654897.9517242347 4369544.214996142
2806 1525 656117.3650190438 4369543.802729836
2867 1525 657337.3757931208 4369543.385097914
2928 1525 658557.132857315 4369543.7633637935
2989 1525 659776.6626950741 4369543.505400824
3050 1525 660996.8095649261 4369544.269578896
3111 1525 662217.637416401 4369543.660109833
3172 1525 663439.671705461 4369544.545492784
3233 1525 664657.3080724085 4369544.039775991
3294 1525 665878.0064342513 4369543.139550091
3355 1525 667098.0238827204 4369543.46926846
3416 1525 668318.0519879021 4369543.530307637
3477 1525 669539.4547199237 4369543.669201453
1830 1586 636598.0307758892 4368323.9079830665
1891 1586 637818.3505058659 4368323.944287274
1952 1586 639037.1604307019 4368324.898157266
2013 1586 640258.7023834897 4368325.379684713
2074 1586 641477.0226606636 4368324.06965257
2135 1586 642698.0365266941 4368324.380284972
2196 1586 643918.61537724 4368324.376670944
2257 1586 645138.570134118 4368324.058243911
2318 1586 646358.8302328632 4368323.690515573
2379 1586 647579.4181162243 4368323.71147434
2440 1586 648799.0521769627 4368323.766777764
2501 1586 650018.9824809133 4368324.222875703
2562 1586 651238.2087687285 4368324.089739276
2623 1586 652458.0607961739 4368323.618896776
2684 1586 653677.9991402274 4368324.117362411
2928 1586 658557.9614246335 4368323.614802445
2989 1586 659777.8742809154 4368324.115955163
3050 1586 660997.9767412905 4368323.465249078
3111 1586 662218.0464132731 4368324.053202982
3172 1586 663437.6364259704 4368323.276556549
3233 1586 664659.4236641458 4368322.9791045915
3294 1586 665878.0425739178 4368323.617690373
3416 1586 668318.2585989912 4368324.322164187
3721 1586 674418.7150650418 4368322.947840514
3782 1586 675637.6699395315 4368324.077096868
1830 1647 636596.5196067158 4367102.921184723
1952 1647 639038.9671456008 4367104.685881329
2013 1647 640257.5247899798 4367104.644006852
2074 1647 641477.6383330333 4367104.684504936
2196 1647 643917.6338773449 4367104.667352698
2257 1647 645137.7491361689 4367104.367280404
2318 1647 646358.006485598 4367104.470684771
2379 1647 647578.490462091 4367104.354288205
2440 1647 648797.7540761308 4367104.050115115
2501 1647 650021.2400376383 4367103.659838606
2623 1647 652458.7859355733 4367103.434368075
2684 1647 653678.6689028647 4367103.2067802735
2806 1647 656120.3615419455 4367103.4197784895
2867 1647 657337.8634061738 4367103.083690142
2928 1647 658557.7921881255 4367104.111792527
2989 1647 659777.7387809019 4367104.353977156
3050 1647 660997.5511580524 4367104.088761801
3111 1647 662217.7041172717 4367104.514620046
3172 1647 663438.4845360259 4367104.41240379
3233 1647 664658.0518846367 4367104.267650213
3294 1647 665877.8839999655 4367103.1445315005
3355 1647 667097.3804352405 4367104.099692925
3416 1647 668318.2443351002 4367103.583627109
3477 1647 669537.5648596059 4367103.12459954
3538 1647 670758.5816367643 4367103.0182330245
3599 1647 671978.3991854043 4367103.4450816745
3660 1647 673198.1700121806 4367104.016303171
3721 1647 674418.3427545743 4367103.897051137
3782 1647 675637.985850195 4367104.52391084
1769 1708 635376.9053549243 4365883.261070925
1952 1708 639036.8921734428 4365883.846856363
2013 1708 640257.0524899904 4365884.497233343
2074 1708 641477.7614110508 4365884.26886178
2135 1708 642698.4191942293 4365884.577054584
2196 1708 643918.4046262712 4365883.640537483
2257 1708 645138.4533377982 4365884.448902414
2318 1708 646358.3328696428 4365884.277783176
2440 1708 648797.6807996911 4365884.894254423
2501 1708 650016.7400137305 4365884.351625637
2562 1708 651237.2608554023 4365884.476957161
2623 1708 652456.6539158717 4365884.857212136
2684 1708 653678.3170263456 4365884.763049607
2745 1708 654898.0643422678 4365883.885052414
2806 1708 656118.4451889981 4365884.189470219
2867 1708 657339.2308103369 4365883.439807613
2928 1708 658559.2671250625 4365883.398349794
2989 1708 659778.2845654342 4365882.4287586985
3050 1708 660998.700267121 4365883.9316156935
3111 1708 662218.0373586725 4365884.02217988
3172 1708 663437.5386441787 4365884.182694351
3233 1708 664657.9574203733 4365884.094548988
3294 1708 665878.4089541055 4365883.919218508
3355 1708 667100.2903456317 4365883.342016724
3416 1708 668318.5184585629 4365884.191918225
3538 1708 670757.8918062358 4365884.279493733
3599 1708 671978.2990653747 4365884.085756833
3660 1708 673197.1156868634 4365883.687559266
3721 1708 674417.6585437012 4365883.024503739
3782 1708 675637.5946831822 4365883.576357514
3843 1708 676858.3965902977 4365883.679471314
3904 1708 678078.4996258056 4365882.797281765
1891 1769 637819.1109515433 4364663.5955141205
1952 1769 639038.404301053 4364663.396759411
2013 1769 640257.7339207451 4364663.425160066
2074 1769 641477.2804041839 4364663.853889145
2135 1769 642697.0422259537 4364664.232324095
2196 1769 643917.5604658214 4364663.556569098
2257 1769 645137.4664422278 4364664.784934038
2318 1769 646359.098836443 4364664.6309568435
2501 1769 650018.3979878377 4364664.516071793
2562 1769 651240.4929791766 4364665.910112922
2623 1769 652458.5101333291 4364664.100600871
2684 1769 653678.370227671 4364663.663813477
2745 1769 654898.2384590008 4364664.372115619
2806 1769 656119.6210465924 4364666.011546647
2867 1769 657337.710661509 4364664.495635829
2928 1769 658558.171304485 4364664.449589945
2989 1769 659778.2163015198 4364664.318926898
3050 1769 661001.1211304396 4364664.29095953
3111 1769 662218.2541602841 4364663.538946622
3172 1769 663438.7151153662 4364663.315475841
3233 1769 664657.7237944385 4364664.055313704
3294 1769 665877.2851458482 4364664.319903257
3416 1769 668318.2885402336 4364664.461902076
3599 1769 671979.086296269 4364663.364036478
3660 1769 673199.1053524133 4364664.04160279
3721 1769 674418.6340521933 4364663.715906554
3782 1769 675638.8254803192 4364663.767377454
3843 1769 676857.787288437 4364664.160799523
3904 1769 678077.8061886678 4364664.087449754
2196 1830 643918.0510535919 4363444.21878311
2257 1830 645138.2999120805 4363443.976864266
2318 1830 646358.2078276583 4363444.398738788
2379 1830 647578.7831992088 4363443.536623762
2501 1830 650016.9071775271 4363444.242278114
2562 1830 651237.5531990422 4363443.788074056
2623 1830 652457.4237735365 4363443.847531121
2684 1830 653677.767816707 4363444.4341755295
2806 1830 656118.0145339312 4363443.980055733
2928 1830 658557.5387138546 4363444.351299888
2989 1830 659777.863148144 4363444.31106043
3050 1830 660998.0855115638 4363444.382756366
3111 1830 662218.1068608342 4363443.970364484
3172 1830 663438.0661512981 4363444.221595768
3233 1830 664658.5914851507 4363443.616378684
3355 1830 667098.0500168792 4363442.977478442
3416 1830 668317.9676310231 4363443.281590738
3477 1830 669537.6436040007 4363444.052862586
3538 1830 670757.5757248523 4363443.908047094
3599 1830 671981.0494848067 4363444.737139088
1830 1891 636597.6865876411 4362223.734238288
1891 1891 637818.0334802854 4362222.6201958805
2257 1891 645137.5124776692 4362223.384808332
2623 1891 652457.9776588115 4362224.1287659425
2684 1891 653677.3248249902 4362224.384803934
2989 1891 659777.1538244941 4362223.5903202025
3050 1891 660997.4161540937 4362223.7236718945
3111 1891 662218.7657632257 4362224.211543362
3172 1891 663437.8775894245 4362223.713039189
3233 1891 664657.5256548593 4362224.71685553
3294 1891 665877.7519470422 4362224.379442375
3355 1891 667097.8191538248 4362224.388471288
3416 1891 668318.0763053632 4362223.821346845
3477 1891 669538.0879543619 4362223.760784868
3538 1891 670757.8972167792 4362223.675628848
3599 1891 671978.3189111487 4362223.400224383
3660 1891 673197.5361959878 4362223.229261402
1952 1952 639037.0997085931 4361002.5295473775
2379 1952 647578.9982271033 4361002.246355254
2989 1952 659777.5077099843 4361004.376644133
3050 1952 660997.5905235057 4361003.464024118
3111 1952 662218.7166024838 4361003.442407822
3172 1952 663438.6162983931 4361004.10807533
3233 1952 664657.9266640485 4361003.626096642
3294 1952 665877.6482482579 4361003.90678112
3477 1952 669536.8323637394 4361003.773200231
3538 1952 670757.4276495221 4361004.164457996
3599 1952 671977.5274933664 4361004.279540321
3660 1952 673197.3795909574 4361003.552428584
3721 1952 674417.4005081715 4361004.108515665
3782 1952 675638.166094241 4361003.876652923
1830 2013 636598.4447142681 4359782.966620942
1891 2013 637818.0603970194 4359783.522910295
2257 2013 645137.4667147476 4359782.35559574
2318 2013 646358.6844911966 4359783.155139639
2867 2013 657338.0506596139 4359783.104785638
2928 2013 658558.6112551247 4359782.933872374
2989 2013 659778.2688144812 4359783.188383162
3050 2013 660998.3585489658 4359783.311723781
3233 2013 664657.4077291978 4359784.411955074
3599 2013 671977.9328112457 4359784.946897015
3660 2013 673197.5020097251 4359784.424955105
3721 2013 674417.5965787731 4359784.5199449705
3782 2013 675637.3603412083 4359784.509610549
1525 2074 630498.0811868041 4358564.1580709275
1586 2074 631718.6220754022 4358563.27168661
1647 2074 632938.3298875645 4358563.234331232
1891 2074 637817.8323191355 4358563.725730561
2257 2074 645136.4684091511 4358564.476792183
2379 2074 647577.9995211883 4358563.9406348355
2806 2074 656119.4014385873 4358562.389885666
2867 2074 657338.9352371598 4358562.315259063
3233 2074 664657.8794764685 4358564.201218295
3599 2074 671978.2745637802 4358563.310893288
3660 2074 673198.4085315951 4358563.479019528
366 2135 607321.4462514733 4357343.812625573
1525 2135 630497.8128312635 4357343.555270484
1586 2135 631717.4104827347 4357342.96055645
1647 2135 632938.7019696167 4357343.040970496
1708 2135 634157.9550163201 4357342.793011899
1952 2135 639038.69851128 4357343.211891778
2257 2135 645136.741824626 4357344.326048656
2318 2135 646357.3464629246 4357343.748579458
2928 2135 658559.2996335194 4357342.053508531
1464 2196 629280.6261457435 4356122.524089277
1525 2196 630497.638679974 4356123.388824112
1586 2196 631718.539301879 4356122.96076603
1647 2196 632938.6958209838 4356122.7262545535
1708 2196 634159.4381784725 4356122.724505036
1769 2196 635378.1039961281 4356123.554949299
1830 2196 636597.865587273 4356123.289748696
1891 2196 637816.5419584373 4356122.582421255
1952 2196 639038.5932155963 4356122.329190804
2318 2196 646356.9020758157 4356124.071616291
2867 2196 657338.3757095773 4356123.523837065
427 2257 608538.5665173109 4354904.769282544
1464 2257 629277.5566222279 4354904.082312675
1708 2257 634158.6332237207 4354903.03033383
1769 2257 635378.2015578519 4354903.813668188
1891 2257 637818.6257093989 4354903.282136289
1952 2257 639036.4694471766 4354903.120154365
2013 2257 640257.4875263585 4354903.259563754
2074 2257 641477.1881938893 4354903.877192989
2867 2257 657338.3548044612 4354904.415867812
61 2318 601219.421737611 4353683.738934514
122 2318 602441.4646859602 4353684.775043107
1464 2318 629278.1585118205 4353683.875742328
1525 2318 630500.9554212404 4353683.521478432
1586 2318 631719.0456776035 4353684.230126945
1647 2318 632938.153748373 4353683.568210951
1708 2318 634158.3985730559 4353682.318512683
1769 2318 635378.5169195354 4353683.308901361
1830 2318 636598.8268221808 4353684.083168681
2074 2318 641478.6131486433 4353682.989973384
2135 2318 642698.5759610626 4353683.5518863695
2196 2318 643918.5661732545 4353682.799426466
2257 2318 645137.1280479667 4353682.812040957
2379 2318 647577.3655134826 4353684.054577638
2684 2318 653677.7676163831 4353683.903885988
2745 2318 654898.7546911188 4353683.760899825
2928 2318 658558.3753941897 4353684.901241964
61 2379 601218.3679705373 4352464.79239531
366 2379 607318.1364478837 4352464.631819725
427 2379 608538.944851558 4352464.18273504
488 2379 609759.6626158884 4352464.527372432
1525 2379 630498.2050361711 4352464.339091827
1586 2379 631718.2110034158 4352463.853810643
1647 2379 632938.7842297601 4352464.074409615
1708 2379 634158.8807235763 4352463.386853753
1769 2379 635381.1840626829 4352463.697006361
1830 2379 636597.2661094682 4352463.4635627875
2013 2379 640257.5854207663 4352463.732858172
2074 2379 641477.8197944707 4352463.092976094
2135 2379 642698.5171107202 4352463.234354927
2196 2379 643919.3315697947 4352463.906293684
2257 2379 645141.2371626201 4352463.31174185
2318 2379 646358.1884473859 4352463.082526698
2440 2379 648801.0829567207 4352464.040367
2501 2379 650018.6205919592 4352463.105410608
2562 2379 651238.0534980629 4352463.542968772
2623 2379 652457.4140527648 4352464.472843547
2684 2379 653677.8977742367 4352463.056867243
61 2440 601217.9239991002 4351243.894417062
122 2440 602437.9240362042 4351244.813513712
244 2440 604878.344689853 4351244.0940178055
305 2440 606097.8672475907 4351243.9059655545
366 2440 607317.2065262282 4351244.583278646
427 2440 608536.986630812 4351244.96944948
488 2440 609758.2068468254 4351244.639984787
1464 2440 629276.1574936882 4351242.782267295
1586 2440 631719.0953845868 4351243.526634993
1647 2440 632938.3326020099 4351244.156121452
1708 2440 634158.7874492762 4351244.106470989
1830 2440 636598.3177978239 4351242.817198279
1891 2440 637818.7825111292 4351242.886360273
1952 2440 639037.9732807187 4351243.092722044
2013 2440 640258.3945198233 4351243.777940071
2074 2440 641477.8551935466 4351243.815060697
2135 2440 642697.0472219322 4351243.459215831
2196 2440 643918.7422019481 4351243.848509705
2257 2440 645137.1765041423 4351244.438047958
2318 2440 646357.9224423729 4351243.934141798
2379 2440 647578.6224961656 4351243.600810123
2440 2440 648797.7804379554 4351243.538478871
2501 2440 650018.0242741376 4351243.507332971
2562 2440 651238.7254175282 4351243.714937031
2745 2440 654898.2514639167 4351243.60155575
61 2501 601217.4427494348 4350024.980960854
122 2501 602437.116371869 4350024.759172333
427 2501 608537.8991219228 4350024.89846048
488 2501 609757.7504436064 4350023.760269353
549 2501 610976.8268041045 4350024.045151603
610 2501 612197.6974386248 4350023.119791089
1708 2501 634158.4404478081 4350022.988613045
1769 2501 635378.5933110267 4350023.315860406
1830 2501 636597.5324586502 4350024.026577556
1891 2501 637818.4806650603 4350024.392208699
1952 2501 639037.6997555621 4350023.761803308
2013 2501 640257.9086940876 4350023.852767721
2074 2501 641477.9812989434 4350023.938679062
2135 2501 642697.6524113572 4350024.187882861
2196 2501 643918.8533720466 4350023.486701017
2257 2501 645137.7095628805 4350023.669704816
2318 2501 646357.5214557685 4350024.235382086
2379 2501 647578.5933908846 4350023.773195554
2440 2501 648796.7611022148 4350023.629597015
2501 2501 650017.9911195937 4350024.475607445
61 2562 601217.831768118 4348803.8073245315
122 2562 602438.451532294 4348804.364757437
183 2562 603657.9534833917 4348804.363343663
427 2562 608537.8692171779 4348804.457571894
488 2562 609758.677220557 4348803.8040916035
549 2562 610977.7487159338 4348804.417450586
610 2562 612198.4186298833 4348804.441278254
671 2562 613418.7927966991 4348803.770947473
732 2562 614637.6666621161 4348803.769450919
793 2562 615857.9416546732 4348803.415426165
1708 2562 634157.9572601274 4348803.5680270465
1769 2562 635378.1483519872 4348803.336458383
1830 2562 636598.2847368189 4348803.6857739305
1891 2562 637817.3981821496 4348803.410476272
1952 2562 639036.7240903763 4348803.799602416
2013 2562 640257.2114352391 4348803.041280769
2074 2562 641476.1919732968 4348803.815651496
2135 2562 642697.6277736074 4348803.695007583
2196 2562 643917.3489041424 4348804.311868168
2257 2562 645136.1119840945 4348804.266504509
2318 2562 646357.6467843802 4348803.474442282
2379 2562 647577.8887089132 4348803.9470407795
2440 2562 648797.3862723795 4348804.893340661
2562 2562 651237.2167153042 4348804.600510341
61 2623 601218.3610899299 4347583.70254899
122 2623 602440.9012262869 4347583.57959598
183 2623 603658.0632542517 4347584.128195523
244 2623 604879.009710906 4347583.653278971
305 2623 606098.8380807115 4347583.968884214
366 2623 607319.0631345935 4347583.242270297
427 2623 608538.0331289092 4347584.328428203
488 2623 609757.3298171104 4347584.553307776
549 2623 610978.5816764511 4347583.959642324
610 2623 612201.5429872597 4347584.328001847
671 2623 613419.1341625124 4347583.25699213
732 2623 614637.8539990818 4347583.20872425
1403 2623 628058.3639757321 4347583.753398363
1891 2623 637819.0638305199 4347582.11571122
1952 2623 639038.0366846627 4347582.516079025
2013 2623 640258.3156323222 4347582.61946101
2135 2623 642697.8840595691 4347583.328015362
2196 2623 643917.664999879 4347583.4622115735
2257 2623 645137.7245509655 4347584.298277761
2379 2623 647577.677381043 4347584.27305946
2440 2623 648798.0762075812 4347584.539876084
2501 2623 650016.9472267452 4347584.254508827
2562 2623 651237.5967946978 4347583.465115071
122 2684 602438.4470257929 4346363.485038408
183 2684 603659.1799723402 4346363.454683957
244 2684 604879.3707720123 4346362.909723309
305 2684 606098.696553212 4346363.196019488
366 2684 607318.9310451341 4346363.831028378
427 2684 608538.9421096495 4346363.666125136
488 2684 609757.8700325273 4346364.371144773
610 2684 612198.1010453391 4346363.532334742
671 2684 613417.0959771444 4346363.977368305
1220 2684 624396.6804532728 4346363.854782131
1403 2684 628057.7391176913 4346364.591084233
1464 2684 629277.6093667193 4346363.736634309
1525 2684 630497.0668838929 4346363.663303352
1586 2684 631716.0416000378 4346363.347466125
1647 2684 632938.1123860346 4346364.661508397
2135 2684 642697.3251398769 4346363.035740569
2196 2684 643921.058638941 4346363.145527745
2257 2684 645138.7074703088 4346363.327160974
2379 2684 647577.722591489 4346363.249127078
2440 2684 648798.2896305275 4346362.9846149115
2501 2684 650018.3889141611 4346363.334672025
2562 2684 651240.4469906935 4346365.68128067
61 2745 601219.0744371647 4345143.92795303
183 2745 603657.782518431 4345142.926906895
244 2745 604877.8639393331 4345143.310017251
305 2745 606098.6165147447 4345144.197498844
366 2745 607317.9306333344 4345144.065128568
488 2745 609758.2583920488 4345143.877088223
549 2745 610978.8264639758 4345143.594113506
610 2745 612199.0109247786 4345144.332174243
671 2745 613421.7920700881 4345142.491566568
732 2745 614638.78096173 4345144.800860664
1037 2745 620736.6530438442 4345143.793887871
1220 2745 624398.0081175265 4345143.611724214
1281 2745 625616.4284983868 4345143.839617011
1403 2745 628058.317958218 4345143.409454562
1708 2745 634159.3898614035 4345142.400574291
2135 2745 642696.9423230338 4345143.307381252
2196 2745 643917.8283217694 4345143.512423626
2318 2745 646357.5518882958 4345143.7577855205
2379 2745 647577.7476266229 4345143.537608765
2440 2745 648798.8887210749 4345143.008975589
2501 2745 650020.716635363 4345142.321119917
2562 2745 651238.6219821004 4345143.464344616
2623 2745 652458.4763106959 4345142.375101301
244 2806 604880.322264501 4343923.97679252
305 2806 606099.5628984552 4343923.399107553
366 2806 607317.9335891214 4343924.122215398
427 2806 608538.100906248 4343924.799886512
488 2806 609758.3699554108 4343924.921173813
549 2806 610977.9863713791 4343924.468162293
610 2806 612201.3534857539 4343923.651940289
671 2806 613418.2524075591 4343923.936231934
732 2806 614638.6158520228 4343923.620615849
793 2806 615858.0715240105 4343924.17192973
1159 2806 623176.5084127198 4343924.924590949
1281 2806 625617.5958630049 4343924.319385059
1586 2806 631717.8579400454 4343922.567656284
2135 2806 642697.5311424296 4343922.600641342
2196 2806 643918.1841794918 4343922.68116815
2257 2806 645137.3108165563 4343923.550819441
2318 2806 646357.3824862251 4343922.911878572
2379 2806 647577.0259342893 4343923.1582618235
2440 2806 648796.780930443 4343923.636527311
2501 2806 650017.4051948254 4343923.922716241
2562 2806 651237.8128743445 4343923.815060051
2623 2806 652457.8093762891 4343923.4028480975
2684 2806 653677.8157940555 4343923.555996409
2745 2806 654898.3389103346 4343923.0155989565
61 2867 601219.6145211484 4342704.78497008
122 2867 602441.145442928 4342704.430939214
305 2867 606100.9460836468 4342704.367256372
427 2867 608538.9862380126 4342704.73015837
488 2867 609758.7935889972 4342704.3032549005
610 2867 612197.6731407096 4342704.726583569
732 2867 614638.4612275534 4342705.536618034
793 2867 615858.5637769918 4342703.291609488
915 2867 618296.8076527115 4342704.1983700665
1159 2867 623181.6665329459 4342704.352978137
1220 2867 624401.1998332799 4342703.900971328
1281 2867 625618.8520026361 4342701.457184353
1464 2867 629276.9741443096 4342703.661645322
2196 2867 643918.5685503607 4342702.455566084
2257 2867 645137.658396896 4342702.485781127
2318 2867 646361.2052340481 4342702.682905913
2379 2867 647577.437011894 4342703.359960757
2440 2867 648798.4284953375 4342703.26772334
2501 2867 650017.1209830033 4342704.344085641
2562 2867 651237.1481856685 4342703.788919055
2623 2867 652457.4966059567 4342703.762326938
2684 2867 653677.3108735655 4342703.777060149
2745 2867 654897.112184546 4342703.6864979295
3111 2867 662217.4050721119 4342703.893936628
3172 2867 663439.1917138624 4342706.117161314
61 2928 601218.4204674895 4341483.761099009
122 2928 602439.3172322544 4341484.169466956
183 2928 603657.938397632 4341484.627576051
244 2928 604879.0048602204 4341484.515920718
305 2928 606098.2353199108 4341484.008656154
366 2928 607318.9128282693 4341483.747275802
549 2928 610977.211008837 4341484.293730748
610 2928 612198.3538314064 4341484.02319563
732 2928 614637.7129496747 4341483.2363560395
793 2928 615858.4501386106 4341484.343851813
1159 2928 623181.2818249287 4341483.431531965
1342 2928 626837.3491499958 4341484.070485849
1647 2928 632938.6504176718 4341483.246629745
1708 2928 634159.0317879289 4341483.436715818
1830 2928 636599.1292706238 4341483.947190611
2257 2928 645138.1996410803 4341483.4168198565
2379 2928 647579.2894561051 4341483.814062216
2440 2928 648798.5389064598 4341483.544186271
2562 2928 651238.7127354968 4341484.2655702755
2623 2928 652457.8766842014 4341483.248024793
2745 2928 654897.5371135424 4341483.88259725
3111 2928 662216.5300704894 4341483.660929961
3172 2928 663440.5896737115 4341484.817723793
3233 2928 664657.6060134328 4341484.147207903
3294 2928 665878.1912842368 4341483.645549008
3355 2928 667097.9389359688 4341482.956563867
61 2989 601218.1758402475 4340264.603621954
549 2989 610977.4250655218 4340264.722887869
732 2989 614638.7086350517 4340263.92685691
793 2989 615860.4653719375 4340264.033656923
976 2989 619521.1067450227 4340264.561861142
1098 2989 621956.8752929843 4340263.740498465
1159 2989 623176.8476135824 4340264.553875551
1220 2989 624397.718934126 4340263.997722118
1464 2989 629281.4753003616 4340263.339512924
1525 2989 630497.3994549568 4340264.075285571
1586 2989 631716.5279028607 4340263.827682108
1708 2989 634156.453873041 4340264.175169694
1769 2989 635378.0408944256 4340264.675081705
2074 2989 641477.5406775593 4340262.295285361
2196 2989 643918.8766163096 4340261.216756285
2257 2989 645139.3409593666 4340263.099152934
2318 2989 646358.8517378416 4340262.575345137
2379 2989 647578.0692134812 4340263.494070162
2440 2989 648798.3922810678 4340263.415087386
2501 2989 650019.5285718401 4340263.240984425
2562 2989 651239.0007146716 4340263.417174956
2623 2989 652458.6024572994 4340263.935531347
2684 2989 653679.4878685289 4340263.982508495
2745 2989 654901.2224358877 4340263.759491944
3172 2989 663438.5303768878 4340264.357492602
3233 2989 664657.4102533929 4340263.598599928
183 3050 603657.8187386912 4339044.505935526
488 3050 609757.7679741813 4339043.612618565
671 3050 613417.4022204853 4339044.587242051
793 3050 615858.7518564791 4339043.863708337
915 3050 618301.490685688 4339044.720133416
1037 3050 620736.906549306 4339043.708066771
1098 3050 621956.8599430231 4339044.732498596
1281 3050 625617.6073467867 4339044.450702289
1342 3050 626837.3332910517 4339044.508957197
1403 3050 628057.9894028615 4339044.203947583
1464 3050 629276.8543675898 4339043.3030387545
1525 3050 630498.9310933868 4339044.042760493
1586 3050 631717.8939490869 4339044.37398009
1647 3050 632937.6387343593 4339043.246117266
1708 3050 634156.644387183 4339044.743544838
1769 3050 635377.814471901 4339044.664190901
1830 3050 636596.7528013295 4339044.973459304
2135 3050 642697.3790727835 4339043.842469397
2196 3050 643918.1801297842 4339042.78548349
2257 3050 645137.933889808 4339044.06226709
2562 3050 651239.2330423824 4339042.93936363
2623 3050 652459.4049344216 4339042.815899393
2684 3050 653678.6881295431 4339043.461181888
2745 3050 654898.9653713382 4339043.478545615
2928 3050 658557.932743539 4339043.661070849
2989 3050 659778.2525599865 4339043.976948641
183 3111 603657.8760557858 4337824.584180178
549 3111 610977.4716847559 4337823.8559417715
610 3111 612197.7098656483 4337823.611474282
671 3111 613418.8454652041 4337825.238978723
732 3111 614637.145322622 4337824.713366023
793 3111 615856.577131296 4337824.066827064
915 3111 618297.5281763495 4337824.495055126
976 3111 619519.3914533829 4337824.744604924
1037 3111 620738.4391840643 4337824.613134452
1098 3111 621957.8480776293 4337823.457012806
1159 3111 623178.3282104863 4337824.589555191
1220 3111 624397.7045769691 4337823.741879678
1281 3111 625618.0696838403 4337823.966435422
1342 3111 626837.980646842 4337824.527017655
1403 3111 628058.6468673432 4337824.907919697
1525 3111 630498.1772394552 4337823.229990348
1586 3111 631716.7523358323 4337824.12240854
1891 3111 637817.9951217768 4337824.302008912
2257 3111 645137.532287205 4337823.686373071
2318 3111 646357.412788037 4337823.8680729475
2440 3111 648800.7796263353 4337822.169895927
2501 3111 650020.8907373635 4337823.464381057
2562 3111 651240.3054055268 4337823.5935947355
2623 3111 652458.1438158075 4337823.621069715
2684 3111 653678.342348347 4337824.411648287
2745 3111 654898.4258432484 4337824.351446178
3050 3111 660998.3033122362 4337823.49265228
3111 3111 662217.547897637 4337823.317381482
3172 3111 663437.3587585315 4337823.627945871
3233 3111 664657.4738355237 4337823.392666127
122 3172 602436.2156327296 4336603.686491989
183 3172 603658.0370458461 4336603.229058194
366 3172 607317.5483124795 4336604.258907137
427 3172 608536.9560872215 4336603.831280768
488 3172 609758.4264184291 4336603.892168991
549 3172 610977.4421331519 4336604.3175455555
610 3172 612197.6548547645 4336602.608218719
671 3172 613416.1787749234 4336603.329904393
915 3172 618297.4230079417 4336603.835824629
976 3172 619517.1750344216 4336602.722569216
1159 3172 623177.4668723042 4336604.62430437
1342 3172 626837.4926529948 4336604.250161718
1403 3172 628058.1787170153 4336602.883940415
1464 3172 629277.255934006 4336603.854229829
1586 3172 631717.4108437937 4336603.001421696
1647 3172 632937.9562463698 4336604.178668496
1708 3172 634158.8872262959 4336604.325946085
2318 3172 646357.1060497622 4336604.213066906
2379 3172 647578.0243386319 4336603.232568058
2501 3172 650021.3162440453 4336603.629854047
2623 3172 652457.6690238819 4336604.356241764
2684 3172 653677.2637426086 4336604.698992127
2745 3172 654898.0023925635 4336603.668549794
3111 3172 662219.1152233967 4336602.875712288
3172 3172 663438.50774899 4336603.716938459
61 3233 601217.6960300439 4335384.229455877
122 3233 602437.2004874977 4335384.042348427
244 3233 604877.9869657559 4335384.44626907
305 3233 606097.0188346668 4335384.357929601
366 3233 607318.2535750632 4335384.7446248485
427 3233 608539.0311295392 4335383.285691267
793 3233 615858.666134554 4335383.622320844
976 3233 619517.496542149 4335384.445534202
1098 3233 621957.3563082247 4335384.255884993
1159 3233 623177.2221081115 4335383.998870362
1220 3233 624397.9732137296 4335383.479291628
1281 3233 625617.3896503052 4335383.23655223
1342 3233 626836.215906674 4335384.339773724
1403 3233 628056.819573949 4335384.678744972
1525 3233 630497.352589138 4335383.832956916
1586 3233 631718.0435519251 4335384.170751911
1647 3233 632937.7214390751 4335384.221473946
1769 3233 635376.1454265777 4335383.933829453
1830 3233 636597.7878684408 4335383.385446068
2318 3233 646357.3598484288 4335383.889490868
2379 3233 647577.9370486672 4335383.50762619
2440 3233 648799.0591792053 4335384.361404272
2501 3233 650017.9236209004 4335384.764502597
2562 3233 651238.660922577 4335384.380357783
2623 3233 652457.9329375846 4335384.869751254
2684 3233 653677.389466618 4335384.394631154
2745 3233 654897.8525888693 4335384.657908386
3050 3233 660997.9865460111 4335384.290326576
3111 3233 662218.3698330066 4335384.821444429
3172 3233 663437.8322095511 4335384.501296053
122 3294 602438.0371983679 4334164.722853314
183 3294 603656.6034075664 4334164.517221169
305 3294 606098.007180791 4334164.5403145645
366 3294 607318.0402662171 4334164.9285160005
549 3294 610977.8539830751 4334164.692933145
732 3294 614637.8131371322 4334164.133806058
854 3294 617079.841587693 4334164.050778012
915 3294 618301.0357727099 4334164.373158837
976 3294 619517.5169818982 4334164.005154886
1037 3294 620738.5407344004 4334164.640429885
1159 3294 623177.7304087635 4334164.218341798
1220 3294 624396.6026994362 4334164.475293118
1281 3294 625617.2229921231 4334163.003418289
1464 3294 629276.9712765629 4334163.822431139
1525 3294 630498.1336984735 4334163.579834642
1586 3294 631718.0253894072 4334164.403549843
1647 3294 632937.5810000565 4334164.2578536505
1830 3294 636597.1906825731 4334163.915631907
1891 3294 637817.9672954171 4334163.325165441
1952 3294 639037.526666578 4334163.285769834
2013 3294 640257.9630717743 4334163.520436604
2440 3294 648796.8761818876 4334164.532460937
2501 3294 650016.8093698055 4334163.663881286
2562 3294 651239.3443223198 4334166.627294533
2623 3294 652457.5965905833 4334164.158440166
2684 3294 653677.7312979822 4334164.639249145
2745 3294 654898.2502075662 4334164.595187999
2806 3294 656118.5487682212 4334164.68264985
61 3355 601217.509270875 4332943.913460914
244 3355 604878.2708592406 4332943.385616561
305 3355 606098.3969334015 4332944.063570729
366 3355 607317.6594915993 4332944.186551941
427 3355 608536.9288270697 4332944.598306269
488 3355 609758.1643905945 4332944.393068059
1159 3355 623178.0384610988 4332944.361519885
1281 3355 625618.9890594806 4332943.499630478
1525 3355 630498.0253702174 4332944.030255667
1586 3355 631717.7749862005 4332941.88219778
1647 3355 632940.6909888439 4332943.488242136
1830 3355 636601.6423742205 4332943.15176645
1891 3355 637818.3692648447 4332943.300341232
2013 3355 640257.229436156 4332942.5205470575
2196 3355 643917.1452890973 4332944.135530039
2379 3355 647577.8232139134 4332943.345450247
2440 3355 648797.2389145305 4332943.769684494
2501 3355 650017.1527756089 4332943.154068307
2562 3355 651237.3253212073 4332943.546942671
2745 3355 654896.8086713417 4332944.86615571
3233 3355 664658.5276893004 4332944.688057603
61 3416 601218.7438808709 4331724.344236133
122 3416 602438.3256953772 4331723.335507605
183 3416 603657.4559512913 4331723.479495092
671 3416 613419.4376554276 4331725.553193306
793 3416 615858.7035431771 4331724.232968971
1037 3416 620737.4678860559 4331723.426822859
1098 3416 621957.3572049862 4331724.993826189
1281 3416 625616.8053005948 4331724.927969483
1464 3416 629277.9323729472 4331724.610300452
1647 3416 632936.9537471461 4331723.386819761
1769 3416 635380.8446820738 4331722.685671676
1830 3416 636597.9449714412 4331722.490488166
1891 3416 637819.5028048301 4331722.089764741
2013 3416 640259.2409519028 4331722.74437047
2074 3416 641479.0045013966 4331722.757189888
2196 3416 643918.5078132612 4331722.88191904
2257 3416 645137.639697768 4331723.4418928465
2318 3416 646357.2961915346 4331723.526630021
2379 3416 647577.0989653788 4331723.837411078
2440 3416 648797.5993774522 4331723.810011048
2501 3416 650017.4238154232 4331724.022591822
2562 3416 651237.4497636263 4331723.460773096
2623 3416 652457.735456596 4331723.895241934
2684 3416 653677.8962324829 4331722.596639993
3111 3416 662216.9607424027 4331724.4018915715
3172 3416 663437.5912200371 4331723.928550385
3233 3416 664657.7318078463 4331723.864904543
61 3477 601218.618993429 4330504.0308821965
122 3477 602440.9452553346 4330501.450245177
183 3477 603658.2651549797 4330502.974857443
305 3477 606099.2536776105 4330502.061643418
427 3477 608537.6370034682 4330503.966554654
488 3477 609757.1949395166 4330503.7324437555
549 3477 610976.7350606414 4330503.941531447
610 3477 612197.6360980112 4330503.744116562
732 3477 614637.4131371644 4330504.309403923
915 3477 618297.1740090611 4330504.976330904
1037 3477 620736.7223853262 4330503.991008204
1098 3477 621958.2418166564 4330504.489178289
1464 3477 629278.5044270785 4330504.026139815
1708 3477 634158.2245125568 4330502.698066042
1769 3477 635378.9224249658 4330502.872720967
1830 3477 636596.8375287624 4330504.272466573
1891 3477 637816.9589769496 4330502.864912429
1952 3477 639039.2610817391 4330502.176333371
2013 3477 640258.8637776076 4330503.392767586
2074 3477 641479.5310285445 4330502.7179863565
2440 3477 648798.0368538596 4330502.635004055
2562 3477 651237.8078028084 4330504.1689007105
3172 3477 663436.5818383645 4330503.512685761
122 3538 602438.9268758448 4329283.424047338
183 3538 603661.2837733577 4329283.656089282
244 3538 604877.9296388598 4329284.040470718
305 3538 606097.1166763944 4329283.90735231
549 3538 610978.7529705915 4329282.511457652
610 3538 612198.9156110693 4329282.79727241
671 3538 613418.4060561747 4329283.486738352
976 3538 619518.3451684633 4329283.728137784
1098 3538 621957.4631427226 4329284.597626174
1281 3538 625617.653271881 4329284.528751278
1342 3538 626837.8853786286 4329284.114224981
1403 3538 628058.3141668407 4329284.888276304
1830 3538 636595.9628381075 4329284.588209726
1952 3538 639037.7505002741 4329283.370667157
2074 3538 641479.2398138733 4329283.145876297
2135 3538 642698.6374085817 4329281.865718789
2257 3538 645140.6815245881 4329282.109585079
2440 3538 648797.9475066927 4329283.199089571
2501 3538 650018.0588165007 4329283.669997468
2562 3538 651238.8087792814 4329283.358861253
2623 3538 652458.7025827642 4329283.174133916
61 3599 601216.768333834 4328064.648343068
122 3599 602438.1185577662 4328063.994407514
183 3599 603658.1674663335 4328064.079112221
244 3599 604877.8433174377 4328064.313320072
305 3599 606097.3921697562 4328064.038969126
366 3599 607317.0643528505 4328064.411063913
427 3599 608537.3538225826 4328064.313178783
488 3599 609757.2128068199 4328064.198633904
549 3599 610977.0892837939 4328063.323772589
610 3599 612197.3926607299 4328063.9276922
671 3599 613417.5986668012 4328063.1300848285
1098 3599 621957.1055760712 4328064.456594665
1220 3599 624397.271844715 4328063.35137306
1281 3599 625617.1972189776 4328063.230799725
1403 3599 628057.777872647 4328063.622154667
1464 3599 629277.0806009549 4328064.262328252
1525 3599 630497.6243480691 4328063.753174669
1647 3599 632937.6734195857 4328064.194896089
1769 3599 635376.1721418061 4328063.835656788
1891 3599 637816.6472802836 4328063.808692007
2013 3599 640258.1952958197 4328063.507978232
2135 3599 642698.714860267 4328063.260126217
2196 3599 643918.6264949938 4328062.996231424
2257 3599 645140.7500901688 4328063.007917498
2318 3599 646360.7582841432 4328062.300532982
2379 3599 647578.4856979833 4328062.70139308
2623 3599 652457.6555599014 4328063.924630895
2684 3599 653678.4948612943 4328063.48726961
61 3660 601221.8415166393 4326843.681054886
122 3660 602438.3133433863 4326843.102222696
183 3660 603660.4617084191 4326843.801648366
305 3660 606098.9416837167 4326843.6847748915
366 3660 607316.7944286152 4326843.784846269
427 3660 608538.5817667968 4326843.929659681
488 3660 609758.5960141793 4326844.827517011
610 3660 612198.3965792279 4326843.489920273
671 3660 613417.0692566505 4326844.914496513
915 3660 618297.1991414604 4326843.992641405
976 3660 619517.0526546047 4326843.316590945
1037 3660 620737.8915006256 4326843.990370461
1159 3660 623181.5997935651 4326842.651573226
1220 3660 624397.4769463815 4326844.842678464
1281 3660 625616.8239003906 4326844.765380583
1342 3660 626837.8214660714 4326843.871373481
1464 3660 629281.4401375655 4326843.582347942
1586 3660 631718.3329881971 4326842.459592542
1647 3660 632937.3694100844 4326844.677138874
1708 3660 634157.9682190673 4326844.165397303
1830 3660 636596.6348459481 4326843.866253218
1891 3660 637815.8604897751 4326843.855271273
2135 3660 642697.675000343 4326843.337250097
2196 3660 643917.6776941598 4326843.205132089
2440 3660 648797.576184838 4326844.175327521
2501 3660 650020.8796834998 4326843.720747105
2623 3660 652458.557065942 4326843.851123503
2684 3660 653678.4475955038 4326844.576476797
2745 3660 654898.7150634917 4326846.298594053
61 3721 601218.1100268305 4325624.038058796
183 3721 603658.0783006717 4325624.40864585
366 3721 607322.020560584 4325623.5840898715
427 3721 608538.8342234524 4325625.819259549
488 3721 609757.7138950521 4325623.766488232
549 3721 610978.0918258217 4325624.741955066
610 3721 612197.4090549147 4325624.636861225
671 3721 613417.7247096372 4325624.3546474585
732 3721 614639.4951227108 4325624.633355579
915 3721 618298.570655995 4325625.985209919
1037 3721 620738.1557583653 4325625.657339178
1098 3721 621956.8514739572 4325624.714845453
1159 3721 623181.5968994328 4325623.445638925
1220 3721 624397.0657682219 4325624.385936246
1342 3721 626837.6298457873 4325623.314483718
1403 3721 628056.9885419728 4325623.016808546
1525 3721 630497.2323837247 4325623.46959374
1586 3721 631719.3385754544 4325624.358382622
1647 3721 632937.5584888245 4325624.209291913
1708 3721 634157.4920118429 4325624.279913827
1769 3721 635377.8022126739 4325622.945622299
1830 3721 636598.3062730836 4325623.644288366
1891 3721 637817.7250697651 4325623.788936693
2013 3721 640256.7896945694 4325623.8396599945
2257 3721 645137.1416212993 4325623.094409868
2440 3721 648798.0915913155 4325624.691437764
2501 3721 650016.2095351847 4325624.5608124975
2562 3721 651236.9990826871 4325624.486538392
2684 3721 653677.9878171041 4325623.969926755
2745 3721 654898.1297027852 4325626.824214629
2867 3721 657337.8360142298 4325624.77859299
244 3782 604877.7459715016 4324403.122678043
366 3782 607317.5256952059 4324403.421013398
488 3782 609756.9759662383 4324404.560506128
549 3782 610977.5444344517 4324404.929496378
610 3782 612198.1609628109 4324404.61023178
732 3782 614636.7688690345 4324404.43127315
854 3782 617077.9010026907 4324404.433874246
915 3782 618298.7613537802 4324403.975975905
1037 3782 620738.5360278925 4324404.2394668395
1098 3782 621961.221619524 4324404.495241418
1159 3782 623178.358916426 4324404.590328561
1220 3782 624397.5588336476 4324404.60404895
1403 3782 628061.40175617 4324404.2086954955
1525 3782 630498.940288964 4324403.259876478
1647 3782 632938.0686967383 4324403.955151729
1708 3782 634156.7656615403 4324403.832674111
1769 3782 635377.9814292956 4324404.065695215
1830 3782 636598.1615717711 4324403.595788184
1952 3782 639036.0344772018 4324404.433427624
2013 3782 640257.5590182858 4324404.44197687
2074 3782 641477.460218645 4324402.381104555
2257 3782 645137.6408002927 4324403.245813098
2440 3782 648796.0736214983 4324403.631681236
2501 3782 650017.8474553294 4324404.693455897
2562 3782 651237.1614462674 4324404.794919412
2623 3782 652457.1403090295 4324404.180616724
2684 3782 653678.2283528153 4324403.959997737
2745 3782 654898.3655289662 4324403.480696052
2806 3782 656118.2232021478 4324403.910572712
2867 3782 657338.4195647936 4324403.061301868
183 3843 603657.4728797346 4323183.845390401
305 3843 606098.9883998911 4323183.506234041
427 3843 608537.8438609911 4323183.803082968
610 3843 612197.4544685432 4323183.7498278655
732 3843 614636.6199510135 4323183.325571705
854 3843 617077.6688151268 4323184.964302682
1281 3843 625617.6229492587 4323184.216568833
1342 3843 626838.6895462133 4323185.412919601
1464 3843 629279.397896686 4323184.3621954685
1586 3843 631721.5841039674 4323183.731461897
1647 3843 632938.8387882148 4323183.975617739
1708 3843 634158.4114809585 4323184.913090387
1769 3843 635378.2203315863 4323184.016923884
1830 3843 636596.2962507838 4323183.877831881
1891 3843 637818.7964157542 4323185.378063487
1952 3843 639038.7480681937 4323185.946819379
2135 3843 642697.3340639564 4323184.679335989
2196 3843 643916.8353760322 4323182.953648785
2257 3843 645137.8851060165 4323183.889927706
2379 3843 647577.6767993217 4323183.012706952
2440 3843 648798.2270377093 4323184.589773882
2501 3843 650020.7114754353 4323184.5710138725
2562 3843 651238.7832213152 4323185.638062749
2684 3843 653678.7816450793 4323183.179183603
2745 3843 654897.6204030873 4323183.789603619
2806 3843 656117.8171882669 4323183.600128335
2867 3843 657337.8056922631 4323184.351547168
2928 3843 658558.2188052993 4323183.495567588
61 3904 601218.1535000196 4321964.043707262
122 3904 602438.3922794522 4321964.4032273665
183 3904 603660.7264949942 4321963.589518594
305 3904 606098.4782817593 4321964.81011908
366 3904 607317.4786719966 4321964.65797187
488 3904 609758.7257098359 4321965.715043628
549 3904 610978.4197980457 4321963.70497161
671 3904 613416.9896640442 4321964.713286442
732 3904 614641.029298634 4321964.518092996
854 3904 617078.2920036946 4321964.877348777
1037 3904 620737.0433609228 4321964.434638274
1159 3904 623178.410511891 4321964.749313981
1464 3904 629276.85076378 4321963.525984805
1525 3904 630497.7363952944 4321963.525192127
1586 3904 631717.5192318169 4321964.269432218
1708 3904 634157.7403366776 4321964.755826582
1769 3904 635378.5502144145 4321963.699748036
1830 3904 636598.7044881919 4321964.049703833
1891 3904 637818.0103927529 4321963.931243757
1952 3904 639038.6076810264 4321964.220523167
2135 3904 642696.6845457009 4321964.442914804
2196 3904 643918.4443939948 4321964.571798996
2257 3904 645137.6286184153 4321964.390368212
2501 3904 650016.8388694071 4321964.597280763
2623 3904 652458.540425754 4321964.755533626
2745 3904 654898.3989740054 4321963.316692123
2806 3904 656120.9245205958 4321963.401110937
2867 3904 657338.4268024154 4321963.272210205
2928 3904 658558.6720668713 4321963.838938775
61 3965 601218.609167852 4320744.394817205
122 3965 602437.199355359 4320744.577470286
183 3965 603658.2691298235 4320743.241400959
366 3965 607316.9651196408 4320744.998255729
488 3965 609761.6583980093 4320744.364916178
610 3965 612197.3097936651 4320743.649444071
671 3965 613418.6407542899 4320744.189348408
732 3965 614641.3381506812 4320742.760234623
793 3965 615858.7633903082 4320743.154837082
915 3965 618297.3898246448 4320743.787232501
1403 3965 628060.5221810822 4320744.028812102
1464 3965 629278.3330348254 4320743.573747249
1525 3965 630497.7663573493 4320746.125366325
1586 3965 631719.4341658092 4320744.282244336
1647 3965 632938.79523754 4320742.96067925
1769 3965 635377.7994394699 4320744.508808085
1830 3965 636597.3922390668 4320746.187391908
1891 3965 637818.8141668327 4320746.376499275
1952 3965 639038.1797243097 4320744.903720224
2013 3965 640257.7311407756 4320744.470292267
2074 3965 641478.90031426 4320743.493692628
2135 3965 642697.8834390765 4320744.139939202
2196 3965 643918.3725877051 4320743.727341743
2318 3965 646357.8591350139 4320742.997297017
2440 3965 648798.9831332172 4320746.212466134
2501 3965 650017.7526136126 4320744.086302131
2562 3965 651236.6929928232 4320744.884145144
2684 3965 653677.877184337 4320744.794707757
2806 3965 656121.4526478824 4320744.6138459835
2867 3965 657338.4368485375 4320744.030540036
2928 3965 658558.3443096117 4320743.967283666
366 4026 607317.5290608718 4319524.284494774
427 4026 608538.4088098998 4319522.85809269
488 4026 609761.2567001143 4319523.79210185
610 4026 612199.6525082985 4319524.717405695
671 4026 613421.2370725815 4319523.119493766
732 4026 614638.6338592023 4319524.216468687
854 4026 617077.5460990233 4319524.8070715675
1037 4026 620736.9050257187 4319523.8752932465
1464 4026 629277.4591938311 4319524.7244174685
1586 4026 631720.6114903839 4319523.209854478
1647 4026 632941.6000998493 4319524.330856017
1708 4026 634157.870673148 4319524.252653264
1769 4026 635378.3036418293 4319524.324323115
1830 4026 636597.9345504856 4319524.657686764
1891 4026 637819.4184563291 4319523.8658663165
1952 4026 639038.1395363486 4319524.444528323
2013 4026 640257.7690018335 4319524.41119253
2074 4026 641478.0713373718 4319524.121534204
2135 4026 642696.5737305274 4319523.894031008
2196 4026 643916.9064702379 4319524.743108406
2257 4026 645137.5111996129 4319524.47151492
2318 4026 646358.6933815804 4319523.712970423
2379 4026 647577.80726773 4319523.486145771
2562 4026 651238.3583702283 4319524.29920621
2623 4026 652458.2602392704 4319524.1608207645
2745 4026 654898.0675386662 4319524.850370168
2806 4026 656117.9679998275 4319524.875082105
2867 4026 657337.3668251757 4319524.7772271875
2928 4026 658558.326225071 4319524.564191817
61 4087 601217.9538142064 4318304.009856322
122 4087 602437.0122197833 4318304.649061691
305 4087 606096.9203965929 4318304.550866473
488 4087 609756.8095883109 4318304.323075814
610 4087 612197.3176596882 4318303.721478598
671 4087 613417.5019673902 4318302.017875381
976 4087 619518.808652719 4318303.1517608315
1342 4087 626837.0253434813 4318304.773158744
1403 4087 628060.3546828891 4318304.473477031
1464 4087 629278.1046535522 4318304.566649262
1586 4087 631717.1627081707 4318304.69183993
1647 4087 632941.5510173386 4318304.455661073
1708 4087 634157.3680491777 4318304.822966435
1769 4087 635377.2769490808 4318304.862187381
1830 4087 636597.176632594 4318304.570905493
1891 4087 637817.8068184854 4318304.350318074
1952 4087 639037.7924171037 4318304.356715205
2013 4087 640258.4661029285 4318304.089212262
2074 4087 641477.3824258999 4318304.2932126885
2135 4087 642698.3641283305 4318304.015124078
2196 4087 643916.6700564261 4318304.861743624
2257 4087 645138.8114870085 4318303.895862998
2318 4087 646357.4420437971 4318304.829585952
2379 4087 647577.2027732453 4318304.026858082
2440 4087 648797.1378403568 4318304.560425222
2501 4087 650016.8741664618 4318304.337485036
2623 4087 652458.5392418177 4318304.041636359
2684 4087 653678.162311804 4318303.877136106
2745 4087 654898.3680151334 4318304.873791059
2867 4087 657339.3846316183 4318306.700087101
2928 4087 658557.5170330084 4318304.717929348
61 4148 601220.3628233137 4317083.030806343
122 4148 602437.3373427244 4317083.182350555
244 4148 604878.3087388801 4317084.149737645
305 4148 606097.0358991621 4317084.576259817
366 4148 607317.2866260475 4317083.664900355
427 4148 608538.3106523786 4317083.603099266
488 4148 609758.3988589003 4317084.568704441
549 4148 610977.5748250606 4317083.276627606
610 4148 612197.6009054385 4317083.7170281755
671 4148 613418.7044201695 4317083.565062679
732 4148 614638.0469394593 4317081.693145991
793 4148 615858.4370490147 4317084.512682429
976 4148 619520.9740304613 4317084.605293239
1098 4148 621958.3071368578 4317083.138556856
1220 4148 624399.4302052017 4317084.236527682
1464 4148 629280.6700954005 4317084.629284304
1525 4148 630497.3331629486 4317083.135987232
1647 4148 632937.6987413017 4317084.046343624
1708 4148 634158.4539070287 4317083.791769963
1769 4148 635379.0829702702 4317083.94943945
1891 4148 637817.7071339644 4317084.0204904415
1952 4148 639037.4734033882 4317084.179518173
2013 4148 640257.1930018071 4317084.893916153
2074 4148 641477.8113046462 4317084.20173301
2135 4148 642699.1811793238 4317083.669865921
2196 4148 643917.3176358903 4317084.393112397
2257 4148 645137.7614403174 4317083.992741549
2318 4148 646358.4073819487 4317083.983474284
2379 4148 647577.0935587817 4317084.031593556
2440 4148 648797.7382012907 4317083.791398169
2501 4148 650017.3551752337 4317084.05257526
2562 4148 651237.923803366 4317083.9864857
2623 4148 652457.8844438726 4317083.675276876
2684 4148 653678.277086215 4317083.9780336665
2745 4148 654897.5251683502 4317084.280935094
2806 4148 656117.1288299873 4317083.654457167
2928 4148 658558.8315649712 4317084.033029126
61 4209 601218.0298008553 4315863.66609055
183 4209 603658.1271089506 4315863.34233713
244 4209 604877.2743070403 4315863.853799176
305 4209 606097.5847239767 4315863.8854721235
366 4209 607317.3215613213 4315864.196463961
488 4209 609761.8471696307 4315863.111339068
549 4209 610977.9811179652 4315863.537823225
610 4209 612198.7936871796 4315863.772076254
671 4209 613418.7707948333 4315864.282997399
732 4209 614638.3692211797 4315863.926201161
793 4209 615857.968171287 4315863.632498262
854 4209 617078.7465772957 4315863.936084209
915 4209 618298.4700763446 4315863.625177475
1037 4209 620738.5010453841 4315864.290163636
1159 4209 623177.9124802863 4315863.843610239
1342 4209 626838.0563997849 4315863.59763204
1403 4209 628057.2116730898 4315864.04298545
1586 4209 631718.7316907868 4315864.150211909
1708 4209 634161.3860894158 4315863.40909729
1769 4209 635377.8998587597 4315864.992286605
1830 4209 636598.7283057971 4315863.65770247
1891 4209 637818.5113146905 4315863.620662095
1952 4209 639037.5065800834 4315863.844988384
2013 4209 640257.9891570881 4315863.462318022
2074 4209 641478.3832158719 4315864.115815024
2135 4209 642698.6654590913 4315863.382883944
2196 4209 643918.096808755 4315863.329502927
2257 4209 645138.7322689343 4315864.591354969
2318 4209 646357.8068618298 4315864.467677884
2379 4209 647577.8806241498 4315864.166136414
2440 4209 648796.8260881909 4315864.337912932
2501 4209 650017.1086126579 4315864.40254093
2562 4209 651237.3837870641 4315864.504413904
2623 4209 652458.0626058088 4315864.416189405
2684 4209 653677.7957858648 4315864.254517815
2745 4209 654897.5326429721 4315864.189287863
2806 4209 656117.3917791274 4315864.594539305
2867 4209 657337.2807455428 4315864.724235453
2989 4209 659776.6739518547 4315863.953093084
3050 4209 660996.4736470659 4315863.172634676
3233 4209 664657.943211753 4315864.932501129
61 4270 601218.9093354276 4314643.289050503
122 4270 602441.5865187368 4314643.409246525
183 4270 603662.0318620767 4314643.6444591
305 4270 606097.7484948225 4314644.059259143
366 4270 607318.3896244091 4314644.008792241
427 4270 608538.0333710192 4314643.972044139
488 4270 609757.6584260537 4314643.964408993
549 4270 610977.9231712723 4314643.333300566
610 4270 612198.1783450649 4314643.820200724
671 4270 613417.518702765 4314644.203696292
793 4270 615858.5549956224 4314644.557636605
915 4270 618298.4246766254 4314643.818439535
976 4270 619521.1364180911 4314644.132377753
1037 4270 620738.7475596376 4314643.9707232155
1098 4270 621960.8895483407 4314644.527372295
1159 4270 623179.4319031285 4314643.42886773
1220 4270 624398.5623251059 4314643.96997902
1342 4270 626837.69321438 4314642.156553357
1403 4270 628058.3903874605 4314644.374565778
1525 4270 630500.5408652662 4314643.023140145
1586 4270 631718.414560962 4314643.414591685
1647 4270 632937.2957434296 4314644.1358470125
1708 4270 634157.8756697387 4314644.078653789
1769 4270 635378.7496348872 4314643.530525561
1830 4270 636597.4950144258 4314644.471778823
1891 4270 637817.6169456561 4314644.364506735
1952 4270 639037.5748616089 4314644.599943065
2013 4270 640257.4142105652 4314644.2554375455
2074 4270 641477.327523803 4314643.983971136
2135 4270 642697.7729952658 4314643.902716286
2196 4270 643917.2068305892 4314643.816559108
2257 4270 645138.1248052819 4314643.438120584
2379 4270 647578.2844657227 4314643.923241689
2440 4270 648798.3355952078 4314643.478493683
2501 4270 650018.6166256645 4314644.235035446
2562 4270 651237.7487575246 4314643.927189993
2623 4270 652457.2353244687 4314643.852439036
2684 4270 653678.5008182536 4314644.169185364
2745 4270 654897.8150858724 4314644.393267196
2806 4270 656119.0046613114 4314642.816301289
2867 4270 657338.1459240038 4314644.120834516
2928 4270 658558.0258260303 4314644.411691395
2989 4270 659778.4919597779 4314644.277783804
3050 4270 660999.0526592094 4314643.804726323
3111 4270 662217.7015404087 4314644.296592609
3172 4270 663437.4050780085 4314644.426652739
3233 4270 664657.588673534 4314642.955833351
61 4331 601218.572650238 4313423.663583774
122 4331 602438.330783464 4313424.853073717
183 4331 603661.2680112494 4313423.999411361
244 4331 604878.0540180763 4313424.403136991
305 4331 606097.7999270642 4313424.2157758465
366 4331 607317.9406569563 4313424.672499169
427 4331 608537.910049721 4313424.47088
488 4331 609758.3087473215 4313424.452463887
549 4331 610978.4396765763 4313424.645760252
732 4331 614637.7760869096 4313424.555264616
793 4331 615857.7428149572 4313424.362881532
915 4331 618298.2128637752 4313424.841361802
976 4331 619517.7268727222 4313424.060208178
1037 4331 620737.974049003 4313423.9504534565
1098 4331 621961.665687462 4313424.0038706465
1159 4331 623178.6595830963 4313423.737598332
1220 4331 624398.1253239181 4313423.997918336
1281 4331 625618.8222040255 4313423.515869839
1342 4331 626838.6121249843 4313423.423102456
1464 4331 629278.0158768047 4313423.29206457
1525 4331 630501.5011494891 4313423.345062945
1586 4331 631718.4944278888 4313423.592373928
1647 4331 632937.4784895782 4313424.090643066
1708 4331 634158.4089259749 4313423.657112244
1769 4331 635379.1282240566 4313422.710790261
1830 4331 636598.7468478954 4313423.4063916
1891 4331 637818.0984829903 4313423.098430115
1952 4331 639038.1244346232 4313423.450755815
2013 4331 640257.9452014379 4313423.727583289
2074 4331 641477.9621036479 4313423.689313071
2135 4331 642698.0741293912 4313423.707834008
2257 4331 645138.1236249413 4313424.1803729655
2318 4331 646358.2185956873 4313424.215554124
2440 4331 648796.6305131934 4313423.590229017
2562 4331 651237.4318529554 4313423.382748634
2623 4331 652458.2214259343 4313424.175427115
2684 4331 653677.49911132 4313424.411344133
2745 4331 654897.3580905689 4313424.417123751
2806 4331 656118.2381337188 4313424.161216717
2867 4331 657338.8933778451 4313423.415379591
2928 4331 658558.3144300457 4313423.880286414
3111 4331 662217.3602718882 4313424.1048723385
3233 4331 664658.0537015541 4313423.675650295
61 4392 601219.5396294895 4312202.5483814
122 4392 602441.1535650892 4312204.4885425
183 4392 603659.6675314737 4312204.691845582
244 4392 604879.1154450274 4312204.698043704
305 4392 606098.320757965 4312204.788265941
427 4392 608538.2209359966 4312204.517950628
610 4392 612201.1602832818 4312204.591870775
732 4392 614638.006199622 4312204.901383122
793 4392 615857.5833559765 4312204.890626322
915 4392 618297.9724915788 4312204.746138677
976 4392 619517.7975833177 4312203.601212333
1037 4392 620738.3377411608 4312203.859120055
1098 4392 621958.3256219471 4312204.107064483
1159 4392 623178.3884478237 4312204.368460815
1220 4392 624397.88668727 4312204.104567653
1281 4392 625618.6140597116 4312203.940612988
1403 4392 628061.0186433371 4312202.034240739
1464 4392 629279.4558510743 4312202.390452034
1525 4392 630498.373234138 4312203.090601988
1586 4392 631718.7886473322 4312202.637608524
1647 4392 632939.1739145287 4312203.140544667
1708 4392 634158.8305131008 4312203.089055589
1769 4392 635377.8338281412 4312203.405090475
1830 4392 636597.8286497003 4312203.263239692
1891 4392 637816.3197793337 4312203.614295119
1952 4392 639038.6289687664 4312203.325235346
2013 4392 640258.979287129 4312203.235530266
2074 4392 641478.8624047417 4312202.768910988
2135 4392 642698.5957831147 4312203.40337626
2196 4392 643917.258425987 4312204.087076235
2257 4392 645137.5619027563 4312204.080802193
2318 4392 646357.7303350463 4312203.618008604
2379 4392 647578.0039235714 4312204.0192463165
2440 4392 648798.5382400668 4312203.492853659
2501 4392 650017.8454988652 4312203.483123009
2562 4392 651241.4399561761 4312203.33748942
2623 4392 652457.4180988242 4312203.685971093
2684 4392 653677.8049800694 4312203.72212563
2745 4392 654898.0768887777 4312204.162315413
2806 4392 656116.4273194119 4312203.890273782
2867 4392 657338.3059255354 4312204.000523626
3050 4392 660997.4933972151 4312204.034695638
3111 4392 662218.1055887743 4312203.457890876
122 4453 602441.0068931284 4310982.416851275
183 4453 603658.819737841 4310984.7111962885
366 4453 607319.0224515804 4310984.793315881
427 4453 608538.1568965344 4310984.722446198
488 4453 609760.9464835181 4310984.796831343
610 4453 612199.791360762 4310984.894747822
671 4453 613419.28718198 4310985.91962025
854 4453 617079.0052946855 4310983.757206626
915 4453 618298.465940578 4310984.883955496
1037 4453 620737.8635433862 4310984.601744917
1220 4453 624398.7719666897 4310984.70670658
1281 4453 625617.8211826767 4310982.677979442
1342 4453 626837.965726637 4310984.012417506
1403 4453 628058.5485829598 4310982.759569363
1464 4453 629278.4684318046 4310983.123825775
1525 4453 630497.9039746587 4310983.495157047
1586 4453 631719.4940338804 4310983.055763314
1708 4453 634158.8052230603 4310982.910778133
1830 4453 636599.0336059297 4310983.317379226
1952 4453 639038.4363839821 4310982.995480349
2013 4453 640258.1068256085 4310983.333381872
2074 4453 641478.1056660335 4310982.973577832
2135 4453 642698.1307376418 4310983.467127099
2196 4453 643918.2064195842 4310984.040978267
2257 4453 645138.2328446447 4310983.569297862
2318 4453 646360.7185909642 4310983.491180114
2379 4453 647578.6172619022 4310983.18294169
2440 4453 648798.1828128885 4310983.467032129
2623 4453 652457.8952093368 4310984.190096432
2684 4453 653676.881267555 4310984.332259679
2745 4453 654897.4585727459 4310983.107688589
2806 4453 656118.7893548094 4310983.860063845
2867 4453 657337.3955016362 4310983.9394218195
2989 4453 659778.0492315367 4310984.834184796
3050 4453 660997.8184365092 4310984.873597247
305 4514 606098.9288802528 4309764.7019327665
366 4514 607318.828647938 4309764.913924908
427 4514 608538.7445419455 4309764.819379909
610 4514 612197.9983508572 4309764.5506374445
671 4514 613421.2072885024 4309764.952605777
732 4514 614638.518314962 4309764.39362031
793 4514 615859.049886206 4309763.342957451
976 4514 619519.2452634173 4309764.05729183
1098 4514 621958.0272635695 4309764.585285836
1159 4514 623177.76554456 4309764.051961272
1220 4514 624397.1017788531 4309764.275166545
1281 4514 625620.6293789151 4309763.333383862
1342 4514 626837.5457096761 4309762.586322349
1464 4514 629278.3674781914 4309763.49207152
1525 4514 630498.0163463225 4309762.623882087
1586 4514 631717.5274248909 4309763.204015625
1647 4514 632938.4206198301 4309763.177205054
1708 4514 634157.4225925383 4309763.544977618
1830 4514 636597.8004015229 4309763.305577958
1891 4514 637818.8910268357 4309762.825324103
2013 4514 640258.155273334 4309763.170820574
2074 4514 641477.83409066 4309763.757634427
2135 4514 642700.8527163306 4309762.284627084
2196 4514 643919.192044961 4309763.404068465
2257 4514 645137.9773550021 4309763.070834486
2318 4514 646360.4880936218 4309762.776533023
2379 4514 647581.2857486117 4309763.863368683
2562 4514 651237.8954547166 4309764.7042947
2684 4514 653677.6508787116 4309764.900965339
305 4575 606098.5446927678 4308544.641908025
366 4575 607318.4401839344 4308543.017358949
488 4575 609758.2753145727 4308544.61463546
549 4575 610980.2489345771 4308544.846962645
671 4575 613417.6438366226 4308544.52422553
854 4575 617077.6955300343 4308544.296860151
976 4575 619521.25214175 4308544.455362103
1037 4575 620739.577454166 4308544.437812331
1098 4575 621958.308522831 4308544.262603021
1159 4575 623177.7412039076 4308543.910402453
1220 4575 624398.6591332145 4308544.551915632
1281 4575 625617.9606146769 4308543.215637119
1403 4575 628057.3455147208 4308543.328873027
1464 4575 629278.2182401204 4308543.806076113
1525 4575 630498.0581979472 4308542.716623865
1586 4575 631718.333467396 4308543.438603754
1647 4575 632938.21784247 4308543.483516167
1708 4575 634158.8807560336 4308542.777702763
1830 4575 636598.5494123176 4308543.143796819
1952 4575 639038.2582634143 4308543.621554418
2074 4575 641478.1286259571 4308543.415831424
2196 4575 643921.2071146832 4308543.37597849
2318 4575 646360.6882624022 4308543.612462774
2562 4575 651238.2612724645 4308544.326465012
2623 4575 652458.6928159074 4308544.503104415
2684 4575 653678.2988392531 4308545.520837275
2806 4575 656118.1077701944 4308545.429358394
2867 4575 657338.7862812924 4308544.746279094
427 4636 608536.4593581571 4307324.073975213
610 4636 612197.8153689948 4307324.294777712
671 4636 613418.0282283818 4307323.526230871
793 4636 615861.900978868 4307323.468936626
854 4636 617077.8684466761 4307323.590410743
915 4636 618297.6071296028 4307324.1227745935
1098 4636 621956.8591714787 4307324.616444393
1220 4636 624398.14553977 4307323.683820864
1342 4636 626838.4065532412 4307322.514410099
1403 4636 628058.0408240077 4307323.617489738
1525 4636 630498.6713529328 4307322.72336959
1586 4636 631718.2189053938 4307323.426035552
1647 4636 632937.6726436302 4307324.034393603
1708 4636 634158.5563966944 4307323.205348793
1769 4636 635378.0885947105 4307323.80961219
1830 4636 636597.7307494765 4307323.110435368
1952 4636 639038.90859587 4307323.686683608
2013 4636 640258.5190870825 4307322.918215818
2135 4636 642701.6807127849 4307323.725037182
2257 4636 645138.2621361086 4307324.323747159
2318 4636 646361.2121805493 4307323.352189018
2440 4636 648797.5349578817 4307323.82989386
2623 4636 652457.9723200285 4307324.525789943
2684 4636 653681.5174026531 4307324.162725684
305 4697 606098.7348786594 4306103.13145241
366 4697 607316.3412658277 4306103.796532869
793 4697 615856.8384931353 4306103.626713499
915 4697 618299.0607577176 4306103.799065169
976 4697 619518.8145989066 4306104.168507926
1037 4697 620741.3826749313 4306103.965316912
1098 4697 621957.119715714 4306103.677576717
1159 4697 623181.1246520634 4306104.861580088
1220 4697 624398.3399921174 4306103.303734293
1281 4697 625617.9071077324 4306103.331029851
1403 4697 628058.0438385343 4306103.340506826
1464 4697 629279.2023761298 4306103.296077394
1525 4697 630498.9748535216 4306102.985392455
1586 4697 631719.2874698024 4306102.915140139
1708 4697 634158.3230577073 4306102.752617537
1769 4697 635377.939542142 4306104.126539315
1830 4697 636598.3890878718 4306103.894254133
2013 4697 640258.201213038 4306103.820513296
2074 4697 641478.1516390037 4306103.951112353
2135 4697 642698.1770643317 4306104.933936197
2196 4697 643918.6680527345 4306103.259534579
2562 4697 651239.141461671 4306106.592874932
2623 4697 652458.9320469322 4306103.937759977
366 4758 607317.7880792578 4304884.813394305
549 4758 610976.6719232893 4304884.406152633
671 4758 613416.6329270606 4304884.197801548
732 4758 614637.628184242 4304884.047617809
793 4758 615857.394315106 4304883.823563854
915 4758 618297.5222370245 4304883.8855576
1037 4758 620738.1670023442 4304884.116586835
1098 4758 621958.8022755727 4304883.23360572
1159 4758 623179.0103602974 4304884.647531891
1220 4758 624398.3555323562 4304883.592555036
1281 4758 625618.6822126725 4304883.339560222
1342 4758 626838.7008649992 4304883.840533396
1403 4758 628059.1406421843 4304883.552962069
1464 4758 629278.745208606 4304883.755944283
1525 4758 630501.1313752178 4304883.908819952
1708 4758 634158.730798675 4304882.912333498
1769 4758 635378.9330299528 4304883.210344875
1830 4758 636598.6596878453 4304883.199228632
1891 4758 637818.5046859885 4304884.399105555
1952 4758 639036.3573840699 4304884.197613409
2013 4758 640258.1612668947 4304883.632591594
2074 4758 641477.4963217116 4304884.182384821
2135 4758 642698.0826436804 4304883.545342498
2196 4758 643919.3534666407 4304883.507303227
2379 4758 647578.4090235754 4304884.509042979
2501 4758 650019.4762841477 4304885.817122062
366 4819 607318.0331140697 4303664.046302709
549 4819 610977.8171603752 4303664.05322811
610 4819 612198.2413919551 4303664.280811694
671 4819 613418.5273690281 4303663.642927475
732 4819 614638.0138338823 4303663.886698377
793 4819 615858.355047059 4303664.843998807
854 4819 617077.7408151574 4303664.770831415
976 4819 619516.8606804973 4303664.304593186
1037 4819 620741.2820166991 4303664.287210435
1098 4819 621957.3149844662 4303663.614813812
1159 4819 623178.2162398282 4303663.326531924
1220 4819 624400.8232424322 4303663.792439778
1281 4819 625618.3457481775 4303664.262720978
1403 4819 628058.4323232907 4303663.407631271
1464 4819 629278.7468864567 4303663.721392691
1525 4819 630498.2856110898 4303663.077831597
1586 4819 631720.981568968 4303663.074741127
1708 4819 634157.7530481896 4303662.236524221
1830 4819 636598.4310568798 4303663.202197844
1891 4819 637817.3602221017 4303663.300098871
1952 4819 639038.4047473287 4303663.908513975
2135 4819 642699.1323924512 4303663.164975195
2318 4819 646358.4307897955 4303664.73522191
488 4880 609760.5228927427 4302441.787140164
549 4880 610977.2177391096 4302444.249337638
671 4880 613417.8545091347 4302443.400999369
732 4880 614638.6189080395 4302443.344049687
793 4880 615858.960448215 4302443.428783183
854 4880 617079.0796174 4302443.590286603
976 4880 619518.2028473725 4302444.077831857
1037 4880 620739.0137503912 4302442.699561651
1098 4880 621958.3495982686 4302444.509096823
1159 4880 623177.7264992167 4302444.410616007
1220 4880 624397.1688176848 4302444.29241227
1342 4880 626838.680493656 4302444.362459862
1403 4880 628058.6886170075 4302444.025156158
1464 4880 629278.2812639743 4302444.313062854
1586 4880 631721.7007243115 4302443.924532598
1952 4880 639040.819603346 4302444.107448458
2135 4880 642697.683539735 4302443.641668454
2196 4880 643921.4178461698 4302443.8340617465
2318 4880 646360.8448077451 4302443.438088067
549 4941 610977.7288846796 4301222.658789844
610 4941 612197.7659531621 4301223.605043017
671 4941 613417.9953826037 4301223.672185515
732 4941 614638.860954383 4301223.910675776
793 4941 615857.8836706612 4301223.929718364
854 4941 617077.897083513 4301223.621058354
915 4941 618297.2433847474 4301223.557934377
976 4941 619517.6790987978 4301224.092233841
1037 4941 620738.4282857218 4301223.240159653
1098 4941 621958.3058347859 4301223.823532285
1159 4941 623179.7204944552 4301224.38138513
1342 4941 626837.6811836011 4301224.492866169
1403 4941 628057.5859580132 4301224.367734893
1464 4941 629277.5419464819 4301223.740381963
1586 4941 631716.3130749313 4301222.582936618
1708 4941 634159.3521133622 4301222.623448867
1769 4941 635378.8083812501 4301222.728118461
1952 4941 639041.032500463 4301223.888187583
2013 4941 640261.5473841347 4301223.160128279
2074 4941 641479.0696182139 4301223.412794272
2135 4941 642701.5393958038 4301223.713568203
2196 4941 643921.5817038349 4301223.280200959
305 5002 606097.3056552688 4300003.738050472
427 5002 608538.9413914281 4300003.551164367
488 5002 609759.2623979121 4300003.681682235
549 5002 610981.1471632085 4300003.707515809
610 5002 612197.3310406182 4300002.95409618
671 5002 613417.4550358144 4300003.747119411
732 5002 614637.1636085334 4300003.67323172
793 5002 615858.8839930688 4300004.336888418
854 5002 617078.740124401 4300003.937202971
915 5002 618297.8156558067 4300004.101470543
976 5002 619517.3177638456 4300004.076690692
1037 5002 620738.8422497874 4300003.998405112
1098 5002 621957.8921772056 4300004.51774489
1159 5002 623180.5371688445 4300004.245429356
1220 5002 624400.7310686111 4300002.767380137
1281 5002 625620.8777569504 4300004.664735655
1403 5002 628058.7887489015 4300003.2307275655
1464 5002 629278.7370187419 4300003.8345025275
1525 5002 630498.7964004198 4300003.544424372
1586 5002 631718.1195470309 4300004.11063637
1647 5002 632938.5719584742 4300003.699026888
1708 5002 634157.5811604633 4300003.5671449965
1769 5002 635378.0054487812 4300003.849859255
1830 5002 636597.4966240592 4300004.581475527
1952 5002 639038.6661979728 4300002.07648973
2013 5002 640261.0169157493 4300003.431784424
2074 5002 641479.1352227166 4300003.455314574
549 5063 610978.1369709393 4298783.937037948
610 5063 612198.544033272 4298783.826797465
671 5063 613421.0824751134 4298784.364470296
732 5063 614640.7785859286 4298784.129864583
793 5063 615858.2003817412 4298784.199813959
976 5063 619518.5073212069 4298783.702155355
1098 5063 621957.2697887212 4298784.226752063
1159 5063 623177.6921253371 4298784.597945612
1464 5063 629279.1347103756 4298784.23075416
1525 5063 630498.6845369618 4298784.486238282
1586 5063 631717.7200339742 4298784.144676709
1647 5063 632938.358456499 4298783.86401335
1708 5063 634158.3446565932 4298783.496508616
1769 5063 635377.8585679446 4298784.192972096
1830 5063 636597.555021236 4298783.415692222
1891 5063 637818.955072851 4298783.203514129
1952 5063 639038.7581108416 4298784.281612576
2013 5063 640257.3302965413 4298784.918419657
366 5124 607317.5958144993 4297564.05921341
427 5124 608541.8457987253 4297563.34429745
549 5124 610978.2017063514 4297563.387887246
610 5124 612197.6860004934 4297563.71111236
671 5124 613417.8417878222 4297563.472849968
732 5124 614641.7458224652 4297564.169383396
854 5124 617078.8748294887 4297564.708158848
915 5124 618301.7470986774 4297564.093202851
976 5124 619520.7621648407 4297564.422022367
1037 5124 620739.6936000187 4297563.844924877
1098 5124 621961.2549283833 4297563.923490093
1159 5124 623178.8611291794 4297563.329207625
1220 5124 624400.7012158296 4297563.818602638
1281 5124 625618.9517395009 4297564.08169378
1464 5124 629278.1783960813 4297564.220028139
1525 5124 630498.8064853915 4297563.802837294
1586 5124 631719.1725382042 4297563.969924688
1647 5124 632938.1607421438 4297563.48219308
1708 5124 634159.6475409849 4297564.433797849
1769 5124 635378.9934796899 4297564.465765631
1830 5124 636601.6926646472 4297563.420538947
1891 5124 637818.1351913309 4297563.976154263
488 5185 609758.5057810228 4296343.034015215
549 5185 610978.2561497893 4296343.832449432
610 5185 612198.306368737 4296343.252002087
671 5185 613421.2937795548 4296344.6289813025
793 5185 615858.2681815864 4296343.570091535
854 5185 617077.7931883885 4296343.245535384
915 5185 618301.624075926 4296343.2622844465
1159 5185 623180.5157948139 4296344.122281571
1281 5185 625618.6782394694 4296343.083260838
1342 5185 626838.582243268 4296344.318179703
1464 5185 629280.1450564716 4296342.75412903
1586 5185 631718.4734993856 4296343.096430604
1647 5185 632937.6496320821 4296343.747475461
1708 5185 634158.6282948283 4296344.336333742
1769 5185 635377.4141651273 4296344.967145493
1830 5185 636599.0533525997 4296343.7189261755
1891 5185 637818.7022920712 4296344.246576178
366 5246 607321.4591634838 4295124.389913816
488 5246 609758.6777315695 4295124.123698492
549 5246 610980.6860363048 4295123.713323712
610 5246 612201.0456461703 4295123.657242918
671 5246 613420.7033231742 4295123.946289483
732 5246 614639.2187877365 4295123.435284286
793 5246 615857.5548138735 4295124.134589501
854 5246 617081.454034149 4295123.038396008
1159 5246 623178.4057742589 4295123.276490716
1342 5246 626841.142589186 4295123.870690047
1525 5246 630499.1504827727 4295124.5292476695
1586 5246 631718.1188882209 4295123.752139867
1647 5246 632938.8143015173 4295123.879443364
1708 5246 634160.7294456664 4295123.3411238445
1769 5246 635379.2004882153 4295124.336108254
427 5307 608538.330367853 4293904.310430288
488 5307 609758.5675662117 4293903.935487818
610 5307 612198.3109142677 4293904.373251627
671 5307 613418.0202197001 4293903.8656480415
854 5307 617077.4193338972 4293902.58675908
915 5307 618298.8280433577 4293902.718808292
976 5307 619521.1348094165 4293903.495151226
1037 5307 620737.8068529561 4293903.236977208
1098 5307 621956.9872807723 4293904.298224644
1220 5307 624396.8255749475 4293903.165302092
1281 5307 625618.1857259359 4293903.454763184
1342 5307 626840.2134274561 4293904.107427553
1525 5307 630498.6726603743 4293904.020156141
1586 5307 631718.3229301139 4293904.513330384
1647 5307 632938.6835401686 4293904.489457333
1708 5307 634157.9131664055 4293904.685725769
1769 5307 635378.4018980028 4293904.197954224
305 5368 606100.7911677277 4292684.831746272
366 5368 607318.5879919949 4292684.645937715
427 5368 608538.9408081544 4292684.524647136
488 5368 609758.6542129618 4292684.64830935
549 5368 610978.3875047028 4292684.486652248
610 5368 612198.5305301147 4292684.546368143
671 5368 613418.8518308657 4292684.550884778
732 5368 614638.548157223 4292684.670206627
793 5368 615859.3036345748 4292683.803939692
1159 5368 623177.4646855321 4292684.906652058
1220 5368 624398.2095744897 4292684.841137985
1281 5368 625617.5122311438 4292683.983857847
1342 5368 626838.3326593514 4292684.606520215
1403 5368 628058.460143249 4292684.103724561
1525 5368 630500.7642275591 4292683.108790507
1586 5368 631718.8874931093 4292682.946040719
1647 5368 632940.8615151607 4292683.28654991
1708 5368 634158.911454938 4292683.661252756
305 5429 606098.940110813 4291464.46687587
366 5429 607318.75015135 4291464.968045099
427 5429 608538.8340551141 4291464.13112749
488 5429 609758.2285358501 4291464.270739435
549 5429 610978.7077834631 4291464.712654823
610 5429 612198.128107336 4291464.533660073
671 5429 613417.8362278949 4291464.314068648
732 5429 614638.6421710636 4291464.816239675
915 5429 618301.0139459567 4291464.086206257
976 5429 619519.1976141941 4291463.156970792
1220 5429 624398.187723844 4291464.875606177
1342 5429 626838.2051374583 4291464.523445072
1403 5429 628057.7179033608 4291464.18013018
1464 5429 629277.8172024405 4291464.440209743
1525 5429 630498.0626286987 4291464.189447311
1647 5429 632937.7527470104 4291464.603345081
1708 5429 634158.1947148415 4291464.644073346
1769 5429 635379.1079285727 4291464.593963193
1403 5490 628058.0176794516 4290243.083237299
