732 0 507301.98625414656 4400038.736141271
122 122 501201.8489696943 4398819.066504412
244 122 502422.46326178964 4398819.296245441
488 122 504861.71720266767 4398820.72298627
610 122 506081.19350818323 4398821.534508642
1098 122 510962.17494577775 4398819.214031429
1464 122 514622.06407806743 4398818.57458786
1708 122 517061.9429965045 4398818.819273253
1830 122 518281.4173112436 4398819.563242241
122 244 501201.809298905 4397599.192267153
1098 244 510962.02024162177 4397601.387916852
1464 244 514622.2040631245 4397601.630814425
1708 244 517060.8640771955 4397601.629385464
2074 244 520721.7643828396 4397601.104569219
0 366 499980.0126949579 4396380.021397743
122 366 501201.69068035344 4396378.536819247
854 366 508521.49406391743 4396379.1353747295
1586 366 515841.0602170527 4396379.12327458
1952 366 519500.5040105094 4396380.472893772
2074 366 520720.7270756346 4396379.708924397
2196 366 521940.7164099693 4396379.711395765
2318 366 523160.84190924064 4396380.936066262
2074 488 520722.09433889494 4395160.546715288
122 610 501201.5754522235 4393941.171565276
366 610 503642.18085924914 4393938.268563084
1586 610 515842.14118696237 4393939.4490344925
1708 610 517062.0657466822 4393941.308298856
244 732 502421.6751572575 4392718.8193188775
122 854 501201.1050912828 4391498.7455187375
1830 854 518280.882629245 4391500.802277117
854 976 508521.87886210205 4390279.711774473
1220 976 512181.0033892235 4390280.501153064
122 1098 501201.8246025455 4389059.739863108
854 1098 508520.778649714 4389058.895640579
976 1098 509742.32448560355 4389059.037613739
1220 1098 512181.3138390628 4389059.658966834
1342 1098 513401.29433938913 4389059.013963517
122 1220 501201.75160282827 4387839.086936944
366 1220 503641.0548308814 4387839.831531192
488 1220 504862.139393682 4387840.69296833
854 1220 508521.48828885844 4387841.065821171
1220 1220 512182.2644322192 4387838.764333295
1464 1220 514620.5794420121 4387839.63444485
244 1342 502422.6399481146 4386618.421316667
366 1342 503642.64385306876 4386618.8304589465
488 1342 504862.0316154669 4386620.935613905
1464 1342 514620.9883159904 4386621.9086855715
122 1464 501201.55607150553 4385401.053731512
488 1464 504861.8871875287 4385401.77537915
610 1464 506082.60118385684 4385399.4398734905
244 1586 502422.18342683103 4384181.8882491635
732 1586 507301.1387235601 4384181.027848562
976 1586 509741.68356036267 4384181.719292003
1830 1586 518280.93518105324 4384180.543536069
2074 1586 520720.90426471457 4384180.403443486
244 1830 502422.2078888996 4381738.912470604
610 1830 506082.4238628206 4381739.723625623
488 1952 504861.71014743566 4380519.214905759
610 1952 506081.2898363806 4380518.887406838
1586 1952 515842.3590986661 4380521.6260723295
1952 1952 519502.23666933476 4380521.929006027
4880 1952 548781.6776358183 4380521.284081718
122 2074 501201.11980917596 4379301.695571612
244 2074 502422.8832903015 4379301.892252654
1220 2074 512181.4438066477 4379300.708711749
1708 2074 517061.9198204605 4379301.589438698
2074 2074 520721.6008381047 4379302.247507848
2196 2074 521940.86110591254 4379301.943764223
4270 2074 542681.4679367344 4379301.261315108
4758 2074 547562.0566154114 4379301.155843164
122 2196 501202.18967496 4378079.583380521
488 2196 504861.437609394 4378080.536880263
1708 2196 517061.6073398765 4378080.876289236
2196 2196 521940.910083754 4378081.561550807
2318 2196 523161.4145123465 4378081.806117688
3172 2196 531701.4985953667 4378080.925996538
3416 2196 534141.3263556792 4378081.287749953
3538 2196 535361.3866454964 4378081.390225178
4026 2196 540241.4506628464 4378081.251897695
4270 2196 542681.1520412904 4378080.791229702
4514 2196 545121.9795167969 4378080.92602399
4636 2196 546341.4035648279 4378081.009560631
4880 2196 548782.2765124568 4378081.089101707
244 2318 502420.7562692037 4376860.923632098
366 2318 503640.831114963 4376860.572901285
2074 2318 520721.84541552863 4376861.405413579
2318 2318 523160.99665369873 4376861.3394648265
2440 2318 524381.4749690548 4376861.228068381
2684 2318 526821.6817235916 4376861.716902349
3050 2318 530480.988921934 4376861.0297144605
3172 2318 531701.8759732567 4376861.629430713
3416 2318 534141.5823979038 4376861.273148625
3538 2318 535361.6108492851 4376861.19642416
3782 2318 537801.9550286196 4376860.843243386
3904 2318 539021.9875226055 4376860.622323815
4026 2318 540241.8215472596 4376860.5429617595
4148 2318 541461.4369291754 4376860.649811417
4270 2318 542681.0959654425 4376860.964645887
4392 2318 543901.0260900974 4376860.55210827
4514 2318 545121.5583141954 4376860.980620212
4636 2318 546341.3661701253 4376860.828708995
5002 2318 550001.671862969 4376862.204609284
244 2440 502421.78472294484 4375640.360365211
610 2440 506082.8227266549 4375641.607542355
1342 2440 513402.3223206824 4375641.528929934
1830 2440 518280.65837195655 4375639.577884078
1952 2440 519500.9706620165 4375640.399858126
2074 2440 520722.0784049197 4375639.357466335
2196 2440 521942.5016044997 4375641.833516989
2318 2440 523161.92543406086 4375641.244802595
2440 2440 524381.3867059536 4375640.6713709915
2562 2440 525600.8744625481 4375640.727510819
2684 2440 526821.0774656804 4375641.077372306
2806 2440 528041.0714568908 4375641.490714436
3050 2440 530482.1795400528 4375641.752787917
3172 2440 531701.7059577001 4375641.1001145085
3660 2440 536581.1179864536 4375640.441846747
3782 2440 537801.5818336789 4375640.902500386
4026 2440 540242.0381978914 4375640.639026461
4148 2440 541461.8485107212 4375641.080596062
4270 2440 542682.0949511656 4375641.181946731
4392 2440 543902.0020558251 4375641.309796582
4514 2440 545122.0233198588 4375640.876946084
4636 2440 546341.6761468446 4375640.907204051
244 2562 502421.6940902505 4374418.620587057
488 2562 504861.75337434263 4374419.263242074
732 2562 507302.15589321905 4374421.907559981
854 2562 508520.73044982966 4374421.140788249
1220 2562 512181.7981281448 4374421.583035618
1586 2562 515842.03222545894 4374421.406966682
1708 2562 517061.7457760813 4374421.627778812
1830 2562 518281.45456383226 4374421.399191677
1952 2562 519501.22623463394 4374421.565020515
2074 2562 520720.9878165463 4374420.726128424
2318 2562 523161.4610157839 4374420.276966617
2684 2562 526822.0390142831 4374421.331337807
2806 2562 528041.8967752492 4374421.143389827
2928 2562 529261.5084672386 4374421.372049305
3050 2562 530481.5454700211 4374421.348381197
3172 2562 531701.857507103 4374421.504883754
3782 2562 537802.4435070963 4374420.987694456
3904 2562 539022.6464852982 4374421.134984916
4026 2562 540242.3828023068 4374421.246936732
4270 2562 542681.4886691184 4374421.020924627
4636 2562 546341.983287696 4374421.519292459
4758 2562 547562.0989476101 4374421.938915867
122 2684 501201.41348730645 4373199.140229077
244 2684 502421.5595765451 4373198.691673095
1464 2684 514620.77865251224 4373201.728698747
1586 2684 515841.4040468154 4373201.989846949
1708 2684 517061.2659193857 4373201.910893832
1830 2684 518281.05799105874 4373201.257737603
1952 2684 519500.9235795616 4373200.864958665
2440 2684 524380.8776219024 4373200.540498263
2562 2684 525601.3543078629 4373200.670708479
2684 2684 526821.6682234651 4373201.0184105355
3050 2684 530481.7663894999 4373201.877876056
3294 2684 532922.1010040534 4373200.562015436
3904 2684 539022.2864213104 4373201.553947784
4026 2684 540241.669402837 4373201.908629956
4148 2684 541461.5744852603 4373201.788936641
4270 2684 542682.2127528621 4373201.779681107
4392 2684 543902.3422829111 4373201.638969217
244 2806 502421.46055375127 4371981.281405395
366 2806 503641.1439031007 4371978.990033522
488 2806 504861.5464925028 4371979.605125524
732 2806 507301.8689463207 4371981.142600649
854 2806 508520.23028694507 4371981.323965015
1464 2806 514620.90673625213 4371981.221886248
1586 2806 515841.09974608413 4371980.927055226
1708 2806 517060.93524044997 4371981.890714485
2074 2806 520721.3058166624 4371981.129666102
2196 2806 521941.37895752385 4371980.819377365
2440 2806 524381.1812897224 4371980.7613943815
2806 2806 528041.1232465422 4371980.716434913
976 2928 509741.58230049786 4370760.862848097
1098 2928 510960.79243963247 4370760.7178322775
1220 2928 512181.3193975951 4370759.544384651
1464 2928 514620.70088512654 4370760.92753666
1586 2928 515840.9378339131 4370760.554691279
1830 2928 518282.33630658936 4370761.729695763
2196 2928 521941.6644181182 4370761.6984517025
2684 2928 526821.8628831555 4370760.512870747
2806 2928 528041.2587749577 4370760.71202095
2928 2928 529261.5757620714 4370761.731286826
3294 2928 532921.5158930705 4370760.892560427
3416 2928 534141.3957228662 4370761.136106911
3538 2928 535361.7883591874 4370761.279790413
3660 2928 536582.4030499907 4370761.391967405
3904 2928 539022.1905155441 4370761.234226007
4026 2928 540241.8695488351 4370761.786273687
4148 2928 541462.4232863358 4370761.506946704
4392 2928 543901.64633468 4370761.819223171
4636 2928 546342.2684994636 4370761.886309057
244 3050 502420.25148941413 4369541.482426322
366 3050 503640.82540164905 4369540.223839301
488 3050 504861.3034696313 4369540.928756175
1220 3050 512180.8671565548 4369541.780751322
1342 3050 513401.03831224085 4369540.443075699
1586 3050 515841.08948566683 4369540.48597569
1708 3050 517061.7685272477 4369541.4465661505
2318 3050 523162.6950692289 4369542.109337888
2684 3050 526822.6542928102 4369541.361867095
2806 3050 528042.6070168451 4369541.734855272
2928 3050 529262.2446632579 4369541.822771673
3050 3050 530481.5791817263 4369541.3237866
3416 3050 534141.6734426471 4369540.962351761
3782 3050 537801.7745790533 4369541.83722898
3904 3050 539021.5116083913 4369541.743247081
4026 3050 540242.2148928317 4369541.832655955
4270 3050 542682.474266293 4369541.982323178
4392 3050 543901.7582364352 4369542.370721899
4514 3050 545121.6408897374 4369541.928590185
5002 3050 550002.2022802113 4369541.320766892
244 3172 502421.2597369001 4368319.530585325
366 3172 503641.4087276498 4368319.814169708
1220 3172 512181.3905028741 4368321.523182918
1586 3172 515840.5860991782 4368320.7417998165
1708 3172 517061.05689116614 4368320.6177591765
1830 3172 518281.3619215316 4368320.742441963
1952 3172 519501.9936852477 4368320.989200448
2196 3172 521942.3361952921 4368321.687724876
2806 3172 528042.1713256757 4368321.423068025
2928 3172 529261.8129071062 4368321.256741968
3172 3172 531701.9297069886 4368321.023735879
3294 3172 532922.1102790253 4368321.335549578
3416 3172 534141.8629484273 4368321.148969201
3538 3172 535361.6012284205 4368321.585475826
3782 3172 537802.878228803 4368321.851927975
3904 3172 539022.241767071 4368322.030609796
4026 3172 540242.1663217195 4368322.021780118
4148 3172 541461.810380455 4368321.426052839
4392 3172 543901.4827150889 4368321.95927083
488 3294 504861.42710787803 4367099.539845573
732 3294 507302.2043501789 4367101.250895511
1342 3294 513401.10451244854 4367101.652602605
1464 3294 514621.0951687472 4367101.465799188
1586 3294 515841.09169027203 4367101.324518947
1708 3294 517061.0997482337 4367100.942425553
1830 3294 518281.14404112875 4367099.514427692
2074 3294 520721.55840101663 4367100.738812818
2928 3294 529261.4155379451 4367101.888342471
3050 3294 530482.5125311089 4367100.440386496
3172 3294 531702.3887734527 4367101.431722329
3294 3294 532922.6878193428 4367101.188218152
3416 3294 534142.3147043725 4367101.61994492
3538 3294 535361.5916548602 4367101.772484543
3782 3294 537802.5378762987 4367101.796604116
4148 3294 541461.9912859839 4367101.84397348
244 3416 502422.8520459382 4365880.78712966
610 3416 506081.07450292504 4365880.455754995
976 3416 509741.90592171985 4365881.165269233
1586 3416 515841.1167856819 4365881.861717042
1708 3416 517060.55640819226 4365881.494849174
1830 3416 518280.44391571503 4365881.050505276
2074 3416 520721.3938842199 4365880.266028587
2440 3416 524382.2082983155 4365880.794677509
2562 3416 525602.2191458656 4365881.080060386
2806 3416 528041.9509057873 4365881.106245071
2928 3416 529262.2045901326 4365881.922015165
3050 3416 530481.4772252906 4365880.572839571
3172 3416 531702.2240729718 4365880.744606342
3294 3416 532922.6889911144 4365881.572129026
3416 3416 534142.695380402 4365882.017438879
3660 3416 536582.6580032427 4365882.284314194
4148 3416 541461.4175228225 4365881.708975862
488 3538 504861.2556394619 4364661.592010278
854 3538 508520.98473710445 4364660.382223326
1464 3538 514622.3146939121 4364662.030971578
1586 3538 515841.9402068778 4364661.31878005
1708 3538 517061.64979816193 4364661.8253093315
1830 3538 518281.52363239066 4364661.179100825
1952 3538 519500.7826120119 4364661.019141457
2196 3538 521940.9386002272 4364660.3572268365
2440 3538 524382.5588087125 4364660.916543012
2562 3538 525602.5427804755 4364660.959021597
2684 3538 526822.5120977745 4364661.20457394
2928 3538 529261.6263202277 4364661.039706513
3050 3538 530482.0985900129 4364661.056582826
3294 3538 532921.8049505444 4364661.788900321
3660 3538 536582.6106527928 4364661.740846608
3782 3538 537802.1984847728 4364662.187812199
4392 3538 543902.7388975434 4364661.792939806
4636 3538 546341.2170824966 4364660.68949081
610 3660 506081.3995670393 4363440.995126862
976 3660 509740.7091193455 4363440.81194577
1098 3660 510960.97882843483 4363440.525192211
1220 3660 512181.1810208337 4363440.640154275
1342 3660 513401.8741050403 4363440.508504586
1708 3660 517062.7548018611 4363442.210396417
2318 3660 523161.2248222131 4363440.448026087
2440 3660 524381.548384584 4363439.539102873
2562 3660 525602.0345033831 4363440.737425031
3172 3660 531702.690034044 4363442.076100292
3294 3660 532922.0947491406 4363442.123382014
3538 3660 535361.9768341472 4363441.352861376
3782 3660 537802.1349196146 4363442.027280743
3904 3660 539021.8391645877 4363441.933728585
4026 3660 540242.1854778868 4363442.211379689
4148 3660 541462.4895782131 4363441.649862586
4636 3660 546341.441054139 4363441.320667927
4758 3660 547561.8173236079 4363440.937592045
0 3782 499981.8478313529 4362220.614345403
122 3782 501201.5873710024 4362221.532053397
244 3782 502421.8330746953 4362219.086871413
366 3782 503642.06640786794 4362221.402302252
610 3782 506081.2469035873 4362221.48328802
976 3782 509741.1722312657 4362220.417906012
1830 3782 518282.27843770373 4362221.986313601
1952 3782 519502.5700811324 4362221.900972708
2074 3782 520722.1356548484 4362222.150874156
2318 3782 523161.498345606 4362221.306466477
2440 3782 524381.4097710644 4362221.167567637
2562 3782 525601.2277408796 4362220.965880719
2684 3782 526821.340571135 4362221.052414896
2806 3782 528041.9917086387 4362222.391572661
2928 3782 529262.0536801601 4362220.991044518
3050 3782 530481.5632402305 4362221.008767828
3172 3782 531701.6708897887 4362221.196828846
3294 3782 532921.6368755843 4362221.525351841
3416 3782 534142.4053562393 4362221.772609798
3782 3782 537801.8536848517 4362221.927775671
3904 3782 539021.402204864 4362222.000134691
4026 3782 540242.2170186467 4362222.081113211
4148 3782 541461.9181737581 4362222.4987553945
4392 3782 543901.6182569324 4362221.499983539
4636 3782 546342.2296409757 4362220.851193406
4758 3782 547562.1551247411 4362221.208011248
4880 3782 548781.6276143227 4362221.076074903
5002 3782 550001.6013701499 4362221.222665969
5124 3782 551221.315122079 4362221.124638842
244 3904 502420.9349541533 4360999.287132747
854 3904 508522.2749603878 4361001.197750969
1464 3904 514621.8114208408 4360999.834910079
1586 3904 515841.9051818868 4360999.497148373
1708 3904 517062.03846395074 4361000.4503402505
1952 3904 519502.3675833761 4361001.047236145
2074 3904 520722.67504087655 4361001.454377527
2318 3904 523162.5294895951 4361001.856886858
2440 3904 524382.1138201952 4361001.607771478
2562 3904 525602.2766372357 4361001.597597112
2806 3904 528042.0172223782 4361002.208695741
2928 3904 529262.1194723228 4361001.736206178
3050 3904 530482.2513047636 4361001.854338826
3294 3904 532922.8975455654 4361001.762267746
3416 3904 534142.6504398145 4361001.835265846
3660 3904 536581.9797239681 4361001.723773859
4026 3904 540242.2844139697 4361001.683769803
4148 3904 541462.2324683939 4361001.685147521
4636 3904 546342.1569243105 4361000.937013525
4758 3904 547561.6414434003 4361001.438419356
4880 3904 548781.7321238354 4361000.374268907
5002 3904 550002.438013124 4361001.283311639
122 4026 501201.9224495582 4359780.711472985
732 4026 507302.21289349353 4359781.753352391
854 4026 508521.74532787513 4359781.881719666
976 4026 509742.6649384421 4359782.242066124
1830 4026 518282.0369855028 4359780.247852144
1952 4026 519502.39093975746 4359780.697416282
2074 4026 520722.80766668817 4359781.495477115
2196 4026 521942.8385920672 4359781.982324143
2684 4026 526821.1682139698 4359781.292386217
2806 4026 528041.2975637277 4359781.137729772
2928 4026 529262.7366597992 4359781.808344729
3416 4026 534141.3376043558 4359781.723362173
3660 4026 536582.0282680707 4359782.19798142
3782 4026 537802.7590544447 4359782.467909611
4392 4026 543902.628939216 4359781.193389209
4514 4026 545121.7019008319 4359780.526513824
4758 4026 547561.5634750174 4359780.924825396
4880 4026 548782.0043073337 4359781.07190072
5124 4026 551221.9928068318 4359781.236574605
122 4148 501201.4963587221 4358559.0166886095
488 4148 504861.0800034392 4358560.794762671
610 4148 506082.6217807134 4358560.527088646
732 4148 507301.7670541701 4358561.496366805
854 4148 508523.3442759931 4358561.905787834
976 4148 509742.13517101255 4358561.789641888
1464 4148 514621.5159703304 4358562.036930438
1708 4148 517061.24473588436 4358561.507168359
1952 4148 519501.1989704255 4358561.170704055
2074 4148 520721.31750686327 4358560.772308658
2196 4148 521941.97576314857 4358561.267053937
2318 4148 523161.6905709157 4358561.255192574
2562 4148 525601.868914151 4358561.637452363
2684 4148 526821.6995167074 4358561.227464592
2806 4148 528041.5553540534 4358561.380781605
2928 4148 529261.1624847373 4358561.394914737
3050 4148 530481.6574558802 4358561.744058568
3172 4148 531701.4904129852 4358561.815634655
3294 4148 532921.8612814007 4358562.369367756
3416 4148 534142.0720156343 4358562.299478838
3538 4148 535362.6007345248 4358561.967619133
3660 4148 536582.6767166457 4358562.144243672
3782 4148 537802.404183146 4358562.155859494
3904 4148 539021.5673389769 4358561.608708291
4148 4148 541461.6565939875 4358561.915936742
4270 4148 542681.4841018472 4358561.624798565
4392 4148 543901.7204267922 4358561.531748659
4514 4148 545122.3832583348 4358561.150449412
4880 4148 548782.8170784927 4358561.323590311
5002 4148 550002.566910825 4358561.569970053
610 4270 506081.9207723839 4357340.78524188
854 4270 508520.8519598603 4357341.3799684
1220 4270 512182.37370261975 4357341.917848123
1342 4270 513402.36663997837 4357341.284104704
1464 4270 514621.35417533055 4357341.431207689
1708 4270 517061.17194810347 4357341.211992599
1952 4270 519501.1908465653 4357341.375862544
2074 4270 520721.0996466898 4357341.456288833
2318 4270 523161.5587884506 4357340.801066079
2440 4270 524381.3963998471 4357340.592949311
2684 4270 526821.5337163906 4357342.034231769
2928 4270 529261.6333774636 4357341.371723214
3050 4270 530481.3739555168 4357341.254462825
3172 4270 531701.5810720886 4357340.8847049475
3294 4270 532921.640771047 4357341.75992946
3416 4270 534141.9564060739 4357341.80751845
3538 4270 535361.796661665 4357341.607983744
3660 4270 536581.4280007945 4357341.66328798
3782 4270 537801.4789966007 4357341.625791215
3904 4270 539021.4440145917 4357341.5027379785
4514 4270 545120.947346702 4357340.902589799
4636 4270 546341.1838548696 4357341.465224835
4880 4270 548782.4723958534 4357341.280636023
5124 4270 551221.3643578809 4357341.143094613
610 4392 506081.40312306676 4356120.582336038
854 4392 508521.79234120646 4356120.748122261
1708 4392 517062.099832091 4356121.895266419
1952 4392 519501.22935280675 4356121.257614507
2074 4392 520721.5926830298 4356121.447191439
2196 4392 521941.66617814894 4356121.076674124
2440 4392 524381.8001859557 4356121.205399012
2562 4392 525601.642820396 4356121.381003042
2684 4392 526821.2121855489 4356121.601764968
3050 4392 530482.5775725583 4356121.8133831555
3172 4392 531702.1561693213 4356121.8505237065
3416 4392 534141.3770300187 4356121.833615303
3538 4392 535361.6567589659 4356121.513526822
4026 4392 540241.5316893181 4356121.315934428
4148 4392 541461.4912473348 4356120.991094834
4270 4392 542681.0113763367 4356120.68632315
4392 4392 543901.1400746144 4356121.1298467135
4514 4392 545121.4772697431 4356120.467065274
4636 4392 546342.0646985457 4356121.071603072
4758 4392 547561.9242783489 4356120.936344516
366 4514 503640.87429236615 4354900.867265836
610 4514 506081.1807373575 4354901.517840613
732 4514 507301.35647508904 4354900.797542386
1220 4514 512181.5985396391 4354900.549660561
1342 4514 513402.3621713838 4354900.8637057645
2074 4514 520721.8189206582 4354901.909386383
2318 4514 523161.3870220372 4354901.2881749915
2562 4514 525602.5256405162 4354902.927397484
2806 4514 528042.4570266216 4354901.491037359
3294 4514 532922.471692457 4354901.002051242
3416 4514 534142.586436532 4354901.922758718
3782 4514 537801.3330938036 4354901.690016612
3904 4514 539021.3277599041 4354901.497373951
4148 4514 541462.1562610148 4354900.941192948
4392 4514 543902.2605620746 4354900.981638181
4758 4514 547561.7103984766 4354900.828265484
4880 4514 548781.8438022749 4354900.574527761
976 4636 509741.68973315274 4353680.321883778
1464 4636 514621.61203791277 4353679.529466077
1586 4636 515842.04564366647 4353680.928395409
1708 4636 517062.1175208073 4353681.412235245
1830 4636 518282.2828453296 4353681.936066887
1952 4636 519501.7275948003 4353682.137871514
2074 4636 520721.5503327461 4353681.652640315
2318 4636 523162.4750873541 4353681.851007781
2440 4636 524382.3544547441 4353682.3173574
2562 4636 525602.5746009082 4353683.003967107
2684 4636 526822.6529311049 4353681.305392007
3050 4636 530482.6210078085 4353681.5685840715
3294 4636 532921.875095156 4353682.006334598
3538 4636 535361.7375205295 4353682.0307608405
3660 4636 536582.3284226914 4353681.844130831
3782 4636 537802.6772374926 4353682.245729207
4148 4636 541461.3226583876 4353681.9909915505
4270 4636 542681.0868131565 4353681.369088112
4392 4636 543901.3581261991 4353681.198944742
4514 4636 545121.8983284635 4353680.407847631
4758 4636 547562.5070404373 4353680.467534724
4880 4636 548783.049778416 4353681.096811264
1098 4758 510962.33891162643 4352460.997793227
1464 4758 514621.8175310196 4352461.266480919
1952 4758 519502.73922118486 4352461.131491852
2074 4758 520722.5366892895 4352461.328338724
2318 4758 523161.84029456164 4352461.713829325
2440 4758 524381.6593988833 4352461.8230594685
2562 4758 525600.8590801733 4352461.580107789
2928 4758 529262.3584017627 4352461.291951953
3050 4758 530482.6684515944 4352461.555631503
3172 4758 531702.5172189053 4352461.626097872
3294 4758 532923.0920909927 4352461.980209419
3660 4758 536582.6967219231 4352462.276032251
3782 4758 537801.7778037603 4352462.265069196
3904 4758 539021.5002536287 4352462.1174221225
4026 4758 540241.6353875451 4352461.820211639
4148 4758 541462.1178314831 4352461.820579664
4514 4758 545121.3695813561 4352461.342677902
5002 4758 550001.4818019432 4352460.554740862
366 4880 503642.45915288804 4351240.631273733
1220 4880 512181.4050002117 4351241.241077408
1586 4880 515841.4611235409 4351241.964032695
1952 4880 519502.35238298913 4351241.124268124
2074 4880 520722.2386744757 4351240.474421881
2196 4880 521941.9912628736 4351240.434726296
2440 4880 524382.5096164327 4351242.000564455
2562 4880 525601.5352522163 4351242.071006896
2684 4880 526821.5345056909 4351241.468317612
2806 4880 528041.0877701382 4351241.554932056
2928 4880 529261.5273188188 4351241.68432181
3050 4880 530481.4748852634 4351241.485295722
3172 4880 531701.2046882538 4351241.9345543515
3294 4880 532921.7219842464 4351241.397670463
3416 4880 534141.9582017122 4351241.381550447
3660 4880 536582.3812343096 4351242.597134457
3904 4880 539022.6876802642 4351242.694821724
4148 4880 541462.0457817003 4351241.83894114
4270 4880 542681.2836786786 4351241.9525532685
4636 4880 546341.8772785033 4351240.479671773
4758 4880 547562.4302741301 4351241.074173826
4880 4880 548782.1196455224 4351240.921250627
244 5002 502422.22959259554 4350020.738123623
366 5002 503641.7190030019 4350019.474340432
732 5002 507302.98770629836 4350022.3470490705
1830 5002 518281.5978525981 4350021.956007368
2440 5002 524381.8426048828 4350021.894417516
2562 5002 525601.4117565744 4350021.075217549
3050 5002 530481.9359908173 4350021.795991708
3538 5002 535361.5850023434 4350020.984140683
3660 5002 536581.3612764163 4350020.869337767
3782 5002 537801.644506291 4350021.36838751
3904 5002 539022.1019602187 4350021.949971255
4026 5002 540241.9697424725 4350022.387150491
4148 5002 541462.1979806176 4350020.836044912
4270 5002 542681.9182740535 4350021.935357533
4392 5002 543902.0893796955 4350021.263333605
2684 5124 526821.8776471787 4348800.852112635
2806 5124 528042.049733987 4348801.093088712
3050 5124 530482.2318144133 4348802.060193098
3782 5124 537802.594691533 4348801.039303407
3904 5124 539022.5175252696 4348800.868177561
4026 5124 540242.3066122145 4348800.977581703
2928 5246 529261.791996486 4347580.42190738
3050 5246 530482.2826281677 4347581.001449593
3538 5246 535362.6949887904 4347582.242340609
3660 5246 536582.7169888318 4347582.171597292
3172 5368 531700.7209671168 4346360.62788201
