671 0 313422.9002386233 4199998.030288224
549 61 310982.3255933056 4198777.853377614
671 61 313421.8075008475 4198777.558718754
732 61 314642.3287091904 4198777.361056629
793 61 315863.33654448664 4198777.854955513
671 183 313422.257481763 4196337.430277256
732 183 314642.2940661174 4196337.745280433
854 183 317083.32910872536 4196338.055710729
1830 244 336601.8764091729 4195118.402057383
488 366 309761.86025555443 4192677.945219081
549 366 310982.45664846763 4192677.809552134
610 366 312202.97972309974 4192677.52117158
671 366 313422.4280369099 4192678.3177063717
854 366 317082.92437329347 4192677.4280561665
976 366 319522.7438812436 4192678.032797478
1037 366 320743.42572761915 4192677.4886767035
427 427 308542.1929694224 4191457.925591722
488 427 309762.17359175294 4191457.1525991186
549 427 310982.51571997686 4191457.778946464
610 427 312202.6982427766 4191458.0506694913
671 427 313422.76647718623 4191457.3545197165
976 427 319522.01693170634 4191458.074085735
366 488 307322.43252795306 4190237.2983864127
427 488 308542.6811648026 4190237.571126463
488 488 309761.84775869525 4190237.3898890717
549 488 310982.41215281637 4190237.332055901
671 488 313422.8286557767 4190236.8523606425
732 488 314642.7914773165 4190237.4049774697
1647 488 332942.37561395793 4190237.670531816
610 549 312201.7172118539 4189018.364952295
671 549 313422.0096253541 4189017.758114625
244 610 304881.9809577785 4187797.795395201
366 610 307323.1655649318 4187797.7569120107
427 610 308542.9525347865 4187796.90097801
549 610 310981.9288469693 4187798.3242674423
1037 610 320742.0823764196 4187798.3227893366
244 671 304882.0672820484 4186578.3592612566
1098 671 321962.9093595097 4186577.922743409
1098 732 321962.1748657418 4185357.8469142206
1159 732 323182.4407265661 4185357.771757981
1220 732 324402.8889445596 4185356.846680605
1342 732 326841.8482843067 4185357.544645463
1098 793 321962.51161134546 4184137.8323946446
1159 793 323182.8891175685 4184137.2745608147
1220 793 324402.2158794388 4184137.477056671
1281 793 325622.4757261302 4184137.6020004638
1342 793 326842.846215485 4184137.9784632074
1342 854 326842.4659479941 4182917.983403147
1403 854 328062.7477448276 4182918.007227379
1525 854 330501.9676502193 4182918.0829262557
1647 854 332942.05044656934 4182917.869903397
1037 976 320742.03672319924 4180477.6066676825
1098 976 321961.55441674235 4180478.121807931
1220 976 324402.7861455568 4180477.394640594
1342 976 326842.6086290068 4180478.612510387
1037 1037 320742.63086446485 4179257.734823239
1098 1037 321962.72866391914 4179257.673437735
1220 1037 324402.498756004 4179257.843960194
1037 1098 320742.4424688873 4178038.6824250044
1342 1098 326842.51269909693 4178038.4459216045
1403 1098 328062.92318179685 4178038.2010846147
244 1281 304882.1249004586 4174377.2973383814
305 1281 306102.233361544 4174377.397163137
1342 1281 326842.8824300182 4174376.728931132
1403 1281 328063.33121774415 4174378.273238497
2257 1281 345141.9374865784 4174378.5567280063
1464 1342 329282.25219779724 4173157.83642017
2074 1342 341482.28986325674 4173158.517621763
2135 1342 342702.72644451994 4173158.125646147
2196 1342 343921.05439545464 4173157.9279084736
915 1403 318302.2571261366 4171938.196879429
1281 1403 325622.6114079117 4171937.5940322913
1342 1403 326841.7337759564 4171938.205502133
2135 1403 342702.50848918944 4171938.074417364
61 1464 301222.46789314284 4170717.602873994
915 1464 318302.4923665619 4170717.279540294
1342 1464 326842.82962470525 4170718.004381242
2135 1464 342702.01015508967 4170717.966218112
2257 1464 345142.25497301295 4170717.555517312
61 1525 301222.10585993825 4169497.7260143086
122 1525 302442.8311973346 4169497.573079438
305 1525 306102.2951227303 4169497.3062606975
915 1525 318303.10878133867 4169497.519292323
1220 1525 324402.37031000154 4169497.501206124
1525 1525 330502.77708583215 4169497.60963618
2074 1525 341482.40475019306 4169498.178200883
2257 1525 345142.6185643922 4169497.7760625854
183 1586 303662.961443666 4168277.067699573
488 1586 309762.9317586589 4168277.349100014
549 1586 310982.2769140698 4168277.29150498
732 1586 314642.30630218383 4168278.3453103546
1159 1586 323182.65506266285 4168277.6653378066
1220 1586 324402.49090308207 4168278.1036636895
1281 1586 325623.1682256057 4168277.581327752
1342 1586 326842.6598467461 4168278.0903015556
1403 1586 328062.0933322833 4168277.825741736
1525 1586 330502.69694534 4168277.752312285
2257 1586 345142.10937552823 4168277.5605177097
2318 1586 346362.3796213602 4168277.639467637
183 1647 303662.2906536073 4167057.1156624546
488 1647 309762.2277461233 4167057.3363300636
610 1647 312202.7105693638 4167057.8712010393
732 1647 314642.436343006 4167058.3329024147
1281 1647 325623.25678133767 4167057.4578578146
1830 1647 336602.6843260876 4167057.277907676
2013 1647 340261.14577899507 4167057.9129117085
2257 1647 345142.7149682317 4167057.977018683
2318 1647 346362.10836999817 4167058.368241246
122 1708 302442.11301822594 4165837.8460046686
305 1708 306102.47170009965 4165837.5493583092
732 1708 314642.30769551365 4165837.8002537796
976 1708 319522.820924963 4165838.1666815598
1891 1708 337822.6298964548 4165836.9876900725
2196 1708 343922.4552365933 4165837.88654997
2257 1708 345142.3869646563 4165838.421017305
2318 1708 346361.9313655871 4165837.9965617377
122 1769 302442.49107346876 4164617.7692571823
183 1769 303661.71930750617 4164617.70404415
305 1769 306102.1620603592 4164617.507056295
427 1769 308542.666296039 4164617.9415932717
488 1769 309762.8341062479 4164617.0943054687
671 1769 313422.243383532 4164617.17143758
732 1769 314642.55974759907 4164617.909694263
1098 1769 321962.1750613842 4164618.1042527575
1342 1769 326842.3852576398 4164618.2663915437
1464 1769 329282.835695724 4164617.927673362
2013 1769 340262.15314643394 4164617.3966475558
2135 1769 342702.13475134893 4164617.867191732
2196 1769 343922.4539507186 4164618.0377398618
2257 1769 345142.75205038185 4164618.1947784107
2318 1769 346361.938266829 4164617.889033625
427 1830 308542.39179866016 4163397.60656738
610 1830 312202.1927676323 4163397.857995011
732 1830 314643.0184702394 4163397.328378273
915 1830 318302.72775796475 4163397.302875568
1098 1830 321962.6307333484 4163398.0426798556
2074 1830 341483.1106729713 4163397.491197698
2135 1830 342702.6853820981 4163397.973849274
2257 1830 345142.62225457927 4163398.036917882
61 1891 301222.13143755886 4162177.888147358
244 1891 304882.77466332185 4162177.7446388183
366 1891 307322.45637557504 4162178.29070081
427 1891 308542.20277549047 4162177.868135538
549 1891 310981.62557009247 4162178.5157862473
610 1891 312202.6504907228 4162177.735214401
671 1891 313422.7771838535 4162177.746665596
793 1891 315862.0967711582 4162177.550972515
1159 1891 323182.83707054623 4162177.688609887
1525 1891 330502.0377388132 4162177.535350155
1952 1891 339042.4935269373 4162178.0208365154
2074 1891 341482.19783165323 4162178.2468917696
2135 1891 342702.364674906 4162177.7436196096
2196 1891 343922.71390076337 4162177.76761474
2257 1891 345142.3589235453 4162178.21798901
854 1952 317082.84223999165 4160957.801579614
1037 1952 320742.7794031842 4160957.733477626
1159 1952 323182.8961078509 4160958.1821546536
1342 1952 326843.11433722277 4160958.003234864
1403 1952 328062.3871362579 4160957.623768137
1647 1952 332942.5583423377 4160958.2654424505
1952 1952 339042.7117163177 4160957.475413263
2013 1952 340262.61147170374 4160957.3774076914
2074 1952 341482.78565277555 4160957.356941304
2135 1952 342702.5515413038 4160957.1549049346
2196 1952 343922.9303775194 4160957.322817101
2257 1952 345142.2126281688 4160957.8317018226
1159 2013 323182.3152655324 4159738.719280117
1586 2013 331722.4148655388 4159737.151817753
2196 2013 343922.46884253185 4159738.5085399197
1647 2074 332942.2035355625 4158518.2385768937
1830 2074 336602.5431066476 4158517.979840773
1952 2074 339042.71901077137 4158518.109757333
2135 2074 342702.8457785785 4158517.8585666
2196 2074 343921.8561381452 4158518.207712748
1342 2135 326842.76951115066 4157297.961378389
1769 2135 335382.4124623797 4157297.9863821743
1830 2135 336602.4892583817 4157298.2350411303
1891 2135 337822.6966390531 4157298.165715521
1952 2135 339042.4023758888 4157297.918521039
2074 2135 341482.93704929523 4157297.8673755545
2135 2135 342701.7310276538 4157298.364071373
2196 2135 343922.11570327304 4157298.078307867
1281 2196 325622.2407713317 4156077.6001152247
1342 2196 326842.6156148132 4156078.0457380153
1403 2196 328062.0427743165 4156078.1445405018
1464 2196 329282.24535696936 4156078.3427129304
1525 2196 330501.61381224834 4156078.084380104
1708 2196 334163.03206606454 4156077.555322215
1891 2196 337822.80629132234 4156077.898227508
2074 2196 341482.5376017358 4156078.2181093246
2135 2196 342702.6508677771 4156077.4027020223
2196 2196 343922.6438210107 4156077.583032788
1220 2257 324402.7855619545 4154857.8730615275
1281 2257 325622.4759895041 4154857.9614970656
1342 2257 326842.10708989436 4154858.1858712304
1403 2257 328062.411564354 4154858.1636034474
1586 2257 331722.65283282753 4154858.1571410038
1708 2257 334162.131712766 4154858.858707996
1769 2257 335382.5597214788 4154858.152713659
1830 2257 336602.3470640154 4154858.094820651
1952 2257 339042.43345244846 4154858.737097107
2074 2257 341482.46993261663 4154858.019530056
2135 2257 342702.500203802 4154857.7305131555
1281 2318 325622.1739343051 4153638.0768027604
1342 2318 326842.5056836396 4153638.020767401
1525 2318 330502.4785384738 4153636.923073573
1647 2318 332942.67137891694 4153637.987924833
1708 2318 334162.75651772605 4153638.2462374642
1769 2318 335382.392534112 4153637.852499566
1830 2318 336602.0733330955 4153638.2679799404
1891 2318 337822.3774321638 4153638.284570083
1952 2318 339042.4610853839 4153637.575934614
2013 2318 340262.43891964055 4153638.5429085316
2074 2318 341482.45925905 4153638.7127982173
2135 2318 342701.55599192757 4153638.654664892
1281 2379 325622.80459707475 4152418.1864488916
1647 2379 332942.39628695813 4152417.974601661
1830 2379 336602.29292824847 4152417.806462927
1891 2379 337822.3520421637 4152418.419276897
1952 2379 339042.36187742656 4152418.264551772
2013 2379 340262.7331839683 4152417.7756140903
2074 2379 341481.8104329355 4152418.3548968984
1952 2440 339042.78967439895 4151198.2521814657
2013 2440 340262.2363715666 4151198.076209455
2013 2501 340261.9210303134 4149978.467025523
