915 1037 518284.235596378 4479263.692536234
976 1037 519504.04622348526 4479263.123868881
1037 1037 520724.4636766084 4479262.669885703
671 1098 513403.7561828349 4478042.909154476
732 1098 514623.67118707247 4478043.669877186
793 1098 515843.8602549794 4478043.16272294
854 1098 517064.33765050495 4478043.882601927
915 1098 518283.9202802109 4478043.531504924
976 1098 519503.98408609047 4478042.320781811
610 1159 512184.05746537965 4476822.567354743
671 1159 513404.23635825625 4476823.626789235
915 1159 518284.4931456208 4476823.336720413
976 1159 519504.28321189736 4476823.430706875
976 1220 519504.53078224265 4475603.114200119
976 1281 519504.77583716856 4474382.955781457
671 1342 513403.65481989115 4473163.106475873
732 1342 514623.8019606641 4473163.582622717
915 1342 518283.6391347474 4473162.865959833
61 1403 501203.9067087775 4471942.5312048
122 1403 502424.46580938593 4471942.898105831
732 1403 514624.02253428265 4471943.441986284
793 1464 515844.06206976675 4470723.891421128
854 1464 517063.5644329951 4470722.755311516
61 1525 501204.3647501088 4469502.1839053575
793 1586 515844.2476128853 4468282.805482512
61 1647 501204.46714100154 4467063.52323486
671 1647 513404.5380115619 4467063.156160449
732 1647 514624.7562280915 4467063.046121021
793 1647 515844.2101921353 4467062.259467858
61 1708 501204.24415859155 4465843.188848576
671 1708 513404.28907797445 4465843.040321873
732 1708 514624.7089145311 4465843.126843793
793 1708 515844.4719683749 4465842.611339576
61 1769 501204.8025716 4464622.998171501
427 1769 508524.2840080939 4464623.002624181
488 1769 509744.88908182166 4464623.5665225675
671 1769 513404.270485307 4464622.963474268
732 1769 514624.6947304496 4464623.649801277
793 1769 515844.42005558556 4464622.797697805
61 1830 501204.7298990466 4463403.136132998
427 1830 508524.8250550452 4463403.046912318
488 1830 509744.75125953084 4463403.2002328485
549 1830 510963.90669403377 4463403.3777483655
610 1830 512184.2735570167 4463403.226019719
671 1830 513403.9733178711 4463402.985538156
732 1830 514624.6386767427 4463403.380720713
793 1830 515844.55430437747 4463403.099419096
61 1891 501204.8178148325 4462182.97966882
122 1891 502424.225780081 4462183.209202938
244 1891 504864.81695641216 4462183.1192376325
305 1891 506084.2920483996 4462183.109847143
366 1891 507304.67090383806 4462183.202452098
427 1891 508524.38643758104 4462183.160744079
488 1891 509744.6390412531 4462184.247387737
549 1891 510963.9810141346 4462183.1837905
610 1891 512184.25573120534 4462183.451308289
671 1891 513404.4819495926 4462182.69210845
732 1891 514624.33917908155 4462183.316207408
793 1891 515844.2882489213 4462183.75872912
244 1952 504864.9016757409 4460963.382426946
427 1952 508524.69683405315 4460964.101655982
671 1952 513403.922058554 4460963.8676801305
732 1952 514624.1688080787 4460963.126224402
793 1952 515844.7820185271 4460963.188492709
244 2013 504864.78753527236 4459743.572507295
305 2013 506084.5444336212 4459743.017368651
427 2013 508524.65202475217 4459743.120854499
305 2074 506084.6821305307 4458523.23092724
427 2074 508524.7539964394 4458523.263054792
366 2135 507304.6072441895 4457303.093884706
427 2135 508524.5667520062 4457303.688881485
488 2135 509744.37260953634 4457303.581028617
305 2196 506084.7689311926 4456083.314112792
366 2196 507304.5638555627 4456083.252436774
427 2196 508523.8434332885 4456083.338960463
488 2196 509744.31800027227 4456082.885222842
671 2196 513404.8388305305 4456083.384643531
244 2257 504864.33778255613 4454862.836960873
305 2257 506084.41501689627 4454862.613742281
366 2257 507304.56310757296 4454863.690864369
427 2257 508524.76820184896 4454863.202254266
488 2257 509744.536208001 4454863.106555296
549 2257 510964.31321324926 4454863.344275193
671 2257 513404.58712483186 4454863.020471783
244 2318 504863.6325703589 4453643.490179525
305 2318 506084.23240579775 4453643.088618151
366 2318 507303.879536631 4453643.220008714
427 2318 508524.1980824794 4453643.726062846
488 2318 509743.5929398171 4453643.745956299
549 2318 510964.22678222694 4453642.990627086
122 2379 502424.90011137305 4452422.85172064
183 2379 503644.79419917526 4452423.608946954
244 2379 504864.07854124974 4452422.862909224
305 2379 506084.57995136076 4452423.690759757
366 2379 507303.9591676989 4452423.472552944
427 2379 508523.99931965925 4452422.978210141
183 2440 503643.7895781195 4451202.632867287
244 2440 504863.2890564863 4451202.433062388
305 2440 506084.58254419774 4451203.426111647
305 2501 506084.6058522752 4449983.353314537
244 2562 504864.6901630087 4448763.572857041
305 2562 506084.91223886213 4448763.806105752
183 2623 503644.9939687982 4447543.466729932
244 2623 504864.23524757667 4447543.90058514
183 2684 503644.9856764069 4446323.34353378
244 2684 504864.21203970833 4446323.195900342
305 2684 506084.84796193807 4446322.5257031815
61 2745 501203.801744298 4445103.105719763
183 2745 503644.82336046797 4445103.221654207
244 2745 504864.99913435703 4445102.996650564
