732 0 514620.68503004784 4499997.959629213
915 0 518278.0579851958 4499997.467239243
1769 0 535359.0212923228 4499997.817208425
2135 0 542678.9753245399 4499998.834605845
2562 0 551220.67156035 4499998.3751378525
61 61 501200.3918662221 4498778.882825559
122 61 502419.5900340746 4498778.084408558
183 61 503638.6369776262 4498778.285739992
244 61 504858.6786012629 4498777.934866974
305 61 506078.3678049512 4498777.637690478
366 61 507297.7120981261 4498778.623291432
488 61 509739.1169255426 4498778.3065783875
610 61 512178.28901186446 4498778.077031303
1037 61 520718.13934209716 4498777.535862068
1098 61 521938.5564136914 4498778.404395899
1159 61 523159.50119560014 4498778.385848276
1220 61 524379.7674218105 4498778.444278428
1281 61 525599.5516371091 4498778.108609886
1342 61 526820.3695600944 4498777.911922724
1525 61 530480.6759332112 4498777.410193482
1647 61 532919.1328858156 4498777.594185963
1769 61 535358.65603372 4498778.305938283
1891 61 537797.7608548694 4498777.688125627
1952 61 539017.695520615 4498778.066530219
2135 61 542677.2057922797 4498778.373572856
2196 61 543897.9873089776 4498778.541463399
2257 61 545118.2221700555 4498778.521732301
2318 61 546338.6435080701 4498778.444753159
3050 61 560978.6495324495 4498780.6747529935
122 122 502418.96288463724 4497558.693200527
183 122 503639.00014042296 4497558.641025472
244 122 504858.8440834424 4497558.12421229
366 122 507298.12566736294 4497558.311377906
427 122 508517.6420450305 4497558.1398783745
549 122 510958.11876399966 4497558.841094602
793 122 515839.3468254792 4497557.914914291
1037 122 520719.0405113791 4497557.389484057
1098 122 521938.84063775465 4497556.784605556
1159 122 523157.9972605919 4497556.769416111
1342 122 526819.6393614588 4497558.211151018
1586 122 531698.3051717367 4497557.187410054
1708 122 534137.9674188602 4497557.704649166
1769 122 535359.4140830436 4497557.790448411
1952 122 539018.8399994669 4497558.998889314
2013 122 540238.2316893942 4497558.837426132
2074 122 541458.1598129079 4497558.629077354
2196 122 543897.7477696735 4497559.045156705
2257 122 545117.8857524234 4497558.496809477
2318 122 546338.245575199 4497559.496426596
2379 122 547558.3941597119 4497559.038231608
2440 122 548778.6918025885 4497559.314653319
2684 122 553658.8622411091 4497558.796234049
61 183 501199.2407055606 4496338.267162988
122 183 502418.06573469844 4496337.9000512855
183 183 503637.9902387637 4496338.565791732
244 183 504858.7152682196 4496338.38030214
305 183 506079.3284218263 4496338.3270703675
427 183 508518.04854498635 4496338.843230826
549 183 510958.2759617114 4496337.925352475
610 183 512178.04834416247 4496338.570754721
671 183 513398.7137003946 4496338.293167079
915 183 518279.1962151392 4496337.826748365
1159 183 523158.4666429575 4496337.485408253
1220 183 524378.670233266 4496337.267697825
1281 183 525600.5935693324 4496337.089955007
1342 183 526818.3194845715 4496336.9592443425
1464 183 529259.2508698594 4496338.5317549305
1525 183 530480.7554308895 4496338.322286028
1830 183 536577.8662827365 4496337.458390656
1952 183 539017.7196975834 4496337.868875306
2013 183 540237.7671587768 4496338.327653866
2074 183 541458.4219966764 4496338.335757713
2135 183 542679.0472371983 4496338.938626591
2196 183 543899.0587559657 4496339.119120164
2257 183 545118.3512113723 4496338.460939693
2318 183 546337.7719767657 4496338.76930982
2379 183 547557.9659528206 4496339.077372212
2440 183 548778.6820035251 4496338.973178184
2501 183 550000.6407911965 4496338.487350293
2562 183 551219.2462898438 4496338.784219672
2684 183 553659.215484886 4496338.772112696
2745 183 554879.0808841204 4496339.082685941
2806 183 556098.4011643687 4496339.035108808
2989 183 559758.0263663857 4496339.121515153
3111 183 562198.7035017029 4496340.764655375
61 244 501199.36725145247 4495119.0728459805
122 244 502419.26630798844 4495118.627771533
183 244 503638.6376993565 4495117.766464289
244 244 504858.2157364809 4495118.429791213
305 244 506078.0222304371 4495118.402802694
366 244 507298.54069319565 4495118.626748963
427 244 508519.08647807717 4495117.821807491
488 244 509738.6337255792 4495118.666826291
549 244 510959.198146994 4495118.577261862
671 244 513398.19201658084 4495118.299629195
1037 244 520719.8110498843 4495116.965539038
1098 244 521939.35837151896 4495116.936126665
1159 244 523159.2318340785 4495117.164799924
1220 244 524378.4250114665 4495116.896820953
1342 244 526817.8006863962 4495117.225259006
1403 244 528039.1288495415 4495117.6221095165
1464 244 529259.2462905983 4495117.687021017
1647 244 532918.7711409093 4495118.712058245
1769 244 535359.202700264 4495117.781554187
1952 244 539018.4841572035 4495118.976485901
2013 244 540238.6809122105 4495118.463791107
2074 244 541458.6717801194 4495118.3713928955
2135 244 542678.4148260609 4495118.441177589
2196 244 543898.1200495475 4495118.909267435
2257 244 545118.3775123265 4495119.163176028
2318 244 546338.7175847016 4495118.861421236
2379 244 547558.8883425373 4495118.418613415
2440 244 548778.1412293764 4495119.24469194
2501 244 549998.1374169295 4495118.560672106
2562 244 551218.4807213305 4495119.378792843
2623 244 552439.419498102 4495118.435545966
2684 244 553659.4491906017 4495118.148105261
61 305 501198.4138859531 4493898.253119239
122 305 502418.49210795324 4493898.151296127
183 305 503638.4536938815 4493897.748668791
244 305 504858.59643866663 4493897.665242475
305 305 506077.95370139513 4493898.503459819
366 305 507297.5768408551 4493897.992942917
427 305 508518.2190571362 4493898.259679293
488 305 509739.1607201766 4493898.404162576
549 305 510958.8126195014 4493898.623552658
610 305 512178.9974542192 4493898.664022799
671 305 513400.3611890483 4493898.244142556
732 305 514620.2052025123 4493898.225554802
793 305 515839.49737253 4493898.519219308
854 305 517059.26228900685 4493898.4224556
915 305 518278.99996652966 4493898.216904054
976 305 519498.6739567611 4493897.88144162
1098 305 521938.454628517 4493897.783635476
1159 305 523158.3292633857 4493897.217910275
1403 305 528037.5155209247 4493897.277206
1525 305 530479.0185505599 4493898.3675225265
1586 305 531699.2033868649 4493898.042734707
1647 305 532919.209961188 4493898.02098073
1769 305 535358.0993152988 4493897.856225585
1830 305 536577.7863285245 4493898.4487147955
1891 305 537798.5566469708 4493898.701237981
1952 305 539018.7454521575 4493898.727810674
2013 305 540239.1926262843 4493898.691386036
2196 305 543899.352927613 4493898.912011681
2257 305 545118.3651764262 4493899.298251437
2379 305 547558.3255524617 4493898.873877333
2501 305 549999.1007255677 4493899.092777288
2562 305 551218.8039952883 4493899.083229789
2684 305 553657.6736551565 4493898.795305779
2745 305 554878.7535484971 4493898.226575853
2806 305 556098.8830576604 4493898.3939167
2928 305 558538.6127341958 4493898.095783267
122 366 502418.2056350962 4492678.337814499
183 366 503638.3837618535 4492677.864643279
244 366 504858.02539882704 4492677.499128297
305 366 506078.7057630536 4492677.623020524
427 366 508518.477683471 4492677.4963798765
549 366 510958.698291433 4492677.336743041
915 366 518278.1002453079 4492677.978360011
1403 366 528038.9485822255 4492677.380401147
1525 366 530478.4281627506 4492678.29514137
1586 366 531699.1428179033 4492678.850533809
1647 366 532919.2584625431 4492679.281114948
1769 366 535358.6283124518 4492677.921361972
1830 366 536579.2980375484 4492678.4527243655
1952 366 539018.9345244593 4492678.907548911
2013 366 540238.0764366335 4492679.134500489
2074 366 541457.7169036644 4492678.995185243
2135 366 542678.2499233047 4492678.729266666
2196 366 543898.5992525034 4492678.984515807
2379 366 547558.4203082509 4492677.9378784895
2440 366 548778.3515109663 4492678.7978829015
2501 366 549997.9921279824 4492678.837777478
2684 366 553659.1073847832 4492678.936160184
2806 366 556098.3588184137 4492678.503517179
3050 366 560979.1955167039 4492678.376997144
3233 366 564638.3450290572 4492678.67611935
122 427 502418.3059621399 4491457.348199708
183 427 503638.25661991973 4491456.759656903
244 427 504858.0352421355 4491457.112797152
305 427 506078.65724931454 4491457.292650194
366 427 507298.0658227427 4491457.278423255
427 427 508518.23134243005 4491458.404555023
549 427 510959.05702272616 4491457.530007771
610 427 512179.12229754607 4491457.770063268
793 427 515839.09725491365 4491458.3324836865
854 427 517059.27811063617 4491458.061985767
1037 427 520718.50045664376 4491457.603772449
1159 427 523159.12142981635 4491457.838311194
1281 427 525599.2509682041 4491457.389834542
1342 427 526818.9991241454 4491457.07771166
1403 427 528037.9729448366 4491457.544218797
1464 427 529258.2067176639 4491457.300051114
1891 427 537798.6558835071 4491458.394059663
1952 427 539018.3083774631 4491458.605221568
2013 427 540237.8940437603 4491458.937224749
2074 427 541458.1800838463 4491458.504375236
2196 427 543899.30282923 4491459.279621924
2257 427 545119.28284802 4491458.92320026
2318 427 546339.3002199369 4491458.877113425
2379 427 547558.8037295404 4491458.853484906
2501 427 549998.8065714552 4491458.2623333195
2745 427 554878.2506226754 4491458.725277454
2867 427 557318.9680441367 4491458.796442011
2928 427 558539.7640294477 4491460.299535808
61 488 501197.75544252497 4490237.312544532
122 488 502417.5054597344 4490237.181846438
183 488 503637.07085673185 4490237.794067931
244 488 504857.35713551845 4490237.824259194
305 488 506077.8845752915 4490237.577448596
427 488 508518.6878874581 4490237.498609292
488 488 509739.13154305535 4490237.718051783
671 488 513398.22214934323 4490237.9859259045
732 488 514619.25141057745 4490238.359894766
793 488 515839.21490528295 4490238.684986742
854 488 517058.3737836285 4490237.885238674
915 488 518278.24276073725 4490238.684683712
976 488 519499.56862342224 4490238.501232726
1037 488 520720.92641861277 4490237.802739542
1159 488 523158.6107494756 4490237.458229022
1220 488 524379.1359323554 4490237.772377876
1281 488 525599.2630196415 4490237.410721486
1403 488 528038.854729438 4490236.768585359
1647 488 532918.8262222556 4490237.543700533
1708 488 534138.0603238632 4490238.16348642
1769 488 535358.5873955475 4490237.919149266
1830 488 536577.9147325226 4490238.615825344
2074 488 541458.4088238564 4490239.43861362
2135 488 542678.4730025562 4490239.286442258
2196 488 543898.773675971 4490238.682443376
2257 488 545118.7164500032 4490238.809114831
2318 488 546338.8763210715 4490238.887080232
2379 488 547558.3522204154 4490238.585736815
2440 488 548777.7052245934 4490238.536464159
2562 488 551218.5207732402 4490237.691224906
2684 488 553659.1335864346 4490238.050327403
3172 488 563419.249111213 4490238.027639476
3233 488 564639.1974214148 4490237.803601557
0 549 499978.3228890054 4489019.1030761
244 549 504857.56237361144 4489017.584275636
305 549 506078.24890601396 4489018.088493288
366 549 507298.8474148496 4489017.867346005
427 549 508520.6502319301 4489017.997475594
549 549 510958.29108496883 4489017.23440975
610 549 512178.38144655124 4489018.297887956
732 549 514617.9032942248 4489018.423818288
793 549 515838.0165016037 4489017.839968789
854 549 517058.69140034594 4489018.5236047935
915 549 518279.4344796239 4489018.538029374
976 549 519500.2531250647 4489017.962411004
1159 549 523159.32751807437 4489018.069226571
1403 549 528039.1818388605 4489017.198626115
1586 549 531698.140459225 4489017.182507107
1708 549 534137.6025532442 4489018.074769838
1891 549 537798.7328588846 4489018.778609377
1952 549 539018.2364219959 4489018.814991528
2196 549 543899.3533137077 4489018.800305246
2318 549 546338.557788355 4489017.925699663
2379 549 547558.8054205731 4489018.262603206
2501 549 549998.4803694477 4489018.376715012
2562 549 551218.5882483528 4489018.022609602
2745 549 554878.1314398056 4489018.148639322
3233 549 564638.7806576879 4489018.146611152
0 610 499978.5840017607 4487798.897328266
122 610 502418.5329629627 4487797.596151037
183 610 503638.4629593157 4487797.851096938
244 610 504858.0360830176 4487797.23184743
305 610 506077.5995717144 4487797.693075559
366 610 507297.58851260203 4487798.202179204
427 610 508517.3388780829 4487798.325706596
549 610 510958.6774724668 4487797.397810395
671 610 513399.6052786367 4487798.210081341
732 610 514619.3481884832 4487798.618721814
793 610 515838.9577040281 4487798.628177821
854 610 517059.4580805217 4487798.803189122
915 610 518279.398759116 4487798.434547091
976 610 519499.53554920363 4487798.811627433
1098 610 521939.8191067353 4487798.366193291
1281 610 525597.9528474438 4487797.534828556
1342 610 526818.6425484488 4487797.725278504
1525 610 530478.0386592083 4487797.396107405
1586 610 531700.5250587931 4487797.420215731
1708 610 534137.5370579114 4487798.1093365885
1769 610 535357.7724845093 4487798.386334875
1952 610 539018.8558597197 4487798.729460353
2074 610 541459.5568422027 4487798.6555020595
2135 610 542679.0178228612 4487798.76265468
2257 610 545118.3342034266 4487797.885821154
2318 610 546338.7078780534 4487798.22004064
2501 610 549998.6471074398 4487797.656253402
2684 610 553658.0156029481 4487797.442475164
3233 610 564640.5915911802 4487798.66645468
61 671 501198.848519749 4486578.963870167
183 671 503639.05093506066 4486578.548422848
244 671 504859.33795215935 4486578.012610919
305 671 506078.15535983467 4486577.816143996
366 671 507297.4133107704 4486578.424658675
427 671 508518.08913841296 4486578.393710924
549 671 510959.02508675854 4486577.712343893
610 671 512179.3341844604 4486577.995780631
671 671 513399.23802852293 4486578.419523337
732 671 514618.9730015766 4486578.733238416
793 671 515838.613766003 4486578.081709595
854 671 517058.32850729657 4486578.70374187
915 671 518278.5069552639 4486578.334599942
1037 671 520719.0459991821 4486578.177576983
1159 671 523159.1484539743 4486577.651311092
1342 671 526818.5826180021 4486576.833225626
1403 671 528037.5680269157 4486576.923728159
1464 671 529258.1703529637 4486577.557077399
1525 671 530478.8993285487 4486577.656028434
1586 671 531699.0568521551 4486577.500033777
1647 671 532918.0102343666 4486577.21329201
1708 671 534138.0821025086 4486577.783088033
1769 671 535358.023906607 4486579.033883064
1830 671 536578.1862652826 4486578.610324051
2013 671 540238.2215208177 4486578.765245139
2135 671 542678.6994604771 4486578.728319241
2196 671 543899.0997699396 4486578.892112118
2257 671 545118.744657384 4486576.980115257
2318 671 546338.2815693447 4486577.607844224
2440 671 548777.89329734 4486578.153795332
2501 671 549999.0433198778 4486577.711711905
2562 671 551218.8558812209 4486577.89149001
2745 671 554877.8329931225 4486577.552734626
2867 671 557318.415575773 4486580.753828199
3294 671 565858.0376724929 4486581.026842697
61 732 501197.9553522002 4485358.321567701
305 732 506077.57012440026 4485357.256994932
366 732 507298.5017044738 4485358.823283492
427 732 508518.6761620729 4485358.463178136
488 732 509739.63243934955 4485358.206896285
549 732 510959.0760729199 4485358.373789553
610 732 512179.0056377929 4485357.620247893
671 732 513398.51205051155 4485357.985561695
732 732 514618.4341040222 4485357.724363518
793 732 515838.500964514 4485358.112769109
976 732 519500.785668409 4485358.1423435025
1037 732 520720.1674858789 4485358.657199955
1098 732 521939.53051726916 4485357.996771386
1281 732 525598.8753089842 4485358.034024333
1403 732 528038.35779693 4485357.605662126
1464 732 529258.0311598736 4485357.380812187
1525 732 530477.5405286006 4485357.461687197
1586 732 531697.8825016194 4485357.860015158
1769 732 535358.9257395511 4485358.088099008
1830 732 536578.882963581 4485358.519573115
1891 732 537799.2364861899 4485358.361741897
1952 732 539019.3883336644 4485358.389867559
2013 732 540238.7110249109 4485358.577870675
2074 732 541459.3162460739 4485358.627411359
2196 732 543898.6378602758 4485358.369398079
2318 732 546338.6444781271 4485358.005611844
2440 732 548778.3742609546 4485357.110600139
2684 732 553657.9468027733 4485358.439160562
2806 732 556098.4027154217 4485358.045699458
3172 732 563419.5291155233 4485359.126033022
61 793 501198.77865232626 4484138.914358702
122 793 502418.4320104981 4484138.738592367
183 793 503638.3869840298 4484138.589619575
244 793 504858.1633517154 4484138.087105899
305 793 506078.07860550197 4484138.707257254
427 793 508519.00307763484 4484138.433503464
488 793 509738.43957902986 4484137.979995387
549 793 510957.9958592234 4484138.094563392
610 793 512178.7120485132 4484138.392467952
671 793 513399.5944089844 4484138.502540864
732 793 514619.0309751537 4484137.761301847
793 793 515838.12939542154 4484138.151716697
854 793 517058.42357028276 4484138.067097285
915 793 518278.7463712269 4484138.744022472
976 793 519500.76816606073 4484138.529314338
1037 793 520719.2755837259 4484139.3719362905
1098 793 521939.1306811745 4484138.505816093
1159 793 523159.09580228664 4484138.430390739
1220 793 524378.8711027083 4484138.491919981
1525 793 530479.342981064 4484137.373610694
1586 793 531698.9267075963 4484137.4123127125
1647 793 532917.8314044771 4484137.1573426975
1708 793 534137.7751445514 4484138.037874787
1769 793 535357.7706352838 4484137.957341222
2074 793 541458.2464697574 4484137.413703267
2318 793 546338.8690368261 4484137.811183275
2440 793 548778.8593320125 4484137.755615551
2501 793 549998.6663133013 4484138.249699625
2562 793 551218.4975750553 4484138.085459501
2623 793 552438.7021140098 4484138.068631315
2684 793 553658.3593487791 4484137.76352553
2745 793 554877.4882609973 4484137.9692818085
3111 793 562199.2523783694 4484138.881176767
3172 793 563419.1963317342 4484138.9958058875
3294 793 565858.7872282048 4484138.856256185
61 854 501198.76992616156 4482918.818790278
122 854 502418.9043472101 4482918.097951528
305 854 506078.6167222442 4482918.267869532
366 854 507298.76689714636 4482918.2184444945
549 854 510958.5930740978 4482918.919170347
610 854 512180.5092946443 4482918.3917378
732 854 514618.1302396775 4482918.16003908
854 854 517060.90752496687 4482918.028321947
976 854 519498.26481279684 4482917.7362934025
1037 854 520719.2067769126 4482918.677935345
1159 854 523158.50120912143 4482918.102381701
1220 854 524378.7722177462 4482917.503584439
1281 854 525599.12630945 4482917.653017923
1403 854 528038.180607151 4482918.331854197
1708 854 534137.8960407376 4482918.036778909
1830 854 536578.5486356968 4482918.52538188
1891 854 537798.1750935554 4482918.193198328
1952 854 539018.508291801 4482918.575806232
2013 854 540238.4367463916 4482917.941815669
2074 854 541458.8114339716 4482918.432817635
2196 854 543898.8048492074 4482918.431224229
2257 854 545117.9866639893 4482917.950739711
2318 854 546337.6994014643 4482918.058364708
2440 854 548777.6077683636 4482918.1283559445
2501 854 549997.5550562703 4482917.9161940375
2684 854 553658.813456505 4482917.148755722
2745 854 554878.3055038301 4482917.805232009
2989 854 559758.1597835429 4482918.565070034
3050 854 560978.5800668795 4482918.526548692
3355 854 567079.2537033618 4482919.217565623
3416 854 568299.4148971507 4482919.275607553
61 915 501199.1334969436 4481697.475652155
183 915 503638.49867963174 4481697.45462676
305 915 506077.61287925486 4481698.612212963
366 915 507298.4287434491 4481698.874081489
488 915 509738.26399525406 4481698.031673883
610 915 512177.98209456145 4481698.161210884
671 915 513398.38583733275 4481698.2935116915
732 915 514619.14690816525 4481698.443704267
793 915 515839.48047325923 4481698.241073667
915 915 518278.27835852443 4481698.180044245
976 915 519500.71397052216 4481698.452832366
1342 915 526819.473526964 4481697.315678505
1464 915 529257.715677408 4481697.040312359
1525 915 530477.6695406196 4481697.484475469
1708 915 534137.6814081443 4481698.026362471
1769 915 535357.5436454519 4481697.506973479
1830 915 536578.3309481249 4481698.311120668
1952 915 539018.6987621947 4481698.255937661
2074 915 541458.382001225 4481699.201368993
2440 915 548778.8417591902 4481698.426217913
2501 915 549998.3105749146 4481698.644438507
2562 915 551218.2234868375 4481698.290202779
2623 915 552437.9349886888 4481697.8030731175
2684 915 553657.9471267378 4481699.051823893
2745 915 554877.5854036077 4481700.60845487
2806 915 556099.549786331 4481698.864643918
3111 915 562198.0411335067 4481698.609728925
3233 915 564638.5074648525 4481700.806645736
3294 915 565858.2053655451 4481700.611442487
3355 915 567078.6269814717 4481700.855553061
122 976 502418.5760785781 4480477.872419902
183 976 503638.65112455864 4480477.3037903365
305 976 506078.5993718664 4480478.450630227
366 976 507298.24006074277 4480477.386078832
427 976 508519.1985357175 4480478.307752087
488 976 509739.21871245373 4480478.285898189
610 976 512179.5651011725 4480478.920359075
671 976 513399.02017668664 4480479.077551333
732 976 514619.31358168385 4480478.508157909
793 976 515840.5894011017 4480478.262358485
854 976 517060.3382554958 4480477.913074889
915 976 518280.61391859874 4480477.67485768
1037 976 520718.72259689326 4480477.409417942
1098 976 521938.1005773787 4480478.2707764255
1220 976 524379.1975957085 4480477.955260606
1403 976 528038.6019215579 4480477.748805773
1464 976 529259.2456383326 4480477.910113932
1525 976 530478.2772169262 4480477.538560953
1586 976 531698.5274098594 4480477.5282592755
1647 976 532918.5429954539 4480478.238999091
1830 976 536578.3997766854 4480477.997720091
1891 976 537797.6261965102 4480477.828182858
1952 976 539017.7311385667 4480478.699900372
2257 976 545118.4127293546 4480478.366406942
2562 976 551218.0625413461 4480478.616229543
2867 976 557318.3527392198 4480479.24971288
2989 976 559758.2317229499 4480478.206184263
3172 976 563419.1075417092 4480478.369734739
3294 976 565858.2060383433 4480478.385626944
3355 976 567078.2157510857 4480480.423079622
61 1037 501198.16774721857 4479257.448503928
122 1037 502418.6265753572 4479257.992715578
183 1037 503639.13721786276 4479257.828173481
244 1037 504858.9460652938 4479257.776477441
366 1037 507298.5102735108 4479259.2297174055
488 1037 509740.6312453471 4479258.636011363
549 1037 510959.3453163497 4479258.375930927
610 1037 512179.0343153498 4479259.056448577
671 1037 513399.0661843949 4479258.84062195
732 1037 514618.16538320633 4479258.162545948
854 1037 517058.281637494 4479257.725590374
1159 1037 523158.50449629506 4479257.398987468
1220 1037 524377.7846473998 4479257.145047241
1281 1037 525597.7097268605 4479258.066292075
1342 1037 526819.0174848839 4479258.132263089
1403 1037 528039.1909249517 4479257.727595652
1525 1037 530478.8928507934 4479257.795088207
1586 1037 531700.4145217106 4479258.290329326
1647 1037 532919.3839755098 4479258.361204549
1708 1037 534139.0177672203 4479258.644050454
1769 1037 535358.097706625 4479258.730005702
1830 1037 536578.5182514158 4479258.361308137
1891 1037 537798.7237857447 4479258.535069354
1952 1037 539017.7231900201 4479258.841304521
2013 1037 540237.8752689767 4479259.094995097
2074 1037 541458.492042144 4479259.34376448
2135 1037 542678.1996250318 4479259.737847782
2257 1037 545118.6652265238 4479258.977108875
2379 1037 547558.3769294311 4479258.809948118
2440 1037 548778.6461752008 4479259.441126038
2684 1037 553658.0087833923 4479258.556623098
2745 1037 554877.7184454845 4479258.378074718
2989 1037 559758.8298480021 4479258.389699942
3233 1037 564638.489492038 4479258.446660248
3294 1037 565858.4600149913 4479258.461751258
3355 1037 567079.3107533078 4479259.1222337065
61 1098 501199.25898234296 4478037.88805303
122 1098 502418.4753313171 4478038.647465875
244 1098 504859.0874452397 4478038.645188987
305 1098 506078.66990601295 4478037.954354425
671 1098 513398.0259292804 4478037.984853488
854 1098 517058.81922375713 4478037.6193451565
915 1098 518278.84321810957 4478037.439247498
1037 1098 520719.3812921001 4478037.656017343
1098 1098 521939.2692899262 4478037.604260938
1159 1098 523158.74959317304 4478037.510128479
1220 1098 524378.411348708 4478037.730551672
1281 1098 525597.8489901929 4478037.489500237
1342 1098 526818.519270845 4478037.413729206
1403 1098 528038.130263532 4478038.433666422
1464 1098 529258.6785525901 4478038.395794544
1586 1098 531698.1676585989 4478037.890948251
1647 1098 532917.9633723572 4478038.644032779
1708 1098 534138.210544293 4478038.875134025
1830 1098 536578.058393819 4478038.727880136
1891 1098 537798.140321038 4478038.774753898
1952 1098 539018.1802915796 4478038.835637032
2013 1098 540237.8801753179 4478039.47535356
2074 1098 541458.0893136513 4478038.963045116
2135 1098 542678.1833639239 4478039.42179689
2196 1098 543898.3070833118 4478039.395029739
2257 1098 545118.079556911 4478039.2409026055
2318 1098 546338.2050519246 4478039.004802829
2379 1098 547559.0475724291 4478039.285736878
2440 1098 548778.9224092709 4478038.886961702
2501 1098 549998.8712860013 4478039.076098036
2623 1098 552438.381446618 4478038.838971255
2684 1098 553658.6386426229 4478040.4495897265
2745 1098 554878.8585090132 4478039.42577579
2989 1098 559759.0229013164 4478038.34881182
3294 1098 565860.2235718365 4478039.019272978
3355 1098 567079.2805311284 4478039.328438511
61 1159 501197.53559042246 4476817.751308678
122 1159 502417.3786019297 4476818.273392265
183 1159 503637.87314655754 4476818.224447449
305 1159 506078.1902980187 4476817.7378139105
427 1159 508518.36718595924 4476818.73826568
671 1159 513397.79205995484 4476817.703707074
732 1159 514618.322315786 4476817.929261288
793 1159 515838.2224667392 4476817.8298316635
854 1159 517059.0365454486 4476817.652383853
915 1159 518278.85859860206 4476817.867016137
976 1159 519498.67833831947 4476817.642806358
1037 1159 520718.29835845844 4476817.697361568
1098 1159 521938.0928888102 4476817.497344653
1159 1159 523157.47679829557 4476817.431026503
1220 1159 524377.7909329226 4476817.192879265
1281 1159 525598.1587848648 4476817.600827576
1342 1159 526818.0764747293 4476817.836043979
1403 1159 528039.0534565728 4476817.201238942
1464 1159 529259.334126486 4476817.889568407
1525 1159 530479.7080418172 4476818.005554585
1586 1159 531698.4438015375 4476817.669399174
1769 1159 535359.4421794963 4476819.355669025
1891 1159 537798.657465846 4476819.266913957
1952 1159 539018.9753492466 4476819.366634171
2135 1159 542678.0021818453 4476818.8898857115
2684 1159 553659.1757598637 4476818.386141309
61 1220 501198.701786942 4475598.734451639
122 1220 502418.6365922029 4475599.012802066
183 1220 503638.5112511591 4475598.711713255
305 1220 506078.73954935704 4475598.668179153
549 1220 510958.78156053956 4475599.112892867
610 1220 512178.6595228444 4475598.7020380525
732 1220 514618.2966625273 4475596.9979287265
793 1220 515838.12563266174 4475597.776801848
854 1220 517058.70322457876 4475597.915565377
915 1220 518279.08689377864 4475597.331589984
976 1220 519499.2859413512 4475597.442724203
1037 1220 520719.06306567974 4475597.625501807
1098 1220 521938.7777370645 4475597.198679718
1159 1220 523158.67443875334 4475597.683464334
1525 1220 530478.2456029648 4475597.842354388
1586 1220 531699.09518047 4475598.108736228
1708 1220 534138.7288342806 4475598.164821422
1769 1220 535358.7897549368 4475598.473779416
1891 1220 537798.6069904133 4475598.35164312
1952 1220 539018.9160798681 4475598.007567569
2135 1220 542678.870889181 4475598.353824372
2196 1220 543899.0523824499 4475599.64348421
2379 1220 547558.8101794962 4475598.171141247
2684 1220 553659.1813318197 4475598.567417188
3233 1220 564639.0359230855 4475598.009279873
0 1281 499978.5277767331 4474377.784077046
122 1281 502418.6566493598 4474378.502124652
183 1281 503639.3297992167 4474378.083165406
244 1281 504858.4569924126 4474379.076303482
366 1281 507298.5614745085 4474378.099104297
427 1281 508518.4818874069 4474378.3522928655
549 1281 510960.42572416115 4474378.347007282
671 1281 513397.70980400126 4474377.409522148
732 1281 514618.7321736997 4474377.801940654
793 1281 515838.5349735815 4474377.810822097
854 1281 517058.4213479933 4474376.877832128
915 1281 518277.62030348735 4474377.2573134685
976 1281 519497.8142788815 4474377.557361162
1037 1281 520718.6136241846 4474377.789683714
1098 1281 521939.37797505193 4474377.529437926
1159 1281 523158.43537961744 4474377.442707206
1220 1281 524378.3545837466 4474377.722817111
1281 1281 525598.0868140215 4474377.677268989
1342 1281 526818.1800703804 4474377.673702448
1403 1281 528038.0047950547 4474378.138724392
1464 1281 529258.34749264 4474378.305290464
1586 1281 531698.969023633 4474378.266404167
1647 1281 532919.159358933 4474377.881337649
1830 1281 536578.4713853134 4474377.69903868
1891 1281 537798.1165779183 4474377.908057348
1952 1281 539017.7611840197 4474377.994614909
2379 1281 547557.7548298086 4474377.388151559
2562 1281 551218.8987410789 4474377.80333477
2867 1281 557318.2079057121 4474377.620713119
3050 1281 560979.1988847654 4474378.895880918
3172 1281 563418.7653483575 4474379.1326286215
3233 1281 564638.1657297094 4474378.63743354
61 1342 501198.19107113656 4473157.668704491
183 1342 503638.7546266327 4473157.683354383
305 1342 506079.04029010277 4473157.5150464615
366 1342 507300.3966894908 4473157.405650239
427 1342 508519.4048602678 4473157.480220125
488 1342 509739.5575951843 4473157.355367733
549 1342 510960.54879840836 4473157.6060239
610 1342 512179.3062571895 4473157.193807012
671 1342 513398.9653187791 4473157.372989708
732 1342 514618.06541542587 4473157.424118243
793 1342 515837.61587424995 4473157.165152326
854 1342 517057.9944869043 4473157.205411522
915 1342 518278.8282575966 4473157.627205397
976 1342 519499.30864909117 4473157.00238419
1037 1342 520718.349667766 4473157.247011778
1098 1342 521937.97549343284 4473157.309242035
1159 1342 523158.543347285 4473158.74283233
1220 1342 524380.7339167856 4473158.53141214
1342 1342 526818.1193810215 4473157.947957466
1403 1342 528038.5136034148 4473158.380570529
1464 1342 529258.6547363363 4473157.603129991
1769 1342 535358.8603726944 4473157.68305883
1830 1342 536578.6559230721 4473157.848603317
2074 1342 541457.7809177181 4473158.7277664775
2257 1342 545117.1186672794 4473158.037342599
2379 1342 547558.1515012076 4473157.924368386
2440 1342 548778.2679723913 4473157.957161115
2501 1342 549998.0767253746 4473157.992561685
2928 1342 558539.0014975327 4473158.377343898
3111 1342 562198.3049923319 4473158.817278128
3172 1342 563418.5364738076 4473159.753966678
61 1403 501197.2080885372 4471938.088597655
122 1403 502417.9431776017 4471938.004869029
183 1403 503638.50342582323 4471938.077887329
244 1403 504859.3754307258 4471938.600658237
305 1403 506078.75527811586 4471938.264034801
366 1403 507299.0633502804 4471937.632334764
427 1403 508518.3116361708 4471937.80684977
488 1403 509738.3104915833 4471937.476232754
549 1403 510958.18817765446 4471937.735066296
610 1403 512177.9324025683 4471937.3018993875
671 1403 513397.72888039006 4471937.194055967
854 1403 517057.2863732057 4471937.50034899
915 1403 518277.46167769417 4471937.50252336
976 1403 519497.7872054845 4471937.800132011
1037 1403 520718.41502538446 4471937.657529957
1098 1403 521939.17209195945 4471937.484467547
1159 1403 523158.61637764366 4471937.301541475
1220 1403 524378.4581217435 4471937.442865925
1281 1403 525598.1523122764 4471937.830639563
1342 1403 526818.8357499231 4471938.623804774
1403 1403 528038.9093403439 4471938.434792739
1464 1403 529258.5052306373 4471938.525448639
1525 1403 530478.2908148116 4471937.879643732
1586 1403 531698.5583510248 4471938.931914426
1647 1403 532918.5658196146 4471938.66643756
1769 1403 535359.20625911 4471938.113400202
1891 1403 537798.7730340254 4471938.145104459
2013 1403 540238.4484321529 4471937.975300055
2196 1403 543898.0261754184 4471938.2164576035
2257 1403 545117.7752217464 4471938.839190752
2440 1403 548778.328789046 4471938.630903955
2501 1403 549998.5260102077 4471939.086387838
2562 1403 551219.0597466868 4471938.9946651105
2806 1403 556098.8092012992 4471939.085025608
2867 1403 557320.4996477265 4471938.783820487
3050 1403 560978.3838574707 4471938.524127235
61 1464 501198.59754244273 4470719.15930784
183 1464 503640.5785336185 4470718.423690749
244 1464 504858.7884858445 4470717.737022056
305 1464 506078.5578335659 4470717.0900160875
488 1464 509738.04207452177 4470717.466087292
610 1464 512178.7676900309 4470716.846314359
732 1464 514619.43901681894 4470716.882969447
854 1464 517058.6405471462 4470718.14270245
915 1464 518278.8554643027 4470718.132226012
976 1464 519499.12174149486 4470718.270751752
1037 1464 520720.7432165125 4470718.548294632
1098 1464 521939.34838768013 4470718.500054828
1220 1464 524379.4105135868 4470718.682515284
1281 1464 525599.2040012046 4470718.2231738055
1464 1464 529258.8885119363 4470717.493545818
1525 1464 530478.1030733263 4470717.9925200045
1586 1464 531698.6957336178 4470718.2238369705
1708 1464 534140.5434498856 4470718.348397955
1769 1464 535359.0711590317 4470719.31054102
1830 1464 536578.860745338 4470718.934704039
1952 1464 539018.9842481528 4470719.051129846
2196 1464 543898.3676685883 4470718.611493
2257 1464 545118.5101561953 4470718.683930364
2318 1464 546337.6653405246 4470719.217015025
2379 1464 547558.2975712684 4470719.230815305
2440 1464 548778.2637655828 4470719.065739366
2501 1464 549999.1915710164 4470720.764635443
2623 1464 552439.181104992 4470719.702535484
2684 1464 553659.0890668398 4470718.293046287
2867 1464 557319.4307634232 4470718.789294221
61 1525 501199.054180151 4469497.615877549
122 1525 502419.3043165141 4469497.733675827
244 1525 504858.9907648282 4469497.333189271
427 1525 508517.5900562196 4469497.091384088
488 1525 509738.22210905876 4469497.350897362
549 1525 510958.26535306126 4469497.588651091
610 1525 512178.743384403 4469497.552059359
671 1525 513399.00355488656 4469497.517269467
854 1525 517058.4183763293 4469497.838210887
915 1525 518278.31979922147 4469497.93774523
976 1525 519498.36015729536 4469497.634926248
1037 1525 520717.9730223105 4469497.778846193
1159 1525 523158.2827723348 4469498.180919325
1220 1525 524378.9679943987 4469498.5202096645
1464 1525 529259.2891512403 4469497.920380025
1525 1525 530478.38156623 4469499.056794269
1586 1525 531698.0800799122 4469499.436510431
1647 1525 532917.8033007972 4469499.194867276
1708 1525 534138.2795727279 4469498.9088696055
1769 1525 535357.9271290626 4469499.53387972
1891 1525 537798.7230401812 4469500.859481709
2074 1525 541458.3849746952 4469498.868146753
2135 1525 542678.3609881531 4469499.098592266
2196 1525 543898.2899246432 4469499.285364877
2318 1525 546338.2226773772 4469499.149336621
2379 1525 547558.4704609253 4469498.377643738
2562 1525 551218.3463556921 4469499.183727486
2867 1525 557319.0018069285 4469498.942195314
61 1586 501197.82764114835 4468278.062923274
183 1586 503639.29703057505 4468278.613593028
244 1586 504858.66509645066 4468278.271123794
305 1586 506078.3991729 4468276.935755829
366 1586 507299.224149085 4468277.090259967
427 1586 508518.9334947779 4468277.245572789
488 1586 509738.1487981059 4468276.831370585
549 1586 510957.7109507716 4468277.062342246
610 1586 512178.80660312384 4468277.382254655
671 1586 513399.0795023913 4468277.704197546
793 1586 515839.2045588832 4468277.763367051
854 1586 517058.5419956255 4468277.675170188
915 1586 518278.79819651827 4468277.772811764
1037 1586 520718.8469301365 4468278.129296691
1159 1586 523159.427450437 4468278.525454227
1220 1586 524379.2492022661 4468278.778276435
1281 1586 525599.2488567216 4468278.905585512
1464 1586 529258.0588324991 4468278.794635563
1586 1586 531699.1433187601 4468279.0736693675
1647 1586 532920.5048843002 4468278.911618552
1708 1586 534140.5946099748 4468279.1811294705
1830 1586 536578.7615447624 4468279.0150712235
1891 1586 537798.9476975522 4468279.244519463
1952 1586 539018.5911670595 4468278.86945852
2013 1586 540238.3028102943 4468278.631117751
2074 1586 541459.065223014 4468279.237741667
2196 1586 543898.5570563447 4468279.1142465705
2257 1586 545118.400505226 4468278.496767743
2318 1586 546338.2786084854 4468278.6651789
2379 1586 547558.0540447336 4468278.617893423
2501 1586 549997.4966334768 4468278.753297474
2562 1586 551218.5282401473 4468278.626118458
2867 1586 557318.1730810031 4468278.944420767
122 1647 502419.1259484046 4467057.980186971
183 1647 503638.85273169674 4467058.479154436
244 1647 504858.32257813873 4467057.483604537
305 1647 506077.8982593915 4467057.0188107295
366 1647 507297.63182884693 4467057.043418895
427 1647 508518.29416995787 4467057.008012741
488 1647 509739.53647481574 4467057.521341551
549 1647 510959.43720747955 4467057.422029088
671 1647 513397.5677760942 4467057.508580075
793 1647 515839.23796871706 4467058.3332720855
915 1647 518278.82436876406 4467058.067486513
976 1647 519498.09270634217 4467058.620257702
1037 1647 520718.5530944451 4467058.471139661
1098 1647 521938.0215236732 4467058.12990848
1159 1647 523157.7607022472 4467058.706315854
1220 1647 524378.3254179901 4467058.202612547
1281 1647 525598.0228978819 4467058.635348583
1464 1647 529257.8755582252 4467057.530180719
1586 1647 531698.4398911726 4467058.237467614
1647 1647 532918.7521293622 4467058.12285906
1708 1647 534138.9722759767 4467057.904198443
1769 1647 535358.716099431 4467057.831801869
1830 1647 536578.8442856262 4467057.523896702
2257 1647 545119.4441012004 4467058.816592769
2318 1647 546338.9648106671 4467058.16689533
2379 1647 547559.4620254864 4467057.8290618695
2440 1647 548779.3190286567 4467057.777335521
2501 1647 549998.8285768385 4467058.100622925
2684 1647 553658.1702447673 4467060.798577507
2806 1647 556099.3048097088 4467059.255420823
61 1708 501197.437376592 4465838.21446682
183 1708 503638.0892524036 4465837.309147696
244 1708 504858.3371690589 4465836.37623788
305 1708 506078.0310238197 4465836.730692835
366 1708 507297.7744448377 4465836.861155411
427 1708 508517.2653411046 4465837.150766652
488 1708 509737.8105214494 4465837.351043224
549 1708 510958.24126033817 4465837.944755166
671 1708 513399.8681276862 4465837.885043691
732 1708 514619.3319816341 4465837.696999105
854 1708 517058.0426728869 4465838.371530927
915 1708 518278.65054908185 4465839.06740821
976 1708 519499.17320289154 4465839.0796521725
1037 1708 520719.1888914423 4465838.592311789
1220 1708 524378.2359119615 4465838.439894179
1281 1708 525598.8808152137 4465838.794223892
1342 1708 526819.2609423944 4465838.570000922
1403 1708 528038.4554091312 4465837.997504807
1586 1708 531697.7227090115 4465838.025097835
1647 1708 532918.4094051262 4465838.362132104
1769 1708 535358.8090753721 4465838.40111442
1830 1708 536580.5716863212 4465838.452438396
1891 1708 537798.8375446997 4465837.734086302
1952 1708 539018.3244123438 4465837.918216592
2135 1708 542677.7363582926 4465837.527312
2379 1708 547558.2252534479 4465837.294459879
2745 1708 554879.2035625902 4465839.194143112
61 1769 501197.3707219065 4464618.167399773
183 1769 503638.8680993903 4464618.495989545
244 1769 504858.90484224964 4464617.885133582
305 1769 506078.66430416616 4464618.463514648
366 1769 507298.6203416206 4464618.554243653
549 1769 510959.00677800033 4464618.547577903
610 1769 512179.2617630787 4464618.389764902
671 1769 513399.2721642655 4464618.1728827655
732 1769 514619.3465508075 4464618.607011568
793 1769 515839.4463657636 4464618.449641454
854 1769 517059.2168329278 4464618.206107814
915 1769 518278.4990587682 4464618.433515293
976 1769 519497.8261583746 4464618.382550017
1037 1769 520718.70501998224 4464618.586129007
1281 1769 525598.0386670481 4464618.224583129
1464 1769 529257.8556744459 4464618.709449337
1647 1769 532918.7079611723 4464618.75332473
1708 1769 534138.5448280303 4464618.9638275355
1769 1769 535358.9427953226 4464618.966619168
1830 1769 536578.8091773047 4464618.874610836
1952 1769 539019.0344692975 4464618.811871055
2135 1769 542678.3479293685 4464618.020027623
2257 1769 545117.2643599238 4464617.760636308
2379 1769 547557.6467544166 4464618.355586279
2440 1769 548777.7662863777 4464618.127895623
2562 1769 551217.9649037917 4464618.042042796
61 1830 501197.51798261306 4463398.661789729
122 1830 502418.94501349004 4463397.163695943
244 1830 504858.11828031705 4463397.686491541
305 1830 506078.16434140253 4463398.067752901
366 1830 507297.8928250633 4463397.999467031
427 1830 508518.27985566616 4463397.847309726
488 1830 509738.43324840686 4463397.984834539
549 1830 510958.5297443386 4463398.682353888
610 1830 512179.1351975001 4463398.374442033
671 1830 513400.7236524181 4463398.240886785
793 1830 515838.9539893783 4463397.901177495
976 1830 519498.76616167836 4463398.73644402
1037 1830 520718.1982199064 4463398.725192768
1098 1830 521938.44763863075 4463398.711961527
1159 1830 523158.4109413652 4463398.602407137
1586 1830 531699.151273251 4463398.947101405
1647 1830 532919.0137571185 4463399.291940555
1708 1830 534138.9763672524 4463399.353018565
1891 1830 537799.6404580367 4463399.324125626
2013 1830 540239.3143212004 4463399.348369189
2135 1830 542678.8920392415 4463399.134016268
2379 1830 547558.4228284531 4463398.82672861
2501 1830 549998.1433105747 4463399.276942222
61 1891 501198.7724466787 4462178.4065365745
183 1891 503639.00609249366 4462178.725136151
244 1891 504858.3349544881 4462178.335913702
305 1891 506078.08352255786 4462178.714072678
366 1891 507298.2546937511 4462179.076631281
427 1891 508518.5172465592 4462178.6905298
549 1891 510959.2926304467 4462179.192264613
610 1891 512179.0245244929 4462178.817587094
671 1891 513400.366438399 4462178.5181658575
732 1891 514619.0332267806 4462178.819444679
793 1891 515839.03785059805 4462179.041710434
854 1891 517059.3091242171 4462178.773649427
915 1891 518278.9703587535 4462178.460432736
976 1891 519498.6509978716 4462179.221521265
1281 1891 525599.0815595449 4462178.703580975
1525 1891 530477.5319579502 4462178.810598677
1586 1891 531697.7721917022 4462178.580630663
1769 1891 535358.7588071307 4462178.105394321
2196 1891 543898.8696000664 4462178.062669274
2501 1891 549998.0069267442 4462178.86888725
2623 1891 552438.5415123514 4462179.02860878
122 1952 502418.31827206135 4460958.1160911955
183 1952 503637.9406817552 4460958.1598398285
244 1952 504857.7729633612 4460958.165317353
366 1952 507298.4284551852 4460958.776422971
427 1952 508519.2124331059 4460958.95227673
488 1952 509739.6089561447 4460959.102563523
549 1952 510959.5808258289 4460958.557562743
610 1952 512180.5344056568 4460958.318448066
793 1952 515838.8328993846 4460957.86494648
1037 1952 520718.9048142465 4460957.44780997
1098 1952 521940.63928184635 4460958.163850112
1220 1952 524379.5317356889 4460957.914667212
1281 1952 525599.683658611 4460957.911319714
1342 1952 526817.9959997328 4460957.90913965
1403 1952 528038.45454075 4460958.129545191
1525 1952 530478.3314078179 4460958.502830922
1586 1952 531698.4267495289 4460958.318130688
1891 1952 537797.8359811483 4460958.189785395
1952 1952 539017.8211708483 4460957.999266595
2562 1952 551218.8638311132 4460958.6910147555
61 2013 501197.8567898608 4459738.445961722
122 2013 502418.94055368745 4459737.820140533
244 2013 504859.4886351983 4459738.306416738
366 2013 507298.1383422161 4459738.151694761
427 2013 508517.44870518346 4459739.119952978
488 2013 509738.5565852388 4459738.855314608
549 2013 510959.46389470727 4459738.687479575
610 2013 512180.43975381216 4459738.236348789
793 2013 515838.01520746155 4459737.2530812565
915 2013 518277.6077820072 4459737.48710725
976 2013 519497.91233238124 4459737.788311556
1037 2013 520718.01717900985 4459737.217791786
1098 2013 521938.09901997575 4459737.458266381
1159 2013 523157.9238816297 4459737.71659856
1220 2013 524377.7958066663 4459737.411559718
1647 2013 532918.5239952567 4459738.959396701
1769 2013 535359.0306793371 4459738.565019667
1891 2013 537798.7267133761 4459738.484447184
2013 2013 540239.0400438458 4459738.837967822
2074 2013 541458.61617845 4459738.30060986
2257 2013 545118.2993660518 4459738.301610983
2318 2013 546337.7860210494 4459739.2256551385
2379 2013 547557.3924256073 4459738.6383481035
2440 2013 548777.4551354488 4459738.75947835
2562 2013 551218.0962002026 4459738.686132458
61 2074 501198.91522874514 4458518.704363934
244 2074 504859.16586036707 4458518.040742915
305 2074 506078.99675810675 4458518.099706358
427 2074 508518.32588097523 4458517.225033744
488 2074 509737.7829587476 4458517.8148544775
549 2074 510957.9102305512 4458517.950341514
610 2074 512178.6063096903 4458518.249834746
671 2074 513400.65027884016 4458518.30311686
793 2074 515838.5933574953 4458517.383649805
915 2074 518277.75387016917 4458517.3193744235
976 2074 519497.92416095774 4458517.246415284
1037 2074 520718.76345080225 4458517.507134127
1159 2074 523159.04338681337 4458518.027035027
1220 2074 524378.5746462832 4458518.028303985
1342 2074 526817.4552508898 4458518.100156786
1525 2074 530477.6255149196 4458518.8040523
1586 2074 531697.917137745 4458519.3048607875
1830 2074 536578.8970263146 4458518.825099096
2196 2074 543899.033409508 4458518.438253387
2257 2074 545117.990541521 4458518.351200957
2379 2074 547559.0797545469 4458518.471245076
122 2135 502418.13794053334 4457298.266360846
183 2135 503638.2133078173 4457297.402546381
305 2135 506077.8887895399 4457297.277064977
488 2135 509737.7757918882 4457297.268433849
549 2135 510957.6485855409 4457297.677988907
610 2135 512177.6053448897 4457297.49385851
671 2135 513397.8834053313 4457297.787896213
732 2135 514618.58354340785 4457297.877065633
793 2135 515838.8881771079 4457297.8022467485
915 2135 518278.8194012113 4457297.643342769
1037 2135 520717.64523010666 4457297.645603255
1098 2135 521937.54497516004 4457297.859876309
1159 2135 523158.75777539855 4457298.475479559
1220 2135 524379.2668113782 4457298.238670126
1281 2135 525597.847861286 4457297.895182026
1342 2135 526819.1706353553 4457298.583662415
1403 2135 528038.2469351738 4457298.678278429
1464 2135 529258.3922845653 4457300.44480982
1769 2135 535358.9076121624 4457298.904849837
2074 2135 541458.5337206526 4457299.278711975
2135 2135 542678.9310688325 4457298.912736862
2257 2135 545117.8075622919 4457298.793916229
2440 2135 548778.2927557881 4457298.556045225
61 2196 501198.51918936137 4456078.257310867
183 2196 503638.7932178665 4456078.070938902
305 2196 506078.45661997417 4456077.580088661
366 2196 507298.1915648252 4456077.841577966
488 2196 509738.6638391599 4456077.9319069125
671 2196 513398.46498299023 4456078.257603198
732 2196 514618.57313166925 4456077.992369028
793 2196 515838.1747005383 4456078.959602041
915 2196 518280.6170343358 4456078.320696778
976 2196 519499.250203631 4456078.183501195
1037 2196 520718.77874216123 4456078.05109498
1098 2196 521938.4569717995 4456077.890326483
1281 2196 525598.3105109239 4456078.0227377275
1342 2196 526817.8610951144 4456078.617349512
1464 2196 529258.4060078878 4456080.552047037
1525 2196 530478.1320774937 4456079.215860445
1708 2196 534138.6006011438 4456079.47667466
1830 2196 536578.9188366288 4456080.588480837
1952 2196 539019.1788359466 4456079.338788003
2013 2196 540239.6393549875 4456079.086353249
2074 2196 541459.4445292212 4456078.643371558
2196 2196 543898.6122873498 4456078.402264371
2257 2196 545118.7281283331 4456078.98749532
2440 2196 548777.8937154228 4456079.060269948
2623 2196 552438.9490146299 4456078.657491536
122 2257 502420.6927773635 4454857.642329945
183 2257 503638.6829656997 4454857.803836628
244 2257 504858.9310762991 4454857.114372305
305 2257 506078.5669672807 4454857.745584199
488 2257 509738.1428997024 4454857.446607754
549 2257 510958.4346173356 4454857.557424138
732 2257 514618.42108412116 4454857.47625239
793 2257 515838.50583357044 4454858.003075703
915 2257 518278.8809387002 4454858.105055007
976 2257 519500.52224012336 4454858.138705226
1098 2257 521938.8650977018 4454858.190617982
1159 2257 523158.49960652075 4454858.112352478
1220 2257 524377.8703284642 4454858.229392499
1281 2257 525598.3564049546 4454858.585711644
1342 2257 526819.0735480685 4454858.334317316
1464 2257 529259.4851301366 4454858.909640804
1525 2257 530478.7479916578 4454858.686367969
1586 2257 531698.8307901372 4454858.681623148
1647 2257 532919.0289229152 4454858.337404638
1769 2257 535359.0347205617 4454858.006790692
1952 2257 539019.4259665215 4454858.118988688
2013 2257 540239.3946174126 4454858.055803369
2074 2257 541459.2063987174 4454858.402521235
2196 2257 543898.6557616706 4454858.625270975
2257 2257 545119.2535245158 4454858.061144831
2379 2257 547558.4559506373 4454857.594476409
2440 2257 548777.7427929463 4454857.756308437
366 2318 507298.07132705883 4453638.237023996
427 2318 508517.33537946356 4453638.370322705
488 2318 509737.1677029241 4453638.7960018525
549 2318 510958.08969696116 4453638.591004615
610 2318 512178.63223111694 4453638.249887426
671 2318 513398.4481508137 4453638.723706274
793 2318 515838.7603832639 4453638.693465606
854 2318 517058.34181239014 4453638.481328188
915 2318 518278.36895373306 4453638.864135991
976 2318 519498.0783796474 4453638.622234875
1037 2318 520718.3238236637 4453638.917707736
1098 2318 521938.35204163095 4453638.58272478
1220 2318 524378.1614748108 4453637.931496887
1403 2318 528037.8957142062 4453638.00581204
1525 2318 530477.2069089699 4453638.125649879
1586 2318 531697.9098395312 4453638.159025276
1830 2318 536577.8315225849 4453637.397122162
1952 2318 539018.2141827862 4453637.659623269
2074 2318 541459.1594493266 4453637.60041153
0 2379 499979.3902931971 4452418.245785302
183 2379 503638.74740237655 4452418.766885371
366 2379 507298.3503758129 4452418.414543555
488 2379 509737.94805148727 4452418.18615763
610 2379 512178.4795673791 4452419.339007524
793 2379 515840.6333677509 4452418.553344843
854 2379 517059.4261139512 4452418.963775424
915 2379 518280.52801947074 4452418.38773117
1220 2379 524378.7726465786 4452417.699381885
1281 2379 525597.9048030202 4452418.359130584
1586 2379 531697.6539549539 4452417.917998976
1769 2379 535357.7091978205 4452418.255773086
1830 2379 536577.8276247769 4452418.549005637
1952 2379 539017.7943104634 4452418.276349782
2074 2379 541457.5593419685 4452417.960211128
2135 2379 542677.4499188483 4452418.0362346405
2440 2379 548778.9043504584 4452418.214824456
2501 2379 549999.1234333365 4452419.15145117
122 2440 502418.503454128 4451198.841630899
183 2440 503639.5211393699 4451199.066213774
244 2440 504860.21164798393 4451198.954499219
305 2440 506079.7939207453 4451198.836646296
366 2440 507300.2626313985 4451198.73232291
488 2440 509738.1266101933 4451198.525499311
549 2440 510957.6988871943 4451198.149866418
610 2440 512177.7530937208 4451198.415591963
671 2440 513399.018700338 4451198.638965096
732 2440 514619.6165355261 4451198.098168899
793 2440 515840.14216333523 4451198.455796094
976 2440 519498.84111226053 4451197.343460845
1037 2440 520718.24144095054 4451197.68984631
1098 2440 521938.5801456501 4451197.808750227
1281 2440 525598.3911818382 4451198.226943185
1403 2440 528038.7812413669 4451197.994529283
1647 2440 532917.3603967228 4451197.812108459
1708 2440 534137.0521015583 4451198.284190639
1769 2440 535358.3707639044 4451198.363738744
1891 2440 537799.0432416581 4451198.159647186
1952 2440 539019.3709040736 4451198.399421584
2013 2440 540238.9348281603 4451198.802223158
2074 2440 541459.1763397771 4451198.912008435
2135 2440 542679.1794208012 4451199.063586604
2196 2440 543898.3560773202 4451199.189570206
2257 2440 545118.073325695 4451198.8684229115
2318 2440 546338.7291037668 4451199.100348252
2379 2440 547558.1614015552 4451199.003960927
305 2501 506079.11851425876 4449977.969468273
366 2501 507298.86118238594 4449977.518418687
427 2501 508518.87362526834 4449977.63682959
488 2501 509739.0438923195 4449978.042316692
549 2501 510958.09151461814 4449978.360565077
671 2501 513398.3518988174 4449978.119643338
732 2501 514618.0628944218 4449978.149907896
793 2501 515838.80696064467 4449977.830436436
854 2501 517058.57222923805 4449978.46636931
915 2501 518278.87759087555 4449977.577811911
976 2501 519498.52886248776 4449977.435001849
1037 2501 520717.9350156764 4449977.2277742345
1159 2501 523157.95844306 4449977.666062792
1220 2501 524377.9509172854 4449977.825524143
1281 2501 525598.844557489 4449978.088663219
1342 2501 526818.0607431929 4449978.086231978
1403 2501 528038.4013201696 4449978.556262184
1464 2501 529258.1232489997 4449978.384872177
1586 2501 531697.7436585634 4449978.27257851
1647 2501 532917.8350627865 4449978.133217633
1830 2501 536578.2529719361 4449978.431388186
1891 2501 537799.0148512151 4449978.530698795
1952 2501 539019.5552041081 4449978.5033479715
2013 2501 540239.3049568321 4449978.994287927
2074 2501 541459.2368845514 4449978.901972151
2135 2501 542678.9730384091 4449978.806442962
2196 2501 543898.6709331074 4449978.685749992
2257 2501 545118.6813184046 4449978.781685113
2318 2501 546339.1917556641 4449978.777636027
2379 2501 547559.4427906321 4449979.110908293
2562 2501 551219.107679182 4449979.0041956045
2623 2501 552439.2836240126 4449979.340102931
61 2562 501197.78304194316 4448757.642049652
122 2562 502417.57378347265 4448757.417968297
183 2562 503637.58928754274 4448757.780748685
427 2562 508518.1570068582 4448757.683096744
488 2562 509737.63468600163 4448757.666647037
549 2562 510957.633403136 4448757.268203436
610 2562 512177.4031590626 4448757.396934293
732 2562 514618.312997808 4448758.286443437
793 2562 515839.26434496837 4448757.613409593
915 2562 518279.2630640263 4448757.992852138
976 2562 519499.0465699602 4448757.295960128
1037 2562 520718.4879345182 4448757.532140737
1098 2562 521938.4678926851 4448757.232792293
1159 2562 523158.46257335367 4448757.914145644
1281 2562 525598.0435397439 4448758.695249479
1342 2562 526818.0458541313 4448758.735681615
1403 2562 528037.7757673413 4448758.864041771
1464 2562 529257.4778782695 4448758.293640235
1586 2562 531697.8526670068 4448758.768306021
1647 2562 532917.6271643366 4448758.367215353
1708 2562 534137.8492324648 4448758.963629435
1891 2562 537798.9462551153 4448758.683742184
2013 2562 540239.084060927 4448759.330047516
2074 2562 541459.1951832178 4448759.405722349
2135 2562 542679.5124352204 4448758.968630722
2257 2562 545118.6025678231 4448758.89263769
2501 2562 549998.3064523131 4448759.0402465565
61 2623 501198.4809997632 4447537.795184318
122 2623 502418.7691910578 4447537.636106181
183 2623 503639.0298513125 4447537.630177481
427 2623 508519.43907877256 4447538.0783714345
488 2623 509738.38971503027 4447538.55593581
549 2623 510958.7630882132 4447538.098409455
671 2623 513398.61643790867 4447537.689691488
732 2623 514618.69094240223 4447538.186090641
793 2623 515840.4856777932 4447538.372888391
854 2623 517058.97462585603 4447538.491155659
915 2623 518278.7080053169 4447538.242663991
976 2623 519499.36726547725 4447538.533811403
1037 2623 520719.0411248425 4447537.703950553
1098 2623 521938.38287844305 4447537.960185937
1159 2623 523157.54421952687 4447537.318615094
1220 2623 524379.1210450529 4447538.713076388
1281 2623 525599.2054132611 4447537.771368212
1342 2623 526818.8808489358 4447537.799059122
1464 2623 529259.4318330161 4447537.663080254
1525 2623 530479.2452995171 4447537.859130075
1586 2623 531698.6160601608 4447538.321120379
1647 2623 532918.6311501699 4447538.424157271
1769 2623 535358.3545409148 4447538.536454731
1952 2623 539018.6365096207 4447540.973481785
2013 2623 540238.5873172155 4447538.958469386
2135 2623 542678.9510890082 4447538.081941221
2196 2623 543898.7407215589 4447538.719942713
2379 2623 547558.0469353304 4447537.901089956
61 2684 501198.1537315218 4446317.960212682
122 2684 502419.12557374605 4446318.275696747
183 2684 503639.1181443632 4446318.206852788
244 2684 504858.9999458811 4446318.33615319
305 2684 506078.93804321584 4446318.140830708
366 2684 507299.06285569683 4446317.773359882
610 2684 512177.74134645675 4446318.240927419
671 2684 513397.00972203206 4446318.617799783
732 2684 514618.0247975639 4446318.306523906
793 2684 515838.7051650957 4446318.622954082
854 2684 517058.782779136 4446318.73969552
915 2684 518278.11101610836 4446317.784605868
976 2684 519498.5702198694 4446318.191540557
1037 2684 520718.4713908225 4446318.052104532
1098 2684 521938.68802266096 4446317.899628794
1159 2684 523157.73902688 4446318.311654848
1220 2684 524378.7419043075 4446317.939070706
1281 2684 525598.1182768808 4446317.785620433
1403 2684 528037.5356353465 4446317.852329803
1647 2684 532917.5063086486 4446317.671352831
1830 2684 536578.1824779682 4446318.08304794
1891 2684 537799.1622068302 4446318.040702278
1952 2684 539018.9250932737 4446318.176434276
2013 2684 540239.2504025256 4446317.626021747
2257 2684 545118.8358430715 4446318.370054438
2379 2684 547558.1549737959 4446318.25403641
2684 2684 553659.4979143449 4446318.068338981
2745 2684 554879.7961157952 4446320.738259363
61 2745 501198.16973522655 4445098.83263451
122 2745 502418.5999733443 4445099.145626275
183 2745 503639.4147653187 4445098.795427117
244 2745 504859.6213395716 4445098.71003807
427 2745 508518.7099705628 4445098.518702178
488 2745 509738.3760549736 4445098.677559572
732 2745 514618.7150888179 4445099.695161385
854 2745 517058.63719091803 4445098.689600211
976 2745 519498.70906852704 4445098.630735468
1098 2745 521938.45570768416 4445098.332277903
1159 2745 523157.644752917 4445097.978611811
1220 2745 524378.9846957836 4445098.301111348
1281 2745 525598.670871731 4445098.623013909
1403 2745 528037.440036644 4445098.037890449
1586 2745 531697.4632440603 4445098.163563233
1647 2745 532917.7874440628 4445097.724121972
1708 2745 534137.8182715129 4445098.201125438
1830 2745 536577.9048886262 4445098.776769784
1891 2745 537797.6786970375 4445098.765592396
2074 2745 541458.0260639663 4445097.575037687
2196 2745 543898.704790673 4445098.127137843
2257 2745 545118.3061026046 4445097.63629893
305 2806 506079.2345096744 4443878.35554867
366 2806 507298.82752294425 4443878.440787923
549 2806 510958.3939986987 4443878.183420242
610 2806 512177.8760003114 4443878.460470094
671 2806 513398.2881972755 4443878.505549323
793 2806 515838.9261480824 4443878.444619463
1098 2806 521938.3541819918 4443877.751275533
1220 2806 524379.202434991 4443879.159122753
1281 2806 525599.5048924779 4443879.318962496
1525 2806 530477.9172078995 4443878.893785721
1647 2806 532917.8640558681 4443879.216506922
1708 2806 534138.6256632897 4443878.992239561
1830 2806 536578.7451010994 4443879.211825568
1891 2806 537799.1233231775 4443878.793626772
1952 2806 539019.3722202552 4443878.808686835
2013 2806 540239.3270273695 4443878.753296334
2074 2806 541459.2114076272 4443879.056384253
2135 2806 542679.0719426475 4443879.370441805
2257 2806 545118.2385979288 4443879.571469482
2562 2806 551218.4606888705 4443878.2674769545
244 2867 504858.9966002931 4442657.443730101
427 2867 508518.0667437722 4442657.944995827
488 2867 509738.14024651184 4442657.522310439
976 2867 519498.80394400493 4442657.93555622
1098 2867 521938.2018974759 4442658.0435233805
1159 2867 523159.11899975146 4442658.279282875
1220 2867 524379.145770842 4442659.118402448
1281 2867 525599.0087539805 4442660.8545435555
1342 2867 526819.0659244815 4442659.0382752195
1403 2867 528039.1751597794 4442660.167815873
1525 2867 530478.7671726702 4442658.635566731
1708 2867 534137.8040460797 4442657.8034028895
1891 2867 537799.3411457939 4442658.649406516
1952 2867 539019.4429738142 4442658.715483227
2013 2867 540239.2832757765 4442658.625160488
2074 2867 541459.1535441913 4442658.741299446
2135 2867 542679.2343382719 4442658.679645878
2196 2867 543899.0244874271 4442658.803520503
2257 2867 545118.9853613451 4442658.642630841
2379 2867 547558.6415343544 4442659.0038602045
2562 2867 551218.5195061378 4442658.588206155
61 2928 501197.89315005933 4441437.093128027
122 2928 502418.0108586187 4441437.520049818
244 2928 504858.1730341504 4441437.396552279
366 2928 507297.69392208743 4441437.45742329
793 2928 515838.59804800263 4441438.052087659
854 2928 517060.0275852355 4441439.983101646
915 2928 518278.9751992733 4441437.905108626
976 2928 519499.2932398211 4441437.6341885915
1037 2928 520718.9636113296 4441437.266848156
1159 2928 523157.49319037277 4441437.613836942
1220 2928 524380.1036745119 4441439.697346725
1342 2928 526818.0676785388 4441438.097968054
1464 2928 529257.9585784764 4441438.320274074
1647 2928 532917.8798035411 4441437.615131834
1769 2928 535357.8840909819 4441437.5568432
1830 2928 536577.8021517397 4441437.924183426
1891 2928 537797.6521975056 4441437.758006423
2013 2928 540238.8365535159 4441438.114523918
2074 2928 541458.8147562507 4441437.892387081
2196 2928 543898.6778671939 4441438.308862932
2684 2928 553657.8922529176 4441439.268393416
2745 2928 554877.7217510245 4441439.194179885
2806 2928 556098.3995531434 4441439.296632283
61 2989 501197.945169752 4440217.753701846
122 2989 502418.5322291046 4440217.845186476
244 2989 504859.09358566167 4440218.4071598835
427 2989 508519.0479959228 4440218.138127293
488 2989 509738.8158852447 4440218.908127456
549 2989 510958.3194078523 4440219.144397607
610 2989 512178.3624227258 4440218.836713878
732 2989 514618.5299342174 4440218.561079297
793 2989 515839.23311856354 4440218.844742922
854 2989 517059.5251200433 4440218.456951185
915 2989 518279.9209037631 4440219.909593257
976 2989 519499.57266712474 4440218.228626613
1037 2989 520719.0546032386 4440218.28186813
1159 2989 523159.28779598937 4440218.27522747
1403 2989 528038.3939572324 4440218.122287728
1952 2989 539017.4638394336 4440218.348100541
2196 2989 543898.7989281936 4440218.4532311885
2257 2989 545118.6905796637 4440218.25624937
2501 2989 549997.8168984721 4440219.013185175
2867 2989 557318.171718898 4440219.016799476
0 3050 499978.0570370891 4438998.931980228
183 3050 503639.6685062823 4438998.39605143
244 3050 504858.597407838 4438997.996774673
427 3050 508518.29294170404 4438998.521083998
549 3050 510958.1870960448 4438998.234621029
732 3050 514618.8002713143 4438998.097771988
915 3050 518278.9316932407 4438998.158176697
1037 3050 520718.07750871574 4438998.042802684
1098 3050 521939.2388800431 4438998.11420749
1159 3050 523158.2208245881 4438997.692959248
1281 3050 525597.7316618206 4438997.960680985
1342 3050 526817.5925982913 4438998.392412572
1403 3050 528037.6176458093 4438998.427109899
1586 3050 531697.9991399164 4438998.6485360265
1708 3050 534138.797860282 4438998.475051415
1769 3050 535358.4976866983 4438998.612988147
1830 3050 536578.604898039 4438998.416873626
1952 3050 539018.5432368057 4438998.071714222
2135 3050 542678.4117371577 4438998.611241581
2196 3050 543898.4150386641 4438998.9466157695
2440 3050 548780.1658627837 4438998.977380001
2745 3050 554877.8973617905 4438997.998545858
61 3111 501198.73037310835 4437779.0160399545
244 3111 504859.4443679692 4437778.471849039
305 3111 506079.01193803124 4437778.135398146
366 3111 507298.38826660754 4437777.821681322
427 3111 508518.34217475494 4437778.264167983
488 3111 509737.6290339547 4437778.824201574
671 3111 513397.95586063765 4437779.423342505
732 3111 514618.0696096754 4437778.525007589
793 3111 515838.0580046684 4437778.557077108
854 3111 517058.2608456381 4437778.393821021
915 3111 518278.1686288171 4437777.896706219
1037 3111 520717.87662139704 4437778.054140754
1098 3111 521939.2897182316 4437778.419228322
1159 3111 523158.6020171619 4437778.399043268
1220 3111 524377.9317356746 4437778.941201866
1281 3111 525597.8386135001 4437779.199193395
1342 3111 526818.119463214 4437778.999921175
1403 3111 528038.1854263954 4437779.06401089
1464 3111 529258.450175464 4437779.344194992
1525 3111 530478.6058735816 4437779.084264755
1586 3111 531698.5037973695 4437779.627954591
1647 3111 532918.4293690163 4437780.620307075
1708 3111 534138.1653164717 4437780.505159661
1769 3111 535358.0530184186 4437778.999660875
1830 3111 536577.722420182 4437779.25740076
2074 3111 541458.4132785618 4437778.874814063
2196 3111 543899.0208219697 4437778.951811248
2257 3111 545118.7814164411 4437780.770009053
2989 3111 559758.2554973005 4437778.100857033
122 3172 502418.146012162 4436558.879616093
244 3172 504859.10275785223 4436557.921801336
366 3172 507299.1387117361 4436557.512387438
488 3172 509737.37892298173 4436557.70945758
610 3172 512176.94637728727 4436558.351407965
793 3172 515839.5227114727 4436557.828235795
854 3172 517059.1852297343 4436557.7027131505
976 3172 519499.20995283726 4436557.891561298
1037 3172 520717.8241262289 4436557.696711267
1159 3172 523158.9411632688 4436558.822027058
1220 3172 524379.1863040141 4436558.612333404
1464 3172 529258.3392384914 4436558.660373744
1647 3172 532919.0358775975 4436559.369317467
1708 3172 534138.9247301391 4436558.8399085505
1769 3172 535359.3379322262 4436558.918276542
1891 3172 537798.9648291494 4436558.943167586
1952 3172 539018.8406034075 4436558.856081324
2074 3172 541458.2101880689 4436558.905965942
2135 3172 542677.8926543578 4436558.904239092
122 3233 502418.76347313955 4435337.637967986
183 3233 503638.64007276593 4435337.875588267
244 3233 504859.2587461887 4435337.914800398
305 3233 506079.3397343724 4435337.76418911
366 3233 507299.00501796784 4435337.63423063
427 3233 508519.04400465114 4435336.96440687
549 3233 510957.71545829985 4435337.696107361
671 3233 513398.117998338 4435337.6916069845
732 3233 514618.48337851715 4435337.898372409
793 3233 515838.3265760017 4435338.522487994
854 3233 517058.49847194005 4435338.786574323
1037 3233 520717.9645979393 4435338.238519043
1098 3233 521938.58698120975 4435338.005367481
1525 3233 530477.6170132098 4435337.6543244105
1891 3233 537798.3889275847 4435338.262749798
2074 3233 541458.1511170785 4435337.838262241
2196 3233 543899.6477841027 4435338.455162025
2318 3233 546337.7978330792 4435341.1789268255
2562 3233 551217.9119411362 4435338.209683754
2745 3233 554878.2216891751 4435338.417389499
2867 3233 557318.0941810883 4435339.044099926
0 3294 499979.1582362581 4434119.597687141
122 3294 502418.6905633294 4434117.46599894
183 3294 503638.7997155967 4434117.558201829
244 3294 504858.7275652601 4434117.465810113
305 3294 506079.2122654699 4434117.276298878
488 3294 509738.0401522855 4434117.287540554
549 3294 510958.17350406206 4434117.98741294
610 3294 512178.5596132048 4434117.506403656
671 3294 513397.3819791316 4434117.693791149
732 3294 514617.6149760021 4434118.192231632
793 3294 515837.5628263862 4434118.2962853825
915 3294 518279.1740012302 4434118.742531919
976 3294 519498.8232164298 4434117.883684017
1037 3294 520717.7310103918 4434118.142490301
1098 3294 521938.67518093705 4434117.471032119
1464 3294 529258.974646316 4434118.6857654
1708 3294 534137.4769794582 4434117.88298835
1830 3294 536578.0685638126 4434118.777563105
2074 3294 541458.9852998956 4434117.783033842
2318 3294 546338.5150777553 4434119.027061161
2440 3294 548778.0814900717 4434118.387508657
2501 3294 549998.2249685053 4434119.075999376
61 3355 501198.1026291547 4432897.926847762
183 3355 503638.0621175724 4432897.989816263
244 3355 504857.4101783198 4432898.336138458
366 3355 507297.8593749916 4432898.33711568
427 3355 508517.7487105166 4432898.308513207
488 3355 509737.3362104731 4432898.467317787
610 3355 512177.89877682296 4432898.902323488
732 3355 514618.81569687184 4432899.052744051
793 3355 515838.8888773962 4432899.067868701
915 3355 518279.40761364234 4432898.777771963
976 3355 519498.9332647786 4432898.874728907
1037 3355 520718.59894612164 4432898.13806502
1159 3355 523158.34801522456 4432898.521626813
1220 3355 524378.1513879556 4432897.7582586175
1403 3355 528037.184291491 4432898.9712447785
1525 3355 530478.0510623391 4432898.81332242
1586 3355 531698.8952538844 4432898.479866858
1708 3355 534138.280454979 4432898.350922306
1769 3355 535357.700995876 4432898.412927595
1952 3355 539018.1509771959 4432899.455195031
2013 3355 540238.5704310401 4432899.353850181
2257 3355 545118.2191601335 4432901.239098481
2623 3355 552438.4378544373 4432898.070203853
122 3416 502418.1346029335 4431678.551397224
183 3416 503638.8976912164 4431678.7221870115
366 3416 507299.1377061663 4431678.882956143
610 3416 512179.1317785332 4431679.316071885
732 3416 514620.468280078 4431679.020062323
793 3416 515840.288460265 4431678.698552564
1159 3416 523157.63419355894 4431680.54824859
1220 3416 524377.7016819583 4431680.210333967
1281 3416 525598.2251668529 4431678.994923464
1403 3416 528038.3457090273 4431679.440239867
1464 3416 529258.7010492485 4431679.533596843
1525 3416 530478.383060195 4431680.644389838
1586 3416 531698.1306099677 4431679.199370464
1708 3416 534137.7647259226 4431678.85571798
2135 3416 542677.8717019053 4431679.345113187
2196 3416 543898.5730997595 4431679.035906948
61 3477 501198.1586335552 4430457.961775071
122 3477 502417.89114341175 4430458.605059806
183 3477 503639.0650865152 4430458.527320366
244 3477 504859.5181947758 4430459.053813922
305 3477 506079.5982808785 4430458.6309405025
488 3477 509738.2661783979 4430459.02334672
854 3477 517057.85140630166 4430457.9546708185
976 3477 519498.047071798 4430458.0352647165
1037 3477 520717.7330528246 4430458.617539041
1159 3477 523157.84464620316 4430459.163932227
1342 3477 526818.2472594742 4430459.039292984
1403 3477 528038.423163895 4430460.66223153
1525 3477 530478.3968465494 4430459.547977989
1586 3477 531697.882251262 4430458.800936841
1769 3477 535358.8370126963 4430460.755353531
1830 3477 536579.0481703446 4430458.820982718
1891 3477 537798.562728392 4430460.9383770535
1952 3477 539018.4745220044 4430459.117214898
2501 3477 549999.1485617874 4430458.807646304
122 3538 502418.0532855337 4429238.136825549
183 3538 503638.1761361417 4429238.278990058
244 3538 504858.990302767 4429238.670589625
305 3538 506079.6156297551 4429238.622228299
671 3538 513397.77663315233 4429238.900157286
793 3538 515837.692355316 4429238.352470794
854 3538 517057.8348835353 4429238.363837103
915 3538 518277.9153936348 4429238.541995904
1037 3538 520718.8345078512 4429238.413824153
1098 3538 521938.33546233544 4429237.5670683
1220 3538 524378.1681066212 4429241.317315073
1403 3538 528038.8091653829 4429240.963463599
1464 3538 529258.5668465694 4429241.3574889675
1586 3538 531699.0484007678 4429238.427116921
1647 3538 532919.0397502078 4429238.474897175
1769 3538 535358.4893908189 4429238.358293138
1830 3538 536578.1379936205 4429238.3460237
2562 3538 551218.6209100916 4429238.706950775
2623 3538 552438.8252053478 4429238.166403884
2684 3538 553659.6255538942 4429238.7708588205
2989 3538 559759.2329556588 4429241.649203202
61 3599 501197.9287342128 4428017.904326445
122 3599 502418.07331261283 4428018.170569192
183 3599 503638.03113898076 4428018.426746343
244 3599 504857.95441879117 4428018.602592965
305 3599 506078.59310806764 4428018.408031848
366 3599 507299.4412721453 4428018.290479931
427 3599 508519.69340580836 4428017.602645092
488 3599 509739.2808658826 4428017.642796886
793 3599 515837.99238374794 4428017.549041163
854 3599 517058.6629299678 4428018.456722033
915 3599 518277.9569569986 4428018.853076089
976 3599 519497.9651965482 4428018.7018249575
1159 3599 523158.64499516255 4428021.271723728
1281 3599 525598.0818399929 4428018.203677362
1403 3599 528037.8044139328 4428018.571869036
1464 3599 529258.048172771 4428018.796622865
1525 3599 530479.1294963254 4428018.564704823
1586 3599 531698.810330685 4428018.631978902
1647 3599 532918.9496749139 4428018.369579261
1952 3599 539018.7293481417 4428017.844398557
2013 3599 540239.1366908127 4428017.930636236
2074 3599 541459.2784178897 4428018.072159204
2379 3599 547559.3158229797 4428018.897023985
2440 3599 548779.3804824592 4428019.057874979
2623 3599 552438.4270063972 4428019.716718556
2806 3599 556098.180581941 4428018.778533969
61 3660 501199.39164340624 4426797.455389065
122 3660 502419.5646692274 4426797.601276714
427 3660 508519.1133384368 4426797.922011575
488 3660 509739.13500629895 4426798.004605533
549 3660 510958.9765712876 4426798.02930904
610 3660 512178.36440586764 4426797.736905927
732 3660 514618.16881548066 4426797.493999919
854 3660 517057.57881711907 4426797.85053079
976 3660 519498.4936840618 4426798.365438518
1037 3660 520717.7341665329 4426797.823859136
1220 3660 524377.8429950164 4426798.162596091
1281 3660 525598.2119098919 4426798.8317782795
1464 3660 529257.93706654 4426798.471211395
1525 3660 530477.4632436666 4426798.196007438
1586 3660 531697.873298343 4426799.144918096
1647 3660 532918.338439136 4426799.142650388
1708 3660 534138.7500107065 4426799.127741892
1830 3660 536578.6654086665 4426798.773266681
1891 3660 537798.5015352459 4426798.6464230465
1952 3660 539017.5523135886 4426798.616154122
2013 3660 540237.694778003 4426798.296050432
2135 3660 542677.9840124304 4426801.5374604035
2196 3660 543898.4673819599 4426801.426518515
61 3721 501197.64567088743 4425578.139142274
122 3721 502418.1104732059 4425578.009275381
183 3721 503638.0094983725 4425578.423123281
244 3721 504857.9820622792 4425577.948296174
366 3721 507298.2658059237 4425577.610017715
427 3721 508517.742981864 4425578.031298204
488 3721 509738.2107853199 4425577.5027114665
549 3721 510957.518400567 4425577.449722373
610 3721 512177.5488569596 4425577.423622483
671 3721 513397.78647347103 4425578.600731317
854 3721 517057.8688626924 4425578.304238596
915 3721 518277.61410971644 4425577.823047437
976 3721 519498.0335971404 4425578.266359595
1037 3721 520718.82616949966 4425578.603500154
1098 3721 521938.3956546393 4425579.132096725
1281 3721 525597.9170560533 4425580.720182021
1342 3721 526818.1253725686 4425580.90650529
1403 3721 528038.3322751832 4425580.70663382
1464 3721 529258.382637566 4425580.635044062
1586 3721 531698.959836553 4425578.883440211
1647 3721 532918.7429763229 4425578.598614618
1708 3721 534137.8741244761 4425578.644753956
1830 3721 536578.5844178626 4425579.17322033
1891 3721 537799.196553902 4425579.458892317
2013 3721 540238.6389891848 4425578.509289727
2135 3721 542678.3322918339 4425581.293316647
2562 3721 551218.6083263219 4425581.950308329
61 3782 501198.2529682886 4424358.400330942
122 3782 502418.9424288285 4424358.961347816
183 3782 503639.251193061 4424358.876658278
427 3782 508520.3602599089 4424358.521405522
549 3782 510958.25922872976 4424359.240082169
671 3782 513398.43896197947 4424359.231178925
732 3782 514617.8741790243 4424359.192430786
976 3782 519498.70827947964 4424359.022113741
1037 3782 520718.40312733845 4424360.65718264
1098 3782 521937.9741557092 4424359.128706913
1159 3782 523158.01945375436 4424359.135421795
1342 3782 526818.983802926 4424358.927257575
1403 3782 528039.0211975253 4424358.749577965
1464 3782 529258.9081909187 4424360.939864379
1525 3782 530478.5344942621 4424360.922703457
1586 3782 531699.0645180783 4424361.074018841
1647 3782 532918.8621992571 4424361.010348741
1708 3782 534138.7970980348 4424358.840544647
1769 3782 535359.4190489539 4424358.25236899
1830 3782 536578.5174106065 4424358.832410838
1952 3782 539017.9257205975 4424358.205180527
2074 3782 541458.7143845829 4424358.783286433
2135 3782 542679.0809475685 4424360.2711972
61 3843 501198.26065193367 4423138.422045368
244 3843 504859.7016138534 4423138.5384711465
305 3843 506079.1856667472 4423138.868366238
488 3843 509738.2339258823 4423137.662239409
854 3843 517059.0587448121 4423138.84407013
915 3843 518277.6354788255 4423138.725196268
976 3843 519497.86574976833 4423140.9190646475
1037 3843 520718.05392301973 4423138.831338011
1098 3843 521938.0673861844 4423138.12872903
1159 3843 523158.13252760767 4423138.0054631885
1220 3843 524378.3995302593 4423138.954088702
1281 3843 525598.6920936857 4423141.29273239
1342 3843 526818.7672037131 4423140.964876302
1403 3843 528038.5531407383 4423141.152215195
1464 3843 529258.1740085972 4423141.025751486
1647 3843 532918.2816395613 4423138.433360682
1830 3843 536580.0029108655 4423139.99895981
1952 3843 539018.744065129 4423138.760893756
2257 3843 545118.2392200623 4423140.613283539
2440 3843 548777.9399375927 4423141.600703719
2867 3843 557318.5209987442 4423141.003782661
0 3904 499978.7807036286 4421916.994832865
183 3904 503637.9681360302 4421918.163450836
244 3904 504858.569537167 4421917.9999027485
366 3904 507299.0942230558 4421917.911234845
549 3904 510957.82104379503 4421917.666867389
793 3904 515838.89598961815 4421917.36847133
854 3904 517058.8020702621 4421918.376687661
915 3904 518278.59744204755 4421918.677438669
976 3904 519497.97307671927 4421919.144561574
1037 3904 520717.935850123 4421920.58232335
1098 3904 521938.06410118507 4421918.379787079
1220 3904 524378.3661294628 4421918.177350838
1403 3904 528038.1098515966 4421921.29029174
1586 3904 531698.2353409585 4421918.569885057
1647 3904 532918.7890125648 4421918.409118863
1708 3904 534138.455278868 4421918.510742203
1769 3904 535358.1154722949 4421917.891915595
2196 3904 543899.0346449122 4421920.7338878075
2562 3904 551219.2353291225 4421918.970308085
2684 3904 553658.9435572827 4421921.066743633
61 3965 501198.1501189229 4420697.386766514
183 3965 503637.878456792 4420697.521263942
244 3965 504857.9329067903 4420697.947173422
366 3965 507298.8298441229 4420698.543653177
427 3965 508519.04669786425 4420698.774355246
488 3965 509738.73322594824 4420697.56612927
549 3965 510957.92934231774 4420697.791447623
671 3965 513397.9023214039 4420698.147691616
915 3965 518277.39720105065 4420697.88730519
1037 3965 520718.0380529612 4420698.619433865
1098 3965 521938.3937871504 4420698.518144949
1159 3965 523157.9978455831 4420697.864225541
1342 3965 526819.1979885402 4420701.042991333
1464 3965 529258.451372311 4420701.20901107
1525 3965 530478.3717405894 4420701.147138542
1586 3965 531699.003866141 4420698.09376444
1647 3965 532918.4199986013 4420698.320597319
1708 3965 534138.0123913166 4420698.52632471
1891 3965 537797.7906198071 4420697.962597109
1952 3965 539019.2298689838 4420699.329167053
2074 3965 541458.4682735929 4420698.682807721
2501 3965 549998.8521180768 4420699.827374901
2562 3965 551219.1979534491 4420700.351332408
61 4026 501198.50657442363 4419478.728570237
122 4026 502419.3221191474 4419478.343762444
183 4026 503638.24838744814 4419478.384965739
244 4026 504858.5218954465 4419478.3558811685
427 4026 508519.5102679281 4419478.4941736795
488 4026 509739.5562801612 4419478.151824952
549 4026 510960.35777108325 4419478.988579453
610 4026 512178.7151883199 4419478.211893435
671 4026 513398.10841163114 4419478.137542904
732 4026 514618.1576782387 4419478.5055856
793 4026 515838.36903987185 4419478.408872337
854 4026 517058.82636021654 4419478.394731633
1037 4026 520718.8267838376 4419478.209430861
1098 4026 521937.9720456334 4419477.952945381
1220 4026 524377.9450259219 4419477.949117014
1281 4026 525598.2053537865 4419478.352681011
1342 4026 526817.8534087456 4419477.983615176
1403 4026 528037.3285088462 4419478.31264494
1525 4026 530478.9402160989 4419478.306614365
1586 4026 531698.6514607769 4419478.58734616
1647 4026 532918.3016792678 4419478.1358124325
1952 4026 539019.0115155168 4419479.270475865
2074 4026 541458.2655292291 4419478.270431827
2196 4026 543899.1825338551 4419479.624046738
2440 4026 548779.4326515655 4419479.186501717
2501 4026 549999.5908177329 4419480.807424018
122 4087 502418.1596128812 4418259.112950504
305 4087 506078.5235097804 4418258.672781127
427 4087 508518.5823202075 4418258.0747391
488 4087 509738.7882788361 4418258.528719589
549 4087 510958.6393911991 4418259.051719882
610 4087 512178.3353038549 4418258.444116608
732 4087 514618.1266951516 4418258.5865742685
793 4087 515837.8098364171 4418257.927906501
854 4087 517057.7378646814 4418258.320049169
976 4087 519497.9035284881 4418261.193219765
1098 4087 521938.19229124114 4418258.220770158
1159 4087 523158.417409415 4418258.393613478
1342 4087 526818.0391360315 4418258.678943557
1403 4087 528037.8114155352 4418258.922542938
1464 4087 529258.8010213698 4418258.918653599
1525 4087 530478.1771899691 4418258.594593041
1708 4087 534138.8238495174 4418259.339895906
1769 4087 535358.7599591586 4418259.106833895
1830 4087 536578.067141061 4418258.867787669
1952 4087 539018.1280901493 4418258.777810622
2074 4087 541458.5650566694 4418258.43926785
2318 4087 546339.2356888707 4418261.22105022
2440 4087 548779.2570323977 4418261.609666919
61 4148 501200.22424847324 4417038.887461486
183 4148 503639.26120422856 4417038.498380068
244 4148 504859.33010235074 4417038.781934962
305 4148 506078.3211055932 4417038.7440679595
366 4148 507298.79211223027 4417038.6119786855
427 4148 508518.426722906 4417038.392279472
488 4148 509738.70520726184 4417038.251944142
549 4148 510958.4899006712 4417038.468168813
610 4148 512178.352569052 4417038.621279325
732 4148 514618.2644776615 4417038.586112325
976 4148 519497.9791747458 4417038.712262391
1037 4148 520718.07380270737 4417038.083855513
1098 4148 521938.60619695974 4417038.677687479
1159 4148 523158.4800778397 4417038.472126701
1220 4148 524378.705538223 4417038.552975261
1281 4148 525598.9444788552 4417038.794543603
1342 4148 526818.8739434169 4417040.5324680805
1403 4148 528038.6096468964 4417038.77848338
1525 4148 530478.1485181148 4417039.047440986
1647 4148 532918.7666779916 4417039.267783346
1769 4148 535358.3012595539 4417039.002044639
1891 4148 537798.9774595045 4417040.822644966
2806 4148 556099.3507453973 4417038.795278877
61 4209 501199.4147776468 4415817.857081176
122 4209 502419.00029203255 4415817.667252606
183 4209 503638.2939241844 4415817.514028968
610 4209 512178.26560024254 4415817.743768881
671 4209 513398.27987397957 4415817.834654669
854 4209 517058.2385113672 4415818.128311321
976 4209 519498.24573040934 4415818.881375167
1037 4209 520717.7867511557 4415820.689747534
1098 4209 521937.72206399677 4415819.054892591
1159 4209 523158.515738871 4415820.066170868
1220 4209 524378.2878298771 4415819.247694512
1281 4209 525598.4115123879 4415820.52899578
1342 4209 526818.0655756583 4415820.8662196435
1464 4209 529258.350419428 4415817.878947568
1586 4209 531698.1267124115 4415818.3996682735
1647 4209 532917.5314103442 4415818.772208751
2013 4209 540238.7390275724 4415820.970285019
2074 4209 541459.0702425807 4415821.398261504
2135 4209 542679.2404875667 4415818.559620599
2196 4209 543898.980469174 4415819.258796038
2501 4209 549998.7262264414 4415818.695134183
61 4270 501198.27733092307 4414598.141533784
366 4270 507297.72762436874 4414597.979113358
488 4270 509738.3317679425 4414598.1573407315
610 4270 512178.44256492826 4414598.235755334
732 4270 514618.01091046794 4414598.639736288
793 4270 515838.5083152029 4414598.598567957
854 4270 517058.5312903232 4414598.832302281
915 4270 518278.4086161221 4414599.312947082
976 4270 519498.2132239879 4414598.767368343
1037 4270 520718.76190235664 4414598.979842529
1159 4270 523158.4260334635 4414598.883884986
1220 4270 524378.6785594253 4414600.791592039
1281 4270 525598.4728690244 4414598.826074534
1342 4270 526818.1851319806 4414598.419172235
1403 4270 528038.2697346627 4414601.371743948
1464 4270 529258.3378311547 4414597.854648976
1586 4270 531698.4261702504 4414598.30585038
1708 4270 534137.5925334706 4414598.241915129
2074 4270 541458.1243469191 4414601.288090935
2135 4270 542679.4112703423 4414598.793611063
2257 4270 545119.4062196433 4414598.679119835
2379 4270 547559.4684330092 4414599.234227223
2501 4270 549999.388135039 4414600.6298218
2623 4270 552438.4342415258 4414600.990834733
2684 4270 553657.7567675097 4414598.676942193
122 4331 502417.4763793256 4413378.327392507
183 4331 503638.0256857017 4413378.571091847
244 4331 504859.10874348524 4413378.963627982
305 4331 506078.86025784706 4413378.583878074
366 4331 507298.9150101292 4413378.6080646645
427 4331 508518.2792483965 4413377.893851568
549 4331 510958.6696478825 4413378.681491189
610 4331 512179.4512986628 4413378.877717825
854 4331 517057.8794688546 4413378.7737769205
915 4331 518278.735525019 4413380.500003137
1098 4331 521938.3453285038 4413378.770840467
1281 4331 525597.7053513172 4413381.531642229
1342 4331 526817.3581679864 4413378.286188012
1403 4331 528038.3081751796 4413381.626069444
1586 4331 531698.4630312584 4413377.916813016
1647 4331 532918.4194493012 4413378.1042991
1769 4331 535357.873306508 4413378.432025189
1830 4331 536578.6167269032 4413378.144280686
2013 4331 540239.173765207 4413378.96686557
122 4392 502418.50816482666 4412158.018390785
366 4392 507298.9748915669 4412160.519960114
427 4392 508519.70058139483 4412158.5478567965
488 4392 509739.4170869243 4412158.681237834
549 4392 510958.7875528114 4412158.035268482
610 4392 512178.1497152488 4412158.111743808
793 4392 515838.6808890879 4412158.787703767
915 4392 518278.61077106313 4412158.673670487
976 4392 519498.7408980956 4412159.001749573
1159 4392 523158.4123565523 4412158.650560892
1464 4392 529258.0661540527 4412161.37166354
1525 4392 530478.5190726003 4412161.625081946
1708 4392 534137.505326201 4412158.606800058
1891 4392 537798.676061709 4412158.348290728
1952 4392 539017.7893961745 4412161.568104251
0 4453 499979.20470557583 4410938.93323901
61 4453 501199.4123761159 4410939.120850193
122 4453 502420.25257682655 4410938.766479496
183 4453 503639.25060390856 4410939.41345035
366 4453 507298.70890673884 4410938.926364517
488 4453 509739.2532427408 4410938.431383802
549 4453 510959.29447394283 4410938.353542784
732 4453 514617.897554988 4410938.390667341
976 4453 519497.90221630316 4410938.637172952
1098 4453 521938.3873104937 4410941.462042419
1159 4453 523158.61128072045 4410937.73033729
1281 4453 525597.778871278 4410938.333430034
1403 4453 528038.6155160745 4410938.375820254
1647 4453 532918.5183424798 4410938.39505543
1830 4453 536578.5107145628 4410938.563319391
1891 4453 537798.668573346 4410939.144434787
2013 4453 540237.9300668819 4410941.984256041
2379 4453 547558.3345202613 4410938.757566431
2440 4453 548778.608713306 4410938.955110532
2562 4453 551219.1164379233 4410940.695089497
2623 4453 552439.2763263788 4410939.361886937
183 4514 503638.6045262645 4409718.299761031
244 4514 504858.6674927422 4409718.776750403
427 4514 508519.05884449615 4409717.523568008
732 4514 514617.7095982555 4409717.961233879
976 4514 519497.31645338703 4409718.246213376
1098 4514 521937.54636233195 4409718.021263256
1220 4514 524378.0186591569 4409721.658154218
1281 4514 525598.5945294169 4409718.619918746
1464 4514 529257.3688548065 4409718.738753492
1525 4514 530478.201218979 4409719.2931172885
1586 4514 531698.4619821821 4409718.410869354
1708 4514 534137.9452407269 4409719.263517455
1769 4514 535358.0283470667 4409719.143435472
1830 4514 536578.8472094149 4409719.373280146
1891 4514 537798.9950228734 4409719.555037682
2074 4514 541458.9560492183 4409718.684443184
2440 4514 548779.3018683953 4409719.4882428935
2501 4514 549998.6858180154 4409719.402384993
2684 4514 553659.2193970893 4409719.742807353
2745 4514 554879.3406964212 4409720.206281739
366 4575 507299.05100400135 4408497.829948655
427 4575 508519.0035351213 4408498.108420179
488 4575 509738.74364431883 4408498.167003883
610 4575 512178.45110048127 4408497.96147515
671 4575 513398.57693179784 4408498.100460234
915 4575 518278.257879281 4408498.559071426
976 4575 519498.3952252019 4408497.956064382
1037 4575 520718.8759988638 4408498.726942523
1098 4575 521938.1251422362 4408498.473776615
1220 4575 524377.8552739136 4408499.043746735
1281 4575 525597.606548924 4408501.07718459
1342 4575 526817.7644524302 4408498.896305527
1464 4575 529258.4376827027 4408499.134704289
1647 4575 532918.4113786797 4408498.959210811
1708 4575 534138.1643568317 4408500.487702272
1830 4575 536578.6800263093 4408498.703784649
1891 4575 537798.105149996 4408498.530506145
2013 4575 540239.0428515174 4408499.037631553
2074 4575 541459.1704658167 4408499.1894883765
2196 4575 543898.1099817392 4408498.911089884
2257 4575 545118.3054260344 4408499.033055748
2318 4575 546338.5058031108 4408501.015697854
2379 4575 547558.4319419288 4408498.752342344
2806 4575 556099.5254216165 4408500.563642955
2867 4575 557319.2942715279 4408500.405490722
61 4636 501197.8424081718 4407279.866462227
122 4636 502417.8628316499 4407279.415389765
244 4636 504858.2220358321 4407280.834942766
305 4636 506077.9073340541 4407278.891671786
549 4636 510958.0288464542 4407278.889080676
610 4636 512177.85611583554 4407278.446574281
671 4636 513397.78042099596 4407278.155405762
732 4636 514618.52203762345 4407278.438442668
854 4636 517058.0812369343 4407278.309849417
915 4636 518278.8906700458 4407278.196247598
976 4636 519498.5447053515 4407278.538195112
1037 4636 520718.11576797644 4407279.371547427
1098 4636 521937.81366617046 4407278.753654115
1220 4636 524377.981661826 4407279.544441242
1281 4636 525598.4238766797 4407278.870427155
1342 4636 526819.1594005317 4407278.819351138
1403 4636 528038.9569390446 4407278.96387845
1586 4636 531698.99349358 4407279.170603699
1647 4636 532919.606461406 4407280.556898076
1708 4636 534138.9926347067 4407279.640021189
1830 4636 536578.3454702658 4407278.454062618
2501 4636 549998.2630373483 4407281.623641398
244 4697 504858.49157377344 4406060.539097052
366 4697 507298.1982699607 4406059.091875289
488 4697 509739.2967701604 4406059.415036963
610 4697 512179.4678668186 4406058.639099196
854 4697 517057.72816771315 4406058.227921499
915 4697 518277.6776052779 4406058.780625406
1342 4697 526819.1004297015 4406058.870590114
1403 4697 528038.733059173 4406058.725602475
1464 4697 529258.4019886516 4406058.938678237
1586 4697 531698.0295718189 4406061.0890976535
122 4758 502417.65550793346 4404838.346917625
427 4758 508518.0728642553 4404838.14183704
488 4758 509738.4720229419 4404838.9979195
610 4758 512178.9547248765 4404838.218741379
671 4758 513398.19952528947 4404838.081986043
915 4758 518278.7090469697 4404838.844133554
976 4758 519498.00986129785 4404839.253343809
1037 4758 520718.049377283 4404839.155987088
1098 4758 521938.5429449032 4404840.844785568
1159 4758 523158.53460469906 4404840.670185652
1220 4758 524378.3053181209 4404840.359525927
1281 4758 525598.3828564835 4404840.654325561
1403 4758 528038.083929787 4404839.014529629
1464 4758 529257.7814186127 4404841.094359496
1891 4758 537798.5223032376 4404840.87622287
1952 4758 539018.151546705 4404841.733994456
2257 4758 545119.5451086801 4404839.012980469
2440 4758 548778.1326157905 4404838.567204779
2684 4758 553658.5907141237 4404838.772681379
244 4819 504858.6516077889 4403617.729071246
305 4819 506078.2361532117 4403618.159570846
488 4819 509739.2327419155 4403617.934489034
732 4819 514618.22166944755 4403621.176637435
793 4819 515838.7692270864 4403618.816433061
1037 4819 520717.9869011205 4403619.129596169
1098 4819 521938.4592992155 4403619.459040473
1159 4819 523158.17490326747 4403620.791379139
1281 4819 525598.7052072282 4403621.16183172
1403 4819 528039.5412041417 4403621.129742066
1464 4819 529258.9840644635 4403618.746098107
1525 4819 530479.0030815969 4403618.545167585
1647 4819 532918.7285198919 4403621.845489707
2013 4819 540238.2260174803 4403618.8605624875
2196 4819 543898.3465280269 4403619.288456547
2379 4819 547559.1919345628 4403620.376843476
2806 4819 556098.590029385 4403621.248003909
122 4880 502418.6983585335 4402398.187859827
366 4880 507297.7075049306 4402397.926762147
610 4880 512179.02803498105 4402398.646801989
671 4880 513397.8357106487 4402398.278232012
732 4880 514617.65175268933 4402398.755626588
793 4880 515837.86293409707 4402398.444904062
854 4880 517057.74110043864 4402401.053232189
915 4880 518278.17716887454 4402399.385433893
1037 4880 520718.4247493389 4402398.939935547
1098 4880 521938.3289878223 4402398.985150724
1159 4880 523157.75408476964 4402400.835580197
1281 4880 525598.670743156 4402398.903386305
1342 4880 526818.1338166327 4402400.932587466
1403 4880 528038.0389899556 4402401.293353854
1464 4880 529258.0569159125 4402401.350386647
1708 4880 534138.5717304212 4402398.676624328
2318 4880 546338.482062474 4402399.067940163
2623 4880 552439.1205526558 4402399.216859567
183 4941 503637.43586580723 4401177.998693867
610 4941 512178.7289082445 4401178.3333621975
671 4941 513398.9148492045 4401178.829985013
854 4941 517058.49681082676 4401180.621349629
915 4941 518278.27612873045 4401180.644583323
1098 4941 521938.8314788685 4401179.177732544
1159 4941 523159.14529563935 4401180.656871231
1220 4941 524379.0537802017 4401179.32070033
1281 4941 525597.774557164 4401178.75483474
1403 4941 528038.1019033673 4401181.142946518
1586 4941 531697.5538708876 4401181.5571071105
1647 4941 532917.8522798007 4401181.794038882
1708 4941 534138.4524957486 4401181.544590746
1769 4941 535358.2649099496 4401178.6244108165
1891 4941 537798.4384044171 4401181.524126756
2684 4941 553657.9050498272 4401181.864325297
2745 4941 554878.3793475858 4401181.724702808
183 5002 503638.8431703192 4399958.662201467
244 5002 504858.7949579688 4399959.063161837
305 5002 506078.8215257587 4399959.035066213
549 5002 510958.47816480446 4399959.181227939
610 5002 512178.4683291729 4399960.589923227
671 5002 513398.9050377322 4399958.691506762
732 5002 514617.6939742993 4399961.373878721
915 5002 518277.85900470003 4399959.106328475
976 5002 519498.6140842554 4399959.477968511
1281 5002 525599.3222378197 4399960.804289211
1342 5002 526818.8256192245 4399959.902926856
1525 5002 530477.7127366157 4399961.978711371
1891 5002 537798.2758663872 4399961.992687133
2806 5002 556097.9818468087 4399962.00118631
0 5063 499979.12625636655 4398738.697293384
122 5063 502417.89734358987 4398738.71755848
183 5063 503637.8323987902 4398739.542511931
366 5063 507299.2975379253 4398739.291751169
610 5063 512178.0516586232 4398740.685583724
671 5063 513398.26740186487 4398739.3596492475
793 5063 515838.54713186127 4398740.212019869
915 5063 518279.2464646545 4398739.087405741
976 5063 519498.85906489205 4398739.485606344
1281 5063 525597.9527863348 4398741.298540535
1342 5063 526817.712057332 4398741.2295250455
1464 5063 529257.9846991375 4398738.498384669
1525 5063 530477.9577845626 4398738.715811496
1830 5063 536578.1636901936 4398741.103130217
1891 5063 537797.7382987974 4398741.359734096
2745 5063 554878.3515870718 4398739.255716294
2867 5063 557319.1916897243 4398740.881943638
61 5124 501198.568717962 4397518.903929855
122 5124 502418.78957062843 4397519.404261592
244 5124 504858.5457836604 4397519.0147894
366 5124 507299.3233544562 4397518.7577269
427 5124 508519.6918256081 4397518.684165113
549 5124 510958.79761632305 4397519.206090908
610 5124 512177.7844090923 4397518.0950027825
671 5124 513398.1845931261 4397520.341054436
732 5124 514617.9671077734 4397518.736004422
854 5124 517058.90329019533 4397518.94420524
976 5124 519498.0267717503 4397518.750502474
1037 5124 520717.9972884271 4397519.504967579
1220 5124 524378.5503905761 4397518.863324631
1281 5124 525598.3152388039 4397521.311102753
1342 5124 526818.6125931249 4397518.822323679
1586 5124 531698.1524221171 4397521.725368566
1830 5124 536579.0068789376 4397520.542236
1891 5124 537798.1468619376 4397520.668016942
1952 5124 539018.6279724987 4397519.385773135
2135 5124 542678.3304869526 4397519.344356252
2257 5124 545118.2051059059 4397518.694333504
2318 5124 546338.1440890981 4397521.076759775
2379 5124 547557.7335703461 4397520.921421248
2440 5124 548778.4598653314 4397518.843890781
2684 5124 553659.155717625 4397519.279266864
2745 5124 554879.365928418 4397519.590155716
61 5185 501199.4690676783 4396298.888216237
122 5185 502419.25184245716 4396298.6006468665
366 5185 507299.12087822903 4396298.309149902
427 5185 508518.10515504284 4396298.398282194
488 5185 509738.3734271078 4396298.480796034
549 5185 510957.93551444885 4396298.434927363
671 5185 513398.25091866247 4396299.263851811
732 5185 514617.68055794435 4396299.212276173
793 5185 515838.92732751014 4396299.287863851
854 5185 517058.1177384132 4396299.158003173
915 5185 518278.9090881021 4396300.355047489
1098 5185 521938.4220313968 4396299.575433701
1281 5185 525598.9775894461 4396301.514480045
1342 5185 526818.1565269309 4396301.941886908
1403 5185 528038.3988653382 4396301.527164637
1830 5185 536578.52438815 4396301.443932554
2745 5185 554878.1442118483 4396301.811002603
122 5246 502418.3868447021 4395078.124928475
183 5246 503638.48849233467 4395078.411102692
488 5246 509738.64855855325 4395078.44498251
549 5246 510958.06150204875 4395078.5784156285
976 5246 519497.7806415591 4395079.6809634175
1037 5246 520718.7731967842 4395080.490966191
1098 5246 521939.0474056524 4395079.432524563
1220 5246 524378.8632538484 4395078.789611554
1525 5246 530478.3891784094 4395081.0878841635
1586 5246 531698.5424308144 4395081.33946224
1647 5246 532919.0154739618 4395078.47118572
1708 5246 534138.2112889364 4395081.5401185565
2318 5246 546338.5832487694 4395081.62045486
2379 5246 547558.5205677425 4395081.911570699
610 5307 512179.0253796566 4393858.664552656
671 5307 513398.9428869885 4393858.755910838
976 5307 519497.98096240475 4393860.718303082
1098 5307 521937.60519038734 4393861.224431591
1464 5307 529257.5953145591 4393861.712962116
1708 5307 534138.952524438 4393861.868345886
1769 5307 535358.2266171034 4393861.391858141
1830 5307 536579.2515695085 4393861.501685555
1952 5307 539018.4224871455 4393861.630139209
2440 5307 548777.7912209507 4393858.806209984
2562 5307 551218.2112227122 4393858.713240724
61 5368 501197.72762237285 4392637.924312143
122 5368 502419.1535133839 4392638.03046747
183 5368 503638.8253549457 4392639.023882051
793 5368 515838.9127145812 4392638.835504736
976 5368 519498.20251505676 4392639.38000457
1159 5368 523157.8140745203 4392639.254488023
1220 5368 524378.0528685555 4392641.328570022
1342 5368 526818.3951428481 4392641.910540243
1403 5368 528038.4314887128 4392641.567128736
1708 5368 534137.9503516554 4392641.630635447
2257 5368 545118.0428367867 4392641.5571582075
2318 5368 546338.0365756319 4392638.898701932
2379 5368 547558.0178270601 4392638.768036701
2501 5368 549998.527537185 4392639.737373625
2684 5368 553658.419343186 4392639.105153037
61 5429 501198.98345659365 4391418.420754412
366 5429 507298.84501536685 4391419.271880885
427 5429 508518.4911958578 4391419.267898317
488 5429 509738.7891224944 4391418.8709697025
976 5429 519498.0723703158 4391421.019865816
1098 5429 521938.0520652935 4391418.998731177
1220 5429 524378.0590115873 4391420.832930024
1281 5429 525598.1020541237 4391421.469302733
1403 5429 528037.963102771 4391421.6471395865
1464 5429 529258.0966513872 4391421.815896043
1525 5429 530478.2384245 4391421.353866856
2013 5429 540238.9812627311 4391418.7784716515
2074 5429 541459.0778241478 4391418.994755811
2135 5429 542678.8361001817 4391420.701421315
2623 5429 552438.0859031014 4391421.177453649
1952 5490 539018.4738049495 4390198.538967161
2318 5490 546339.9194752547 4390200.927926529
