8540 122 685401.1481589869 5198797.564504226
8662 122 686618.6538030027 5198798.68193741
9028 122 690281.9113210054 5198797.017851305
10614 122 706138.6863620442 5198798.7032566825
7808 244 678078.4800313859 5197577.222952625
8174 244 681738.6937457747 5197578.164743189
8296 244 682961.4584641696 5197578.940681585
8662 244 686621.9590622371 5197577.09176174
8784 244 687837.7540473961 5197577.592164843
9150 244 691498.7230025664 5197577.673569869
10736 244 707358.4334268378 5197577.88771097
6222 366 662219.0772387554 5196357.323672396
8052 366 680521.3032167339 5196358.226236565
10736 366 707357.6736660074 5196357.871251288
10858 366 708578.2134403035 5196358.3809392685
6222 488 662218.3484911324 5195138.4246864775
6344 488 663438.5036716389 5195137.9205639735
8540 488 685398.647071597 5195137.073067412
8784 488 687838.5863226057 5195138.366893814
8906 488 689058.3757602776 5195138.169878107
9150 488 691498.2023030458 5195138.13870152
10858 488 708578.5388256583 5195139.155001242
7808 610 678081.8764357349 5193917.537478173
9150 610 691501.1722325971 5193918.128301551
10736 610 707358.7623143671 5193918.019817357
10004 732 700037.910243406 5192697.974945078
7808 854 678081.2305188596 5191478.062310608
7930 854 679301.4303630705 5191477.212544397
10370 854 703697.6273718004 5191479.036287171
10736 854 707358.7308206417 5191477.896021865
5978 976 659778.5181276702 5190256.459411248
6832 976 668318.6674684279 5190257.352001223
8784 976 687838.7997647712 5190258.001572995
8906 976 689061.5778677568 5190257.201273308
10126 976 701258.8104377228 5190257.422897495
10736 976 707362.0738002431 5190257.516867491
1342 1098 613422.7819809961 5189037.0500325365
1464 1098 614638.8899711411 5189037.234097864
2440 1098 624401.357686401 5189036.717394526
6710 1098 667100.7005787912 5189037.69519325
6954 1098 669541.2711956537 5189036.934303642
7076 1098 670757.8360571379 5189037.085396267
7686 1098 676858.9995839822 5189037.230490012
9516 1098 695158.8845294928 5189037.532943497
9638 1098 696381.0565102448 5189038.104838233
10492 1098 704918.1502332531 5189038.24893345
10614 1098 706139.3576492029 5189038.199345771
6222 1220 662219.054633525 5187817.441214259
6344 1220 663438.4236383741 5187816.989778436
7076 1220 670758.8378833021 5187817.295312562
7198 1220 671978.0670185024 5187817.635543196
9638 1220 696378.4484256802 5187817.874194951
10004 1220 700038.2832519681 5187818.060291823
1830 1342 618302.1661166913 5186596.039914472
2074 1342 620742.8919589174 5186595.522556053
6100 1342 661001.2437286889 5186597.3686190825
10248 1342 702478.0610134464 5186596.875083361
1464 1464 614640.9801307953 5185376.917111982
5856 1464 658558.5551466027 5185377.5843649
5978 1464 659778.5202614411 5185377.503673622
6954 1464 669541.4680401882 5185378.26147049
10126 1464 701258.1475706055 5185378.3069131365
10492 1464 704917.4992422829 5185378.384344102
10614 1464 706138.0476742286 5185377.429461177
10736 1464 707359.691175765 5185377.648180402
1464 1586 614638.281822941 5184156.791904271
6832 1586 668321.4331848457 5184157.407218454
8418 1586 684182.3756088768 5184157.263096208
10858 1586 708581.799278543 5184158.256103699
1098 1708 610979.0694708193 5182936.061427963
6710 1708 667102.4392230195 5182936.573564918
6832 1708 668322.5190533955 5182936.925304049
8052 1708 680518.6599464103 5182937.871396959
8174 1708 681741.8057360487 5182937.93548598
10858 1708 708580.9436713972 5182938.463671013
10980 1708 709798.4836778292 5182937.940400892
1586 1830 615858.3447914588 5181716.939257153
6588 1830 665881.1736622372 5181717.096886799
7076 1830 670761.71099182 5181716.430796923
7930 1830 679298.0561865089 5181717.259878967
9882 1830 698819.3791556315 5181718.100335137
10004 1830 700038.8500055007 5181717.773976998
10858 1830 708577.3809856634 5181718.040395541
1586 1952 615861.6355599693 5180496.9225287195
7930 1952 679302.2175579201 5180497.867571899
8662 1952 686622.4745854599 5180497.690886257
8784 1952 687841.3414765652 5180498.149819848
9760 1952 697598.0826635587 5180497.933411747
9882 1952 698818.123471595 5180498.234510433
10492 1952 704918.3190015755 5180497.6690234905
1586 2074 615863.288637665 5179276.37770036
1830 2074 618302.5152073288 5179276.058536709
2440 2074 624402.3659601669 5179276.908643506
3538 2074 635381.3320609373 5179277.341796308
6710 2074 667101.772941797 5179277.407478651
7564 2074 675638.8470445725 5179277.094925896
7686 2074 676858.6536596351 5179277.661921741
7808 2074 678078.5505076199 5179278.105768865
7930 2074 679299.2753468059 5179278.314319553
8662 2074 686621.134148801 5179278.522411491
9516 2074 695158.9523353112 5179277.776159788
1464 2196 614640.8616265178 5178057.594266934
1830 2196 618301.501529867 5178056.405765851
1952 2196 619520.9735993344 5178056.673412563
2318 2196 623181.4028327317 5178057.371405749
2928 2196 629281.6961083708 5178056.626662218
3660 2196 636603.6629512766 5178057.093595845
3782 2196 637821.8602536975 5178057.166566566
3904 2196 639042.9039146443 5178057.17585211
4636 2196 646358.017279819 5178057.294165137
6466 2196 664661.8008715333 5178057.018640149
6710 2196 667101.1696220015 5178057.0812912015
8174 2196 681737.723006674 5178057.744867415
10370 2196 703698.7529909262 5178057.397802736
1586 2318 615861.0643744085 5176837.262013333
1708 2318 617080.9860512117 5176837.285339438
1830 2318 618299.1286848699 5176836.376827105
2074 2318 620738.5207711132 5176836.83312367
2196 2318 621963.5850182291 5176836.477390384
2318 2318 623181.7215192604 5176837.406926077
2684 2318 626842.28403094 5176835.653261936
2806 2318 628063.1702113451 5176836.175593809
4270 2318 642702.2170726237 5176837.23363651
6222 2318 662221.8687517875 5176837.301982527
6344 2318 663441.271497438 5176836.877891913
6466 2318 664658.2079409005 5176838.04280697
6588 2318 665881.1487833719 5176837.394847024
6710 2318 667097.8542524937 5176837.202811668
7076 2318 670758.7817181831 5176837.077249939
7564 2318 675637.4169762947 5176837.10528428
7686 2318 676859.0426848382 5176839.844619719
7930 2318 679297.6540612767 5176838.678190477
8296 2318 682961.9204072338 5176838.322431359
8418 2318 684182.0846497654 5176837.563773229
8784 2318 687841.0120821783 5176837.26069319
9882 2318 698818.8783463901 5176838.4152021175
10004 2318 700039.0725877803 5176837.71686852
10248 2318 702477.5083503195 5176837.235793759
10370 2318 703698.1138169263 5176837.606684704
1098 2440 610981.4660536866 5175616.473759889
1220 2440 612201.0702801237 5175616.410240884
1464 2440 614639.813184557 5175616.73980781
1586 2440 615861.5298441985 5175616.762126571
1708 2440 617080.5394621957 5175616.574248227
2562 2440 625621.9956924602 5175616.760110706
4392 2440 643922.4240688703 5175616.325553581
4514 2440 645141.6552113111 5175616.715445766
4636 2440 646361.5132816065 5175616.668668578
5978 2440 659781.9254468881 5175617.106152097
6100 2440 660997.617977292 5175617.32423415
6588 2440 665878.2160075795 5175616.893424427
7808 2440 678081.1122036759 5175618.9867864195
8052 2440 680519.2930229654 5175618.121411209
9272 2440 692718.7871557742 5175617.962487078
9394 2440 693938.5759383927 5175618.441799617
9882 2440 698818.0707555298 5175618.06468802
10614 2440 706138.5145692783 5175618.201268411
1220 2562 612201.9111544298 5174397.023180754
1586 2562 615862.6212724667 5174396.27505528
2440 2562 624402.0496077151 5174396.783461298
2562 2562 625622.4799395446 5174396.720413736
3416 2562 634158.6803169558 5174397.713206369
3538 2562 635381.6513330551 5174396.928125775
4636 2562 646361.7419571365 5174396.379782446
4880 2562 648798.2112077196 5174397.17089608
5734 2562 657338.4409180534 5174397.713058375
5856 2562 658562.9722209492 5174397.140622225
6222 2562 662218.0115660462 5174397.451169613
6344 2562 663441.7295842189 5174396.46656638
6588 2562 665878.4654141305 5174396.530450443
6954 2562 669541.0866185313 5174396.773804056
8174 2562 681741.5477837984 5174396.8904234925
8296 2562 682962.4493382144 5174397.36718561
8906 2562 689062.3041078185 5174397.592126773
9150 2562 691498.3309973314 5174398.123697044
9394 2562 693939.310496021 5174399.314365799
9516 2562 695158.6904062659 5174398.5812487425
9638 2562 696378.7265552494 5174397.148519282
9760 2562 697597.6239924891 5174397.908599232
1464 2684 614642.0374023184 5173176.281057708
1708 2684 617081.1152573479 5173176.805696947
1952 2684 619518.3666917098 5173177.144658847
2074 2684 620742.9787893117 5173176.10244025
2318 2684 623181.9901535417 5173177.15132571
2440 2684 624401.2926679989 5173176.148800359
3538 2684 635382.3597869115 5173177.565145483
5612 2684 656122.3597334719 5173176.901222904
5734 2684 657338.0626798325 5173177.692013419
5856 2684 658562.4353427127 5173176.842033252
5978 2684 659778.2596261451 5173176.961563728
6100 2684 661001.460721759 5173176.943734414
6222 2684 662222.2579711694 5173177.784093193
6344 2684 663439.0392926602 5173176.816772389
6466 2684 664661.0794389462 5173176.829543761
7442 2684 674418.4669829278 5173178.067164594
8052 2684 680518.251637193 5173177.928574294
8296 2684 682960.1142245609 5173179.827690912
8662 2684 686619.3668259428 5173178.595063666
9028 2684 690278.9477612178 5173177.742308803
9394 2684 693937.9796639337 5173177.334094638
9882 2684 698818.3539133944 5173177.30915504
10004 2684 700038.7368109662 5173179.037797907
10126 2684 701258.468679371 5173178.858408724
10858 2684 708578.1948816535 5173178.632863954
1464 2806 614642.3546159121 5171955.781842019
1952 2806 619521.4355799479 5171957.352155752
2074 2806 620742.5265229492 5171956.227172069
2196 2806 621961.7900596795 5171957.1756306505
2318 2806 623182.4545555585 5171956.507190191
3538 2806 635381.440623039 5171957.212258596
4270 2806 642698.4443978162 5171958.394424093
4636 2806 646362.1109105044 5171956.541058321
4880 2806 648800.1309761995 5171957.153348721
5368 2806 653681.3987150464 5171957.066771543
5490 2806 654901.2078999388 5171957.384487089
6954 2806 669541.7666646889 5171957.198761879
7076 2806 670760.9616290933 5171958.93194168
7686 2806 676858.4098395986 5171956.929237733
8174 2806 681741.8823503358 5171957.639359894
8418 2806 684182.1333416918 5171958.95677237
9028 2806 690278.5912971649 5171957.600514716
9150 2806 691502.0337878653 5171957.113790716
10370 2806 703697.7323929588 5171957.715399613
10614 2806 706138.8538349611 5171956.910241072
732 2928 607322.0025809304 5170737.767887508
1342 2928 613422.2779237874 5170736.724239245
1952 2928 619519.8778826098 5170735.003939622
2074 2928 620741.9846046766 5170736.647965982
2196 2928 621962.9144475934 5170736.51192684
4758 2928 647582.5093351178 5170736.728015946
5002 2928 650018.3528880229 5170737.5032210965
5124 2928 651240.9381966508 5170736.80379696
5246 2928 652462.064143139 5170736.749106435
5368 2928 653681.60006504 5170736.816728346
5490 2928 654897.9663586611 5170736.787205257
5612 2928 656120.8275681448 5170736.742015127
6466 2928 664658.4671261342 5170736.967774033
6588 2928 665881.2019271393 5170738.090509412
7320 2928 673200.9854993095 5170738.035113163
7442 2928 674417.7451592071 5170737.734313523
7686 2928 676857.4740121196 5170736.694216798
7808 2928 678078.1594652293 5170736.873613743
7930 2928 679301.8511211716 5170737.433688693
8052 2928 680521.1992466722 5170737.596821826
8784 2928 687838.3210672068 5170737.110719952
8906 2928 689059.2860785968 5170737.2605065135
9028 2928 690280.2398456271 5170737.530669501
9638 2928 696378.8496767022 5170737.302272418
9760 2928 697601.7300583215 5170737.879044692
854 3050 608538.7430988596 5169517.187875929
1098 3050 610981.2020632178 5169516.234271354
1220 3050 612201.5647757598 5169516.263306504
1342 3050 613421.8860157169 5169516.051151688
1464 3050 614642.8308697293 5169515.545744193
1830 3050 618302.1585067371 5169516.94887825
2074 3050 620740.7215913172 5169516.409145528
2806 3050 628058.7563204943 5169517.133950155
3660 3050 636603.079829937 5169517.46983712
5002 3050 650019.0124293076 5169517.001925512
5124 3050 651239.0353516496 5169517.056275565
5246 3050 652461.3543952423 5169516.832466234
5368 3050 653679.3847434781 5169517.383495948
5490 3050 654898.9955453251 5169516.9773466885
5612 3050 656117.6037304209 5169517.270086599
6954 3050 669538.547970843 5169516.509363974
8174 3050 681741.4027540635 5169518.550868338
8540 3050 685397.8182663254 5169517.033461181
8784 3050 687838.1305322674 5169516.535920776
9516 3050 695161.9881490258 5169517.703281709
9638 3050 696381.8427294812 5169516.567334652
10126 3050 701258.5394565869 5169518.118657143
10248 3050 702478.2556900447 5169517.858705155
10370 3050 703698.986782515 5169518.064691655
10614 3050 706137.6745133654 5169517.576106729
10736 3050 707358.922188393 5169517.463732298
10858 3050 708578.763944645 5169516.696525347
976 3172 609762.8650158301 5168296.5984411845
1220 3172 612201.8533042995 5168295.880393323
1342 3172 613421.3079055559 5168296.327064013
2562 3172 625622.186782958 5168296.2475500135
2684 3172 626843.2281461882 5168296.046875491
2806 3172 628060.897036475 5168296.707215783
2928 3172 629283.0785291076 5168296.439227868
4026 3172 640262.1637384809 5168297.49178897
4148 3172 641481.6107659797 5168297.327129415
4392 3172 643921.8017912122 5168297.431174069
4514 3172 645141.0203851378 5168297.701368878
4636 3172 646358.6146269307 5168297.749926006
4758 3172 647581.0970579644 5168297.297991297
4880 3172 648799.4160672675 5168298.283182443
5246 3172 652461.9250454319 5168298.464520578
7564 3172 675638.9373588376 5168297.384651177
8540 3172 685399.2939489732 5168297.329327077
8662 3172 686618.3620908076 5168297.77342353
8784 3172 687837.8328318356 5168297.043657826
10736 3172 707358.5370437443 5168297.807834062
976 3294 609758.4924316772 5167077.459921611
1098 3294 610978.1847275135 5167077.237163408
1220 3294 612198.2645102277 5167077.3875317145
1952 3294 619522.7485145477 5167077.174365882
2440 3294 624401.5633058693 5167076.541886452
2562 3294 625622.2783049447 5167076.6931855995
2684 3294 626842.4536168296 5167076.538600896
2806 3294 628062.8135786704 5167076.959795889
2928 3294 629283.3868596217 5167076.737303131
3172 3294 631722.7140160844 5167076.419761114
3416 3294 634162.0305408867 5167076.8325701235
3538 3294 635382.325015255 5167077.164151266
3660 3294 636602.3418360926 5167076.784653343
3782 3294 637823.2089631537 5167076.188698689
3904 3294 639042.6045317051 5167076.758175981
4026 3294 640262.9843571994 5167076.406533074
4270 3294 642701.8306825197 5167076.368780892
4392 3294 643923.0716640971 5167077.385994656
4514 3294 645139.4507764765 5167077.603489014
4636 3294 646361.3080959168 5167077.291335391
4758 3294 647578.9902577987 5167076.817936674
5246 3294 652458.0387313361 5167076.455264061
5978 3294 659780.4876564178 5167078.0474104155
6100 3294 661001.909771808 5167076.993591267
6466 3294 664658.8889125522 5167077.632391306
6588 3294 665881.7771042068 5167076.246690911
6710 3294 667097.5729020349 5167078.730704098
7198 3294 671981.8589475402 5167076.539753575
7442 3294 674422.5043176126 5167077.816572668
7930 3294 679300.5196127451 5167078.253431678
8296 3294 682961.0580403478 5167078.269298943
8540 3294 685398.0204745295 5167077.632088752
8662 3294 686618.4230595853 5167077.8433140535
8784 3294 687837.5874536954 5167077.123831056
8906 3294 689057.7373729774 5167077.231147055
9272 3294 692722.2451330333 5167079.0814574845
1708 3416 617081.4931264565 5165856.82191317
1830 3416 618302.342762301 5165856.522101646
1952 3416 619522.2673073651 5165856.725577714
2318 3416 623179.8210943389 5165859.171782759
2440 3416 624401.5927367423 5165856.4093105635
2684 3416 626842.6931758441 5165856.545549404
2806 3416 628061.8171326681 5165857.35527771
2928 3416 629278.895632172 5165857.561838914
3050 3416 630502.1134374493 5165857.331818063
3294 3416 632942.4049948835 5165856.806383029
3660 3416 636601.4900612634 5165857.305561227
3782 3416 637821.4001092768 5165856.992940651
3904 3416 639041.9294663526 5165856.472951485
4026 3416 640262.1374798757 5165857.2856718
4148 3416 641478.5727402451 5165857.72815912
4514 3416 645137.9741300425 5165855.949948606
4758 3416 647577.7798515955 5165858.4992538355
5978 3416 659778.4817789508 5165858.563698957
6100 3416 660997.6632056269 5165858.041827595
6222 3416 662221.5298989099 5165857.963862718
6344 3416 663440.6742130133 5165857.762522439
6710 3416 667098.8177721507 5165857.306384323
7198 3416 671978.0016555758 5165857.117832732
8784 3416 687838.7763925954 5165857.635810772
8906 3416 689058.5553576489 5165857.162067492
9760 3416 697602.0090491391 5165857.336061666
10004 3416 700037.1835939472 5165857.909109788
10858 3416 708577.6870263725 5165858.033720479
2440 3538 624398.0270546688 5164637.288707617
2562 3538 625622.5682537915 5164637.727995211
2684 3538 626841.7483821071 5164637.284254607
3172 3538 631722.1241379639 5164637.798195198
3294 3538 632943.139109824 5164636.472554361
3416 3538 634162.2684558763 5164636.646293151
3538 3538 635382.9850711242 5164636.547800127
3660 3538 636599.506141737 5164636.234594529
3782 3538 637818.4005465965 5164635.463158601
3904 3538 639037.6818615289 5164636.541384801
4026 3538 640262.7486161803 5164636.913444906
4270 3538 642702.8752944699 5164637.422405334
4392 3538 643918.719039075 5164636.460254822
4514 3538 645139.1639943044 5164636.852261661
5978 3538 659781.0787499852 5164637.839887805
6100 3538 661001.9232140328 5164637.54539234
6222 3538 662218.5857008189 5164637.168276494
6466 3538 664661.4669238719 5164637.798328636
6832 3538 668317.6047738693 5164637.33308197
6954 3538 669541.5161271205 5164636.909851824
7076 3538 670759.3679824786 5164637.422396701
7198 3538 671978.4875757657 5164637.946731122
7320 3538 673198.6903391312 5164637.507594502
7442 3538 674422.388889116 5164637.842680631
7808 3538 678078.2338451705 5164638.821959501
8662 3538 686618.1182248049 5164637.502064818
8784 3538 687837.6633198148 5164638.118216672
8906 3538 689058.2172537458 5164638.050454647
9028 3538 690280.9663140174 5164638.433561002
9882 3538 698819.878144598 5164640.118771428
10248 3538 702478.0558539701 5164638.267831146
10614 3538 706138.0682123048 5164637.511754588
10736 3538 707358.0595279585 5164638.041808406
1952 3660 619522.9226893105 5163416.633259691
4026 3660 640260.4858334326 5163417.508926557
5734 3660 657340.9722927526 5163417.278746853
5978 3660 659778.4527140921 5163417.425225063
6588 3660 665881.1092759595 5163417.747549915
6954 3660 669542.1609608919 5163418.118358327
7564 3660 675638.0714723315 5163418.991506167
7686 3660 676857.9867484025 5163418.3240642045
7808 3660 678080.8789004809 5163417.887756354
8540 3660 685401.695567126 5163416.6833436545
8906 3660 689058.6545656408 5163418.748643933
9272 3660 692718.1621549432 5163417.500376213
10126 3660 701257.6830089561 5163417.814562071
10370 3660 703701.0097121025 5163418.086663548
10492 3660 704918.516539559 5163417.708239672
1586 3782 615861.5310590408 5162196.479953232
1708 3782 617083.430026116 5162195.737806894
1830 3782 618303.5282110907 5162196.17915851
3660 3782 636602.6369569146 5162196.476228725
4880 3782 648800.7424753193 5162197.044748019
5490 3782 654898.6071978351 5162196.514559442
5734 3782 657341.3894082687 5162197.393595349
5856 3782 658561.8004223697 5162197.134982806
5978 3782 659780.963367519 5162197.857056261
6588 3782 665879.7730184858 5162199.729133634
6710 3782 667097.8979616688 5162197.041375445
7198 3782 671979.2616806874 5162197.7927656425
7320 3782 673199.3447434241 5162198.3555852715
7564 3782 675639.2372370642 5162197.839838923
7808 3782 678081.6361534148 5162198.705330822
7930 3782 679297.8881534829 5162197.744120495
8784 3782 687838.9965795323 5162198.199069711
8906 3782 689059.3951120098 5162198.755735141
9150 3782 691500.3211415191 5162198.586459668
10004 3782 700038.4399886297 5162198.452089456
10370 3782 703697.6190129278 5162197.915636116
10492 3782 704918.1541683337 5162197.834383261
3294 3904 632942.6527031795 5160977.167634826
4148 3904 641480.9641535699 5160978.94507777
5368 3904 653677.9930789217 5160976.95375845
6344 3904 663438.186665634 5160977.31362334
6710 3904 667097.2584399458 5160977.433336195
6832 3904 668318.2902612454 5160977.042947191
7198 3904 671978.8800198664 5160977.671707796
7442 3904 674418.8483024619 5160977.289220512
7564 3904 675638.1265660453 5160977.797615111
8174 3904 681741.9716354776 5160977.546839337
8540 3904 685400.7575411478 5160978.2964904895
8662 3904 686620.4463478262 5160978.67273662
8784 3904 687838.2935258567 5160978.404655616
9150 3904 691498.5889419483 5160977.867846055
10492 3904 704921.107749965 5160977.977438729
10736 3904 707358.5231864136 5160976.31601499
10858 3904 708578.5539602548 5160977.438046976
10980 3904 709798.9240005648 5160977.945032962
2928 4026 629283.486414865 5159756.721787535
3538 4026 635381.8845283369 5159757.48040558
3660 4026 636602.7542174214 5159757.630681239
5612 4026 656117.7336260186 5159757.09576151
5734 4026 657337.8588837595 5159757.714217787
5856 4026 658561.8171381123 5159756.8955420265
6832 4026 668321.1803772416 5159756.718555889
7076 4026 670758.9607579204 5159757.466531821
7686 4026 676861.360447332 5159758.096752642
8052 4026 680519.0778273745 5159758.6589989215
9150 4026 691498.2896397872 5159758.1082441835
1586 4148 615862.5057008399 5158536.728372785
1952 4148 619522.0252802762 5158537.084787044
3416 4148 634161.3711139209 5158537.164609619
3538 4148 635382.4841410863 5158537.585940303
4880 4148 648802.0140814612 5158536.525851486
5246 4148 652458.4505402823 5158536.632996504
5368 4148 653680.9893801239 5158537.852552629
5490 4148 654901.2285735485 5158537.526587951
6222 4148 662221.1587619361 5158537.012242486
6588 4148 665881.6616568902 5158537.231568501
6954 4148 669538.2160339749 5158536.900598493
8296 4148 682958.4172761072 5158537.962024514
9150 4148 691498.0277826523 5158538.653959251
9516 4148 695158.843013098 5158538.169052494
10126 4148 701258.043138922 5158538.22861726
10858 4148 708578.9208805579 5158537.780076367
1586 4270 615862.1281503771 5157318.440302693
3538 4270 635382.6428285905 5157317.538866166
4880 4270 648801.5254514626 5157316.801234594
5002 4270 650019.4387505144 5157316.985152299
5124 4270 651240.8697986327 5157317.276942758
5246 4270 652459.3143225156 5157316.661883728
5368 4270 653679.3093481361 5157316.872785729
5490 4270 654897.7727866415 5157318.6853046045
6344 4270 663437.577012672 5157316.971001425
6466 4270 664658.011048304 5157316.433173063
7198 4270 671979.2598876674 5157317.620412451
7320 4270 673198.3755557382 5157317.622830598
7442 4270 674417.6997455782 5157317.917540858
7564 4270 675638.5040143474 5157317.721899903
7686 4270 676860.5058089647 5157318.510901485
8052 4270 680518.478771895 5157317.38993728
8662 4270 686618.1744370116 5157318.290394474
9028 4270 690281.262178143 5157318.853274808
9150 4270 691500.0265866816 5157319.976026846
10126 4270 701257.7602982655 5157317.860143779
10248 4270 702478.5203322904 5157318.034404431
10370 4270 703700.0089512569 5157319.966917991
3416 4392 634162.5910546462 5156098.0443624435
3538 4392 635383.0967103732 5156096.429820771
4880 4392 648801.7767890518 5156097.4791092705
5124 4392 651241.8447235046 5156096.0328205265
6588 4392 665878.5827448171 5156097.923461691
7564 4392 675641.1843723339 5156098.436100693
8052 4392 680518.8268194441 5156097.212140107
8906 4392 689059.255600972 5156098.398172091
9028 4392 690278.4771232613 5156098.640537122
10126 4392 701258.2149189651 5156096.326188023
3294 4514 632942.8033110078 5154876.823162475
4636 4514 646358.9323148368 5154876.967255035
4758 4514 647581.2101329815 5154877.820093854
5124 4514 651237.6745049856 5154876.625794749
5978 4514 659778.6294165875 5154877.780594914
6100 4514 660998.99675186 5154877.71846274
7076 4514 670758.4891504432 5154877.484021864
7686 4514 676858.9500903647 5154878.250424825
7930 4514 679298.5945198785 5154877.390499616
8418 4514 684179.1608002888 5154877.594062447
10370 4514 703698.5410140252 5154877.531755511
1342 4636 613422.6929035417 5153658.144530379
1952 4636 619522.9398925005 5153658.140082044
4636 4636 646362.5985007707 5153656.619455337
4880 4636 648801.9341098653 5153657.219241572
5856 4636 658558.6253995793 5153656.893991229
5978 4636 659778.6772087752 5153658.116581532
6100 4636 660998.2364169339 5153658.805270578
6344 4636 663441.462020351 5153656.952671594
7198 4636 671981.5981622974 5153658.952546392
7686 4636 676859.232594512 5153657.609468272
7930 4636 679298.1126024202 5153657.054842018
8296 4636 682960.7936832579 5153657.135054483
8418 4636 684179.1329928683 5153657.51294735
8540 4636 685398.0375785069 5153658.609599653
9272 4636 692717.5771526075 5153657.470680015
488 4758 604878.8323047814 5152438.012853854
3050 4758 630501.8332798331 5152436.665896833
4148 4758 641478.7584779053 5152437.230158785
4270 4758 642699.1189403859 5152436.583376821
4392 4758 643917.7494898435 5152436.159799237
4514 4758 645140.8356544992 5152437.174887513
4636 4758 646362.862000769 5152436.4547674665
5124 4758 651239.3800198366 5152437.6263924325
5734 4758 657338.4406018852 5152437.631939497
5856 4758 658559.0139075218 5152437.487040931
5978 4758 659778.0881579639 5152438.309506058
6100 4758 660998.0674723231 5152437.993420643
6466 4758 664657.979254143 5152437.435790436
6588 4758 665879.3685027794 5152437.435054415
6710 4758 667098.554221876 5152438.73640997
7320 4758 673201.8450756097 5152437.632908615
7686 4758 676858.833167673 5152436.835147504
7930 4758 679298.0796851777 5152438.295337261
8418 4758 684182.0562933455 5152437.569151674
8540 4758 685398.5494506664 5152437.688301656
8662 4758 686619.8806997692 5152438.474879431
9150 4758 691498.7795008166 5152438.032017446
2928 4880 629282.2704739897 5151216.35010414
4026 4880 640259.148700899 5151216.95275972
4148 4880 641482.323746351 5151216.914724044
4270 4880 642701.3464386938 5151217.053812891
4392 4880 643919.310129626 5151217.106621644
4514 4880 645140.5629788671 5151216.6050147405
5612 4880 656117.5831960221 5151217.103575637
5856 4880 658557.682822161 5151217.160731518
6100 4880 661002.0405745818 5151218.012224538
6222 4880 662218.9308220673 5151217.634137818
7442 4880 674417.9035400961 5151217.179561061
7564 4880 675637.3087557692 5151216.5180653175
7686 4880 676858.9129393199 5151216.9274803875
7930 4880 679302.1857067172 5151217.752756414
2928 5002 629278.8236836138 5149995.2221586
5368 5002 653678.7906047436 5149997.51147943
5490 5002 654898.7369545194 5149997.623260176
5612 5002 656118.8451474637 5149997.324124177
5978 5002 659779.3288152772 5149997.573063158
6100 5002 661000.6926507803 5149997.925751235
6710 5002 667101.7013718485 5149998.35858754
7076 5002 670757.367473285 5149997.454728063
7198 5002 671977.3552435258 5149997.508900147
7808 5002 678078.6736768109 5149998.260639071
9394 5002 693937.4152405611 5149998.38505431
9516 5002 695158.3521940595 5149997.695764666
9760 5002 697598.7328349221 5149998.183775747
854 5124 608538.1015170623 5148777.698121654
5856 5124 658557.5691092273 5148776.923148576
5978 5124 659777.5595383821 5148777.104591803
6222 5124 662217.4062768865 5148778.666437501
6588 5124 665882.0553011606 5148778.526823497
6832 5124 668317.9154030922 5148778.675053387
6954 5124 669537.6839604786 5148777.629693298
7198 5124 671978.9732830402 5148776.430499013
7442 5124 674418.4963474028 5148777.825029426
7808 5124 678077.7492813099 5148777.22826041
7930 5124 679297.9781295003 5148777.954789067
8174 5124 681737.2743054637 5148778.430398733
8540 5124 685398.1793391752 5148777.092113579
8662 5124 686618.2131142875 5148777.915199962
8784 5124 687838.3341001876 5148778.118702608
488 5246 604878.0914299713 5147557.461459423
732 5246 607317.7100518973 5147556.853892837
5368 5246 653681.3777635916 5147558.293656724
5734 5246 657338.840194934 5147557.27009599
5856 5246 658559.2473241268 5147557.405638833
5978 5246 659781.6736476346 5147556.432943348
6100 5246 661002.2108690873 5147556.52458205
6222 5246 662218.1274140157 5147556.975608809
6954 5246 669539.0745343567 5147557.528552998
7076 5246 670760.9994058568 5147557.130616016
7442 5246 674422.0878742519 5147556.426432449
8052 5246 680518.5775835123 5147557.713303637
8174 5246 681738.4156183285 5147558.026690486
8906 5246 689058.6867024936 5147557.99322561
9028 5246 690276.9914824677 5147557.318606807
488 5368 604882.4321582754 5146335.738980059
5490 5368 654897.881187428 5146336.795392086
5612 5368 656119.2414964362 5146337.8439282635
6222 5368 662218.7124097975 5146337.012272774
6466 5368 664657.2316142769 5146337.134879704
6832 5368 668318.6396888309 5146337.534200367
6954 5368 669538.4272470977 5146337.822406395
7076 5368 670758.7962749621 5146337.165830163
7808 5368 678077.7840592547 5146338.115124655
8296 5368 682962.0464369475 5146338.031808611
8418 5368 684178.0530923301 5146337.807674734
9272 5368 692719.1546948326 5146337.04917875
122 5490 601223.3777758429 5145115.9277454605
244 5490 602442.7087507404 5145117.2570695365
366 5490 603661.536205491 5145117.744542641
5612 5490 656117.8239413309 5145117.707141824
5978 5490 659779.1000060582 5145117.536144833
6100 5490 660998.3668963687 5145117.440094814
6222 5490 662218.5631176352 5145116.640971612
6344 5490 663438.3117727695 5145117.054558397
6466 5490 664659.5671565763 5145119.633737439
6588 5490 665882.4780095693 5145117.752388806
6954 5490 669538.3724002151 5145117.934682485
7198 5490 671978.3423858662 5145116.689511789
7320 5490 673198.0716067373 5145118.131943329
7808 5490 678080.339158264 5145118.661504769
8418 5490 684181.766002658 5145117.5574675705
9150 5490 691501.5977022677 5145117.360728144
9272 5490 692721.0914864114 5145116.778308152
9394 5490 693938.8039557661 5145116.672587686
9882 5490 698818.36042965 5145118.380240862
244 5612 602438.3045414682 5143897.083528102
1220 5612 612198.9483274921 5143897.283990487
4026 5612 640258.4241558302 5143896.308922011
4148 5612 641480.7709083521 5143898.887572095
5978 5612 659781.8665843854 5143897.375607875
6100 5612 660998.63152347 5143897.223329801
7076 5612 670759.0458112813 5143899.006424468
7198 5612 671978.8250483477 5143897.936897145
7320 5612 673200.5944214973 5143897.101987666
7686 5612 676858.79849561 5143897.9166096
7808 5612 678078.4165181237 5143897.186558569
7930 5612 679298.1467492225 5143898.764066438
8418 5612 684177.6632647282 5143898.565364652
8540 5612 685401.2504858595 5143898.498501425
8662 5612 686619.4512007219 5143899.477462504
10126 5612 701258.147538993 5143898.298894705
1342 5734 613422.0613970578 5142676.0891661905
1464 5734 614642.580355959 5142676.0708215665
3660 5734 636602.8440447398 5142676.853243983
5002 5734 650017.5019556324 5142676.998215432
5124 5734 651242.0711112362 5142676.631672424
5246 5734 652462.1251907003 5142677.143570151
5368 5734 653682.2645036295 5142676.001704126
5856 5734 658561.3339556608 5142677.436891717
6100 5734 660998.7588419238 5142677.8067248
6466 5734 664659.3556294378 5142679.171042196
6588 5734 665881.1113096587 5142678.160585588
7320 5734 673197.3928393278 5142677.568040367
7564 5734 675641.0737126471 5142675.987358725
7808 5734 678078.1848849023 5142678.006652844
7930 5734 679297.7964156244 5142677.485709615
8540 5734 685399.0388753166 5142678.94010283
10126 5734 701257.270833765 5142677.967458515
10248 5734 702477.6500274655 5142677.734172869
10370 5734 703698.5838759518 5142677.306070994
3050 5856 630499.2720928729 5141457.843220895
4026 5856 640261.2594151307 5141456.613692371
4148 5856 641481.6797821241 5141456.744203387
4270 5856 642698.9290218173 5141458.114644384
4392 5856 643918.8158413335 5141457.8984984225
5612 5856 656118.0792455343 5141456.490445684
5856 5856 658559.4949684794 5141457.629904734
5978 5856 659778.3207418191 5141457.978725626
6222 5856 662217.6855165953 5141457.636724638
6588 5856 665882.5139899562 5141458.43299636
7076 5856 670761.8598515213 5141458.107507908
7442 5856 674417.785361199 5141456.856681519
7564 5856 675638.8058602692 5141456.617414899
8174 5856 681740.8471025829 5141457.91992974
8784 5856 687838.3266157926 5141458.492624632
8906 5856 689056.8245489788 5141457.309382805
10248 5856 702478.2791937767 5141457.848985258
5246 5978 652458.5505912037 5140236.800017371
5490 5978 654898.6010515632 5140237.699386188
5734 5978 657337.9155569247 5140238.622182131
5856 5978 658558.3546182242 5140237.664078604
5978 5978 659779.0097888738 5140237.56186673
6100 5978 660997.2174796801 5140237.903896018
6344 5978 663439.1941082662 5140236.562324446
6588 5978 665882.1661508755 5140238.319006772
7076 5978 670759.022019318 5140237.726079879
7320 5978 673198.3423093722 5140237.142749925
7442 5978 674417.5060642945 5140236.66299909
8052 5978 680518.4714209982 5140238.723890091
8174 5978 681738.1820588671 5140238.369684505
8296 5978 682957.6443884424 5140238.251304946
8418 5978 684177.9441376351 5140238.172256982
9394 5978 693937.5935932345 5140239.863084444
10370 5978 703697.9797841522 5140238.340663926
488 6100 604883.3210052298 5139016.992072537
3050 6100 630503.1018443032 5139017.436867339
5734 6100 657338.1176636288 5139018.431019366
5978 6100 659777.1785486356 5139018.206910136
6832 6100 668316.8066365118 5139017.639546402
6954 6100 669537.3494420896 5139017.459095268
7076 6100 670757.5238863244 5139017.09126185
7198 6100 671977.6558182121 5139017.021817486
7320 6100 673200.0651625183 5139019.838885457
7808 6100 678076.7210430428 5139017.59344305
8052 6100 680518.9920822352 5139018.072493674
8174 6100 681738.6008751406 5139018.059644018
8418 6100 684177.2758698179 5139017.35216467
10004 6100 700038.8743528504 5139017.090597745
10126 6100 701257.956620722 5139018.152078517
10370 6100 703698.0846625974 5139020.864732015
488 6222 604881.6760823661 5137796.685657753
4392 6222 643921.4323679681 5137796.682002901
4514 6222 645138.1612670466 5137796.92328161
4636 6222 646359.2508575758 5137797.494716718
4880 6222 648801.760375964 5137796.860598046
5002 6222 650019.0369861326 5137797.057803197
5124 6222 651238.7702433517 5137796.401377932
5490 6222 654901.9200742126 5137797.303597901
5612 6222 656120.9300496567 5137797.424342419
5856 6222 658557.3297223533 5137797.131751151
6222 6222 662218.4940410273 5137796.719261987
6466 6222 664662.2839747565 5137798.084066204
6588 6222 665882.5775839891 5137798.105331909
7198 6222 671977.180629093 5137796.67671493
7320 6222 673199.9944101012 5137800.006175108
7442 6222 674420.0077333695 5137800.003398672
7564 6222 675641.7028415843 5137797.42014066
8052 6222 680517.7660289283 5137798.422289391
8174 6222 681738.3333816705 5137796.928691215
8296 6222 682958.8934419985 5137797.696073899
8418 6222 684177.7959656649 5137798.262391793
8662 6222 686618.2085689079 5137797.91499735
610 6344 606101.9199839655 5136578.043965227
2928 6344 629282.4468826733 5136577.700892565
4636 6344 646358.0148261298 5136578.115326136
5368 6344 653677.6094996209 5136577.695311009
5490 6344 654901.9085751972 5136577.292328325
5612 6344 656122.4280502804 5136576.765718295
5978 6344 659779.2915731325 5136576.549326065
6466 6344 664658.7920769876 5136577.743526245
6588 6344 665880.9399788141 5136577.678710994
6832 6344 668317.6175167465 5136577.187528988
6954 6344 669540.6113766228 5136577.094604855
7076 6344 670759.1833148489 5136576.74133931
7198 6344 671977.7710475499 5136576.814696252
7320 6344 673197.4959816033 5136577.293853081
7442 6344 674418.0382835617 5136576.476822782
7564 6344 675641.9239342152 5136577.896451244
8052 6344 680518.1943461855 5136578.913448489
9638 6344 696377.7053048324 5136577.769784473
244 6466 602438.065395296 5135356.406690546
3050 6466 630502.244887583 5135357.328560959
4758 6466 647578.0348096811 5135357.565956255
5246 6466 652458.6156736347 5135358.002024952
5368 6466 653681.7478774148 5135356.797124428
5490 6466 654898.2277736079 5135357.07629168
5734 6466 657338.7147289563 5135357.197910055
6100 6466 660997.7070976334 5135358.555710901
6344 6466 663438.9747606015 5135357.950438473
6588 6466 665879.0629876438 5135357.276520987
6710 6466 667100.9057872599 5135357.216730318
6832 6466 668318.9515112734 5135357.607887317
7320 6466 673198.1038130203 5135357.95330878
610 6588 606098.5837047512 5134137.50756947
5246 6588 652458.9415417258 5134137.511476729
5490 6588 654900.5912732177 5134137.769258741
5612 6588 656117.474230266 5134137.924458259
6100 6588 660997.3742534922 5134137.570019618
6344 6588 663439.4785970004 5134137.746035406
6954 6588 669538.2279402475 5134137.523327198
7076 6588 670762.0027432673 5134137.019625564
7320 6588 673199.0015591037 5134138.0383405415
7686 6588 676858.3739928489 5134137.883939549
10614 6588 706138.0566752234 5134137.465740478
122 6710 601221.5714029638 5132916.060147091
244 6710 602441.4301414945 5132916.82398494
366 6710 603657.8256769067 5132917.206553454
3172 6710 631718.5440261969 5132917.092563982
3782 6710 637818.4235405138 5132917.086813705
3904 6710 639042.299465872 5132917.087542319
4392 6710 643921.3678959924 5132917.250753813
5002 6710 650017.7091648056 5132916.5531461565
5368 6710 653681.4444789328 5132916.60892176
5490 6710 654898.2376478228 5132918.153464411
5734 6710 657338.4773450752 5132917.841434169
6100 6710 660997.3796009264 5132916.413447076
6344 6710 663437.9356184269 5132918.248237063
6466 6710 664658.0993270669 5132918.256495571
6588 6710 665881.6554076325 5132917.138684058
8052 6710 680518.0863854702 5132918.294323432
8418 6710 684178.9940226617 5132918.065899555
8906 6710 689057.595632215 5132916.66996951
10248 6710 702477.2957510519 5132917.199135742
10614 6710 706137.6369202054 5132917.066636933
366 6832 603659.6002870052 5131697.080936113
1342 6832 613420.9069698085 5131696.614021324
3172 6832 631718.1520219138 5131697.6021272065
3782 6832 637817.24309923 5131697.966623564
4026 6832 640257.5365687006 5131697.235920709
5124 6832 651238.529528347 5131697.298162448
5246 6832 652458.4183739205 5131696.769525331
5490 6832 654897.5470183562 5131696.869095406
5856 6832 658558.0826684003 5131697.913743414
6100 6832 660998.2036577193 5131696.875492256
6344 6832 663438.3588579767 5131698.050985652
6588 6832 665878.616084467 5131697.39595159
6954 6832 669541.7722215762 5131697.540986271
7076 6832 670757.3075614542 5131697.72213559
7320 6832 673197.9360436037 5131699.080898411
7442 6832 674418.547095022 5131697.255184233
7808 6832 678077.9848756586 5131696.915314871
7930 6832 679298.7322997284 5131697.2879206585
8296 6832 682958.3651474332 5131698.987239371
8662 6832 686618.8029647184 5131697.93217862
8784 6832 687838.0781785527 5131696.891896715
3538 6954 635377.7511374442 5130477.921878657
4758 6954 647578.3906198214 5130477.821654836
5002 6954 650017.4761518035 5130476.423653196
5124 6954 651242.042066197 5130476.583086209
5734 6954 657337.390957435 5130477.694646595
6100 6954 660997.2992603551 5130477.7534945905
6344 6954 663438.2495596345 5130477.707812961
6832 6954 668322.3443359786 5130476.925984962
6954 6954 669537.6308423813 5130477.488254758
7076 6954 670760.2930837951 5130480.228132182
7198 6954 671978.3895263978 5130480.524432475
8296 6954 682958.3447339514 5130479.326025657
8662 6954 686618.3900103656 5130477.942766812
8784 6954 687839.2559131872 5130477.421331777
8906 6954 689058.5459064589 5130477.312660762
9760 6954 697599.4788216666 5130477.007263661
9882 6954 698817.7626907984 5130477.270434203
3050 7076 630501.3574039047 5129257.549978534
4880 7076 648797.53228811 5129257.24750829
6100 7076 660999.002813323 5129258.035555998
6222 7076 662218.2713163414 5129257.800004461
6832 7076 668317.2637575231 5129257.923900414
6954 7076 669542.1841439557 5129257.531035556
8906 7076 689057.1505813145 5129257.324234051
9272 7076 692718.583497127 5129258.303636313
9638 7076 696377.1752278332 5129257.54797156
9760 7076 697596.753719231 5129258.6352432575
10126 7076 701257.9385050955 5129261.169271529
732 7198 607321.4065390468 5128036.38215163
1708 7198 617081.7250403594 5128036.560374534
1830 7198 618301.0953839093 5128036.897324744
4392 7198 643921.0481630295 5128038.399327124
5002 7198 650021.7286110191 5128037.327176625
5368 7198 653678.218708259 5128038.051779463
5490 7198 654901.1187095012 5128037.473070828
5734 7198 657339.1524488583 5128037.607026014
6222 7198 662222.2818105888 5128038.3276959285
6588 7198 665882.1894966718 5128036.956713284
7686 7198 676858.0196990548 5128038.17640107
8296 7198 682960.5804164448 5128037.766478777
8418 7198 684179.4284154499 5128038.975114942
8540 7198 685399.2725372649 5128038.108595177
8906 7198 689059.5975223638 5128038.324706378
732 7320 607318.3115928068 5126817.682794565
2928 7320 629277.690928807 5126817.288672095
5002 7320 650018.8924003125 5126816.875073934
5124 7320 651237.7904582385 5126817.516689078
5368 7320 653682.1624264481 5126816.647722255
5612 7320 656121.0846118352 5126816.783330923
5978 7320 659778.0555599374 5126817.177882658
6222 7320 662217.7444803346 5126817.707977518
6466 7320 664660.9841157756 5126818.149814379
6588 7320 665881.3837091409 5126817.682899187
6710 7320 667098.8370812342 5126817.413763542
7442 7320 674418.8781269819 5126818.008460593
7564 7320 675639.1284270623 5126817.836894457
7686 7320 676858.0264560794 5126817.941477201
7808 7320 678078.2751212205 5126817.779959071
8174 7320 681741.9728064849 5126818.446322863
8418 7320 684181.4021797855 5126818.880635178
732 7442 607317.7927271092 5125597.279481459
1342 7442 613421.8080631528 5125597.381326501
1464 7442 614641.710298611 5125597.963413971
1586 7442 615857.7805488796 5125597.644316766
1708 7442 617080.1018778261 5125595.010135023
5002 7442 650017.768185013 5125596.537200127
5368 7442 653681.5304891068 5125597.333279828
5490 7442 654901.8147492808 5125597.655127496
5612 7442 656119.1345540106 5125598.290007053
5978 7442 659778.8313026561 5125597.543878368
6710 7442 667098.4061924935 5125596.452933911
7076 7442 670757.1179631763 5125597.676095385
7686 7442 676861.745440956 5125598.214899821
7930 7442 679301.6120809425 5125597.326293872
10248 7442 702478.9656450263 5125597.050573036
10492 7442 704918.3074506245 5125598.584123382
10858 7442 708578.1611443219 5125597.337748901
244 7564 602438.3485987647 5124376.9467251515
732 7564 607322.7111874438 5124376.64085637
854 7564 608538.2964135789 5124377.27183956
976 7564 609758.9735213892 5124376.7818345465
1098 7564 610982.2160549253 5124376.7115115365
1220 7564 612201.6231539487 5124376.28079252
1342 7564 613422.4264881583 5124376.733977878
1464 7564 614642.3291195887 5124377.162572544
1586 7564 615861.8127453803 5124376.960205441
1952 7564 619521.0580119714 5124376.793798958
2074 7564 620740.3343405989 5124375.024890546
3538 7564 635379.1916387767 5124377.311948305
6466 7564 664661.7019763424 5124377.892228729
6588 7564 665877.2252124521 5124377.343462837
6832 7564 668318.4617955463 5124378.217931877
6954 7564 669538.3823060375 5124377.780286894
10248 7564 702479.1101623564 5124378.3222321
10614 7564 706138.3944272158 5124378.497242955
122 7686 601217.4804668843 5123157.289763786
244 7686 602441.0887961865 5123156.795779272
732 7686 607321.521592119 5123157.557678953
854 7686 608537.8189589467 5123157.092762344
976 7686 609761.5649051887 5123156.461831977
1098 7686 610981.8801904318 5123156.936048082
1220 7686 612202.4344177891 5123156.794765772
1342 7686 613419.6992320529 5123155.147156801
5734 7686 657337.7540408155 5123157.272266181
6344 7686 663441.4246718695 5123157.81686917
6466 7686 664661.610599498 5123158.217868531
6710 7686 667096.9640061278 5123158.12175513
8052 7686 680521.5231179738 5123157.5961619215
8174 7686 681738.086239065 5123158.460457498
10004 7686 700037.8380902365 5123158.194660763
10614 7686 706138.402797689 5123159.333273809
10736 7686 707358.5232072017 5123160.497280021
122 7808 601218.599581082 5121937.0645305645
488 7808 604878.1564413978 5121938.7026258195
5978 7808 659779.8885858378 5121939.8912584875
6100 7808 660998.5309597626 5121936.59603721
6222 7808 662218.4898955486 5121937.542664909
7442 7808 674418.7585304981 5121938.94799114
7564 7808 675641.7166531667 5121938.728012422
7686 7808 676861.4340465827 5121937.514092305
8418 7808 684179.1926505554 5121940.6002174495
10614 7808 706138.7296545547 5121938.884014181
10736 7808 707358.6620607211 5121938.638254756
366 7930 603657.3913485344 5120717.454528001
1464 7930 614641.6607933118 5120717.634406247
5734 7930 657337.2680522638 5120717.403520687
6222 7930 662217.3870842989 5120716.603159587
6344 7930 663438.0146041958 5120717.602883814
6466 7930 664656.8289271088 5120718.401835732
6954 7930 669542.0367243781 5120717.813038522
7320 7930 673197.818415521 5120717.3539911965
7686 7930 676860.5857247128 5120718.236634978
8052 7930 680517.6087877427 5120717.652824935
244 8052 602441.0588709662 5119497.958109072
732 8052 607321.9978226447 5119497.017076813
4392 8052 643917.4080240242 5119497.793878349
5490 8052 654898.8418346919 5119497.496891737
6344 8052 663438.6671252635 5119497.411484075
6832 8052 668318.6572666297 5119498.180987165
7198 8052 671979.1744805706 5119497.38991903
7320 8052 673201.0801804619 5119497.233476801
7442 8052 674418.8752111408 5119497.636912816
7808 8052 678081.1027559206 5119497.103485918
8052 8052 680518.5980524832 5119498.274210633
8174 8052 681737.3446385072 5119497.182368536
8906 8052 689056.7871580119 5119497.915964203
3660 8174 636598.2446573514 5118277.891478849
3782 8174 637821.4627615726 5118277.1207480915
5368 8174 653678.8853389043 5118276.533002352
5978 8174 659778.4041287474 5118277.695799089
6100 8174 660998.1477326714 5118277.714383173
6344 8174 663438.2493475284 5118275.708459345
6588 8174 665877.4835374096 5118277.236420535
7320 8174 673197.8358934476 5118277.611702565
854 8296 608537.8919663785 5117057.00407285
1342 8296 613418.2805986397 5117057.840731236
5856 8296 658557.3151757987 5117056.98172865
6100 8296 661000.8365441809 5117058.409409229
6344 8296 663438.2585297097 5117058.190302432
6832 8296 668318.477667077 5117058.437678113
7076 8296 670757.9500727691 5117057.463400554
7198 8296 671977.8632625446 5117057.052881834
7320 8296 673198.7897163077 5117057.25354458
7564 8296 675637.3546678036 5117057.474738364
7930 8296 679298.1802865402 5117057.952556062
610 8418 606097.7550477193 5115836.745488477
5490 8418 654897.4291450514 5115838.198567359
6344 8418 663438.1363927909 5115837.519840731
6710 8418 667099.4391085901 5115837.1748803
6832 8418 668317.8287126026 5115837.8666711915
7076 8418 670761.0965187427 5115837.93557172
9516 8418 695161.3115695921 5115838.007811824
122 8540 601221.940162162 5114616.411876952
366 8540 603658.2477669256 5114617.341984955
488 8540 604881.6154148096 5114617.258935181
5368 8540 653679.3637106107 5114619.272147245
5490 8540 654898.418787387 5114617.788096978
5978 8540 659777.8547317263 5114618.089508115
6466 8540 664658.6766503915 5114618.093761934
6588 8540 665878.96907633 5114617.656686044
6710 8540 667098.4593773269 5114618.183038075
6832 8540 668318.3464380972 5114618.234405992
6954 8540 669538.2306541633 5114617.641732961
7076 8540 670757.9489049026 5114618.103854742
8540 8540 685398.5927966018 5114617.665571786
488 8662 604881.5583019084 5113397.369581161
3782 8662 637818.6742646964 5113397.225701585
6222 8662 662219.2679167874 5113397.931816682
6344 8662 663440.1713363285 5113398.151245138
6466 8662 664660.7459087776 5113398.162265819
6588 8662 665879.3523217586 5113397.924376211
7564 8662 675641.1540568036 5113398.401314455
3538 8784 635381.1267804918 5112177.291467278
6222 8784 662218.0564289502 5112176.54088524
6832 8784 668318.0935009482 5112178.812605586
3904 8906 639041.1607910711 5110957.565337121
5368 8906 653677.671473439 5110956.832698892
6710 8906 667098.330049855 5110957.590533668
6832 8906 668321.9206054212 5110959.126418043
6954 8906 669538.3236747707 5110958.540576303
9272 8906 692719.1581189237 5110958.423087853
10248 8906 702477.6467817634 5110958.417697102
3416 9028 634159.5648766394 5109737.79744075
3538 9028 635378.2886273167 5109736.899605641
3904 9028 639041.8474613198 5109737.53716846
6222 9028 662221.5784804297 5109738.194328398
6466 9028 664658.0521808695 5109737.244417069
6710 9028 667098.7284903529 5109737.57184194
6954 9028 669539.2911574793 5109738.42311321
7076 9028 670759.2032169522 5109738.13577098
10858 9028 708578.8966873462 5109737.30890672
3172 9150 631717.5805896969 5108517.16756878
5368 9150 653677.350016775 5108517.4725978505
5978 9150 659781.6259729033 5108517.315731634
6222 9150 662218.8189466838 5108517.311714781
6344 9150 663436.7611916112 5108516.961762479
6710 9150 667101.0708031883 5108518.628318067
6832 9150 668318.7087087324 5108517.745625299
6954 9150 669538.204475849 5108518.905525421
7198 9150 671978.0349494106 5108518.871906405
7686 9150 676857.7220665013 5108516.687495951
5368 9272 653678.7665012168 5107297.262212145
5490 9272 654901.3748710987 5107297.238486314
5978 9272 659778.238357118 5107298.138574134
6100 9272 660999.1006870505 5107297.686039574
6222 9272 662218.6220883337 5107296.979670608
6344 9272 663438.7683816832 5107297.746632261
6466 9272 664658.5904460414 5107297.114556342
6710 9272 667097.3880488077 5107297.942035916
6954 9272 669538.0331537294 5107297.766798577
7076 9272 670760.892952418 5107297.480743276
7686 9272 676857.8706808095 5107297.625535906
10370 9272 703697.7610162335 5107297.742642942
10736 9272 707356.967583401 5107297.909110391
5002 9394 650016.8332595066 5106077.726945702
5368 9394 653681.5355284502 5106077.145819907
5490 9394 654899.2715609708 5106077.41936493
5612 9394 656119.6714848913 5106078.692085799
5734 9394 657341.3449930593 5106077.16258497
6100 9394 660998.1544223876 5106077.330524129
6222 9394 662217.3955527857 5106077.527388149
6344 9394 663438.0130364446 5106078.163746979
6466 9394 664658.1437055427 5106077.483224782
6588 9394 665877.1704998533 5106076.875406787
6710 9394 667101.5612339965 5106078.302109339
6832 9394 668317.8000543945 5106078.426220002
7076 9394 670757.6142465546 5106077.527874645
7320 9394 673198.6158795286 5106076.976742658
9028 9394 690277.8100070748 5106077.194994793
9638 9394 696378.162274969 5106077.714902144
10370 9394 703697.1391979018 5106077.678621164
4026 9516 640257.3167937996 5104857.172482007
5368 9516 653676.7719609253 5104858.593651245
5612 9516 656118.2224838507 5104857.287287091
5734 9516 657339.5110362982 5104858.376208882
6344 9516 663439.316443338 5104857.89111828
6588 9516 665878.6453435115 5104858.5749327745
9394 9516 693937.4112347657 5104857.037286267
9882 9516 698817.7320177604 5104856.994693098
10858 9516 708577.9254429754 5104859.185877209
4758 9638 647579.8727296211 5103639.688271361
5246 9638 652458.4592544663 5103636.379415593
5856 9638 658559.9380394638 5103639.885009246
6466 9638 664657.8025889397 5103637.403355439
8906 9638 689057.2339552323 5103637.5986191565
10248 9638 702478.5468832462 5103637.793658483
5002 9760 650016.9625187444 5102417.634637993
5856 9760 658561.4002036365 5102417.803466548
6466 9760 664657.8090293043 5102417.48183964
7564 9760 675636.9418514454 5102416.927514207
5246 9882 652458.3567179742 5101197.098138023
5368 9882 653677.8605504873 5101197.137224172
6222 9882 662218.8639660781 5101197.828430543
6466 9882 664657.2670847885 5101198.247950508
6710 9882 667097.8004195237 5101197.177639909
8540 9882 685398.4052705911 5101197.916113191
9882 9882 698818.4251830943 5101197.514817961
10248 9882 702478.1884300533 5101197.359000202
10492 9882 704919.4127024631 5101198.282383671
10736 9882 707358.9068794501 5101198.355980796
7564 10004 675638.8847420084 5099976.459828534
8418 10004 684177.4579486896 5099977.35429805
6588 10126 665876.2610289367 5098757.506681507
6710 10126 667096.4255808351 5098756.8879504595
7076 10126 670761.5653525066 5098758.99082681
7198 10126 671979.0928566323 5098757.747177958
7320 10126 673200.0002684579 5098760.0003580125
7442 10126 674420.8218956597 5098759.031084842
10492 10126 704918.6144992581 5098760.091494104
7198 10248 671981.4116347943 5097539.158241558
7442 10248 674420.0 5097539.838018363
7564 10248 675638.6034250965 5097540.885473731
7686 10248 676859.5138178096 5097540.462812119
8052 10248 680518.6643344419 5097539.094735317
8540 10248 685398.1719016166 5097537.797233923
7686 10370 676858.6047300576 5096317.722345922
10126 10370 701256.9554118118 5096317.535647655
10858 10492 708576.9653142826 5095097.217168708
10492 10614 704916.7804444822 5093881.055356002
10980 10614 709798.8720088863 5093877.95184921
10248 10736 702476.9430268663 5092656.8014073
10492 10858 704918.3653926236 5091441.519340647
10736 10858 707357.5075281122 5091439.074808902
