122 1830 502417.81978536316 5063403.318123131
3538 1708 570742.0447404459 5065843.974391534
1769 2623 535358.0991408222 5047542.95152636
4514 2257 590262.5738370145 5054864.4659876
854 122 517062.76593331713 5097564.6897323355
5002 2989 600022.8530421748 5040222.886809445
1220 1647 524382.7916080018 5067063.707841767
0 2440 499978.72902134137 5051206.606828492
2196 2196 543903.767755857 5056083.543162155
2196 4697 543897.3805100904 5006064.73135838
610 1769 512180.1295201621 5064625.050527488
1891 61 537799.4995834122 5098783.596599715
1830 2562 536577.5628954237 5048762.43824295
2196 1891 543901.2820587743 5062184.196115366
4941 3599 598801.701533187 5028023.639278083
5307 5063 606119.8210001322 4998742.252639243
61 4026 501196.8232719087 5019484.130977793
4026 1830 580501.1642645287 5063406.182218276
3050 3172 560982.0793274962 5036567.3072596425
732 305 514620.9258897543 5093904.078647627
4453 4636 589042.8853958703 5007281.900650933
5368 2257 607343.6941277456 5054865.560731286
488 1891 509738.8172639398 5062184.557462616
5246 5063 604901.7545402803 4998743.686482107
854 2196 517058.4935555274 5056083.631155226
4148 2867 582939.8202784032 5042664.906181367
5124 2684 602460.9620793248 5046323.643810752
4148 1037 582938.3178134928 5079264.606656637
3111 122 562197.490044096 5097564.186969045
4880 3660 597581.7091357715 5026802.7673302675
3111 2318 562200.7170963481 5053643.318221435
1464 61 529261.3312466143 5098784.804731222
2928 183 558538.2268612366 5096344.81304319
3904 1952 578058.2203322808 5060964.818501584
1647 549 532919.2892593151 5089023.982174477
4697 122 593918.4594047789 5097564.675901904
61 1769 501197.5924241545 5064624.592708162
488 5002 509739.0596863347 4999962.720874324
549 5368 510962.8357418936 4992644.355036178
1098 1281 521938.6343426196 5074382.913727711
1525 244 530482.3455593684 5095122.367700273
671 3843 513399.4814334856 5023143.810209176
5063 2196 601241.4136282061 5056084.066518787
3111 3233 562198.7107937399 5035344.386631818
1037 5307 520721.8704377563 4993862.923665365
4270 2745 585382.0647120333 5045104.697351821
4392 488 587818.1889351144 5090243.555804314
1586 915 531698.8864254565 5081704.955660397
3050 1952 560979.5353791801 5060964.0900214445
4514 2684 590261.6448568362 5046324.90939465
2318 1586 546342.3685670649 5068282.107920477
4148 2623 582942.4354921189 5047543.418028617
4270 3416 585378.9496545829 5031682.972999684
549 2196 510962.6063551709 5056084.497980266
4514 488 590262.1882980631 5090244.866752409
1769 3599 535363.6597766795 5028025.945881228
3843 3782 576841.3151042173 5024366.23355518
488 3294 509742.1613535478 5034126.739156403
3965 1525 579282.7066696099 5069504.637388219
4209 1586 584158.3246626486 5068287.2642405275
915 1342 518279.31470592576 5073166.229274135
549 2806 510955.8652757868 5043883.933058361
3172 915 563418.1376912652 5081704.387216977
427 1586 508521.32162742625 5068284.358648625
4941 2867 598802.1766461728 5042665.361308416
3965 3721 579279.7503987623 5025584.3148117885
1647 2867 532922.0382589431 5042663.997225076
305 3477 506078.32317685155 5030464.22430703
1098 2806 521939.8867613301 5043883.508207893
4514 4392 590262.1898863484 5012164.132361961
3904 732 578059.2241903499 5085364.325563055
732 2623 514622.1825716416 5047543.337830258
3477 3782 569521.8591875678 5024363.001520677
3538 2562 570742.5874521314 5048762.732217125
3172 2013 563424.7469942621 5059744.107772691
1586 2074 531703.016357237 5058522.842076237
3355 3538 567079.7112992965 5029243.322693816
2867 3843 557321.4972241521 5023143.298764653
5246 4575 604902.1474907573 5008502.066095872
671 1464 513402.7301382945 5070726.106722625
3416 3233 568299.1813816996 5035344.554667281
4331 3721 586603.0435639045 5025583.6152797025
1464 2623 529257.7308190194 5047542.561403072
854 1952 517060.66073036427 5060965.18393036
4697 1830 593917.9445754813 5063404.59919494
1708 1830 534141.4795762885 5063404.196506927
4697 2867 593923.3231680745 5042664.264400479
4087 2318 581723.5433639978 5053646.068931031
549 3660 510963.2898976144 5026804.314137587
3660 1403 573182.6494168804 5071943.335543379
1769 366 535360.5533620527 5092683.3689424
3721 1769 574402.5879712235 5064624.580966429
366 549 507302.0084373264 5089026.5639307145
3233 3294 564638.8051861504 5034123.494096114
549 4880 510961.7101930645 5002403.979785581
1159 3660 523158.94865060155 5026804.524004331
366 1708 507297.5854880897 5065844.504119158
427 3111 508522.7298475253 5037784.571509619
2013 5429 540243.5026131825 4991422.678627778
2013 2745 540241.7028754889 5045106.36757414
671 5368 513398.0770125112 4992641.962262902
5185 1281 603681.7010413811 5074384.131478886
305 610 506081.5170372119 5087806.087955662
4148 4636 582942.2605516724 5007284.247203593
5124 4331 602460.3813276843 5013384.078839138
61 4087 501201.61717510596 5018266.965494505
4758 61 595142.0750595804 5098783.887723578
3233 2318 564643.7652268534 5053643.304308197
1220 610 524380.6625884788 5087803.352804627
976 1159 519501.664583914 5076823.300628873
3416 2684 568302.5489343079 5046323.519960519
1220 3050 524380.5939715366 5039007.652883187
1037 4392 520717.2248454816 5012164.160088942
1647 5368 532921.5509873225 4992645.56913353
732 1647 514618.7422674932 5067063.938441995
671 305 513399.1922201758 5093902.998399581
915 793 518278.5899832091 5084143.365759453
1586 2623 531702.3965782328 5047543.973145701
4880 3050 597582.6363561885 5039001.657084384
5063 2135 601239.0993888536 5057304.4326117765
671 4941 513400.20106950065 5001187.358071261
183 1952 503638.6254761358 5060964.8414035775
4148 305 582942.0876825454 5093906.303651943
2196 4941 543901.7450766731 5001184.248633124
1586 1037 531699.8091650365 5079264.936462716
1708 1464 534141.5887488957 5070725.366007093
2135 4087 542682.1218269549 5018264.389969515
2501 854 549999.1781375473 5082924.598104864
4819 61 596362.0141950067 5098783.852294277
5429 5429 608563.0082552256 4991421.771622011
2806 1830 556102.1520382547 5063404.65355066
1708 305 534142.1142437151 5093903.81287663
2257 2013 545120.7076787697 5059743.88316755
3904 4758 578062.8724483745 5004844.380221616
1342 2806 526819.2890067024 5043887.4052178655
3111 915 562201.5466892687 5081704.634647586
1098 3233 521942.54972848244 5035343.734535073
2562 2623 551222.6542794529 5047544.640436847
427 2623 508518.56000582787 5047544.717383835
4209 4880 584162.1677612471 5002404.996167243
3843 3294 576842.5074716534 5034123.738153984
671 2440 513401.18278094876 5051204.887247302
1281 2318 525602.5050356716 5053646.456091582
4819 4697 596363.5767044885 5006063.335663989
4758 4209 595141.1297206727 5015824.768754421
4087 4087 581722.9129599419 5018264.504716839
4453 2440 589041.6629633917 5051204.5288397195
4941 3416 598801.3121912944 5031682.12030368
2928 1891 558541.3668818743 5062184.951513108
4209 61 584160.9377653586 5098784.674901053
1037 2379 520718.68286832696 5052423.392207378
3660 4636 573182.4838954657 5007283.851058034
1281 5368 525601.8742752786 4992642.373753929
2196 1952 543902.9229435315 5060963.877728512
915 3355 518277.7410280952 5032903.966710298
4941 2501 598801.9991194879 5049983.7336300835
3660 2806 573179.1135014928 5043884.318548274
5002 2501 600022.5455293616 5049983.131950603
4148 2562 582938.7069127301 5048762.9865257
3843 2867 576837.8087574174 5042664.562307958
3721 1342 574402.3873030613 5073164.570102127
2074 2745 541463.7645036944 5045104.9241084745
2623 3599 552442.3889163223 5028024.26081186
1342 1769 526821.0522510415 5064626.0642554285
4209 2074 584162.6011986858 5058527.453542272
3172 1220 563421.8197233698 5075607.478168785
1586 1159 531701.0382621486 5076824.932618142
2379 5368 547561.1596493246 4992642.681343009
4514 2623 590259.4993803545 5047543.8829344725
1037 3599 520722.47666261677 5028024.68972541
3843 793 576838.0983079108 5084144.718541393
4392 2684 587823.1010493201 5046327.107652645
5246 854 604898.8828983959 5082922.941738203
4148 2745 582942.742179045 5045103.964457427
2257 1647 545121.5402438025 5067062.57436127
2440 3782 548779.641183268 5024361.500744922
854 61 517058.56984786823 5098784.928022943
3843 305 576842.1131146962 5093904.1176699195
4758 549 595142.339690185 5089026.925969777
1891 2501 537798.9570848942 5049983.534296953
244 61 504858.702441852 5098784.988175844
1220 3721 524377.9293660033 5025584.526649027
5246 3172 604902.9908425049 5036564.074828703
3355 3599 567083.0711777431 5028024.334313747
2928 2806 558537.8951236166 5043884.171332795
244 3294 504857.0882190406 5034122.557750252
5307 3050 606123.8869250488 5039004.20606284
1647 2623 532922.7263837837 5047544.51980904
854 2623 517063.01873812376 5047546.568995321
4026 2379 580501.936590949 5052422.402029129
2440 1647 548781.3655731294 5067064.327675094
2257 1891 545123.3133995216 5062184.723561019
1708 1769 534137.6292349503 5064623.2368560545
2684 1769 553661.6943551379 5064624.478858466
2684 305 553659.559049827 5093904.231968961
183 3538 503642.9073869109 5029244.31566247
3660 1769 573182.7456509729 5064626.140585062
915 1281 518280.77298332006 5074382.51993325
1037 5368 520718.4240083092 4992643.708355294
2074 2196 541457.2568901931 5056084.820333635
305 4636 506081.0140415939 5007286.712638892
1891 5002 537801.8994164444 4999962.564952666
2440 61 548782.5493188184 5098784.975478495
3294 1891 565859.055797661 5062183.922878471
2257 732 545121.4003226279 5085364.506436287
1586 2135 531701.8524805524 5057305.646255188
4819 305 596360.5397316846 5093903.623104464
2867 305 557321.8192870467 5093904.640492244
3782 1403 575622.7762752639 5071945.934264907
3416 2135 568302.2639127113 5057304.2274871655
1830 2806 536581.6734263408 5043883.900585714
854 366 517060.43213425495 5092685.767930102
1708 2562 534140.6646206683 5048763.440813898
366 3294 507300.33900120144 5034123.965391963
5002 2867 600022.1196048737 5042664.709199208
3965 1342 579281.7424391415 5073163.88278218
3965 2623 579283.3406394338 5047546.62937683
3294 488 565861.2002099924 5090243.154293077
1769 1403 535359.0346155667 5071944.885516509
793 1891 515842.0480038307 5062184.956666687
976 5124 519502.2878056963 4997522.395150911
854 976 517057.0755755267 5080484.193716192
1586 3233 531701.9913392854 5035346.548169553
2074 1586 541461.0618023598 5068284.978227994
427 1403 508521.818642898 5071944.009287655
3416 1037 568300.8432932275 5079263.976551825
610 3477 512178.70029379864 5030464.341324444
3050 2013 560983.6329720997 5059743.299534004
5185 2806 603682.8634728394 5043884.371441729
793 976 515837.86671857483 5080483.717604754
3355 2623 567082.9076063451 5047544.159039639
1098 3111 521937.03594946 5037783.193086699
3111 1769 562201.8023065536 5064624.163852997
4026 3050 580502.2977274528 5039004.822464832
3660 2074 573182.3472530353 5058526.288893966
2013 1708 540241.9909995138 5065844.6559262
1220 2257 524381.6825290648 5054866.896140804
2074 1769 541457.563594243 5064624.473934438
793 5124 515840.3541108784 4997523.90817654
1769 2867 535359.5213697955 5042664.308173457
5124 3172 602460.976525995 5036564.224500778
2196 3843 543901.8915438831 5023143.190860231
4087 1159 581722.2889968012 5076825.716535918
854 1647 517058.0520373977 5067064.914944981
1586 4758 531698.8880052632 5004844.673889649
3111 1159 562201.4282684377 5076827.399874798
1464 5429 529262.9440059242 4991424.842054788
5307 2928 606122.2659735051 5041446.941081357
2745 915 554883.0227355047 5081704.730234186
4697 2806 593922.2629255517 5043884.39408656
793 1403 515842.13027138845 5071945.533334707
915 61 518278.10995616176 5098784.216214442
305 3538 506081.61354919756 5029244.447220404
488 1830 509741.78069246287 5063404.986243739
1098 4758 521938.4528839784 5004844.553356333
2989 488 559758.3750895357 5090244.672970494
3294 2928 565862.0509232709 5041444.227856724
1037 1586 520721.49592525297 5068285.672642174
4819 1647 596363.4251332396 5067064.798165567
1403 915 528040.3961965968 5081703.22238194
4087 854 581722.686003878 5082924.443069493
183 5124 503639.6935660566 4997523.509790245
671 4819 513400.9439082464 5003624.00964014
4087 3965 581723.2592570051 5020703.998841571
671 1403 513402.2095471928 5071945.481289771
183 1403 503641.42988775845 5071944.426320105
915 610 518281.064674992 5087803.392803238
1220 1220 524381.3873373228 5075604.517156124
793 1098 515838.5052691947 5078043.551094959
1342 2135 526822.9827552158 5057303.377187969
1952 2867 539020.9066726005 5042663.996471682
1037 3172 520721.6753780594 5036564.364757357
4392 1891 587818.1869751288 5062186.09509036
1464 1708 529262.1349562379 5065846.1959586
3904 549 578062.0696671464 5089023.947036985
1830 3477 536578.4588435318 5030461.651684755
1098 2623 521938.5866880575 5047544.593746659
976 4331 519501.5542826109 5013384.183513037
2074 3050 541462.8059532735 5039002.739046939
3721 1159 574400.8619915766 5076822.78717552
4636 4026 592704.2082535671 5019483.398378252
5063 2562 601242.8413367912 5048764.619390078
4636 3599 592698.8497269249 5028023.317327597
3965 2440 579281.564484877 5051207.23534703
4392 3843 587821.9486053244 5023143.619832951
427 915 508521.5572873141 5081703.557813892
1830 4026 536578.3764271913 5019481.268728282
1708 4026 534143.626713164 5019484.2417252725
4087 2928 581721.225545583 5041442.864007381
5490 2745 609781.1160168914 5045104.099462157
2745 2135 554884.1009352802 5057304.67675756
3172 2440 563421.6547654222 5051204.788447017
5185 2745 603682.4956814274 5045104.241796271
2013 3477 540238.542702316 5030464.110755028
4636 2989 592700.9661470908 5040222.305986671
4575 2257 591482.7858190215 5054864.894171047
1098 5307 521942.6808552373 4993864.739242568
854 3660 517058.2974618558 5026804.141530046
1891 2074 537797.136385132 5058524.879201759
4453 854 589043.7177086086 5082924.774715736
2013 122 540242.9936813449 5097563.28427492
4148 3538 582940.6909313591 5029242.968814983
976 854 519502.2698607037 5082922.985841399
4819 2379 596358.177121242 5052424.234286117
4148 3843 582942.9454561742 5023144.259417176
5368 854 607338.6263600173 5082923.605872358
4758 2074 595142.087764726 5058526.462686935
4087 2440 581722.3530577333 5051207.323924537
4575 5246 591481.3464213167 4995083.210489019
3721 305 574397.5819566466 5093904.285658853
1220 732 524381.7159596935 5085363.603801876
3416 915 568301.7145329528 5081704.375512895
1037 915 520718.09790559823 5081703.140936562
610 1281 512178.3859939631 5074384.582802763
4087 1281 581722.3901069763 5074386.278516028
2318 1220 546341.4176451283 5075603.08385722
3782 793 575618.3416597276 5084144.744407645
4758 4026 595142.8690137223 5019484.1550680315
1708 1708 534141.7187181781 5065847.480036023
4575 3416 591482.758874261 5031684.36708343
5429 2745 608564.8039192741 5045103.845545574
5063 488 601242.4579576703 5090243.162893961
2989 1830 559761.75501337 5063406.652813092
2135 1525 542681.2258755201 5069504.444756651
2257 3538 545118.9000448472 5029241.653599654
4148 4941 582942.9346193834 5001184.539104114
2745 2684 554881.6422696679 5046323.108938785
244 1037 504857.5518686088 5079262.28836651
3294 4819 565858.5671453049 5003626.332230377
1281 488 525598.8422963975 5090243.709567384
5368 488 607338.1616765157 5090244.7257436905
5429 2318 608561.4719577905 5053642.8838122245
244 1159 504861.69869937754 5076826.866831295
3599 1525 571958.1910215546 5069504.73573816
976 3538 519497.23887722206 5029243.493881501
3477 2379 569522.065922443 5052423.595849406
1403 4941 528043.2855261859 5001184.577270698
488 3599 509738.4908374149 5028023.425915389
1647 4819 532917.112651821 5003623.6864740215
3538 305 570741.0851602957 5093903.684013178
2989 1525 559761.945414575 5069504.299439793
3477 1281 569523.0371447591 5074386.962077925
4880 2745 597582.1536629492 5045106.311977033
1952 1586 539021.3217269403 5068284.192678736
4087 1220 581720.939823644 5075604.539112571
122 5124 502419.0856347689 4997524.424081026
1586 2684 531702.341240132 5046324.441305917
4819 3050 596363.2321243733 5039003.257888395
1098 2501 521941.4402170005 5049983.268079828
2623 488 552437.4579522014 5090243.471804708
2196 2745 543901.2661142519 5045103.593579177
854 2806 517058.098392358 5043884.581407844
610 488 512181.3863074848 5090242.772546386
732 2257 514620.98588122334 5054866.472459889
1281 5307 525600.5992213193 4993864.4286586745
4636 4758 592702.78962819 5004846.33001492
3172 2257 563419.1387942819 5054864.520307624
1769 3843 535361.3843006066 5023144.370219958
4819 2867 596362.339238262 5042667.154504097
3843 610 576838.1232597216 5087804.887564253
1342 1525 526821.6452546513 5069504.258282723
1586 4636 531699.6254378647 5007284.813156855
305 5063 506076.87690273824 4998744.916964295
1342 3355 526820.7099467986 5032901.654732405
2440 2562 548783.0590848401 5048764.873387565
2684 549 553661.5097821472 5089023.722003322
3355 2379 567081.638485586 5052423.95887668
5246 2013 604901.3865247825 5059746.629277874
3599 2867 571964.9937053765 5042666.338730825
305 2379 506082.2772438668 5052426.280211634
4453 1891 589038.6128132672 5062184.38118693
3904 2013 578058.4498712323 5059746.352374396
5063 3416 601242.4925196517 5031684.2215622915
793 5002 515842.1660109203 4999964.713527115
4819 244 596358.4341646475 5095124.894548859
976 1464 519500.7170894218 5070722.566586505
2196 1769 543903.6678836074 5064624.334080943
4758 4514 595142.1315632317 5009724.305284923
1037 1891 520722.2854494797 5062184.0346812885
4636 1830 592701.5730132139 5063407.812744753
2196 3111 543899.4473403885 5037784.243108764
3111 1525 562197.890502996 5069506.84839111
610 244 512178.8957108618 5095123.872973014
122 3111 502419.3139630341 5037784.602233912
3599 305 571958.0372017013 5093902.43365857
5124 2318 602461.7452091414 5053647.294823378
3294 2074 565861.4497037921 5058526.649290262
305 305 506082.01471908775 5093904.233028814
1281 2684 525598.7226659143 5046323.651119963
2806 3721 556098.1241889799 5025583.173602914
1769 2440 535359.7812030187 5051204.636457232
366 1647 507299.7921920608 5067064.97437429
1159 4453 523158.25045069965 5010943.902377078
5307 5429 606123.0134098856 4991423.803642277
427 4087 508518.7877096867 5018263.938135776
1159 1891 523162.5750405828 5062183.60155236
4209 1098 584158.4304889294 5078044.754259024
3660 1708 573182.1413038557 5065845.893263441
3233 1952 564639.742994695 5060962.840974663
671 3599 513402.37016008905 5028024.220231894
1769 4880 535360.9915759871 5002402.82409395
1159 4636 523161.8825414605 5007284.919634521
1403 2928 528042.6932493558 5041445.950763642
2135 1586 542677.4454728647 5068284.040474678
4209 1037 584158.4990734868 5079262.561910252
4758 2135 595142.0939313603 5057306.453742203
3904 4819 578061.7011954468 5003624.855366094
1037 3721 520718.21937056544 5025584.115706803
5307 2989 606121.1931829951 5040223.381910497
2318 3721 546337.1466955198 5025584.956216626
4453 366 589038.6351934711 5092683.75761075
4575 2501 591482.1940737126 5049984.897736304
549 3050 510957.0205215518 5039004.465719757
3721 1220 574398.5844922352 5075602.457856632
4270 1159 585381.7859653552 5076826.931495697
1220 3416 524380.066081098 5031680.493125431
1952 2074 539024.1541148174 5058524.411418333
3416 1403 568299.3453048579 5071946.863626793
4697 1769 593921.9822464993 5064624.745630466
4392 4453 587822.8927687738 5010942.350878902
4392 1098 587823.0951498228 5078044.159939485
4636 1891 592702.8960054393 5062185.714301562
1037 3538 520721.41905743 5029244.500391391
4758 2684 595141.9246319352 5046324.01314797
3721 2379 574398.4600285848 5052426.888284108
793 1647 515843.0546083065 5067063.47288258
1098 1586 521942.2415782272 5068284.498737146
2623 2257 552438.6925349855 5054863.915234943
2013 1891 540242.2594550678 5062184.446759418
3477 793 569521.6813494875 5084144.739833345
3904 3721 578057.8237318918 5025584.576117258
4941 61 598802.8043722243 5098783.645019009
2196 1342 543901.6402732037 5073165.569589871
2440 854 548780.7065746565 5082923.666831607
1708 1891 534138.9445503072 5062184.856440615
5124 1220 602462.7157467962 5075602.255925723
732 61 514622.24729985814 5098785.989514057
4148 244 582939.7429623695 5095123.958248877
2440 3721 548777.6252305876 5025584.673362338
4392 1403 587820.6777460783 5071944.892160235
671 427 513399.2947742501 5091463.624549004
2989 122 559762.0384037581 5097564.5492200805
3233 2989 564637.2305870836 5040224.541768957
1281 1891 525598.285710428 5062187.267059274
2501 793 550002.236101224 5084143.477510055
4453 61 589041.0947040932 5098784.193355377
3294 2623 565861.2839609393 5047542.976042172
2684 488 553657.7244243652 5090243.186322418
4697 2074 593922.3674451008 5058524.7717009615
4209 2562 584162.5941790332 5048766.313867794
2013 2684 540237.3536100626 5046324.748688677
2440 2013 548777.4959532511 5059744.863100023
2867 3660 557317.7336455465 5026803.246663845
2501 1891 550001.6928353892 5062184.324232197
2196 2684 543898.7253357184 5046324.393298551
2806 427 556097.64654767 5091464.047429649
4270 2806 585383.2035950369 5043884.756758604
2196 3721 543899.3049012854 5025584.146407081
3599 3904 571962.2475834137 5021924.210403256
4636 4453 592701.6880954568 5010944.443925072
1403 1769 528041.4158879698 5064624.666587268
976 1830 519498.2753811819 5063403.7003800655
5490 2013 609782.9645349283 5059743.465351082
3050 1891 560981.7862796633 5062184.797064267
5429 2562 608564.3344655421 5048764.976810019
1708 1220 534137.7399546907 5075604.3307830375
671 1525 513397.402050335 5069504.749367248
4514 4087 590262.3133262363 5018264.547814088
1586 1098 531698.2854255221 5078046.258594711
549 1952 510957.73072438576 5060963.370716457
2013 2196 540241.5974934951 5056083.270399679
2562 3050 551221.8459645847 5039004.111393949
610 305 512181.3767957911 5093901.9031206025
2318 1098 546337.7145580084 5078044.599326614
2196 3294 543903.5446615278 5034124.951886504
4819 2684 596361.7424223197 5046322.729383734
5429 5063 608563.2459212106 4998744.25204527
3294 1952 565864.0628888314 5060964.737164148
793 2257 515838.17477700225 5054864.2452685
1220 366 524379.0465588499 5092683.570347106
2623 2440 552438.1707352465 5051204.867556592
4087 1342 581722.7524148715 5073162.712418432
854 3355 517059.2826978916 5032904.44788479
4514 3782 590262.1965520089 5024365.3523699995
1891 4819 537799.3514892999 5003622.10502255
3538 1220 570741.7664759422 5075603.762763693
427 5307 508518.49722609157 4993864.303429427
4514 854 590261.3424831548 5082926.843454391
1647 2501 532923.3945525383 5049984.710280149
3233 1281 564638.9231669679 5074383.678343359
3599 366 571958.8731822326 5092683.950166042
3233 976 564641.0558877145 5080484.025277952
4819 1464 596358.9658284353 5070724.262338978
1586 183 531701.7444981078 5096344.40534447
3538 3538 570741.3169700089 5029243.236499992
5124 2623 602461.8263046585 5047544.450006451
610 2501 512179.2635888383 5049983.672636316
793 2440 515839.3909090013 5051204.798743429
1220 2379 524381.1223258588 5052424.042918648
2196 2074 543901.9923498076 5058524.016949993
854 4270 517061.85687524587 5014603.5655154
1098 3416 521941.467503239 5031683.505945334
2562 1891 551220.706161437 5062183.581604647
1769 3355 535363.2109991412 5032904.0068343375
4575 915 591481.6804206967 5081706.354779172
2440 183 548777.9674576697 5096343.245319529
1342 1159 526820.4604501091 5076824.296180603
3111 732 562201.4295393771 5085364.841490089
4087 1952 581720.9330380735 5060961.15259994
4636 732 592698.7141370645 5085364.794535158
366 1525 507302.8314434101 5069504.033169195
183 2074 503637.6076948929 5058523.48160095
2074 4270 541461.2271571807 5014603.487781868
2135 4209 542681.7279473364 5015822.995062672
1464 3111 529258.4319887089 5037783.915625587
5124 2196 602461.4823412038 5056084.333710413
305 2623 506082.2542637519 5047543.317386497
2684 1891 553660.8626846299 5062182.958035013
1342 2318 526823.1328597567 5053642.983219055
2318 1952 546342.0547132221 5060967.464349838
183 4880 503640.39872786426 5002402.682897508
1525 3660 530483.2168087345 5026806.8552403515
1586 5368 531702.0194765453 4992642.75092954
1952 2135 539016.7940923489 5057302.852566705
1403 1525 528037.8304729899 5069504.64573575
2074 2135 541462.0513234814 5057305.838818684
4575 427 591481.3604174107 5091467.278087284
5368 2013 607342.183359659 5059745.402596092
3660 2562 573181.0158987454 5048766.559825996
1464 1769 529261.4842531686 5064626.7477160115
2928 1281 558541.3401092896 5074386.265526712
1220 1525 524382.8246548162 5069505.859559029
4087 732 581721.3376130215 5085366.017402732
4819 3904 596359.113209992 5021923.504906155
1220 3965 524383.5403733285 5020703.633164054
2562 732 551221.8318823327 5085363.61767334
2684 2135 553663.0163178111 5057304.644073169
2318 3660 546343.0602832127 5026805.277275872
122 4392 502422.0385314188 5012164.205481142
2623 1708 552442.7124784949 5065844.141204724
2440 3965 548783.1639640792 5020704.751197157
4697 1708 593922.5676314828 5065844.576969696
2928 1098 558537.4577464585 5078044.772903253
3477 3538 569522.905784206 5029242.586817431
3660 183 573182.0385103971 5096344.533494311
1220 2928 524379.8353006379 5041442.977718904
3843 854 576842.8937079292 5082925.899342773
3721 549 574398.1733354735 5089023.781776303
1464 5002 529257.1442553347 4999966.439596215
1220 2196 524382.0766260317 5056086.893750989
2013 2013 540243.243850197 5059744.9288575
1464 3294 529258.1964458078 5034124.530687231
2806 1891 556102.8492647177 5062184.977417252
610 3782 512181.96798854135 5024365.36499414
3843 2257 576841.3186126279 5054865.321485067
4270 488 585382.8061889204 5090244.298434602
1769 854 535357.9652205068 5082924.616932527
5124 2806 602462.4530812327 5043884.198770426
976 1952 519501.2837277085 5060965.798912628
854 1098 517057.78433408757 5078043.904520706
3355 2135 567082.06648118 5057304.594490445
4880 4514 597583.2338067763 5009723.809335336
5124 5429 602462.0745259748 4991422.081971567
2074 4331 541457.747211961 5013381.786066779
61 1830 501202.2503523444 5063404.504102618
1037 3416 520720.74023699755 5031683.3864107095
244 2318 504857.6258134324 5053644.947920642
2745 244 554880.314718005 5095124.940074665
2074 3782 541463.241205591 5024363.242266545
4758 671 595141.8291477666 5086584.4913687715
2623 305 552439.2217722806 5093903.313427252
2318 5002 546339.7539654861 4999963.610085475
854 1037 517058.64331072517 5079262.785974792
2562 122 551217.4267537151 5097564.272743237
4087 2745 581722.4719047524 5045101.0642182175
1586 854 531698.7065938648 5082924.605012263
549 488 510957.3745140293 5090243.003445098
1342 2074 526820.7411609058 5058525.620805175
183 61 503641.4846662946 5098786.6061605485
3782 1708 575618.1151381877 5065844.061459038
1830 4819 536582.0797341691 5003624.417091331
976 2806 519501.5640864373 5043883.662465866
4270 3050 585381.4269951098 5039002.964816682
2562 1952 551219.4695337827 5060963.304699506
61 1586 501202.1885314944 5068283.927098571
4026 1098 580498.316033511 5078044.268577255
3843 3721 576842.0667213018 5025583.459525944
2867 3172 557321.7820016162 5036564.600304888
5368 2135 607341.1894573951 5057306.187596081
2501 3904 550001.2774486418 5021923.779876249
1464 1281 529261.8686187969 5074386.601485278
610 2379 512181.9222679065 5052426.06517004
4026 2013 580502.7766154673 5059746.157846241
2684 1464 553660.8878451932 5070724.611337788
2745 2013 554878.6714449159 5059745.23564217
1952 1952 539023.3002721108 5060964.76743259
4453 976 589041.9767108732 5080484.247555997
244 2745 504857.6085243296 5045104.521022763
183 2745 503641.6099399473 5045103.079950517
1037 5246 520722.0177557302 4995081.671500987
1464 183 529258.5326072322 5096344.464082338
4148 671 582938.8199365139 5086584.74166823
2684 1159 553661.7173139208 5076827.175131088
3477 854 569521.208821273 5082926.666042421
427 3050 508518.23917294963 5039004.415937009
3111 2623 562202.1256454808 5047545.883853369
3233 3599 564641.6549610553 5028024.0026622405
244 1464 504857.76814230887 5070724.304187626
793 2501 515839.0202569812 5049984.021183671
3599 3050 571964.004266972 5039004.171261323
3782 1220 575621.3912553345 5075603.209925948
854 854 517057.32076395425 5082922.838450751
1281 3111 525597.5397056596 5037786.460294728
1098 1708 521941.9819696328 5065843.2055762755
1159 2989 523162.7953840502 5040224.704162104
2623 244 552437.113949265 5095123.589878455
549 5307 510958.7782043223 4993864.708821289
610 1403 512181.54806687485 5071946.848652983
3233 2013 564638.4865899656 5059742.890696794
1647 5307 532917.9514456964 4993864.140772771
5368 3233 607341.3707394832 5035346.910829257
1220 4880 524378.1737023229 5002404.434356479
4819 2806 596359.6773197055 5043883.309310547
3599 610 571961.9272140258 5087806.462526047
305 2745 506076.2023138673 5045103.1861996595
4026 793 580502.4167685094 5084146.157482025
732 5185 514621.81882105116 4996303.4434285965
4575 5185 591482.4488128508 4996302.405734341
2989 2074 559761.2974236652 5058524.1891684765
3294 3843 565861.5220576671 5023144.391530926
1098 2196 521941.8526706343 5056084.275991757
549 1891 510957.68965396826 5062187.1927103745
1586 1769 531697.7863533148 5064624.73672321
1220 3843 524376.9960843048 5023144.54247411
2135 4148 542682.5160335167 5017043.450267423
305 5002 506081.71744651004 4999964.030567536
2684 1830 553661.5613354417 5063403.7379266145
5185 1220 603678.8444626663 5075603.677298096
793 2074 515841.65622066025 5058524.730504477
1952 2745 539022.3804933655 5045104.359571442
2379 854 547559.6718903303 5082924.930232531
3294 4758 565858.5389674171 5004843.940199587
2135 1952 542678.7018614738 5060962.970093832
915 1159 518278.1695397623 5076824.49886641
1037 4636 520720.8475097097 5007283.913513195
366 2440 507301.81548488775 5051203.92657686
4575 2440 591483.4168038927 5051204.905135003
3965 2562 579283.0071927554 5048767.471925999
3294 1159 565857.7049245475 5076824.484884956
3416 2379 568301.4918989078 5052424.793844142
2074 1281 541463.2007602893 5074383.825679628
2989 1647 559761.6594210443 5067063.69135982
4880 244 597579.0169154905 5095126.818227036
732 366 514618.84850439423 5092684.190347389
5368 3355 607342.2120931318 5032903.01958428
122 5429 502423.1875751864 4991424.121087096
1281 4575 525597.2920264401 5008504.329724827
854 2562 517062.70999254397 5048762.12231277
1586 2867 531701.8280631712 5042665.991633221
2196 3660 543899.1028443553 5026803.628936677
2562 0 551221.5423390232 5100003.062711525
1342 1647 526821.627897225 5067063.194573559
2440 244 548780.3175738591 5095123.00299262
1159 976 523162.6624564812 5080485.47720428
610 3050 512179.55889842776 5039004.802765125
2074 5429 541463.4074698156 4991422.728431548
1586 2989 531702.6585626327 5040223.523361993
5368 915 607339.2635712163 5081703.972644449
366 2257 507302.6488458651 5054865.619896258
1769 915 535358.3519751909 5081704.472928095
5429 1220 608561.2620560529 5075603.975641334
2257 3416 545122.3892567598 5031683.7022180855
4148 3721 582941.5204334221 5025584.265632183
1708 2989 534138.01167977 5040222.201670569
4758 2623 595141.912904105 5047544.335026501
1647 4148 532917.7286539872 5017044.398346306
4514 4880 590261.7096288138 5002404.413874248
610 1220 512176.5521169106 5075603.560045217
4026 1403 580498.290117759 5071943.8301103925
4758 1464 595138.984127521 5070723.1520126015
2623 2135 552438.4981279476 5057306.380669015
3172 3416 563422.7315216588 5031683.53920733
5185 61 603681.6746659193 5098784.259991428
1952 1891 539022.3593218932 5062183.9422156485
305 2257 506081.6081801799 5054867.0638221055
2257 1464 545120.9279070476 5070724.746255822
3721 2013 574402.6490963097 5059743.234691704
5185 3416 603683.4034336638 5031683.600427461
2013 1159 540238.2830209164 5076824.095930927
4697 3904 593923.4387236732 5021922.748920186
1586 122 531700.3391494887 5097563.646741597
2684 4636 553659.7757251957 5007282.0239819605
2318 366 546341.5182854303 5092682.033673513
3355 2013 567081.3044330725 5059743.531625414
3233 915 564642.3904207784 5081703.5543014845
4087 61 581720.9202190907 5098784.323068526
305 3172 506077.1071662851 5036561.796052029
488 915 509742.9167999593 5081704.132505259
915 2440 518282.0574633846 5051204.716537601
1647 4941 532917.6445480925 5001183.732891584
4331 4880 586598.8252236028 5002403.3186839605
3843 1098 576843.0560224933 5078043.877926437
1769 2562 535360.9713678753 5048763.310052596
5429 549 608561.5166925908 5089024.245153913
2013 2257 540237.8471754346 5054867.6120336875
3599 1769 571964.0217025792 5064622.894831469
2379 5429 547558.3619385094 4991423.021312561
854 2257 517063.1322651972 5054863.857621226
2440 2623 548782.7496443863 5047544.364870421
1281 3477 525603.4985820062 5030464.128121058
549 5002 510962.372432612 4999964.718202357
2196 244 543897.8069954289 5095123.249692968
5124 3294 602460.3232183459 5034124.567270131
2379 2318 547559.4595682567 5053644.659754752
1342 3050 526817.9136031899 5039004.788535118
1342 3721 526819.668571896 5025584.021101038
3782 2501 575622.0711116093 5049986.647365114
4941 244 598797.9849846249 5095124.900520258
2440 2196 548781.7524760403 5056083.306661581
1830 2501 536578.7069080847 5049983.783850056
4514 549 590261.4337199347 5089024.263467142
3843 1769 576842.916400162 5064623.927929463
4392 3172 587821.7653374837 5036561.44941925
183 2562 503643.0952393665 5048764.40610815
1281 2623 525602.4807928057 5047543.970932176
3233 488 564638.5553817635 5090244.837481424
3111 1586 562197.2974717561 5068284.526267316
4331 1281 586602.4361904126 5074384.245289738
1769 244 535357.65596165 5095124.59817969
2989 1464 559763.5635188814 5070726.929812082
4697 1891 593918.7259005461 5062184.547955561
2806 3782 556102.3212894332 5024364.473518166
2867 1525 557321.8538390743 5069504.440146545
1098 2928 521937.05248710036 5041441.723789438
1525 4636 530481.8027403007 5007285.998990556
4331 1098 586601.6446514912 5078045.616891578
2257 4697 545120.91828013 5006063.06306773
2074 366 541458.4526337704 5092684.103947188
2623 976 552441.4596986594 5080483.956870605
2379 3294 547561.8819257496 5034126.427126628
4636 2623 592703.7877081212 5047543.160172718
2928 3111 558541.6497890729 5037783.824639087
3965 1464 579282.8345081091 5070724.876590231
4148 610 582941.8126529611 5087804.370829065
4331 2318 586601.2453291961 5053646.862891379
2196 427 543897.1525462872 5091463.79589099
2562 5246 551222.3331130128 4995087.218677585
2806 3538 556101.1778965984 5029242.217458952
4880 2196 597581.5990925693 5056086.993834569
793 1464 515837.83814144885 5070721.519039035
1037 5490 520716.75084529753 4990204.513625959
1220 2074 524382.5344668224 5058523.925957065
1037 610 520720.2707602577 5087803.300925837
488 1464 509741.21250846284 5070724.607645206
2806 1403 556102.3294425895 5071947.017188161
3660 3294 573179.1092783363 5034123.702073764
1464 4514 529260.6866600122 5009722.488419479
1220 2135 524378.7403928693 5057304.958770591
2196 4209 543898.6393369811 5015821.502507437
1647 2562 532921.3611482679 5048761.974655397
3477 2867 569518.4173078577 5042664.5500087235
5429 4880 608560.7464766852 5002406.815472802
3782 2562 575618.1682019474 5048764.678268472
854 3843 517062.87862782954 5023144.76154999
2623 3111 552439.299454405 5037783.3031000765
1891 5429 537803.690867315 4991424.913720295
122 2440 502421.01635853207 5051203.300606288
305 3050 506082.0352172861 5039004.604904919
4880 4636 597581.939385022 5007282.225932972
3538 2135 570742.4563908083 5057306.835264144
2013 5246 540239.49183697 4995084.401867796
3599 4636 571963.1428929679 5007284.546674015
3172 976 563421.6712870644 5080484.663734848
671 2501 513401.5529999483 5049984.450529839
1464 1830 529259.2313893323 5063406.399907757
2440 427 548778.876418266 5091463.596611553
3965 3599 579279.4292208904 5028024.443117584
1952 4148 539017.3903276129 5017044.252618615
2013 61 540238.8693875961 5098784.656578058
1708 3416 534142.215563875 5031684.016087745
2318 2867 546337.7015209263 5042664.5370054655
1769 1586 535362.0568905657 5068286.62772845
2867 2379 557322.5165478487 5052426.85129495
5124 2379 602462.6029389554 5052424.91801118
3538 793 570741.1746918482 5084147.156865472
915 1403 518278.01706499886 5071944.900184732
4819 3111 596359.0408633146 5037783.528284795
1342 549 526820.8688064007 5089023.939380034
2135 5429 542682.373068357 4991422.90824868
5063 3111 601243.8142662139 5037784.60515075
2562 1769 551222.224222031 5064625.565164857
5429 3416 608562.7255131609 5031683.506214309
0 2928 499977.9826859963 5041443.950546851
854 3050 517059.34522221226 5039002.979564049
2989 1952 559761.6987285544 5060966.141882575
1525 4270 530481.7144270646 5014603.753186619
2013 2318 540237.825956026 5053644.221323441
2562 3233 551219.3264150815 5035344.856478825
3904 2440 578062.564967755 5051203.999548541
305 3416 506082.4658967384 5031685.993144491
4697 3538 593920.5138222983 5029246.350713278
2745 2989 554881.4744422236 5040226.833383748
2440 4148 548781.6922150779 5017041.937216836
610 3721 512178.741504814 5025585.86132547
3355 2928 567078.2841430118 5041443.995713254
1464 2135 529262.2354633313 5057302.986728882
4575 793 591481.4021239178 5084147.902785898
1586 1830 531698.0809338392 5063403.620696455
3660 244 573182.2221506118 5095124.210041988
4819 671 596362.4019508285 5086584.802154427
2013 4148 540243.0743817266 5017042.974630696
3294 61 565862.5055315164 5098786.6210698625
122 1647 502422.23914265964 5067064.758060716
366 2867 507295.9456061139 5042663.374702015
1708 3355 534140.8237764062 5032903.382120957
3721 1403 574402.4132066839 5071943.588477887
1342 5429 526822.3518062158 4991423.889018867
3355 2196 567081.8727794751 5056084.072140589
4819 610 596362.6043001385 5087806.518803453
1708 1342 534138.0375613207 5073163.036506679
4575 1769 591480.8927680936 5064626.67044412
3965 488 579281.1043819122 5090244.664868494
2562 549 551221.5091106202 5089027.962814537
2806 1098 556102.274669895 5078044.508591911
1037 2501 520718.3018950391 5049984.454457577
3416 1342 568302.5890804539 5073164.640080846
2501 2684 550002.6225054776 5046326.531113239
4636 1708 592702.2584973532 5065847.121309578
4514 793 590262.7555918728 5084147.142318234
1098 3660 521938.66661552474 5026803.757191467
5368 1220 607340.9461136933 5075603.440065416
1342 1708 526822.1165644294 5065844.100304591
1891 3660 537801.5646989327 5026807.4449573755
2806 1220 556100.5258896484 5075606.121777415
5429 2623 608561.9692223374 5047543.520740688
2013 1647 540241.5622651496 5067066.667898407
1708 488 534141.6592989254 5090244.380381804
4026 3172 580501.3296674311 5036563.720632085
3538 2806 570741.0757977007 5043884.620338899
2379 2013 547558.9951270148 5059746.613592185
61 2989 501201.8632101628 5040224.404298642
4697 427 593918.4321356253 5091463.729437042
122 5307 502417.3204094378 4993863.89482376
793 61 515840.70317567914 5098787.411825157
2318 2013 546338.562068146 5059744.471334584
671 732 513402.50542148604 5085363.0756543605
2074 61 541458.4300569532 5098783.375556217
1891 1098 537801.9754016597 5078044.009697314
854 1830 517062.9304195835 5063406.561123048
3599 1220 571961.9113100022 5075603.683272704
610 3599 512181.6428005242 5028023.2494735075
1586 1220 531702.4812141354 5075606.609506991
2257 2379 545122.9463171159 5052424.482198607
488 2257 509737.857944009 5054863.372272827
1647 2440 532920.3260269177 5051204.4988149945
2867 1647 557321.4428042695 5067063.8002681965
305 2196 506081.74365226703 5056086.41567815
3904 1342 578058.7345043023 5073167.992042043
2806 915 556102.3565148802 5081705.150670423
793 2562 515839.1402783483 5048763.829094794
1891 3538 537801.469223419 5029244.564808255
366 2013 507298.32492572407 5059744.409282735
2318 4148 546342.5696564369 5017041.701038309
3111 4331 562201.5182194898 5013384.473461724
1281 427 525597.8077641369 5091462.992707066
3477 4880 569521.239482994 5002404.001135836
549 3782 510961.3999010429 5024366.214115413
2928 2013 558537.9953884771 5059744.684178883
2806 2867 556101.8683224663 5042664.246740007
3050 3721 560978.9193605625 5025583.51363099
1098 1769 521941.1105227151 5064623.438993301
5124 305 602458.2698374059 5093904.09029361
2562 3782 551222.6067924763 5024362.916585665
4087 4819 581722.3937285913 5003624.204842897
3355 793 567079.1741207461 5084144.8030691305
4270 2501 585382.1491555809 5049983.626246811
183 1464 503640.2941140703 5070724.832860024
1830 2684 536580.6243550512 5046324.972612423
4270 3904 585381.2828951909 5021923.871009491
3904 1769 578061.7776039185 5064625.966010831
2989 3660 559761.044668159 5026803.870616009
3538 854 570737.8358367629 5082922.878709518
915 2379 518276.50904890813 5052426.037961669
1281 1708 525598.4265589755 5065844.34822151
1647 3538 532919.0162733092 5029245.951314475
3721 854 574398.7044756627 5082924.224994536
3172 61 563421.5585564405 5098784.387727962
5429 2379 608561.6835689768 5052427.982181087
1464 793 529261.309734793 5084143.316273078
4880 3416 597581.9882196594 5031683.247692807
671 3660 513401.2277826302 5026807.483537435
5307 3416 606121.9547480285 5031684.975286209
2806 1952 556099.4011914025 5060964.253590753
671 4636 513399.2988317282 5007284.418243537
3904 5063 578062.5228262015 4998744.831816307
0 1525 499979.2798249007 5069504.893689548
122 2989 502416.7245818147 5040223.265480716
1647 2745 532923.1674580385 5045103.434262378
244 2684 504858.89587719354 5046324.535986444
1830 2318 536582.0503924018 5053644.564246126
793 305 515839.6585031787 5093903.701386286
2745 2501 554882.5840003387 5049986.380348937
4148 3599 582943.2047788277 5028024.830230342
2745 976 554883.4349401746 5080484.451307377
732 1220 514621.7140170759 5075603.709451984
1769 671 535359.6301620349 5086583.959523963
3050 1586 560982.2173899497 5068287.679174941
4087 2806 581721.9492898915 5043884.452312549
671 3538 513400.7173224435 5029244.305035308
4880 2074 597580.8594722241 5058524.313894855
3843 1952 576841.6365611043 5060964.898747697
1403 3416 528037.7343066039 5031684.821952511
427 2806 508522.1229042211 5043883.926055254
4941 4697 598802.1368507459 5006064.676888991
4941 2379 598801.1554272159 5052424.491622601
4758 244 595142.0769597632 5095126.5390897
3172 1891 563424.8511077947 5062184.9348633615
3843 3477 576843.7533793538 5030463.997930534
3843 549 576841.4694739783 5089023.976987937
1220 244 524382.337984721 5095123.91057801
1220 2623 524381.3722782913 5047541.912122345
1952 1037 539017.775096586 5079263.400436247
549 61 510961.48851222725 5098786.417773322
3416 4758 568303.4247327478 5004845.427093446
4392 4880 587819.1459608972 5002403.496315655
2257 3294 545121.2540807917 5034124.982067186
366 2928 507298.6770908474 5041443.257018576
1891 4514 537802.5216081082 5009724.804383048
4392 1525 587822.5019998692 5069504.28549136
122 427 502421.061193774 5091463.261907042
2501 5063 550004.2261150747 4998743.9066578215
3599 3660 571962.1090463931 5026801.815560204
3477 2013 569521.273272641 5059746.7496386245
2074 5246 541460.657374939 4995083.603534608
1220 488 524381.7998407024 5090244.228665546
3233 122 564638.4344556384 5097563.916346441
1159 1098 523157.9451892333 5078044.956155684
3660 3538 573182.1022376516 5029243.7610188555
427 3233 508517.0496380475 5035343.242327185
3721 2257 574401.1927123967 5054866.394226877
1281 2562 525603.1959261345 5048762.712095346
2806 2074 556101.1536562017 5058526.192033342
305 5429 506079.1235449889 4991424.653403388
3355 3660 567083.3661377003 5026804.917065941
427 5246 508518.70955660514 4995081.576915531
3660 3355 573182.0045854765 5032904.6390575785
427 2074 508515.9651766035 5058524.452557574
2745 1281 554881.7038764888 5074387.327394523
1342 793 526817.3036962678 5084143.197713166
4636 2806 592701.5707692886 5043882.81686913
3599 4087 571961.4880309398 5018266.255681952
61 2013 501202.02264245943 5059744.235081915
1159 1464 523157.9105149076 5070724.116261875
427 3843 508517.20552201214 5023144.238589629
2318 5429 546341.5989189581 4991424.867217252
1342 5063 526818.7669704128 4998743.161101561
2623 549 552439.0878486548 5089025.100069732
1952 2318 539019.3182793731 5053644.888192351
1159 1586 523162.1486381327 5068282.845658071
3294 1464 565862.8570856652 5070726.27572606
1464 2196 529262.8883120457 5056084.798720805
1647 2684 532922.5612198698 5046325.096503483
2562 366 551217.4133254103 5092684.073717787
1708 4819 534138.9969646372 5003623.764318272
2745 1098 554881.7721579694 5078047.1017291825
4697 3233 593919.3576370865 5035342.082914448
2745 1403 554881.6124773656 5071946.359900047
4514 2318 590259.4416691975 5053643.970751911
4636 488 592698.3661953271 5090244.834863447
671 4758 513402.1351836935 5004842.572650661
3111 1891 562201.1758919354 5062187.32756773
1403 5429 528042.2152913472 4991423.099416454
3843 1342 576842.8740162353 5073164.980048404
3721 4026 574402.5295727057 5019483.480168907
2074 3843 541459.095331175 5023143.904424635
1647 305 532917.8116791261 5093903.508466248
4087 1403 581722.1595155981 5071945.688793458
1525 1708 530478.8609831245 5065844.503584063
5368 671 607339.0089704187 5086584.719227717
1525 2135 530479.90231986 5057305.020662164
1952 4819 539021.4776612059 5003622.247546052
3782 2440 575622.0939081964 5051207.021079256
3416 2562 568303.5695570199 5048764.4284463925
1037 1830 520721.5806146949 5063403.798551329
610 2257 512179.4429697379 5054867.078262379
4209 2684 584162.022148072 5046323.32910318
976 2867 519501.27264352224 5042663.13488332
488 1220 509737.4783138113 5075604.730079187
2989 2013 559762.119331619 5059744.329626945
976 5246 519501.85901213164 4995084.710671463
1098 3538 521943.59955075383 5029244.413125846
3660 549 573181.5922699837 5089026.936246762
1281 3782 525602.4397331335 5024364.717772531
1891 1464 537801.5858848385 5070724.097834503
1647 1464 532918.4162840928 5070725.782809388
4331 4514 586600.9509138416 5009722.285981485
3904 1159 578057.3987686813 5076824.303587652
1403 3233 528037.672731446 5035346.404868257
5429 3050 608563.9035622638 5039004.82565196
2074 2989 541462.3181881139 5040223.753761297
4819 2562 596362.9163390566 5048763.990488424
1403 4026 528041.9949304387 5019482.999729381
4819 1586 596362.3442860243 5068286.40370091
2196 2501 543902.4158461328 5049986.026327882
1098 1403 521939.2714007252 5071940.739268571
4514 1647 590258.7425017694 5067064.482701949
3660 2257 573177.6750436726 5054863.679468151
732 4087 514623.0759041734 5018263.1153631685
4087 1830 581718.0227435664 5063404.681764555
1342 2684 526823.9129900944 5046324.868671967
2562 5429 551217.947649363 4991423.374751599
4148 1342 582940.6154939015 5073163.087730295
5002 3355 600022.2885313865 5032903.8687803745
2135 854 542680.4689060246 5082923.816436993
2074 4087 541459.3854235765 5018263.840486325
1830 3233 536582.0059125116 5035343.678920567
427 1281 508521.3231602192 5074386.486799656
4697 488 593919.0303715405 5090243.527969415
5246 2379 604903.2903473377 5052423.041984666
5246 4819 604901.8117987625 5003621.802700578
610 2928 512177.1866261073 5041444.138653191
61 2806 501199.5385462266 5043884.000707435
2440 1830 548782.0871059394 5063404.340138669
3477 305 569521.6528424228 5093904.63235579
2806 2623 556098.173443519 5047547.499255187
4209 1159 584158.542798426 5076824.764426952
5002 2440 600018.622643093 5051204.2961105285
671 1769 513402.8631435428 5064624.0954146655
1281 1464 525601.2538426415 5070723.930673387
4941 2989 598801.6842431577 5040223.493399239
488 5368 509742.4982181667 4992643.427623195
3294 2196 565862.3338213457 5056085.870438014
5368 5368 607341.6752210474 4992646.681817525
3294 2318 565861.2844776448 5053645.039182393
671 2989 513402.3901557947 5040223.82818844
1769 2684 535360.9735856787 5046322.875977623
4270 2257 585380.9784265525 5054866.69518994
3843 1403 576842.1941680488 5071944.103742095
3599 4880 571961.7688512092 5002403.33790259
2257 2928 545121.0196068184 5041443.525263123
3965 1830 579281.2799010347 5063404.264593907
4880 1830 597578.1148244333 5063404.255094909
3416 2806 568302.7050531036 5043884.209654935
1037 1952 520720.55868850223 5060963.654679796
1098 4941 521942.81952740793 5001184.6367674265
3111 1952 562202.0162582345 5060964.077672184
3599 1159 571959.4134756452 5076824.334919663
610 3843 512182.1295243437 5023143.16307738
244 1708 504858.59985329874 5065844.0757882595
4270 1586 585381.4377942159 5068286.332121627
366 3050 507303.1060519234 5039004.273550621
1464 2257 529262.2082299502 5054862.308455145
4697 4453 593921.6598564141 5010944.249640883
2074 4392 541459.1134641379 5012164.665549876
854 305 517061.10375948733 5093904.452799666
3782 976 575621.4559850004 5080486.024777958
5124 244 602461.9925092718 5095126.985325677
1342 610 526819.6264815965 5087804.260526478
1220 2989 524383.1650202199 5040224.092483976
2684 1708 553661.0171709599 5065844.747311408
732 2013 514621.5362280789 5059744.847669021
4331 1708 586602.1508563696 5065844.861783397
2806 1586 556098.327959876 5068284.678714659
4453 4941 589042.4449412157 5001184.537037006
366 1037 507298.86678098596 5079263.355618993
1403 122 528041.9370705148 5097564.797016258
2623 1830 552444.4956994236 5063404.135832784
2684 427 553657.3137583735 5091463.148585838
1769 4575 535360.7255059266 5008501.675590339
732 4697 514623.4047395121 5006063.117144596
2074 2257 541461.2696396993 5054863.060287777
2074 3233 541461.7364662776 5035346.810577833
732 5124 514619.2373200943 4997524.944387364
4697 2562 593918.511272454 5048764.91307717
3660 1159 573181.755247978 5076824.9677088475
2745 1220 554882.1924040986 5075605.725033413
244 2440 504862.0977554112 5051202.1696745865
5368 2928 607343.1627823731 5041444.443518243
3660 2501 573182.2909374655 5049986.443615045
3965 793 579281.0750353264 5084144.745567513
2928 793 558542.2498684353 5084144.485160125
2013 1098 540241.0398133412 5078043.182448096
4209 4087 584163.2634439296 5018264.759993402
3477 1769 569518.8851522121 5064623.501387613
671 1647 513398.8948186937 5067063.32409536
2989 1159 559761.7427021223 5076826.9803787945
427 2745 508522.9705741505 5045104.770990364
3050 61 560980.8690120465 5098784.552527528
1037 1708 520721.93869424355 5065843.796065147
1586 366 531701.4786736222 5092684.869533846
2257 2684 545121.0906125896 5046326.239822489
305 2501 506079.14546518726 5049984.9785063565
4514 1891 590261.7656165389 5062184.771551764
2318 1891 546339.263987042 5062184.593074721
4148 2318 582942.8360312128 5053644.75310336
3233 2745 564642.1870041352 5045106.857008298
1647 4270 532922.6403166682 5014604.105968995
5185 2501 603681.9454768591 5049984.072972979
732 4514 514622.49305277463 5009724.690554634
4209 4392 584161.0309414251 5012163.945215578
488 3538 509737.2921730537 5029246.089678625
3782 1769 575621.9412501539 5064623.592850022
2196 5063 543904.6839513108 4998744.027814328
61 5429 501202.8567712776 4991424.293149099
5429 671 608562.4616849932 5086584.163297245
3538 4636 570741.6417421182 5007284.90879127
732 1281 514618.4721281399 5074383.710568118
3721 2562 574402.3393328821 5048764.696910745
488 1403 509740.18265059375 5071943.566403167
2318 4209 546342.2276762764 5015823.974065791
3355 854 567080.7889942691 5082926.665450401
976 2501 519502.1892941238 5049984.970759652
732 1830 514620.97109603864 5063403.792220356
4209 3538 584162.221229358 5029243.594440726
1342 1098 526817.5744614811 5078044.032488968
793 1220 515837.5948765807 5075603.620572564
183 2867 503640.9040327399 5042664.051706135
1830 2623 536578.6692346394 5047544.514507966
2806 244 556100.7695770597 5095125.98777589
2501 2806 549998.5147232586 5043886.651231804
3172 854 563418.3026531546 5082924.146230476
1586 3172 531702.119324158 5036566.435943529
3843 1037 576842.0959394646 5079266.226801735
1830 2196 536578.7843841012 5056084.755431741
1159 2806 523157.71996897965 5043884.769611333
1525 1891 530482.0749216697 5062186.392534741
793 4453 515838.99921434885 5010942.3760252
3477 2135 569522.2886464676 5057305.767638328
4026 3904 580500.6737043646 5021923.404881102
4880 2562 597582.2167723697 5048764.04746665
427 549 508516.91794395144 5089023.361037929
1159 427 523158.07479619025 5091463.0482835425
4453 488 589038.5068468871 5090244.528482303
1647 4514 532917.3208176745 5009724.213376892
2379 3538 547561.8924934347 5029242.020552038
2440 2318 548781.7088940599 5053643.933037973
1281 4392 525598.5943670635 5012167.256329235
0 1647 499979.1335204047 5067066.597953845
2318 4270 546338.4400339867 5014602.018944937
4087 5368 581721.6274316025 4992640.804365264
2074 3355 541462.8642123296 5032902.974268268
3843 2806 576838.1694685079 5043883.875900122
3294 1037 565859.3138302886 5079264.970439158
3660 3782 573180.233597503 5024362.871338383
3904 1098 578058.0627300034 5078044.7562849345
1037 2684 520719.2048922432 5046324.776476805
3965 1891 579281.7519247729 5062184.7989957975
5307 2135 606123.5703693654 5057303.50781094
5002 3233 600021.353702401 5035343.112973324
5063 2440 601242.6488396258 5051204.278145101
5185 2562 603682.2516267486 5048763.499525515
1342 1220 526819.3677626078 5075604.3872290505
4819 3538 596361.0962239958 5029242.265020194
2379 2562 547562.1167295515 5048764.407685677
244 1098 504858.3387044872 5078044.954441386
1891 2562 537798.2892455903 5048763.045654836
5002 1830 600020.787934209 5063404.874315898
2867 1159 557321.8538517067 5076826.374886504
976 2135 519497.02613228385 5057303.095891253
5429 915 608561.1994435964 5081704.672681043
610 1464 512182.194842866 5070723.348459058
427 1952 508518.910431595 5060964.701983488
2135 366 542681.1826637018 5092683.834429961
1037 2806 520717.1482822038 5043883.800692728
1403 4697 528038.1227939681 5006064.995077886
3782 2257 575621.5102984759 5054863.776460563
5246 122 604898.5776649951 5097563.765361882
2684 976 553662.9768725222 5080486.480302651
610 5429 512179.03822903876 4991424.48200616
915 2135 518281.94736701826 5057306.221404361
5429 1647 608562.5147318204 5067063.595964765
4941 3233 598802.4989043121 5035343.952255721
4575 1037 591482.5473556736 5079264.947872566
5002 366 600019.0562840414 5092684.464642694
3050 4331 560983.1266504694 5013384.841534055
3355 4636 567078.8015196972 5007283.939169949
732 732 514621.5699225088 5085362.868623625
1952 3355 539021.6140942809 5032901.814051535
4636 549 592701.1379409696 5089025.400631453
4758 4087 595140.2193107628 5018264.62304401
1403 4819 528037.5646273079 5003624.622155329
1281 793 525601.610408447 5084143.62908905
4209 2257 584162.5183450847 5054864.653839015
610 1098 512180.9544405888 5078044.2263826905
1281 5124 525602.2332796699 4997522.088684388
1891 4575 537800.6757355393 5008503.005802595
4636 4209 592702.0872979269 5015823.289733993
4392 1037 587822.3203760551 5079264.20137256
1769 2318 535358.7153579775 5053644.408275962
671 3721 513401.852435547 5025584.179182383
1220 3233 524382.5636815431 5035344.763005898
4514 5246 590260.8440218045 4995082.111990967
1098 1952 521942.0003991297 5060964.80292271
1769 4941 535359.6828249726 5001185.671626617
2867 2074 557322.8623890844 5058525.402350496
3965 3904 579282.0755276044 5021925.800869832
4270 4026 585381.3298770584 5019484.691109486
4270 3721 585382.1623861996 5025582.555835329
2257 244 545118.4635932363 5095123.593360052
2074 1952 541461.8733872308 5060964.464633403
3111 3965 562201.8494082689 5020705.12850514
183 427 503641.7841267055 5091465.660679616
3965 2013 579282.1653984664 5059744.371408754
2989 3599 559762.8500933319 5028024.520811363
3721 2928 574403.2691283731 5041441.932251366
2318 1708 546338.4819080132 5065843.944840622
4087 671 581721.7421384631 5086587.096493711
3599 2440 571961.7405032036 5051202.832031622
122 61 502421.7321357493 5098783.445115638
3416 793 568301.0270553895 5084144.697934775
2501 1647 549997.6465546396 5067064.679828608
4880 3294 597584.4475656505 5034122.6267709965
732 1525 514621.7257972915 5069505.848725595
244 1647 504860.27453229233 5067062.90767735
427 2013 508522.13012974465 5059745.76860294
1464 1464 529258.5269113631 5070724.115941051
1037 2867 520721.6610736934 5042666.480892863
4209 305 584161.5877588836 5093903.8032987015
732 5002 514621.2059036261 4999966.853702425
4148 4758 582943.0341283052 5004843.203386573
854 1891 517063.09536727285 5062185.993310823
183 1220 503641.8479538591 5075603.962264625
549 5185 510957.2446293578 4996302.891974736
1281 1220 525601.87524442 5075604.139864765
2562 2806 551221.7678062853 5043884.892406485
3355 1647 567081.0948008191 5067067.388347921
3904 3599 578061.5977786103 5028024.62058538
915 2745 518279.30586471694 5045104.61923596
2196 1464 543898.9798229671 5070724.169016059
1220 2501 524382.5931858318 5049984.934970067
793 366 515840.1812161627 5092684.014150763
915 1525 518279.08544184396 5069504.844799205
2562 610 551222.317293149 5087806.61498471
2623 2074 552438.4984119122 5058524.313603499
3355 1159 567078.1846953202 5076824.978071279
3355 732 567079.2887315227 5085364.647080289
1952 4941 539022.7355580463 5001184.284646315
3782 3050 575621.6700245461 5039004.800653206
5368 3294 607342.2444781151 5034124.916215289
3477 1586 569517.7078841503 5068284.282117072
610 1647 512179.2651789951 5067064.619595522
2318 854 546338.9657811745 5082924.505021393
5124 1891 602462.142544053 5062186.859862603
61 2562 501200.1133643632 5048764.958679867
1769 3050 535361.1408274798 5039001.053109311
4087 2013 581718.9657781506 5059742.1472018175
61 3172 501199.50639290374 5036560.64934968
1708 2318 534142.3996791219 5053641.633016712
305 1830 506082.1784869794 5063403.165114448
1403 854 528040.5692633614 5082922.686130831
5185 2196 603682.5886311323 5056084.323453044
4880 2135 597581.6024295143 5057306.519501773
5185 854 603682.6695981574 5082925.918223101
3538 2501 570738.0360007235 5049986.701940006
305 2440 506081.495396753 5051203.028335891
3843 2623 576841.1577853251 5047543.630880487
1159 2623 523161.582942489 5047544.82940919
2135 2867 542682.3789147026 5042663.566028639
366 4636 507301.0075847523 5007283.969991544
1464 3050 529258.1547792513 5039001.355013115
1891 4758 537801.1398561869 5004842.03811879
1647 2013 532922.1388899463 5059744.179208814
4209 5124 584163.3306733456 4997526.178088907
1708 1647 534141.6660994806 5067063.858747771
2379 4941 547561.5328599998 5001184.279279386
5002 1525 600020.8352617645 5069505.194410753
3782 2989 575620.1050214738 5040223.4484317675
549 3416 510958.906055538 5031683.763664652
1403 3355 528041.0346870627 5032904.529436591
2501 61 550002.286569695 5098784.402918157
4453 2379 589043.8028909571 5052424.444489602
3233 1586 564641.9057911579 5068286.805908647
2623 3660 552442.2598286809 5026804.7590914555
1464 1403 529259.3666844476 5071946.798394733
5185 5429 603680.9284996651 4991423.935314233
3233 3416 564638.8823350375 5031684.82424836
2074 4026 541460.4199672384 5019484.155067491
1525 2013 530481.8418110487 5059746.693088942
1220 1586 524382.6063171597 5068284.276752585
1037 1769 520722.3356203282 5064623.577602072
4697 4270 593922.3316095999 5014604.047570638
2196 3599 543902.6327381241 5028026.365667416
4880 2501 597580.143814886 5049984.172864091
549 2074 510957.6583437876 5058523.835369963
1830 1647 536581.7554699132 5067065.617964989
2135 1830 542678.4945507897 5063403.002044317
2135 2135 542683.9759603067 5057304.90829672
1952 2623 539021.9069741939 5047543.202514145
671 1952 513397.8550869687 5060964.376235684
5185 1159 603680.5393530168 5076824.159003174
3599 2379 571961.6431191185 5052422.154989249
1220 61 524381.3638916066 5098784.418694787
1220 1952 524378.658680365 5060964.7648304
2013 4880 540238.0749828725 5002402.554788259
793 2623 515842.0602069667 5047544.1547783585
1708 1281 534138.0455755397 5074384.89648075
854 4941 517058.27626047767 5001183.551348509
2440 4941 548781.1735092676 5001183.301591892
2867 1586 557321.0507334324 5068284.5464782
4636 4575 592702.2143058828 5008503.038175774
2501 5429 550002.5208834226 4991422.667940718
183 671 503641.80670684786 5086584.581484906
3416 1586 568301.6826613713 5068283.971785717
2562 2074 551218.9296059133 5058525.816309058
2196 2257 543900.7210966031 5054867.990192943
1891 5063 537802.5242905306 4998744.2252260605
5063 2745 601243.8150099562 5045106.329827261
3416 1952 568302.1875312671 5060964.566410838
4209 976 584158.7748230204 5080483.741230684
610 366 512178.6760192453 5092682.832831383
1647 2257 532917.6905101734 5054863.137903141
2196 3050 543901.8185070504 5039004.733980802
4453 671 589041.7587889734 5086586.43477576
610 2074 512178.8780972158 5058523.375149626
3050 1647 560982.5001715819 5067064.985889066
488 1281 509736.96573959145 5074384.807083073
3599 3294 571961.9959265825 5034123.120247199
4392 3355 587821.4866712149 5032902.830076304
1952 4880 539021.5800485068 5002402.916153757
183 3477 503641.9293311379 5030464.898579105
671 2928 513398.70010811556 5041444.876720623
610 2318 512182.3121297248 5053644.883803553
610 4758 512180.8085237199 5004844.420249812
1708 2501 534141.9549591375 5049982.879925858
5124 3355 602459.504038733 5032902.955822757
4270 3477 585382.5242271743 5030462.052452199
1220 2745 524382.6772712453 5045103.334955681
3111 2135 562200.1557755668 5057302.414368353
1830 5002 536582.7384705474 4999962.926330952
2562 2013 551221.9294115007 5059744.961112751
1647 3172 532923.1234482338 5036563.526401647
2562 1403 551221.1977949594 5071946.944665032
610 3660 512182.33895373525 5026804.184264182
1830 4880 536581.3531777861 5002403.7358029215
61 2501 501198.78271648154 5049984.728977342
2257 305 545118.3892566662 5093902.588727791
5063 610 601240.9896602924 5087803.014791117
1159 2562 523160.19036962563 5048767.1504739085
1342 305 526822.384321284 5093903.346470204
1464 2013 529259.2263153519 5059744.5153591605
3416 1830 568300.99028812 5063404.132521184
2013 3782 540241.4588400591 5024364.074387196
3172 2135 563421.1517672858 5057304.585559452
244 1220 504858.9784653899 5075605.0154592255
1281 5002 525600.596321325 4999963.412948694
732 2135 514621.1231451589 5057304.13689909
3050 793 560978.4433944408 5084144.410729372
3111 3050 562201.7805205187 5039004.219395064
2989 3843 559761.1054270781 5023143.209911504
5185 2623 603681.3909676862 5047544.103431423
1464 5368 529263.437003656 4992643.158896139
915 4392 518278.30756418087 5012162.316048455
1525 1281 530478.7951249469 5074383.835694979
488 122 509741.9205812911 5097564.388967663
1586 2928 531701.826917397 5041444.617388224
2989 1769 559757.8423249421 5064623.521591622
1281 1586 525601.7051869961 5068283.423541528
2867 1952 557318.6560284528 5060964.37111404
2989 1891 559760.9482093989 5062184.311654196
3782 2623 575617.9954998031 5047544.183009549
1159 1403 523162.6432577971 5071944.294093091
4270 3965 585378.8392737595 5020704.415043327
3172 1830 563418.3876685507 5063403.9507834455
3416 976 568302.6412466166 5080484.033488389
1281 1403 525598.0922984541 5071943.602850402
3538 671 570740.5637925521 5086582.77590095
4636 4087 592703.1859808622 5018264.774716872
3538 1403 570740.7130752609 5071944.9874266
5368 732 607342.0435605169 5085363.868952831
3965 1098 579277.8911044727 5078044.645605031
610 2989 512178.16348382755 5040224.537080808
4575 5002 591482.6805501804 4999963.241650918
549 2623 510958.31547110766 5047547.182636461
2867 1098 557321.5377134122 5078046.013047291
4087 2196 581717.8343123288 5056085.067684741
854 1525 517058.665505329 5069506.2139220685
5124 2989 602462.684229405 5040224.536657053
3538 2379 570742.5804919812 5052424.011903886
2684 183 553658.4072098173 5096344.145992524
2989 1708 559758.157341539 5065842.82103117
3965 2257 579282.4508205873 5054862.995548539
3355 1769 567078.45725002 5064622.634944485
4270 1708 585380.798028514 5065844.4000804005
4636 122 592697.8490118745 5097564.310465514
1281 122 525602.0088704535 5097564.296682371
2196 2562 543898.3649947599 5048762.032882247
1891 2806 537801.2928174548 5043887.387545883
4697 732 593923.7156297883 5085364.50089115
488 2074 509736.8412721973 5058525.408688515
1891 3477 537799.0190814845 5030462.559185362
4270 1220 585382.4003751567 5075603.666017676
3782 4636 575623.0632912572 5007284.62647035
1830 2013 536583.6042156036 5059744.540069767
854 5185 517061.7861142007 4996304.125710353
2135 1403 542679.0263643968 5071945.905859711
1647 4697 532921.5262061739 5006064.33110811
305 2867 506081.3985149529 5042662.062721437
671 3294 513403.22098800517 5034124.678120305
4087 4941 581721.807913674 5001184.502844915
1891 2379 537802.3265135394 5052424.880213346
671 1281 513401.5589999632 5074383.987512078
610 1891 512181.24865724775 5062185.228077638
366 2806 507297.4800128409 5043883.818438531
5429 1464 608562.1130510354 5070723.793405174
3538 1281 570741.36034271 5074382.076373012
1220 3599 524382.7091916585 5028022.9048381355
4880 2928 597581.5199496477 5041446.512706816
2501 2501 549997.6174079811 5049984.377243606
4880 5063 597582.103668169 4998743.303034358
793 122 515841.2957609343 5097566.500596803
2623 5368 552437.7519920468 4992644.876516452
549 1342 510962.53751941223 5073164.849654782
4636 5246 592701.6567822846 4995082.3424330335
2623 5185 552443.3565207622 4996304.31725829
4880 2867 597581.425484647 5042668.146507537
3782 549 575618.987151707 5089023.675100691
3965 1281 579283.6318527809 5074385.758046849
1525 1403 530482.7744332288 5071944.6484587025
5063 1952 601238.8818134764 5060966.61424665
1159 2013 523161.53877788543 5059747.058724123
427 3355 508517.1574878229 5032904.227926037
4270 4636 585382.4010450917 5007286.168971724
549 2135 510956.9998030185 5057302.776986712
3782 1281 575621.0634009258 5074382.066526685
610 4453 512177.7122847965 5010942.374502959
5185 2867 603681.2544224695 5042666.754960791
4026 610 580499.7391219798 5087804.04026553
1281 4697 525597.5307336177 5006066.665287199
2745 1586 554882.421637774 5068285.351805894
1586 1708 531697.2607056224 5065843.871813946
5246 1159 604901.8096660823 5076823.027176977
4941 2135 598798.7617948962 5057304.516140605
4514 4697 590262.3958424048 5006065.092178632
3660 732 573180.7611622784 5085364.274306559
5246 2074 604900.6911896912 5058525.075790239
1403 1952 528043.2448611448 5060963.238273539
4636 427 592698.623231099 5091464.69799301
4392 2013 587821.8886964263 5059744.711395002
2867 1342 557322.0897023734 5073164.403383517
2257 1098 545118.6266300514 5078044.427784023
4026 1159 580500.6310211248 5076824.383885357
4148 5307 582942.6637691216 4993863.850932906
1159 3599 523162.1170202841 5028024.724996128
3355 3050 567082.964036565 5039003.658447068
2196 3477 543900.1315519293 5030464.530247217
3904 2196 578060.774767139 5056082.5415778635
4453 2501 589042.2577940319 5049986.227107349
1769 1647 535357.6940413149 5067062.434570773
732 2745 514622.221453536 5045102.643922534
4270 2867 585383.3077457303 5042663.381796375
2013 2928 540240.1061523362 5041444.496343269
3538 1769 570741.1463606545 5064626.309496753
305 2135 506082.4252110165 5057304.873136449
3721 4148 574401.2364150945 5017047.521244921
1952 3538 539022.6397371432 5029244.672031333
671 3782 513397.8072421753 5024364.2245145
4331 183 586601.4079321146 5096346.983190429
183 2257 503641.9428029475 5054866.246472601
1647 366 532921.5759799033 5092686.056165624
1952 3965 539021.7980902451 5020701.617516497
793 1952 515841.62411781604 5060964.015954916
3660 2440 573182.4471866643 5051203.931225396
3538 4026 570741.8594350673 5019484.069401113
5307 5368 606119.2554984032 4992644.4425857505
4819 2074 596362.4941081675 5058524.577704928
5124 1281 602460.9410514408 5074383.51770869
1708 2440 534139.0315729601 5051203.624715702
1098 2684 521940.50178050087 5046327.623868005
2074 1647 541458.042119469 5067064.371285614
244 122 504861.60724676144 5097565.921495469
1586 5002 531697.5325176639 4999962.744868199
5307 1647 606123.0742242698 5067064.45058888
488 2623 509739.4339245548 5047544.431764004
2623 2684 552442.706228829 5046323.900015589
4148 1098 582941.368789522 5078047.328238911
2440 2501 548783.3908552376 5049984.549849292
3416 854 568301.3833079996 5082924.2745062625
1037 3294 520719.5569479899 5034125.302057287
4758 3050 595141.5333518279 5039004.893030876
2440 3355 548780.8866749946 5032903.84184757
4392 2379 587823.1159197397 5052424.949859295
1647 1342 532923.2236688687 5073163.95901334
671 366 513398.1794194473 5092683.732898414
3843 4819 576844.4102795445 5003623.506432139
610 5246 512183.2006909266 4995085.902495742
3721 1830 574400.6095681146 5063404.407910166
1586 1952 531701.8165292433 5060966.010577393
3416 2257 568301.8932248905 5054862.9033174785
4636 854 592702.1424252288 5082923.429807874
244 2562 504863.0282567923 5048764.589465778
549 1708 510958.4639726289 5065846.447802878
2501 3111 549998.6199315643 5037783.5510236565
366 1952 507299.0603506859 5060965.088192037
3477 2440 569517.7638523178 5051203.253927622
3477 366 569521.8066803517 5092684.9297798155
732 3111 514622.5847237369 5037783.486096234
5063 3172 601242.5257136967 5036565.73746842
4575 2074 591481.3858113169 5058523.883326574
1891 4148 537803.3511507586 5017043.23405758
3294 4514 565862.4367062901 5009720.906607832
2501 183 549997.9487957016 5096343.846960585
4026 732 580502.5054306288 5085364.407745236
1647 1525 532922.9675390015 5069502.549521998
5185 244 603678.3805614971 5095123.77290226
61 4331 501199.4659301519 5013383.97814041
4026 4880 580502.162962801 5002404.868427301
2745 1769 554882.2613212904 5064626.702086647
3294 4941 565862.0401666783 5001182.2641486665
61 1464 501198.844138813 5070724.343618304
854 183 517062.6638017921 5096345.827917166
2928 2379 558542.9470730892 5052427.956417801
1647 2318 532918.4395814608 5053644.632143561
4819 427 596358.0242911335 5091464.326532444
732 1464 514621.9406432229 5070724.695795571
1769 305 535362.8875407237 5093904.1365177715
3721 2989 574400.71427318 5040223.924477286
1281 3050 525597.8816371463 5039002.968705667
1769 3294 535361.8126070147 5034121.179096668
671 5307 513402.16811441013 4993864.1933689285
4697 3721 593923.1084893511 5025584.544939469
3599 915 571961.6526002325 5081706.365489667
1952 3294 539022.9129605861 5034122.9739716165
2623 122 552437.5741458791 5097563.879128828
1891 4941 537802.7929786765 5001183.60688736
4819 3294 596361.196422236 5034123.576065953
1952 183 539022.0170549919 5096346.374850161
5124 4392 602462.4063327136 5012165.41946582
1952 2684 539022.3150868373 5046324.492265704
183 366 503641.5366455263 5092687.142290378
183 2806 503640.8807145722 5043880.701962609
1403 1830 528038.7097974186 5063404.680189393
4880 4209 597580.319998472 5015824.403842769
854 4697 517056.7691467 5006064.663905543
549 2440 510958.1028068787 5051203.296764732
4575 2196 591482.2914375621 5056084.695011249
1769 5368 535361.3061172846 4992643.914945981
2257 2074 545121.3350969532 5058524.563321058
1342 2928 526818.6882010492 5041443.140706871
5368 2623 607341.8998062583 5047543.750582143
1464 4819 529262.0818254191 5003624.610783435
1342 3294 526817.6928635421 5034123.957745491
1342 2745 526817.256393736 5045104.02588982
488 2501 509742.3478316766 5049985.318533644
4636 2745 592702.6629908667 5045104.775437355
4087 2989 581723.2278170378 5040224.708724144
4331 2135 586602.2160746157 5057306.514877379
5063 1830 601238.9529742154 5063404.873854237
3965 671 579282.5698758955 5086584.067931063
793 4392 515840.9639710889 5012164.436990527
2623 1037 552442.788344582 5079266.342271401
4148 4819 582941.2522239382 5003623.519385665
