5246 1098 752418.4868366088 4989058.572681845
5490 1220 754857.4710805733 4987842.5364064425
4758 1342 747539.7286585713 4986618.912580784
5368 1708 753638.2153207852 4982958.230541486
6344 1708 763398.1487592638 4982957.860900573
6466 1708 764618.0455024878 4982961.556576207
5124 1830 751200.0808562387 4981738.472173003
6222 1830 762179.038600229 4981738.100480902
5246 1952 752418.6180206342 4980519.290782464
6344 1952 763398.3740335808 4980518.978753584
6710 1952 767057.7125263176 4980517.34362397
4880 2074 748760.8283334703 4979298.710084531
5856 2074 758517.7441717336 4979297.806736607
6466 2074 764617.7496908064 4979299.375070293
6710 2074 767059.2020403178 4979298.561139059
5124 2196 751198.4934808416 4978078.497429659
4636 2318 746323.2447812352 4976861.558511358
5368 2318 753637.815221 4976862.88109915
5612 2318 756078.4771358959 4976858.442884855
5734 2318 757298.6812949984 4976858.035906906
6344 2318 763397.3484250259 4976858.976847886
6466 2318 764618.6435063719 4976858.294015551
6588 2318 765837.1570212095 4976862.516212043
5002 2440 749981.0914002549 4975638.260339602
6100 2440 760957.7676999257 4975637.2864665445
6222 2440 762177.2254782491 4975638.937180801
6588 2440 765837.0381030438 4975638.248442234
6832 2440 768277.999125905 4975636.365522309
7320 2440 773157.2802091554 4975638.857944675
4636 2562 746316.3603116511 4974420.733751206
6222 2562 762177.9086571725 4974419.395395398
6344 2562 763397.742573775 4974417.55244806
7320 2562 773159.1134211281 4974418.297356622
5612 2684 756077.5804191703 4973197.119592584
5734 2684 757298.0786201707 4973197.871147699
5856 2684 758517.5742499386 4973197.009836569
4636 2806 746318.3906030431 4971977.250800603
4880 2806 748759.0364503303 4971978.407244957
5490 2806 754859.0776403383 4971978.342160364
5612 2806 756078.4757036982 4971976.695133314
4636 2928 746321.6424831783 4970761.703378577
5246 2928 752420.859763875 4970757.488821603
5612 2928 756081.7097953666 4970758.175772206
6832 2928 768276.6897367443 4970761.926722934
5002 3050 749979.3346253132 4969538.047459038
5246 3050 752419.8180913732 4969539.816847698
5856 3050 758518.5934121141 4969541.1196662225
4392 3172 743882.6876200435 4968321.000029658
4514 3172 745101.8822709008 4968321.806562986
4636 3172 746319.0001919821 4968317.824125856
5734 3172 757297.9245803918 4968317.934202651
6588 3172 765837.1340987759 4968320.616705674
4392 3294 743882.2188511504 4967098.79742256
4880 3294 748760.6210309585 4967099.314148665
5246 3294 752417.9835611403 4967097.938433694
5490 3294 754858.5843451696 4967097.740780786
5612 3294 756083.5442771578 4967102.005642743
6832 3294 768278.2502977734 4967101.810080276
4758 3416 747537.1838772136 4965881.209244075
5490 3416 754859.2557065717 4965880.72956752
4392 3538 743881.8367724451 4964658.662415803
4758 3538 747538.7433524334 4964657.855522233
5124 3538 751199.116983947 4964658.55951469
4880 3660 748760.710685967 4963438.904314631
5124 3660 751201.477161756 4963441.045369833
5246 3660 752419.24702084 4963440.15315423
4636 3782 746321.1302496083 4962218.224618058
5124 3782 751196.8940541758 4962217.735273051
5368 3782 753641.1258457229 4962219.485600442
5124 3904 751202.5341221539 4960997.763723577
5490 3904 754860.7061050069 4961000.893808189
4392 4026 743878.1984259423 4959781.266767008
5368 4026 753638.7760393046 4959778.427410126
4758 4148 747539.1192821024 4958559.684163194
5124 4148 751198.95706075 4958561.889810073
4148 4270 741441.1721834044 4957337.219292393
4392 4270 743878.4973626097 4957340.786379055
5124 4270 751197.7049847976 4957337.815455267
5246 4270 752421.0901986609 4957337.744384208
4880 4392 748757.667131203 4956117.13934879
5246 4392 752418.321676149 4956118.677585206
5368 4392 753638.0787073241 4956117.8599018315
5124 4514 751198.3126276989 4954898.646008792
5246 4514 752421.6760222482 4954898.805073229
5612 4514 756078.6868478502 4954897.978648689
4758 4636 747538.2777201094 4953678.581203486
5002 4636 749978.737292817 4953680.895275071
5246 4636 752418.1894591661 4953677.6919563785
5490 4636 754856.7882370317 4953683.276462573
4148 4758 741442.2040094764 4952457.852180735
4270 4758 742663.1683214371 4952462.255884174
4392 4758 743878.9048738058 4952457.803996354
4514 4758 745098.0302524563 4952461.545309505
4636 4758 746322.4321593463 4952461.160723812
4270 4880 742660.2568507347 4951238.252805829
5002 4880 749977.7803363433 4951237.674692797
5124 4880 751197.5125384157 4951237.726269754
4270 5002 742662.2148260702 4950017.3909985125
4880 5002 748759.6382436046 4950017.5828846
5002 5002 749977.49379809 4950018.415525945
4026 5124 740222.7316372704 4948797.689083562
4392 5124 743877.0421514986 4948796.087174994
5002 5124 749981.9182632831 4948799.026456242
4392 5246 743877.3597271339 4947583.519778595
4270 5368 742658.4368361154 4946357.936543536
4636 5368 746322.3489073945 4946357.246477195
4026 5490 740218.1355406898 4945142.522813301
4148 5490 741438.7904441702 4945141.625193996
4514 5490 745098.5190079586 4945137.058564417
4026 5612 740222.1336531983 4943917.924447057
5978 5612 759737.3109252459 4943918.100653454
3904 5734 738999.5017748276 4942697.955346701
4148 5734 741437.9673142144 4942697.169017694
4514 5734 745097.3985324688 4942698.864869242
4636 5734 746322.2694312304 4942698.057456973
5734 5734 757297.937850419 4942697.925888409
5856 5734 758522.0963168778 4942697.872290517
5978 5734 759737.6699171483 4942698.764934507
5734 5856 757303.5220768112 4941478.794360062
4148 5978 741441.5158914214 4940258.58324322
5490 5978 754860.0035773951 4940259.99610483
5612 5978 756076.6182544775 4940257.343846771
3782 6100 737782.958342821 4939036.600937476
4026 6100 740218.4884946113 4939040.427027162
4392 6100 743878.9124033732 4939038.005534211
5612 6100 756077.0316373181 4939041.066240189
3782 6222 737779.2955364835 4937818.603331117
5490 6222 754861.6224854724 4937819.248676448
5734 6222 757299.7497574217 4937816.876064177
5978 6222 759737.3232280553 4937817.740198224
3782 6344 737779.1560877804 4936601.459676719
5246 6344 752417.509149243 4936598.505951065
5734 6344 757297.5760751357 4936597.079028798
5978 6344 759738.0732187912 4936598.654477046
4148 6466 741441.404866675 4935377.030455746
4270 6466 742658.8804395822 4935377.770097242
4392 6466 743878.8575333641 4935378.705437944
4758 6466 747540.7419030376 4935378.17128811
5246 6466 752418.7815872111 4935380.746753839
4026 6588 740218.3689821315 4934158.892238333
4392 6588 743877.4241228377 4934160.279084289
4514 6588 745099.7922547831 4934158.160547225
4148 6710 741438.9643940207 4932938.157373861
4636 6710 746317.4876158051 4932943.126241121
5856 6710 758518.0588882506 4932937.619649481
3660 6832 736559.0452552164 4931717.283339155
4026 6832 740217.9327205674 4931718.020504986
4148 6832 741438.7391995136 4931719.1498084245
5002 6832 749978.8534186353 4931717.107544796
5246 6832 752417.2326635425 4931717.585156424
5612 6832 756077.6049452388 4931716.858165875
5734 6832 757297.6705962752 4931717.342836505
3660 6954 736558.2046218402 4930498.10992742
3782 6954 737778.9810441057 4930498.867148972
4270 6954 742658.2073310531 4930498.805627101
4514 6954 745098.9239564986 4930497.909407995
4758 6954 747536.5376389889 4930497.853675931
5368 6954 753638.9110484332 4930499.230073776
6100 6954 760958.6237485943 4930500.010564775
3782 7076 737781.4196620466 4929277.262157167
4148 7076 741437.8395981523 4929277.430039472
4270 7076 742657.4965566172 4929278.15517568
4392 7076 743878.043699768 4929281.551319992
4514 7076 745096.6715090768 4929276.889254127
4758 7076 747539.13020015 4929278.220511617
5002 7076 749980.2907493344 4929278.131698528
5368 7076 753637.4711411459 4929278.531315763
5490 7076 754856.8485922329 4929277.387209911
3660 7198 736557.5643007536 4928058.391597711
4026 7198 740221.3409654502 4928058.224431345
4148 7198 741437.2054872997 4928061.774915035
4270 7198 742657.8510246028 4928058.072026832
4392 7198 743880.5667585523 4928057.852341345
3660 7320 736560.4119309352 4926838.863283869
3782 7320 737777.7493291483 4926838.2845188575
3904 7320 738997.6211041665 4926838.798895995
4514 7320 745098.5178861243 4926836.650228503
4880 7320 748757.8221369499 4926837.829491202
5246 7320 752417.1628292457 4926838.247612876
6100 7320 760957.8953618489 4926837.819104428
4026 7442 740216.0207669325 4925620.964137427
4514 7442 745098.9304693874 4925618.56642638
4636 7442 746318.446651946 4925617.478165269
4880 7442 748757.9909982242 4925618.430149248
5124 7442 751197.161001056 4925622.329646507
5978 7442 759736.9480477195 4925617.947487624
4026 7564 740216.9414474965 4924397.497517227
4148 7564 741436.9434685721 4924398.283170749
4758 7564 747537.4250971265 4924397.878479834
5002 7564 749978.3204211622 4924397.605560899
5246 7564 752418.906191367 4924400.905939129
5856 7564 758517.5744570704 4924398.268332531
5978 7564 759738.2428605555 4924397.414342476
4148 7686 741438.234703628 4923178.699149135
4270 7686 742657.519860585 4923178.025030105
4392 7686 743879.3150402935 4923177.615265944
4636 7686 746318.5569930483 4923178.464819677
5490 7686 754857.4894595772 4923177.181305033
5978 7686 759737.9748214664 4923182.400537261
4392 7808 743877.6576648896 4921958.047648447
4514 7808 745098.9300459423 4921957.8475275785
4636 7808 746316.6771114466 4921957.537272133
4880 7808 748761.6033508943 4921959.407501908
5124 7808 751198.1040562021 4921960.41549766
5246 7808 752417.6633970514 4921957.356421878
5368 7808 753639.4238664366 4921957.972047584
5734 7808 757297.2455937759 4921959.008161618
5978 7808 759736.0207272815 4921961.540492306
6222 7808 762180.4444864837 4921959.224043576
3416 7930 734121.6172338265 4920737.205544889
4270 7930 742662.2782623128 4920739.316576733
5124 7930 751197.0487753885 4920741.500252136
5368 7930 753637.9147683413 4920737.909366881
5978 7930 759737.1406392778 4920737.969783524
3538 8052 735341.7838633851 4919517.444333626
3660 8052 736558.1084091276 4919517.445943157
4026 8052 740220.1660449888 4919520.1518380875
4148 8052 741437.3769477321 4919517.4871791
4392 8052 743877.7828313125 4919518.001090557
4514 8052 745098.0800795854 4919518.48029443
4636 8052 746318.2599162324 4919519.024590976
4758 8052 747536.4520146841 4919518.183455856
5246 8052 752417.2558105577 4919518.8010041
5490 8052 754858.0707292497 4919517.9881952675
5612 8052 756081.281078319 4919514.42896899
6344 8052 763395.3356011244 4919516.898448301
4270 8174 742661.1693650184 4918298.125904964
4514 8174 745098.3990032482 4918301.559416007
4636 8174 746317.8902255597 4918296.754977285
4758 8174 747537.9190888135 4918298.613887441
4880 8174 748758.1998247305 4918297.323854914
5124 8174 751197.3463426225 4918301.444953062
5246 8174 752418.3652910384 4918298.903653901
6466 8174 764617.718880562 4918298.063821007
3416 8296 734118.6291010932 4917078.679342001
3904 8296 739001.3010173468 4917078.404793883
4270 8296 742660.2340614133 4917077.092585433
4392 8296 743882.1070840925 4917081.226491487
4514 8296 745098.2269347985 4917077.484215079
4636 8296 746318.7022254657 4917080.804092826
4880 8296 748758.2881505808 4917077.61627511
5002 8296 749976.8757881238 4917078.257391275
5368 8296 753637.3840590093 4917078.15777189
5856 8296 758517.5508345509 4917077.9873249745
5978 8296 759737.0124762749 4917076.9329865305
6100 8296 760957.5242642376 4917077.7480296185
3904 8418 739002.0597935293 4915858.300076782
4270 8418 742657.4614714651 4915857.920144642
5246 8418 752416.9449123858 4915856.599129032
5368 8418 753638.8701839843 4915856.062812533
5490 8418 754857.9444068056 4915857.343490202
5612 8418 756077.8550169605 4915858.273296023
5978 8418 759739.9319819752 4915859.920763941
6100 8418 760958.3524103384 4915856.630180078
6344 8418 763397.3238411332 4915857.982721754
6466 8418 764617.9239725694 4915858.013962257
3294 8540 732901.4348942561 4914637.846668478
3416 8540 734122.1011550229 4914638.4906794
3782 8540 737778.762063989 4914638.030966497
3904 8540 739001.7039653704 4914637.789764293
4270 8540 742658.9835575565 4914637.942348614
4392 8540 743877.7680654967 4914638.348674996
4514 8540 745102.4744146707 4914638.155878398
5124 8540 751197.7543517471 4914639.006784923
5246 8540 752419.8538695974 4914639.84868324
5490 8540 754858.2938811048 4914639.603150325
5612 8540 756076.1784314384 4914638.010654896
5856 8540 758517.9636913434 4914637.022800639
4270 8662 742658.0958183107 4913415.972662206
4636 8662 746318.6291818081 4913418.083728755
4880 8662 748757.7555217684 4913420.939527224
5246 8662 752418.0884191351 4913417.527103226
5612 8662 756078.5233959393 4913419.442371203
6344 8662 763398.9034522601 4913416.738980697
6588 8662 765838.6589668997 4913420.7064396255
4026 8784 740218.287306057 4912198.43121045
4148 8784 741442.1884846839 4912196.95403207
4392 8784 743878.6532201079 4912197.256707697
4514 8784 745098.1911963365 4912197.176899931
4880 8784 748759.5032440253 4912201.025570768
5002 8784 749977.765916958 4912198.473387351
5124 8784 751197.4697845946 4912201.417060707
5368 8784 753637.0312475222 4912198.01915021
6100 8784 760962.3888174292 4912198.1788649345
6466 8784 764618.8605604401 4912198.1859645
6588 8784 765841.8834975509 4912195.733703591
3416 8906 734117.7591956231 4910977.335984496
3904 8906 738998.749528103 4910977.076602728
4026 8906 740221.4650030897 4910977.424051514
4392 8906 743876.8345470817 4910978.26056357
4636 8906 746318.0624351448 4910979.24584626
6466 8906 764618.2458871219 4910976.050879396
4026 9028 740218.416413938 4909759.567809406
4270 9028 742660.5718277246 4909761.570377118
4636 9028 746318.1488615792 4909756.953237012
5612 9028 756077.6411117981 4909758.074254063
6344 9028 763396.6352753328 4909758.331547211
6466 9028 764618.3316993057 4909758.131418377
6588 9028 765836.8304244205 4909757.528319011
3660 9150 736557.8158134 4908541.8473035125
3904 9150 738997.8890745925 4908538.245425699
5002 9150 749978.6086833132 4908537.644571899
5124 9150 751198.30587053 4908538.0515602715
6588 9150 765838.2488413607 4908537.717954433
6710 9150 767062.3988765421 4908538.402646903
3904 9272 739000.582601021 4907317.443600032
5002 9272 749977.926477786 4907320.358262028
5734 9272 757298.3517183225 4907317.969622637
5856 9272 758522.0821209875 4907317.013971625
5978 9272 759738.8496212356 4907319.194391568
6100 9272 760957.5683780692 4907319.227703051
6222 9272 762181.855100298 4907318.514429497
6588 9272 765838.6213418146 4907318.298969214
3172 9394 731679.0428748716 4906097.872451098
3904 9394 738997.7250726088 4906097.387670566
4148 9394 741438.939428114 4906098.252279517
4514 9394 745097.0463160366 4906099.1454393435
4758 9394 747538.1942979102 4906097.65537277
5124 9394 751197.0640762738 4906099.164692855
3294 9516 732897.9881956761 4904878.813290122
4026 9516 740219.0230986074 4904878.134806765
4514 9516 745098.9651351332 4904878.023011855
4636 9516 746322.715043629 4904877.045768102
5124 9516 751199.0817049433 4904881.318447406
5246 9516 752417.965280327 4904878.143446879
5368 9516 753637.107478464 4904878.73265966
5490 9516 754857.4542010891 4904879.306672887
5612 9516 756080.2088659903 4904879.7465205
5978 9516 759738.0732963986 4904877.808511631
6100 9516 760958.8003742603 4904878.370302598
6222 9516 762177.7192737138 4904878.539524382
3294 9638 732899.2262759794 4903658.0760723185
4148 9638 741438.525830358 4903658.083683799
4514 9638 745099.404267792 4903658.445779554
5368 9638 753640.2303514073 4903659.770833826
5490 9638 754858.1455159744 4903658.1635927
5978 9638 759738.4222676614 4903660.69977185
3172 9760 731681.6704429535 4902437.132794314
3416 9760 734118.9519260582 4902438.383246573
4880 9760 748758.0486203674 4902438.295630656
5124 9760 751198.5341091019 4902438.4734432055
6100 9760 760957.7894997379 4902438.000430521
3172 9882 731678.7048932422 4901217.3178556785
4026 9882 740218.002064091 4901217.2867192635
4636 9882 746317.8311530616 4901218.191547178
5368 9882 753638.0470294377 4901218.461234066
5612 9882 756078.2544474348 4901218.278508431
5734 9882 757298.2113548197 4901217.96653453
5978 9882 759737.8360941446 4901217.7989771925
6100 9882 760958.0517863317 4901219.012663943
6466 9882 764617.8650730596 4901219.710021142
3050 10004 730461.5966028414 4899997.442200011
3416 10004 734121.754749311 4899997.086077017
3538 10004 735340.3773702158 4899997.073206076
3660 10004 736561.4651717312 4899996.079939312
4026 10004 740218.5829978985 4899998.463118558
4514 10004 745099.2258909408 4899998.391869884
4880 10004 748757.5632710956 4899997.709156307
5002 10004 749978.2034770348 4899997.307989283
5490 10004 754857.1493328811 4899997.559818313
5612 10004 756077.0624066262 4899998.7125057215
6100 10004 760957.8478452633 4899998.214212817
6344 10004 763397.4784743509 4899997.996934191
6588 10004 765837.9295382755 4899999.4306572545
6710 10004 767061.0740156177 4899997.693340641
6832 10004 768278.7460122001 4899999.39489665
3050 10126 730458.3471037073 4898778.309167646
3172 10126 731677.9864788131 4898777.477083733
3294 10126 732901.9832828633 4898776.0375908
3416 10126 734119.7630603021 4898778.117866775
3538 10126 735338.437721136 4898777.63603589
3904 10126 738999.9246386441 4898779.935086761
4270 10126 742658.3142177782 4898778.189849972
4392 10126 743877.4829149164 4898776.656140489
4758 10126 747538.7778383433 4898778.7277290765
5002 10126 749978.8050808737 4898777.777655043
5124 10126 751197.9038154514 4898780.899319706
6344 10126 763398.3163143268 4898778.750795867
6466 10126 764618.047282072 4898778.864305413
6710 10126 767058.8334375368 4898777.966664027
6832 10126 768278.6174544215 4898779.0358273275
7076 10126 770719.4168151285 4898779.475466704
3050 10248 730458.9902438865 4897558.042139962
3172 10248 731678.5761986843 4897557.317677048
3416 10248 734120.753647603 4897558.7932798825
3782 10248 737778.584399786 4897557.345499157
4392 10248 743877.527794861 4897557.435579492
4636 10248 746317.136795091 4897557.799817465
5124 10248 751197.9646432976 4897558.615525287
5490 10248 754858.498684926 4897558.573830952
5856 10248 758518.3351067104 4897557.29523339
6100 10248 760958.2445958448 4897558.34061292
6954 10248 769497.6615321939 4897558.695687227
7076 10248 770718.7008409192 4897559.196041313
3172 10370 731678.4817000993 4896337.221198045
3294 10370 732898.4476447696 4896338.4298992995
3538 10370 735338.1944385136 4896338.019133335
4880 10370 748758.1562359749 4896337.709673464
5002 10370 749978.5057685642 4896337.946371568
5490 10370 754857.3133506664 4896338.392826658
5612 10370 756077.9625721625 4896337.523157832
5734 10370 757300.2752314019 4896339.661532085
5856 10370 758518.8663475281 4896338.982667359
6710 10370 767058.03811902 4896338.690242881
6954 10370 769497.8025199886 4896339.276420404
7076 10370 770717.9195042313 4896337.443017371
7320 10370 773158.3208859024 4896337.307029867
3294 10492 732901.8020632406 4895118.238525783
3416 10492 734118.9324727823 4895117.665235741
3782 10492 737778.3638582336 4895118.232305823
4270 10492 742657.114795875 4895119.055689243
4392 10492 743877.8939665623 4895116.773011757
4514 10492 745101.9974776757 4895117.297065667
7076 10492 770717.8081730212 4895118.314723793
7198 10492 771938.2043967211 4895117.809972338
2928 10614 729241.6086514583 4893897.299664818
3050 10614 730462.2493832884 4893896.172465728
3538 10614 735338.0342933908 4893897.275298766
4270 10614 742658.5498323356 4893897.219685503
4514 10614 745097.6145424824 4893896.664786604
5002 10614 749979.0624841078 4893896.938380928
5246 10614 752417.5640709382 4893897.505228858
6588 10614 765840.8628161934 4893898.347152732
4026 10736 740221.1000041337 4892678.118472082
4148 10736 741440.9773319919 4892675.980989276
4392 10736 743877.9068428697 4892677.470763998
4514 10736 745098.0376212166 4892677.443510858
4758 10736 747538.8638789597 4892678.325815265
4880 10736 748758.8660377318 4892675.999554012
5002 10736 749977.766802261 4892677.143201017
5124 10736 751197.7610869636 4892676.897227612
5246 10736 752417.0141487716 4892678.527270805
5490 10736 754858.1242729404 4892677.356812099
5734 10736 757298.7504977894 4892676.7195495935
6100 10736 760958.4278062152 4892677.369769896
6832 10736 768277.2476562402 4892677.778130363
7198 10736 771937.6319626999 4892678.28548491
7808 10736 778037.291729323 4892676.762500522
2928 10858 729238.9055962652 4891458.110900777
3050 10858 730458.4173852961 4891457.688212805
3172 10858 731677.9891169493 4891456.53826769
3294 10858 732901.6200048471 4891457.928593543
3416 10858 734120.5906451498 4891457.110885765
3660 10858 736561.9547534874 4891456.708138306
3782 10858 737780.3694816091 4891456.779849744
3904 10858 738998.0122810877 4891457.228898524
4270 10858 742657.3465324074 4891457.015059629
4758 10858 747537.7749112069 4891457.511207869
4880 10858 748758.170440771 4891455.923235506
5002 10858 749980.6256370634 4891456.580308271
5124 10858 751198.1056130527 4891457.719569699
5246 10858 752417.575827828 4891456.463841289
5490 10858 754859.4037627719 4891458.440628133
5734 10858 757298.2738778507 4891458.951316451
6100 10858 760958.1236841227 4891459.790386654
6588 10858 765837.3236339701 4891458.664694511
7198 10858 771938.2572964435 4891459.047752614
5856 10980 758516.8293003715 4890237.962685874
