2074 8784 720698.9209223546 4512181.296573632
1708 8906 717038.5416602123 4510961.311861555
1708 9028 717038.2472768818 4509741.4872936895
1586 9150 715821.4003364436 4508520.539479885
1708 9150 717038.632311215 4508521.803889529
3050 9150 730458.9456229213 4508522.513543411
3172 9150 731679.7084075687 4508521.753359722
3660 9150 736558.4085056172 4508522.23237485
1830 9272 718259.1599748696 4507301.127798507
3050 9272 730460.8796626993 4507301.215470663
3172 9272 731681.7258404425 4507302.294018467
3416 9272 734117.7212819189 4507302.355513569
3660 9272 736558.5789048626 4507302.973672289
4270 9272 742658.7272878189 4507301.274564503
4514 9272 745099.4047989621 4507301.015423519
1830 9394 718261.1248475331 4506080.854066521
1952 9394 719479.4495285887 4506081.318044122
2196 9394 721918.4618718599 4506081.466764213
2318 9394 723137.7999911351 4506081.298505724
2562 9394 725578.4837043273 4506080.7723713955
2684 9394 726799.1934028874 4506081.346670567
2806 9394 728020.3288772465 4506080.525623375
4270 9394 742657.4103656188 4506081.8351951
4392 9394 743880.1384775434 4506080.712242254
2074 9516 720700.7764280557 4504860.641897834
2196 9516 721920.4201687947 4504860.413749666
2562 9516 725579.1255017949 4504858.858859114
2684 9516 726798.4715539719 4504860.760377248
3294 9516 732901.0991975813 4504859.119705868
3660 9516 736560.5775804544 4504860.602529349
5002 9516 749978.5369111723 4504862.054083786
2196 9638 721921.9378147533 4503641.123470979
2318 9638 723141.9478590497 4503641.455575962
2074 9760 720701.8694085992 4502421.415120426
2440 9760 724361.8770268711 4502421.699120421
2928 9760 729241.0184557847 4502421.115000572
4026 9760 740217.6672023305 4502420.457321189
5124 9760 751198.1952547565 4502420.560781449
2196 9882 721919.5848138742 4501201.765941627
2318 9882 723139.6188308636 4501201.911132338
2440 9882 724360.8938027384 4501201.582594487
4758 9882 747537.9972529728 4501200.836886686
5368 9882 753638.0141091914 4501201.004351808
2196 10004 721918.7611927566 4499981.232568937
4270 10004 742660.5835052208 4499981.887700279
4880 10004 748760.6028618788 4499981.790853907
2196 10126 721919.641567057 4498760.577740702
5490 10126 754860.9507711456 4498761.170406794
5612 10126 756077.8926808152 4498761.304359674
5490 10248 754858.010038579 4497541.182083026
5612 10248 756078.6225085609 4497541.428274897
5124 10370 751197.3638221672 4496321.5703755235
