2501 3050 350017.68621939153 5139026.714584378
2440 3111 348801.7825213569 5137803.635559514
2745 3111 354896.66757541796 5137804.150453963
3355 3477 367100.99621969054 5130484.795092642
1464 3599 329280.7827420069 5128043.082086426
2196 3660 343922.41706437315 5126816.767705188
3172 3660 363441.70900689677 5126827.290527989
2318 3721 346361.67569408927 5125605.8860236695
2440 3721 348802.64716496627 5125607.233598274
3233 3721 364657.10905088985 5125604.563559642
3599 3721 371981.3641222377 5125607.181134921
2745 3782 354898.7596437696 5124384.599052952
1464 3904 329276.32761259103 5121944.66484611
1891 3904 337817.2611642773 5121942.464531349
2318 3904 346362.4138559451 5121944.876827116
2379 3904 347577.07034769794 5121944.591646984
2501 3904 350015.66621430183 5121938.868137173
2867 3904 357342.71353105374 5121944.903555371
1769 3965 335377.4518502228 5120724.955292059
2074 3965 341484.0056940628 5120721.417487802
2257 3965 345137.59809751826 5120727.046135481
2623 3965 352458.80787033995 5120726.232123323
2684 3965 353680.3205807099 5120724.806464325
2745 3965 354897.6805699495 5120728.92800298
3294 3965 365883.1697041022 5120724.956754108
3355 3965 367102.8193612383 5120725.261384485
1098 4026 321958.3926142295 5119505.972165618
1708 4026 334161.35702499916 5119507.326431684
2196 4026 343915.63363588403 5119503.203015558
2440 4026 348801.636859869 5119497.081404364
2989 4026 359775.1599950978 5119504.999580119
1647 4087 332942.8928296396 5118284.810653597
1769 4087 335378.5188074555 5118288.070069599
2623 4087 352461.90074431343 5118284.160692419
2745 4087 354901.7870627664 5118285.049233337
1220 4148 324398.5384538502 5117059.23026539
1281 4148 325621.5642837392 5117068.12358788
1952 4148 339042.86544030806 5117068.708475018
2257 4148 345139.5746457894 5117064.975504122
1769 4209 335383.38196897734 5115842.599581475
1891 4209 337822.68041498214 5115844.157247958
1098 4270 321963.7849134024 5114624.13319366
1891 4270 337821.2311851612 5114628.239168646
3050 4270 360998.77401176974 5114626.017519448
1586 4331 331723.0557143604 5113403.7604175145
1708 4331 334162.0258680586 5113409.233960476
1769 4331 335377.73841046914 5113403.204032122
1891 4331 337822.25643148436 5113403.608854527
1952 4331 339042.3425889605 5113402.090136489
793 4392 315862.4329315451 5112184.873037995
1586 4392 331722.31952288287 5112183.968243029
1891 4392 337822.45997675444 5112182.868824999
1952 4392 339043.26570098934 5112183.344036214
2013 4392 340258.41569315706 5112183.297644754
2745 4392 354903.17108599725 5112183.804024205
2806 4392 356121.59744383657 5112182.671637041
2928 4392 358557.5373095387 5112178.421223534
3355 4392 367101.41614264034 5112183.852734603
3477 4392 369542.8299384704 5112183.343138879
3599 4392 371982.4470341058 5112187.8291947795
854 4453 317078.54756411805 5110956.965521584
1342 4453 326837.7532910717 5110964.0103958035
1403 4453 328061.7234903606 5110962.727419701
1586 4453 331718.33101496944 5110968.236753916
1647 4453 332942.16368561034 5110964.821142446
1952 4453 339038.50056702556 5110964.893971662
2440 4453 348797.74362448667 5110958.393968296
2501 4453 350021.4624706023 5110956.697822847
2684 4453 353678.2526737829 5110962.442512241
2745 4453 354902.11740166217 5110957.437305579
3172 4453 363439.7079080351 5110963.628426811
3416 4453 368322.5376638553 5110964.130541276
732 4514 314642.0271532898 5109747.457839116
1403 4514 328058.7248874046 5109744.8255697545
1525 4514 330501.3516695047 5109743.635219503
1586 4514 331721.6083914037 5109744.30936889
1830 4514 336602.6009415905 5109744.478527039
2074 4514 341483.15234131704 5109743.945257507
3477 4514 369541.9568224035 5109748.635857845
3538 4514 370762.01365531015 5109747.752072921
1098 4575 321957.4444075561 5108524.257665831
1159 4575 323182.70061051525 5108524.281680766
1830 4575 336601.67910494 5108528.901430637
2379 4575 347580.7034687128 5108528.921317458
3111 4575 362224.39313213376 5108526.289327579
3782 4575 375641.66605240264 5108528.74600556
1281 4636 325619.40036519314 5107303.19882357
2074 4636 341481.6092063776 5107308.393694446
3538 4636 370758.28956647124 5107304.858920013
3843 4636 376860.81121182843 5107304.792978486
732 4697 314641.66259617324 5106084.551410002
1220 4697 324399.30186476675 5106087.80205651
1586 4697 331719.5852042271 5106084.170428194
1952 4697 339041.4496115273 5106084.575392123
2501 4697 350021.04548998264 5106087.130572292
3660 4697 373201.9678960453 5106083.715225793
4148 4697 382961.13175425923 5106084.247494115
427 4758 308542.6209731766 5104864.887597156
549 4758 310979.0328238103 5104864.988467411
1647 4758 332940.8473795932 5104864.870644963
1769 4758 335381.2293149396 5104862.9812319735
1830 4758 336602.84969791997 5104862.022779935
2562 4758 351241.1494538964 5104863.759290635
2623 4758 352462.12656689854 5104863.247606486
3050 4758 361004.70031504356 5104864.684207304
488 4819 309759.6968186575 5103641.477724679
1830 4819 336600.8615530844 5103644.128970824
2684 4819 353681.9406009874 5103642.314293089
3111 4819 362222.99104903097 5103647.067888358
3294 4819 365881.77724339924 5103648.731215483
3355 4819 367104.02637458785 5103644.035418237
488 4880 309762.7276338261 5102426.887036303
1342 4880 326839.19534368557 5102428.03864977
1464 4880 329279.0259804441 5102423.171958958
1586 4880 331719.49952352536 5102424.37257791
3416 4880 368323.40623125737 5102422.708976906
3477 4880 369543.092402742 5102424.363539659
3904 4880 378077.383748007 5102424.314756949
1037 4941 320740.73121672374 5101207.06589985
1464 4941 329277.81301165133 5101203.887499829
2806 4941 356122.9102096611 5101207.991693612
3233 4941 364663.90507557744 5101209.315253275
3416 4941 368317.19858462684 5101206.867254509
3782 4941 375641.89601326594 5101208.199652557
3843 4941 376862.25488176727 5101207.771312683
793 5002 315861.5128324342 5099987.596729414
1220 5002 324397.6001633041 5099984.945941892
1281 5002 325621.67005337175 5099987.422604972
1525 5002 330495.51449685165 5099988.859058111
3050 5002 361000.16991815093 5099984.852839108
3111 5002 362221.8872390447 5099988.084444184
3416 5002 368322.17730931385 5099988.958535025
3477 5002 369542.26961508935 5099984.018849246
3721 5002 374421.98619336775 5099987.325070586
3965 5002 379297.79154900636 5099987.267264791
732 5063 314641.9312003085 5098763.064446881
793 5063 315859.37079242396 5098767.867099369
854 5063 317081.6379866548 5098766.6437473595
976 5063 319518.61686379695 5098766.220995281
1037 5063 320740.0483243293 5098770.086633038
1098 5063 321956.8390603868 5098763.980295367
2684 5063 353678.9480554727 5098768.20525337
3111 5063 362223.24359967513 5098764.462958511
3172 5063 363443.2485135819 5098764.812415674
3416 5063 368318.80112992047 5098767.332346885
732 5124 314642.65153771377 5097543.266878603
366 5185 307323.1572895279 5096322.539591513
2989 5185 359781.81601381535 5096324.398964365
366 5246 307317.2699163762 5095104.805365997
3721 5246 374418.71316934755 5095104.865612489
244 5368 304883.5762821135 5092663.516653976
3843 5368 376861.35130025854 5092669.250327594
3965 5429 379298.1003203698 5091444.911863754
