0 1342 399957.63971768494 4686618.361267178
122 1342 401177.5608099935 4686619.165595136
244 1342 402397.74431058904 4686619.28157176
122 1464 401178.71196864435 4685399.06514199
244 1464 402398.7592472919 4685398.461295637
366 1464 403618.12632706034 4685398.159521996
244 1586 402398.61654239305 4684179.014102069
244 1708 402397.95807133865 4682957.517928594
366 1708 403617.88044771075 4682959.416589954
244 1830 402397.6365135919 4681738.556796234
366 1830 403619.70201375615 4681739.578236414
488 1952 404837.27628874814 4680519.342808856
366 2074 403618.36786620785 4679298.725492381
488 2074 404837.41335881554 4679298.944268765
0 2196 399958.63643500215 4678078.402271644
366 2196 403617.09947599913 4678078.353632003
488 2196 404838.18234911177 4678079.150533534
488 2318 404837.4847078398 4676858.5110085355
122 2440 401177.87664392707 4675637.805238508
488 2440 404838.5116030414 4675638.7037452515
122 2562 401177.24412358535 4674418.032680715
488 2562 404838.2819219748 4674418.473323023
610 2562 406058.39998256543 4674418.168698855
122 2684 401178.25254710676 4673198.3071724465
488 2684 404837.4163628879 4673198.328292135
610 2684 406056.8127045125 4673198.29604662
732 2684 407278.0667138144 4673199.003361753
122 2806 401177.8485491901 4671977.964205669
488 2806 404839.495619109 4671981.504454332
732 2806 407277.5271236003 4671978.015098675
854 2806 408497.766708175 4671978.044017385
610 2928 406057.1414248271 4670758.076722669
732 2928 407277.60651275766 4670758.804723824
854 2928 408497.663120686 4670758.224051307
976 2928 409716.8410904664 4670758.776419589
2440 2928 424357.34132648434 4670759.524648639
2562 2928 425577.4344116536 4670758.973272263
122 3050 401178.7417160026 4669538.790383146
610 3050 406058.2007235136 4669538.446357101
732 3050 407278.8135886632 4669538.292807499
854 3050 408499.0104034853 4669539.148834744
976 3050 409718.6622492888 4669538.873475987
1098 3050 410938.4265972957 4669539.515970434
2440 3050 424358.22281726194 4669538.648483552
2562 3050 425578.7579559917 4669538.513144382
0 3172 399958.9389275107 4668318.302781371
122 3172 401178.52239452256 4668318.101345682
854 3172 408496.93056893075 4668318.744130849
976 3172 409717.3900766369 4668317.536510517
1098 3172 410937.9397866745 4668318.396179508
1220 3172 412158.0711488029 4668319.269015644
2318 3172 423137.4179126322 4668317.382831287
0 3294 399957.952189183 4667099.061961618
122 3294 401177.49010767177 4667097.887339029
732 3294 407277.5149407792 4667097.955426096
854 3294 408497.95894070505 4667098.74166589
976 3294 409718.2705764836 4667098.445488679
1220 3294 412158.07325742976 4667100.671185866
1342 3294 413378.2938586052 4667100.573187105
1464 3294 414598.1161097112 4667098.965970582
3050 3294 430458.1319046649 4667099.019475835
0 3416 399958.0686439051 4665879.361036145
122 3416 401178.4944088457 4665879.136300351
488 3416 404837.88456414995 4665878.756441763
610 3416 406056.83245975536 4665878.276083797
732 3416 407277.7654108324 4665878.397829575
976 3416 409717.9002138595 4665879.182363582
1098 3416 410938.07920695626 4665879.068302222
1220 3416 412157.96417427954 4665881.306226133
1708 3416 417038.1113639262 4665878.031707971
2318 3416 423138.07544585026 4665877.878882778
2562 3416 425578.1630778613 4665877.582904428
2684 3416 426797.67981515254 4665878.9823655905
2806 3416 428017.77284921287 4665878.318722109
2928 3416 429237.80636517826 4665878.641801999
0 3538 399958.67977886286 4664658.801370122
122 3538 401178.664491853 4664658.298226377
488 3538 404840.4460877333 4664658.64276282
610 3538 406058.61335256294 4664657.572273842
854 3538 408497.1364127548 4664657.869171593
976 3538 409717.53793254355 4664657.8046881
1098 3538 410937.92938032903 4664658.462027541
1586 3538 415818.1356325494 4664659.088941527
1708 3538 417038.87548781274 4664658.873994771
1830 3538 418258.52596186363 4664658.419937747
2562 3538 425577.76276631566 4664658.215484221
2806 3538 428017.6021862364 4664658.528944588
2928 3538 429237.85650857235 4664658.583651264
3050 3538 430457.21165480674 4664658.848207287
3172 3538 431677.79531103827 4664659.569851004
122 3660 401177.63152335654 4663437.976677256
610 3660 406058.66988465 4663437.600164094
976 3660 409717.9203599331 4663438.238035904
1098 3660 410937.6752312807 4663438.266667099
1342 3660 413377.3655684001 4663440.655708001
1708 3660 417037.89309902576 4663439.178222619
1830 3660 418257.49015903624 4663438.403946272
122 3782 401176.9877524942 4662218.316199196
366 3782 403618.59879113 4662219.231316398
976 3782 409718.26268578455 4662218.390040159
1342 3782 413378.36739068944 4662219.017281785
1708 3782 417038.5668303439 4662219.306586706
1830 3782 418258.00503976725 4662219.39795275
1952 3782 419478.19165387197 4662219.229175356
3294 3782 432897.63495775004 4662218.370043184
1342 3904 413378.3839136903 4660998.910279032
1464 3904 414598.01223623886 4660999.716208117
1952 3904 419477.8777217979 4660998.882906945
2196 3904 421918.45965105295 4660999.189522614
3050 3904 430457.20492559305 4660998.872024193
3172 3904 431677.1128297596 4660998.374105859
3294 3904 432897.3579659163 4660998.770692959
122 4026 401177.3926631529 4659778.430603847
610 4026 406058.5314083421 4659778.512236125
1464 4026 414598.6125659966 4659778.828362255
1586 4026 415818.45535829937 4659778.923210808
2074 4026 420697.2021601979 4659777.960944303
2196 4026 421917.3603007647 4659777.613872788
3050 4026 430458.25481904775 4659778.962327744
3172 4026 431677.9300257731 4659778.94876227
0 4148 399958.79871312 4658560.647749737
122 4148 401178.67771312565 4658558.599812712
854 4148 408498.37990970886 4658557.260158487
1464 4148 414597.8769616371 4658559.2207189575
1586 4148 415818.0153237286 4658559.372826473
1830 4148 418256.9703349065 4658558.6006468665
2074 4148 420697.5836686733 4658556.8801969625
2196 4148 421917.1218155331 4658557.676596198
2928 4148 429238.8479620178 4658559.065279147
3050 4148 430458.5854662898 4658558.317044842
3294 4148 432898.6185080329 4658558.697231682
122 4270 401178.0560695598 4657337.787451024
244 4270 402397.75329416024 4657338.793692784
488 4270 404839.7617224848 4657338.908671106
610 4270 406058.5115664599 4657337.619125562
854 4270 408497.86126584647 4657337.701050466
976 4270 409720.16538751166 4657340.0301279435
1098 4270 410938.14613472065 4657337.9767951965
1342 4270 413378.60249054525 4657338.554770636
1464 4270 414598.3058525479 4657338.980394943
1586 4270 415817.71298305324 4657339.359589433
1708 4270 417038.31098858867 4657339.331660806
1830 4270 418258.4453371017 4657338.98156182
1952 4270 419478.55042338814 4657338.929089348
2074 4270 420698.4872476638 4657338.208751026
2196 4270 421918.386466595 4657337.363447157
3172 4270 431678.6682537472 4657338.627797525
3294 4270 432898.74183513684 4657338.427001737
122 4392 401177.7106605151 4656118.48968177
244 4392 402398.16577828396 4656118.299215862
488 4392 404838.2376232668 4656118.394659535
732 4392 407277.7197008315 4656118.916346219
1586 4392 415817.66333534324 4656119.156550774
1708 4392 417037.3799685956 4656118.849583559
1830 4392 418257.4062917216 4656119.095977973
2074 4392 420698.61979691335 4656118.658723995
3050 4392 430457.095315842 4656118.388215001
3172 4392 431677.57551666105 4656118.176532029
3416 4392 434118.45858663303 4656118.467036191
3538 4392 435340.02798203955 4656120.025073032
122 4514 401178.1968532106 4654897.539023609
244 4514 402398.1429369866 4654899.393235012
366 4514 403618.5669055636 4654898.3873586375
1586 4514 415816.9727237854 4654899.410217719
1708 4514 417037.4484037326 4654899.402371789
1830 4514 418258.45703183144 4654899.104994728
1952 4514 419477.6775369005 4654898.101469971
2074 4514 420696.7238389325 4654898.42765748
2928 4514 429237.1741758919 4654897.818567406
3050 4514 430457.09696177766 4654898.034077164
3172 4514 431677.49682080146 4654898.543061608
3416 4514 434117.2455104553 4654898.372154172
3660 4514 436558.78214368277 4654898.608863595
122 4636 401177.77937406156 4653678.501871563
366 4636 403617.79851685977 4653678.833979478
1586 4636 415817.84956893197 4653678.833709708
1708 4636 417038.5745204996 4653678.926440656
1830 4636 418257.84859350417 4653678.679347302
2074 4636 420697.33529650944 4653678.665835102
2196 4636 421917.68756202684 4653678.1708106315
2928 4636 429237.30092405726 4653678.192856716
3172 4636 431677.45138280856 4653678.26933923
3416 4636 434117.31577147613 4653678.320969044
3538 4636 435337.6130646756 4653679.115198564
3660 4636 436558.89695556246 4653679.075851677
3782 4636 437780.94717687945 4653679.472717294
0 4758 399958.81952082843 4652460.634260626
122 4758 401177.9522067588 4652459.174175137
244 4758 402398.10133197537 4652458.85193637
1830 4758 418258.1443494595 4652459.303521458
2196 4758 421918.9603091267 4652458.907838478
2928 4758 429238.7997336316 4652458.013107576
3050 4758 430458.7313609456 4652458.478558454
3294 4758 432898.0350669518 4652458.3363927705
3416 4758 434117.83543210913 4652457.807589882
3538 4758 435337.15396183624 4652458.252753903
122 4880 401178.33980474225 4651239.27615569
366 4880 403617.4830743379 4651237.806720592
2074 4880 420698.3111456076 4651239.277511873
2196 4880 421918.8692612081 4651239.171589857
2318 4880 423139.0442605528 4651239.406323318
2806 4880 428017.6635263151 4651237.667985941
2928 4880 429237.80521370703 4651237.781798858
3050 4880 430457.7895837706 4651238.455412539
3172 4880 431678.0174813961 4651237.995925885
3416 4880 434117.6902567356 4651238.38601726
3538 4880 435338.38931181596 4651237.749066317
3660 4880 436558.6512916752 4651239.165448002
3904 4880 438998.7866320257 4651238.638683442
488 5002 404840.8362641506 4650019.400704709
2196 5002 421918.1244261503 4650019.288964798
2440 5002 424358.5836107244 4650019.600698429
2562 5002 425579.3336544483 4650018.431121609
2684 5002 426799.019060527 4650018.7119147545
2806 5002 428018.4181230528 4650018.416947819
3660 5002 436557.28085749445 4650018.6035954775
3782 5002 437778.2415704136 4650019.187658648
4148 5002 441438.55735231633 4650017.936416835
0 5124 399960.65641753416 4648799.2579582315
122 5124 401179.5469527947 4648798.67445486
366 5124 403618.461187579 4648798.098905678
2318 5124 423139.3762972665 4648798.309548743
2684 5124 426797.901830157 4648798.428676196
2928 5124 429238.93915150664 4648799.230677947
3050 5124 430459.78849831887 4648798.405583158
3172 5124 431678.5926337141 4648798.183787228
3904 5124 438998.412905505 4648798.435780666
4148 5124 441438.83302011184 4648799.039144994
0 5246 399960.47905788553 4647578.899864635
122 5246 401180.63321267394 4647578.700693066
366 5246 403618.4043551637 4647577.650223947
488 5246 404838.5716014678 4647578.603310478
3050 5246 430457.8468545015 4647578.763532252
3172 5246 431678.74571582454 4647578.545188054
3294 5246 432899.0667470977 4647577.610404119
3660 5246 436557.75891489926 4647578.071303076
3904 5246 438998.5166891 4647577.578168071
4148 5246 441438.7655809099 4647578.1954027135
122 5368 401180.68544085213 4646358.593032978
244 5368 402401.02579354064 4646358.348989392
366 5368 403618.2372327161 4646358.561485759
488 5368 404839.4442758635 4646358.418661384
2440 5368 424357.4031403487 4646358.91138521
2684 5368 426798.42560867174 4646358.254078613
0 5490 399959.4462377955 4645138.934936578
122 5490 401180.4283164644 4645138.661833338
244 5490 402399.68686650996 4645138.8358658925
366 5490 403620.6921608153 4645138.283750354
488 5490 404841.0320181212 4645138.105086295
2440 5490 424359.5476217636 4645139.027464767
0 5612 399960.7986396934 4643918.674273125
122 5612 401178.6071542829 4643918.557796068
244 5612 402398.2733675957 4643918.797056184
1098 5612 410937.7149759243 4643917.888357619
122 5734 401179.0479808012 4642698.693579261
244 5734 402399.0984571275 4642698.371464436
732 5734 407279.09308417357 4642698.022584315
366 5856 403618.632680706 4641478.392992049
854 5978 408500.73161629576 4640258.593434782
1708 5978 417039.02950438927 4640258.287748292
122 6100 401178.5742357952 4639041.66879833
1342 6100 413378.733449904 4639037.4796960885
1708 6100 417041.5318896894 4639037.854094167
2074 6100 420698.41018876067 4639038.296223805
976 6222 409718.3378781548 4637817.659986847
1098 6222 410938.52033940924 4637817.7803724455
1464 6222 414598.19518741214 4637818.565026419
1952 6222 419478.28624539525 4637818.596102885
2074 6222 420698.45449377724 4637819.4037253605
610 6344 406059.1020601372 4636598.790761314
732 6344 407280.3999997748 4636598.309677655
1220 6344 412158.9699978163 4636597.51011494
1342 6344 413381.3309887286 4636597.990635296
1586 6344 415818.5909032775 4636597.846353456
1708 6344 417037.57940568635 4636598.4705452835
854 6466 408498.1766481704 4635378.388962959
976 6466 409720.93914700346 4635378.20684707
1098 6466 410939.7313808254 4635378.106927013
1464 6466 414597.6472102496 4635378.055390086
1586 6466 415818.1595086603 4635377.966670749
0 6588 399960.45791775145 4634160.579212051
854 6588 408500.92181305104 4634158.1076567685
1098 6588 410939.27416288585 4634157.94498426
1464 6588 414597.84506065625 4634158.392990058
1830 6588 418259.1099526174 4634158.044179297
2196 6588 421919.28569508233 4634158.206214758
244 6710 402399.51327059465 4632938.175278094
1098 6710 410939.4034359449 4632937.920258331
1830 6710 418258.221251159 4632938.105544324
1952 6710 419477.86035809485 4632938.078497214
2074 6710 420698.81249458104 4632938.925234451
244 6832 402399.39023382455 4631718.238690389
122 6954 401180.81495357637 4630498.271944373
1220 6954 412158.1282901655 4630497.531502807
2074 6954 420697.09894546046 4630498.827341374
2196 6954 421919.1972847702 4630498.538316958
2318 6954 423139.384182384 4630498.151439446
0 7076 399960.2981786944 4629278.554846529
122 7076 401180.8987470897 4629278.214995061
244 7076 402398.5691675675 4629278.834175591
366 7076 403621.0914748238 4629278.5217209635
2074 7076 420697.71802086534 4629277.819006366
2318 7076 423138.35357008234 4629277.839234784
122 7198 401178.3404291511 4628058.6428425
244 7198 402398.92720605707 4628058.843469228
366 7198 403619.4663556906 4628058.88172806
976 7198 409721.2492731557 4628057.988984818
1220 7198 412158.3709002509 4628058.442987001
2196 7198 421919.23716196354 4628058.256418903
2318 7198 423138.703263964 4628057.307361288
2440 7198 424358.269570916 4628057.928749878
2562 7198 425578.51784405584 4628057.653755216
244 7320 402399.7078400355 4626838.730688013
366 7320 403620.4738732358 4626839.056545132
488 7320 404839.7041519917 4626838.744894725
610 7320 406060.4147145497 4626838.981350517
854 7320 408500.63033109915 4626837.9114573635
1098 7320 410938.12577420013 4626838.319343659
1220 7320 412161.06360866677 4626838.319561364
1342 7320 413377.49188403756 4626837.8383751195
2074 7320 420697.16693597165 4626837.455961607
2318 7320 423137.63881013246 4626838.310011739
2440 7320 424360.85172871576 4626838.149786835
2684 7320 426798.940976808 4626837.544362265
122 7442 401180.91771391954 4625618.293890609
244 7442 402398.3429854015 4625618.072597777
1464 7442 414598.4937561286 4625618.951107544
1708 7442 417038.0450272636 4625617.756584321
1952 7442 419479.3225537921 4625617.651712838
2196 7442 421918.1767767959 4625617.593089011
2318 7442 423138.03344085906 4625618.260758155
2440 7442 424358.6076058137 4625618.725162369
122 7564 401180.6619229515 4624398.572706462
366 7564 403618.6130275254 4624398.390218657
488 7564 404837.76939137484 4624398.443635236
854 7564 408498.07412047905 4624398.496502561
1342 7564 413377.6739535851 4624398.286392513
1586 7564 415819.03498270374 4624398.309273713
1952 7564 419478.23934388446 4624398.478267013
2074 7564 420699.10312207206 4624397.852361387
2196 7564 421918.64027590555 4624398.234907869
2440 7564 424360.8342353028 4624398.176043648
2562 7564 425580.8137825724 4624398.185758284
244 7686 402398.0687808101 4623179.6527290745
1220 7686 412158.82494882896 4623178.719247502
1342 7686 413379.11095091753 4623178.73868625
1708 7686 417039.58222813916 4623178.577868444
1830 7686 418260.52392443316 4623178.359487252
1952 7686 419481.00885491027 4623177.8877828
2196 7686 421918.04945130355 4623178.415996068
2318 7686 423141.0067793452 4623178.00654851
122 7808 401178.5171212716 4621957.965843625
1220 7808 412161.4624159598 4621957.987131453
1342 7808 413378.624180095 4621958.288973115
1464 7808 414598.8313763034 4621958.867869123
1586 7808 415818.6245681999 4621959.313782732
1830 7808 418261.4255930459 4621958.40753775
2074 7808 420699.2168585367 4621959.608263622
1586 7930 415818.89182933193 4620738.94347139
1708 7930 417038.5255445255 4620738.534025809
1830 7930 418258.2928894349 4620738.194973307
1952 7930 419479.0191425446 4620736.4554715445
2074 7930 420701.04171574116 4620739.089912016
2196 7930 421918.92351324693 4620738.061358773
2318 7930 423139.0751845534 4620738.280864185
2440 7930 424361.7109822849 4620738.3858113075
2440 8052 424358.4450079105 4619518.139520933
2562 8052 425578.35505801486 4619517.608490956
2684 8052 426798.66268274887 4619517.307203242
2806 8052 428020.70584661514 4619517.68256247
488 8174 404837.7439490269 4618297.225969499
1708 8174 417038.64634470065 4618298.240435387
1830 8174 418258.53673391644 4618299.012647516
1952 8174 419481.29586843954 4618297.820100005
2196 8174 421919.25647539995 4618299.247138057
2318 8174 423141.0767911668 4618298.725604542
2440 8174 424358.14922653337 4618299.219691446
122 8296 401180.57605312514 4617078.821848454
244 8296 402399.4353411949 4617079.005387834
366 8296 403618.6679783845 4617078.082557446
488 8296 404837.27880021144 4617078.2279232
854 8296 408497.3278189434 4617077.526305851
1464 8296 414600.8802218645 4617077.360597742
1586 8296 415818.5015036747 4617078.647574886
1708 8296 417039.0923941829 4617079.327727023
2196 8296 421918.96228285355 4617078.80257771
2318 8296 423139.5037793004 4617078.763792686
2562 8296 425580.4856760247 4617077.17412985
2684 8296 426800.64252774196 4617078.015754652
244 8418 402399.47559514304 4615858.29957455
366 8418 403617.7369542055 4615858.031674462
488 8418 404837.77781640337 4615857.8190340875
610 8418 406058.384203546 4615857.844536353
854 8418 408499.1470700153 4615858.046662997
976 8418 409718.5684833012 4615857.460575938
1464 8418 414599.65363301063 4615858.276341585
1708 8418 417038.76344079035 4615858.935219972
1830 8418 418258.7208053795 4615858.174121052
1952 8418 419478.43810597033 4615857.79992464
2074 8418 420698.5404139533 4615858.356940098
2196 8418 421919.380934529 4615858.651815985
2318 8418 423139.13964282605 4615857.77030943
2684 8418 426800.59242142935 4615858.263660485
2806 8418 428020.5047578074 4615858.840613301
610 8540 406058.43337257573 4614637.822760622
732 8540 407278.4183217295 4614638.282325503
854 8540 408498.90801713365 4614638.166837022
976 8540 409718.8761863072 4614637.5350390095
1586 8540 415820.1134305973 4614638.048414533
1708 8540 417041.05562739 4614638.26281308
2074 8540 420698.289618837 4614638.303678967
2196 8540 421921.03646777855 4614638.190356685
2928 8540 429237.672007445 4614637.312861066
3050 8540 430458.6651937863 4614637.695162515
366 8662 403618.33952141023 4613417.094755139
610 8662 406057.6715836275 4613418.181077317
732 8662 407277.52893733815 4613418.429817013
976 8662 409718.0048676322 4613418.20869284
1098 8662 410937.8093668133 4613417.556243248
1952 8662 419478.6427326112 4613418.487595608
2074 8662 420700.80361943017 4613418.973453603
2562 8662 425578.88792803616 4613420.179380649
2806 8662 428019.6769932941 4613418.312866013
3050 8662 430461.3055334339 4613417.964067001
244 8784 402397.88412099634 4612198.833885571
488 8784 404838.80323043163 4612198.243240389
854 8784 408497.1978503353 4612198.260399744
976 8784 409717.56178000494 4612196.837272709
1098 8784 410937.622252247 4612197.738304065
122 8906 401178.31868727715 4610978.91422111
244 8906 402399.22012906295 4610978.614574131
732 8906 407278.41718501324 4610978.5289771985
854 8906 408498.8316728148 4610977.706876372
976 8906 409717.1767826889 4610977.8031202415
1098 8906 410937.6511627613 4610977.9313329
3050 8906 430460.57765166793 4610978.862132689
3172 8906 431680.6611659616 4610978.859074608
244 9028 402398.0603256214 4609758.271587401
366 9028 403618.7312616251 4609758.552724793
488 9028 404839.3938071733 4609758.8590341015
732 9028 407277.9293812415 4609757.740132788
854 9028 408497.49075594987 4609757.482007232
976 9028 409718.6569272334 4609757.991701885
1098 9028 410938.8573394329 4609757.806940143
3294 9028 432898.90857920534 4609758.901312264
488 9150 404839.0280426997 4608538.221542803
610 9150 406058.89207703085 4608538.52680338
732 9150 407279.5902038834 4608538.783623872
1098 9150 410938.28793234937 4608538.117345515
1220 9150 412159.1204209601 4608538.245883858
1342 9150 413378.5559164172 4608538.353320213
1464 9150 414599.42772187124 4608538.922740329
1586 9150 415820.85807795834 4608537.990333786
1708 9150 417039.0161571617 4608538.325315246
244 9272 402399.1814461364 4607318.555804361
488 9272 404837.623777121 4607318.510358314
976 9272 409718.8118327407 4607317.110973194
1098 9272 410938.3299107135 4607317.080139299
1464 9272 414598.2661521313 4607318.360718297
1586 9272 415818.6103644797 4607317.946747459
1708 9272 417037.8358040089 4607318.063463705
488 9394 404838.77536366833 4606097.315290359
854 9394 408497.8542162155 4606097.31813772
1098 9394 410937.4352694831 4606097.287459261
1342 9394 413381.5077493318 4606097.917989927
1464 9394 414598.0632794728 4606097.844737206
1586 9394 415817.99453613936 4606097.312767107
1830 9394 418257.90427802934 4606097.999765585
1952 9394 419479.08337595826 4606098.647720612
122 9516 401179.7824643529 4604878.087214981
366 9516 403618.4427405226 4604877.842250409
488 9516 404838.1808099519 4604878.011841021
854 9516 408498.0013755628 4604878.11228318
976 9516 409717.785026662 4604877.985223098
1098 9516 410938.43927474 4604877.534946125
1342 9516 413378.73193532415 4604877.436665679
1464 9516 414599.09237727476 4604877.994766505
1586 9516 415818.4939738536 4604877.987952165
1708 9516 417039.1768998731 4604878.750887611
1830 9516 418257.96742134326 4604878.452089119
1952 9516 419478.2666545887 4604878.0869046915
2196 9516 421917.82135806145 4604877.971003896
244 9638 402401.008235752 4603658.475259551
366 9638 403618.90068066143 4603658.4629275
488 9638 404839.0015718716 4603658.1369960625
610 9638 406058.5801635221 4603658.752414646
732 9638 407277.9024384411 4603657.716600362
976 9638 409717.97340647056 4603657.572470724
1220 9638 412158.2930617582 4603657.765683132
1342 9638 413378.20040206035 4603657.870346426
1586 9638 415818.05941934284 4603657.887623612
1708 9638 417038.0938685642 4603658.031011389
1830 9638 418260.7851953019 4603658.4993482875
1952 9638 419481.0303345943 4603658.531388889
2074 9638 420698.51305712835 4603658.3489648625
2318 9638 423139.42410948843 4603658.808246489
2440 9638 424359.4769006632 4603658.961906992
2562 9638 425580.48114379495 4603659.014857
122 9760 401177.8968967545 4602437.574757039
366 9760 403618.02187820565 4602438.649417531
610 9760 406058.4245629052 4602438.288005256
854 9760 408498.3690369982 4602437.913681353
1098 9760 410939.408253543 4602438.283349687
1464 9760 414600.60792202817 4602438.363649037
1586 9760 415818.62410651275 4602438.623411113
1708 9760 417039.0150395714 4602438.172250522
1952 9760 419477.9171131336 4602438.362621539
2196 9760 421919.15151496464 4602438.69784698
2318 9760 423139.38148024573 4602438.881718345
2440 9760 424358.47800016665 4602438.86540624
244 9882 402398.3655299459 4601218.066729658
366 9882 403617.86910266127 4601218.230688352
610 9882 406058.25148462673 4601217.394933996
732 9882 407277.3205762783 4601217.407764722
854 9882 408498.95026496926 4601217.430483282
976 9882 409718.77629120846 4601217.787186033
1098 9882 410937.3576732885 4601217.336382447
1220 9882 412158.12622955284 4601218.031607831
1342 9882 413378.81636531214 4601218.355615361
1586 9882 415819.04593324015 4601217.6007041875
1708 9882 417038.7058283376 4601217.867508186
1830 9882 418261.6765762169 4601217.887272415
1952 9882 419478.30742216646 4601218.055627812
2074 9882 420700.8187037845 4601218.054518564
2196 9882 421920.8402987029 4601218.383482033
122 10004 401177.74492376024 4599998.511069121
244 10004 402397.9823767571 4599998.321868668
732 10004 407277.9850448915 4599997.799443233
854 10004 408498.73944322526 4599997.848528053
1098 10004 410937.19713069015 4599997.688346816
1708 10004 417037.6083198436 4599998.083973228
1830 10004 418259.35782390623 4599997.727607965
1952 10004 419479.5608723008 4599998.304185981
2074 10004 420698.2496896359 4599997.93253799
2196 10004 421917.8664372068 4599998.337263422
122 10126 401178.06770506134 4598778.763964257
854 10126 408497.89248339186 4598778.257879233
1098 10126 410937.70009837777 4598777.416987013
1708 10126 417038.12517376256 4598777.871738751
1830 10126 418259.12493316503 4598778.58511682
1952 10126 419478.05833742174 4598778.325051025
2074 10126 420698.20363091544 4598778.617866047
0 10248 399958.69205159094 4597558.262222972
122 10248 401178.52653086657 4597558.5750369765
244 10248 402398.59369251976 4597558.357625224
610 10248 406059.4540406664 4597558.183735533
732 10248 407278.824938123 4597558.053199768
854 10248 408497.9379600534 4597557.8323310455
976 10248 409718.21132811287 4597557.771904067
1098 10248 410938.7939357396 4597558.028122452
1708 10248 417039.16376567725 4597558.483172067
1830 10248 418258.87471347756 4597558.122178595
1952 10248 419480.5606399843 4597558.778361475
2196 10248 421918.3959529827 4597558.58075799
2318 10248 423138.9531950041 4597558.457008621
2440 10248 424358.39462335256 4597558.323077845
122 10370 401179.36487068125 4596337.561831212
244 10370 402399.7583638505 4596338.421869021
732 10370 407279.05361188983 4596337.8926974125
976 10370 409717.10880435375 4596337.226119331
1098 10370 410938.2105434129 4596337.724432816
1220 10370 412158.01679518825 4596338.227027134
1342 10370 413378.3856214127 4596338.109551361
1586 10370 415820.95904804685 4596338.905922683
1708 10370 417038.53856402956 4596338.137875956
1830 10370 418259.1011391048 4596338.35161144
1952 10370 419479.4652183129 4596338.765583211
122 10492 401179.3016886115 4595118.466390353
366 10492 403619.1287873988 4595118.731149166
732 10492 407277.9305563287 4595118.088518204
854 10492 408497.81646146724 4595117.802567334
976 10492 409718.18737471214 4595118.09780345
1464 10492 414598.88347458624 4595118.636380508
1586 10492 415818.3076888767 4595118.337654072
1708 10492 417038.1384653523 4595118.178581052
1830 10492 418258.43712330435 4595118.65675639
2196 10492 421919.0324993941 4595118.7674005795
2806 10492 428018.12086195766 4595118.69234855
244 10614 402398.8024314315 4593898.291691075
488 10614 404838.5434985934 4593898.0051005995
854 10614 408499.78338049323 4593898.480648152
976 10614 409719.2834937493 4593898.108127458
1098 10614 410938.70029884274 4593898.040857012
1342 10614 413379.4642949087 4593898.35825163
2074 10614 420699.01441298786 4593899.081846555
2562 10614 425578.5235243503 4593897.7739547575
3050 10614 430458.55986799137 4593899.163492269
244 10736 402399.27187440824 4592678.914695257
732 10736 407278.12636991293 4592677.600767177
976 10736 409717.99645975523 4592677.687933168
1098 10736 410939.0065279099 4592678.13983034
1220 10736 412159.03901746596 4592677.810021425
1586 10736 415817.7834148907 4592678.173995142
1830 10736 418258.52087240416 4592678.536983251
2684 10736 426799.29828661145 4592678.925692735
2928 10736 429238.1469307322 4592678.672523391
122 10858 401179.4213456713 4591459.482719901
610 10858 406058.5902484143 4591457.350358628
854 10858 408497.60830075794 4591457.788972611
976 10858 409718.41780678596 4591458.625494869
1098 10858 410939.4624538181 4591458.203313297
1342 10858 413378.14802917524 4591458.992906529
1464 10858 414598.6204730885 4591458.180742161
1586 10858 415818.9666139699 4591458.5404344015
1708 10858 417038.80231105676 4591458.376453062
1830 10858 418259.18452950136 4591457.841217779
854 10980 408501.4143296875 4590237.917999745
1342 10980 413378.3326366339 4590239.171585901
1708 10980 417038.70969913295 4590239.2995303525
2684 10980 426800.6499366099 4590239.709026325
