10492 8052 504877.20757895295 4219509.079657833
10614 8174 506097.7441802561 4218292.534044918
10614 8418 506097.3294482121 4215852.944512771
10248 8540 502437.50307243475 4214632.619779827
10858 8540 508539.08870755153 4214633.758163933
10248 8662 502438.21895167173 4213411.327991653
10492 8662 504877.70801204024 4213408.767987911
10126 8784 501216.7616891078 4212193.8314259
10370 8784 503657.8093686207 4212187.942873788
10492 8784 504877.7646882291 4212192.377259316
10492 8906 504877.39362052013 4210971.933734363
10614 8906 506101.76967864326 4210971.31361501
10126 9150 501220.99080168956 4208535.037799716
10614 9150 506101.487613524 4208532.266805946
10370 9516 503661.1760738013 4204874.452358541
9882 10126 498777.4021790694 4198772.864985544
10614 10248 506101.98880297196 4197548.663107137
10370 10370 503657.09341579664 4196334.488116922
10736 10370 507316.97547265794 4196332.527686382
10736 10492 507323.626100117 4195108.215612634
10614 10736 506100.5346334741 4192672.299712171
9638 10858 496339.6565742811 4191452.9715638515
