9272 7442 492676.6753430893 4225601.82814278
9394 7442 493895.94776478107 4225601.851336427
8906 7564 489016.7023040438 4224382.221825273
9028 7564 490236.11799799313 4224382.096503927
9150 7564 491456.4723561894 4224383.097512223
9272 7564 492677.04563999857 4224381.532259309
9394 7564 493896.87486084085 4224381.0146308085
9516 7564 495116.59675772977 4224381.131527917
8784 7686 487797.0102632304 4223161.347313088
9028 7686 490236.82082478475 4223161.574220264
9150 7686 491457.13642710063 4223161.246257468
9272 7686 492677.25013771106 4223161.693735336
9394 7686 493897.2969796818 4223160.8417763645
7930 7808 479256.1754064464 4221941.117217803
8052 7808 480475.80361058784 4221941.1319761565
8174 7808 481695.5213985644 4221938.857303541
8540 7808 485355.9001453051 4221942.511485679
8662 7808 486575.60087382566 4221942.30018699
8906 7808 489015.86196331476 4221942.9050227385
9028 7808 490236.280036123 4221942.197369975
9150 7808 491457.0332782188 4221942.1175227435
9272 7808 492677.0536764438 4221940.915691847
9394 7808 493897.2080820642 4221941.36879432
10248 7808 502436.4327558587 4221942.062218824
10370 7808 503656.0001691306 4221941.6990911355
7808 7930 478035.4343196233 4220721.855765478
7930 7930 479255.80255761085 4220721.184704872
8052 7930 480476.14994578727 4220721.603079918
8174 7930 481697.171580837 4220722.04805156
8540 7930 485356.2689658354 4220722.235286074
8662 7930 486577.61002616864 4220719.035616353
8906 7930 489016.6671642124 4220721.64324529
9028 7930 490236.0348081699 4220722.64370829
9150 7930 491455.94586433365 4220723.047541962
9272 7930 492675.7243263402 4220722.901358105
9394 7930 493895.7402342099 4220722.236051974
9638 7930 496336.7680704216 4220721.736087503
9882 7930 498776.7841912737 4220721.37923073
10126 7930 501216.06943037943 4220722.795725858
10248 7930 502436.3457726241 4220721.7512248345
7808 8052 478035.3196634318 4219501.374388348
7930 8052 479255.29781119106 4219501.599910185
8174 8052 481695.6814395632 4219503.408044986
8296 8052 482918.69883365 4219498.519786789
8540 8052 485357.0936323712 4219498.469580929
8662 8052 486577.3651417794 4219501.8184595555
8784 8052 487797.04397831496 4219502.346320482
8906 8052 489016.6682074731 4219501.986034065
9028 8052 490236.57458926784 4219502.3799931845
9150 8052 491456.70600221877 4219499.1308239475
9638 8052 496335.82293065946 4219500.620620284
9760 8052 497556.65754915826 4219499.070713856
10004 8052 499996.1628137293 4219499.693114222
10370 8052 503656.61531183607 4219501.43024108
10492 8052 504876.23562785605 4219502.500888414
7686 8174 476816.84992714075 4218278.65631517
7808 8174 478035.67831791425 4218281.70212822
7930 8174 479255.6731692542 4218281.375287517
8174 8174 481696.7903058834 4218281.646439298
8296 8174 482916.75425854983 4218281.9752538195
8418 8174 484135.7905868101 4218282.578574113
8540 8174 485356.54859544616 4218282.269319771
8662 8174 486576.36727176956 4218282.119910716
9028 8174 490237.08887341607 4218282.3152869
9150 8174 491457.01092717156 4218281.528586419
9760 8174 497556.56376872736 4218281.704332455
9882 8174 498776.9038967016 4218280.440368878
10004 8174 499997.40658290766 4218281.155207762
10370 8174 503657.47416184936 4218278.960382829
10492 8174 504876.21889708255 4218282.259486296
7320 8296 473159.33057416725 4217060.632227941
7686 8296 476815.82930250646 4217061.5061176475
7808 8296 478035.9853721459 4217058.602975046
7930 8296 479254.64587991586 4217061.225434547
8052 8296 480476.6585668555 4217061.064027653
8174 8296 481697.32797672105 4217062.8506621765
8296 8296 482916.7486961715 4217061.781168598
8540 8296 485356.8337135252 4217062.171073216
8662 8296 486575.91308853717 4217062.035989172
8784 8296 487795.271460267 4217062.111227477
9028 8296 490236.2843936055 4217058.101177927
9150 8296 491456.4240025773 4217061.186554274
9638 8296 496335.3463015282 4217061.2378539145
9760 8296 497555.8519918607 4217061.23910549
9882 8296 498776.2093965587 4217061.162930564
10126 8296 501216.6521340343 4217061.940481372
10248 8296 502436.7756285015 4217060.3055236405
10370 8296 503656.9813387424 4217061.522669344
10492 8296 504877.3981076696 4217061.884500039
10614 8296 506095.4230308999 4217062.279142203
10736 8296 507316.57507841795 4217061.720962188
10858 8296 508536.570438815 4217058.912973234
7320 8418 473157.0068047745 4215841.550990903
7442 8418 474376.85429582803 4215842.536934459
7686 8418 476815.4934300415 4215841.060594831
7808 8418 478035.7580979019 4215841.702567895
7930 8418 479255.66868425935 4215839.421616275
8052 8418 480476.37733720534 4215841.333878497
8174 8418 481696.06130714755 4215842.41864302
8784 8418 487796.2296558378 4215842.501668663
8906 8418 489015.2550049192 4215841.88782495
9028 8418 490235.488284129 4215842.927672897
9150 8418 491456.067504423 4215842.539642052
9638 8418 496336.26258393575 4215840.834937646
9760 8418 497556.0725196087 4215841.669295899
9882 8418 498776.1878951652 4215841.500537626
10004 8418 499996.28084917855 4215838.395041276
10126 8418 501216.48245872266 4215840.825708558
10370 8418 503656.50677820336 4215841.370496289
10492 8418 504876.72772235924 4215841.7388284905
10614 8418 506095.32099237764 4215841.69165856
10736 8418 507315.992044292 4215839.1009741
10858 8418 508536.1809080743 4215838.4248035615
6954 8540 469496.6668500702 4214621.893931317
7076 8540 470715.78497235087 4214622.553420739
7198 8540 471935.229625716 4214623.000890394
7442 8540 474375.7762769453 4214622.673444093
7686 8540 476815.69299002516 4214622.180091246
7808 8540 478035.58140547294 4214622.208109369
7930 8540 479255.6488162392 4214622.089248928
8052 8540 480476.6968835586 4214618.323929153
8174 8540 481697.15770167013 4214621.212084676
8418 8540 484137.27024978225 4214621.553515327
8540 8540 485357.1055446008 4214622.356461589
8784 8540 487796.39186103956 4214622.250753509
8906 8540 489016.5071909104 4214621.459455852
9638 8540 496336.8037864618 4214618.663243776
9760 8540 497556.73144829663 4214619.905302563
9882 8540 498776.5660740042 4214620.680922103
10004 8540 499996.54477124015 4214621.382420004
10126 8540 501216.5759793578 4214622.113190571
10248 8540 502436.34164040856 4214621.380714918
10370 8540 503657.00457109464 4214618.533214749
10492 8540 504875.9431883792 4214621.729923891
10614 8540 506096.3524998767 4214621.494887813
10736 8540 507315.7760405296 4214621.635142634
7198 8662 471935.65815947094 4213402.641568893
7320 8662 473155.35089941905 4213398.574895603
7442 8662 474375.1210238074 4213402.246598871
7930 8662 479255.3276323174 4213398.333269762
8052 8662 480476.8292243101 4213401.677610969
8174 8662 481697.5391719892 4213401.417875397
8296 8662 482917.63639640505 4213402.473107349
8418 8662 484137.429868222 4213402.360362255
8540 8662 485357.137891513 4213401.648625364
8784 8662 487797.1676142336 4213401.1761978455
8906 8662 489017.16799731046 4213398.150730597
9028 8662 490236.8424765594 4213401.958603811
9638 8662 496335.5388689752 4213402.119909734
9882 8662 498776.2893407349 4213401.2871859595
10248 8662 502437.2691462733 4213401.3881733455
10370 8662 503656.4883206786 4213401.922934786
10614 8662 506096.018605729 4213398.438458517
10736 8662 507316.56334749557 4213398.857060562
10858 8662 508536.93153477024 4213401.053473759
6100 8784 460955.817710664 4212182.371308183
6222 8784 462175.69354604627 4212180.696808279
6344 8784 463395.4847913477 4212181.948106337
6466 8784 464615.29560972395 4212183.029459131
7320 8784 473156.0620496096 4212182.363895367
7442 8784 474375.5800104959 4212182.209786378
7564 8784 475595.4972560975 4212182.907594922
8052 8784 480477.2736377332 4212181.677670654
8418 8784 484136.8472320339 4212182.031116734
8906 8784 489016.07610570645 4212182.65197507
9028 8784 490235.743306006 4212182.336708265
9150 8784 491456.4659577081 4212182.961753757
9394 8784 493896.78646214295 4212181.767365513
9516 8784 495116.3368526103 4212181.291818547
9638 8784 496336.76308025635 4212179.668426986
9760 8784 497556.98048080073 4212179.516255821
9882 8784 498777.29971480387 4212180.774425761
10248 8784 502438.0448475573 4212178.266708779
10492 8784 504876.49190025363 4212181.194689439
10614 8784 506097.14841052034 4212179.503080046
10736 8784 507316.1590468954 4212181.132921334
10858 8784 508536.5357240388 4212181.94068432
5978 8906 459736.1093790312 4210961.109011477
6100 8906 460955.34716455 4210961.933672002
6344 8906 463395.4984709373 4210958.904490727
6466 8906 464616.07244763174 4210958.667541515
6588 8906 465835.78060242353 4210960.3209544355
7076 8906 470716.7901320113 4210961.092455911
7320 8906 473156.93207832385 4210961.911088426
7442 8906 474376.6189152881 4210962.331067529
7564 8906 475596.168952667 4210963.026009092
8052 8906 480477.7253915721 4210960.264383937
8540 8906 485356.74906850845 4210962.471618633
8906 8906 489015.8166933217 4210962.534418892
9028 8906 490237.1426279937 4210963.298053852
9150 8906 491456.27050196304 4210960.613349898
9638 8906 496335.6859355117 4210961.249173148
9760 8906 497556.1950218611 4210961.467508719
10004 8906 499996.70882370754 4210962.000970156
10126 8906 501217.55594917835 4210960.683082056
10248 8906 502437.6981964689 4210958.755557461
10614 8906 506095.9647191871 4210961.1677799
976 9028 409716.5331852232 4209742.6529343445
5002 9028 449975.4777815515 4209738.710688725
5612 9028 456075.875528412 4209742.693408271
5734 9028 457295.8316947817 4209741.836119745
5856 9028 458515.10718127614 4209742.5672012465
5978 9028 459733.66237345384 4209740.967136377
6100 9028 460953.86620522797 4209741.228906217
6222 9028 462175.5235505368 4209741.50033916
6344 9028 463396.0019463339 4209742.465733044
6466 9028 464616.3054623059 4209742.051409434
6588 9028 465836.18260885635 4209740.038507257
6710 9028 467056.9217723014 4209740.618120124
6832 9028 468276.7863505502 4209740.653383862
6954 9028 469496.4678272176 4209740.579164919
7076 9028 470717.4793704256 4209740.816080434
7198 9028 471937.5452260471 4209738.710928641
7930 9028 479256.3810743743 4209742.587933546
8662 9028 486579.02286842925 4209741.866698182
9272 9028 492675.0088977211 4209742.640953956
9516 9028 495116.604267848 4209742.224220447
9760 9028 497556.1805879162 4209738.016267741
10126 9028 501216.4575228997 4209738.839322014
10736 9028 507316.7895762889 4209738.795938566
10858 9028 508537.40948242607 4209738.810760873
1220 9150 412156.33991806273 4208521.630892948
1586 9150 415815.29133203026 4208521.921779719
1708 9150 417034.88257619354 4208519.263817316
2562 9150 425576.5927210228 4208521.6109391935
5002 9150 449975.66235930496 4208521.800549002
5246 9150 452414.7905742796 4208521.288433723
5368 9150 453635.9587198531 4208518.409485124
5490 9150 454856.51175216417 4208521.537650982
6100 9150 460955.3952402071 4208518.02547291
6222 9150 462175.16532603966 4208518.121642246
6344 9150 463395.48759541305 4208518.813966402
6588 9150 465835.08136514167 4208518.452838127
6710 9150 467055.3119125446 4208518.257822419
6832 9150 468275.7111684621 4208519.202254788
7198 9150 471936.7380881689 4208521.232323871
7442 9150 474376.61232558725 4208521.976717342
7564 9150 475596.8254327256 4208522.525518514
7686 9150 476816.92240644124 4208522.289827161
7930 9150 479256.52124862006 4208521.964934412
8052 9150 480475.82307863585 4208517.8886043625
8174 9150 481695.7133487822 4208518.126673177
8662 9150 486576.78970657935 4208520.619667997
9028 9150 490236.2698121638 4208522.270662865
9394 9150 493896.57887157303 4208518.656828486
9638 9150 496336.2733834157 4208522.153061464
9882 9150 498776.84411705576 4208517.984321454
10004 9150 499997.3554566736 4208518.689755432
10492 9150 504876.04477626435 4208521.560918494
10614 9150 506096.39138672745 4208522.10783148
10736 9150 507316.741702467 4208520.586711604
10858 9150 508536.1725048379 4208522.725518762
10980 9150 509756.6110873279 4208521.56749791
854 9272 408495.6352544322 4207302.723419042
1098 9272 410936.06959406723 4207302.617415993
1586 9272 415815.74063840293 4207302.230276871
1708 9272 417035.5357101686 4207301.679259008
1830 9272 418254.64349761803 4207299.0006588595
1952 9272 419475.09904806974 4207301.716154029
2074 9272 420695.8389237857 4207301.430065771
2196 9272 421916.0874936919 4207300.872556229
2318 9272 423136.8768202429 4207299.7134503005
2440 9272 424356.4049796956 4207301.1769524105
2562 9272 425576.17420916597 4207302.257419499
2684 9272 426795.67408447835 4207302.020655684
2928 9272 429236.3398246716 4207298.638233548
3050 9272 430456.74772285315 4207301.558674217
4148 9272 441435.84860587085 4207302.625879087
4270 9272 442658.2663291139 4207302.271248146
4392 9272 443874.16131062486 4207298.784033522
4514 9272 445095.52470618713 4207302.89626853
4636 9272 446314.14351091307 4207301.303774239
4758 9272 447533.7149606998 4207300.997342917
4880 9272 448755.8668802064 4207298.043872473
5002 9272 449975.16569251835 4207302.815755
5124 9272 451195.0056765333 4207298.030590095
5246 9272 452415.4566663704 4207301.53556436
5368 9272 453636.3337758464 4207297.888459033
5490 9272 454857.04060287186 4207298.308533374
6222 9272 462176.0775458183 4207298.034150271
6344 9272 463396.4112165283 4207298.101494773
6588 9272 465837.0253073144 4207300.633765573
6710 9272 467056.74402118236 4207299.233971669
6832 9272 468276.8883799081 4207299.05659603
7198 9272 471935.86865645205 4207301.188039287
7320 9272 473156.08272573265 4207301.795767277
7442 9272 474375.7140061244 4207298.594286548
7564 9272 475595.47066191584 4207302.769444749
7930 9272 479256.04939410713 4207302.297657191
8052 9272 480476.1046183331 4207301.102266011
8174 9272 481696.2090759367 4207301.320688267
8418 9272 484136.44358521275 4207301.702228734
8540 9272 485357.0052468436 4207301.644738107
8662 9272 486576.50985182595 4207300.679855148
8784 9272 487797.08281383733 4207297.946964676
8906 9272 489017.0221364675 4207301.368761486
9028 9272 490236.9546513129 4207301.679977136
9150 9272 491455.1431022631 4207301.906566631
9516 9272 495115.8496727979 4207302.304399321
9760 9272 497556.28638994286 4207298.352867268
9882 9272 498776.5827232839 4207298.963802278
10126 9272 501217.79902896355 4207298.680888713
10492 9272 504876.21724393405 4207302.101098161
10614 9272 506096.8041795497 4207302.123878487
10736 9272 507316.2747969398 4207300.885496443
10858 9272 508535.65095351986 4207302.278882088
488 9394 404837.2090450865 4206081.363253314
610 9394 406056.1960540081 4206082.018605734
976 9394 409716.73690351355 4206081.806931092
1098 9394 410935.8276106046 4206082.66658301
1342 9394 413375.2424552347 4206082.597008736
1708 9394 417035.4240609321 4206081.722229122
1830 9394 418254.4870807556 4206081.960679656
1952 9394 419475.2494811516 4206082.106493566
2196 9394 421915.4143561137 4206081.681250196
2318 9394 423135.40822736133 4206081.161054307
2684 9394 426796.87346129445 4206081.770544886
2806 9394 428016.18119034683 4206082.049727757
2928 9394 429236.4001037525 4206078.854858847
3172 9394 431676.001807477 4206081.063164431
3294 9394 432895.9467080343 4206081.686337075
3416 9394 434115.79883031116 4206081.585639766
3538 9394 435335.61988468864 4206082.2283457555
3660 9394 436555.72955743363 4206081.90664953
3782 9394 437775.78995822044 4206082.126866376
3904 9394 438995.18508873315 4206082.397781606
4026 9394 440215.4604326409 4206082.720180347
4148 9394 441435.6704300687 4206082.276266619
4392 9394 443875.69812481635 4206082.189032851
4514 9394 445095.8333463316 4206081.990123706
4636 9394 446315.4571207016 4206082.385949741
4758 9394 447536.1112582506 4206077.941031436
4880 9394 448755.6713054034 4206077.503629599
5124 9394 451195.51741727843 4206077.473573545
5246 9394 452415.45923028386 4206077.944490205
5368 9394 453635.9285596655 4206078.407755509
5490 9394 454857.1965300082 4206078.041914947
5612 9394 456076.9861694252 4206078.074402817
5978 9394 459736.00533197884 4206081.927007048
6100 9394 460955.6440435072 4206078.361441658
6222 9394 462176.08164037054 4206081.628748667
6344 9394 463395.2898376871 4206081.686113466
6588 9394 465836.4089910575 4206078.2127254885
6710 9394 467056.93271297973 4206078.906571918
6832 9394 468276.71035488544 4206081.454267412
6954 9394 469496.8500069391 4206078.78768629
7198 9394 471936.60374878725 4206082.2798229605
7320 9394 473156.7365927369 4206082.0235571405
7442 9394 474376.71937741956 4206078.313657139
7564 9394 475596.0216342259 4206082.066242561
7686 9394 476816.64778365154 4206082.250191245
7808 9394 478037.2593540229 4206081.401039426
7930 9394 479256.21341228386 4206082.183462289
8052 9394 480476.13655843574 4206082.253786513
8174 9394 481695.586165886 4206082.630457129
8418 9394 484136.4244128437 4206081.713440563
8540 9394 485356.9305753875 4206081.117814172
8906 9394 489017.28719226684 4206081.124951007
9028 9394 490237.8296601754 4206079.110485492
9150 9394 491457.0704556075 4206080.660971702
9272 9394 492676.37487800414 4206077.861846301
9516 9394 495117.31961267843 4206082.317798568
9638 9394 496336.26993073354 4206077.307097661
9760 9394 497556.1822604859 4206082.835230488
9882 9394 498775.88401042996 4206081.961400353
10126 9394 501218.1076021284 4206077.810143873
10492 9394 504876.13119735284 4206082.275251851
10614 9394 506095.70299548015 4206081.6080428865
10858 9394 508536.80799508205 4206078.175939465
122 9516 401176.56735762954 4204861.554137266
366 9516 403615.29399295215 4204861.35837302
610 9516 406057.3207259305 4204861.085569054
732 9516 407277.4565276614 4204861.159669328
854 9516 408496.8828553859 4204862.070513851
1098 9516 410936.7505737131 4204862.205271616
1220 9516 412156.6395968203 4204861.858689925
1586 9516 415816.51680198574 4204858.47198061
1708 9516 417036.2692722891 4204858.161335481
1830 9516 418255.651494707 4204861.800903154
1952 9516 419475.6313457377 4204861.135220265
2074 9516 420695.9778039629 4204861.4545392
2196 9516 421916.3433300065 4204858.882898603
2318 9516 423135.70880418725 4204861.274955667
2440 9516 424355.5185330356 4204861.191437772
2684 9516 426796.01096787746 4204861.691855593
2806 9516 428016.0610634172 4204861.497427759
2928 9516 429235.93037560146 4204861.273592181
3172 9516 431675.968570374 4204861.029169983
3294 9516 432895.7497986828 4204861.136365897
3416 9516 434115.7132461142 4204861.227507595
3538 9516 435335.6738360801 4204861.933149606
3660 9516 436555.3288021873 4204861.797907058
3782 9516 437775.6092453314 4204861.209951571
3904 9516 438995.5794964551 4204862.179292213
4026 9516 440215.4431406981 4204861.945386721
4148 9516 441435.90209922876 4204861.959422983
4270 9516 442655.3183801043 4204862.697701213
4392 9516 443875.2725843807 4204861.684480702
4514 9516 445096.1694687852 4204862.162555791
4636 9516 446316.0276786483 4204861.562010986
5124 9516 451196.1724428765 4204857.517350602
5490 9516 454856.7195953954 4204861.445705789
5612 9516 456076.43336627947 4204861.550759724
5978 9516 459736.3736869639 4204861.614758076
6100 9516 460956.0922588519 4204858.201785166
6222 9516 462175.7146650885 4204857.329433576
6344 9516 463395.30329368194 4204858.265259224
6466 9516 464613.7893150498 4204860.665410165
6588 9516 465835.4170993553 4204858.626923104
6710 9516 467055.1908732287 4204858.0358143365
6832 9516 468276.2463359493 4204858.873408955
7320 9516 473155.60122424905 4204862.446969455
7564 9516 475594.1149326404 4204860.840115714
7686 9516 476815.5496454473 4204862.660588779
7808 9516 478036.09417041665 4204862.325117042
7930 9516 479255.822291369 4204861.934497321
8052 9516 480475.67503957014 4204857.629766555
8174 9516 481695.68317460845 4204862.449745905
8418 9516 484136.1448794065 4204862.2950003715
8540 9516 485355.48780955636 4204862.199672357
8662 9516 486576.5436632327 4204858.290958881
8906 9516 489016.9933972214 4204858.709029063
9028 9516 490237.26687989983 4204858.76083756
9150 9516 491456.90069356665 4204861.699080058
9394 9516 493896.5889351211 4204861.248777931
9516 9516 495116.3771893396 4204861.106139933
9638 9516 496336.9579617879 4204860.969670288
9760 9516 497556.92412932613 4204862.517271422
9882 9516 498776.79409970826 4204861.986354564
10004 9516 499996.2252519798 4204862.352267647
10614 9516 506095.1109460841 4204857.957866612
10736 9516 507315.4596721283 4204861.8516540425
10858 9516 508536.1341750797 4204858.264825833
122 9638 401176.55522506376 4203641.2449827455
244 9638 402397.07599601283 4203640.929276035
366 9638 403615.6547061058 4203641.237362583
488 9638 404836.04287771886 4203640.728879623
732 9638 407277.6520553505 4203641.150560917
976 9638 409717.00481297355 4203641.687883137
1220 9638 412157.27587677346 4203638.828670781
1708 9638 417035.5403382818 4203642.1276222365
1830 9638 418256.124437159 4203641.438962688
2074 9638 420696.04474870046 4203641.592277901
2196 9638 421916.55617278034 4203641.394736236
2684 9638 426797.0527198398 4203638.560407672
2806 9638 428015.61123422306 4203641.209416425
2928 9638 429236.0739496566 4203638.628116593
3050 9638 430455.2256690799 4203638.891761618
3172 9638 431673.7837890297 4203639.092651139
3294 9638 432895.0827010526 4203642.066167378
3416 9638 434115.43602214084 4203641.0433066115
3538 9638 435335.66153412435 4203641.5728954645
3660 9638 436555.2868819712 4203642.060804391
3782 9638 437775.5880921725 4203641.980181604
4148 9638 441433.85626352805 4203641.491668132
4392 9638 443875.4031134644 4203641.727706954
4514 9638 445095.48830368975 4203642.242731125
4636 9638 446315.92322079226 4203642.179782887
4880 9638 448756.7679446204 4203637.086566801
5124 9638 451196.04537614505 4203637.82809085
5246 9638 452415.99379283254 4203638.486376869
5368 9638 453635.3725197938 4203638.180859722
5490 9638 454855.5497188448 4203641.650862611
5856 9638 458516.2173111616 4203642.400155885
5978 9638 459736.25810355047 4203641.918302011
6100 9638 460955.72499935416 4203641.641508664
6222 9638 462175.3952851203 4203637.758598347
6344 9638 463395.1839670791 4203637.894727716
6466 9638 464615.28069438087 4203642.717597098
6588 9638 465835.35845871945 4203638.9571689265
6710 9638 467055.27967757976 4203638.115413692
6832 9638 468275.18298134755 4203638.294193819
6954 9638 469495.99316096987 4203638.545133875
7320 9638 473156.56574932183 4203641.198138555
7442 9638 474376.1222396537 4203638.521340457
7564 9638 475595.8476697203 4203641.984417033
7686 9638 476815.3477749096 4203642.586196851
7808 9638 478036.36651930615 4203638.461637634
7930 9638 479257.2150740846 4203637.793760007
8296 9638 482915.40796156117 4203637.419755314
8418 9638 484135.4477622308 4203637.366165063
8540 9638 485356.1325695646 4203637.543788303
8906 9638 489016.04936974205 4203638.277959031
9028 9638 490236.22852009727 4203641.640551061
9150 9638 491456.72790221917 4203640.6217969265
9272 9638 492676.7489150722 4203639.14419022
9394 9638 493896.88068101014 4203640.368029405
9516 9638 495117.05464490835 4203641.763052373
9638 9638 496336.57301748905 4203642.7141865725
9882 9638 498776.5395318784 4203642.276709234
10004 9638 499996.1067246524 4203642.0166190155
10126 9638 501215.72476934263 4203641.736759521
10248 9638 502435.59843716293 4203637.850407297
10614 9638 506095.1404945568 4203638.268214634
10736 9638 507315.26448997564 4203642.080228308
122 9760 401176.10224070924 4202419.623796551
244 9760 402396.26541258296 4202420.970262635
366 9760 403615.49478953995 4202422.108786042
488 9760 404836.25048035796 4202420.749501584
1342 9760 413376.8731059203 4202421.378233821
1708 9760 417035.54128357174 4202422.41549659
1830 9760 418255.26428986987 4202422.558287619
1952 9760 419475.1631083863 4202422.41158943
2074 9760 420695.13363768684 4202421.880023484
2196 9760 421915.2298209691 4202422.30903502
2928 9760 429236.33955379773 4202418.79794536
3050 9760 430456.72034823545 4202419.11500651
3416 9760 434116.13933601335 4202420.634372789
3538 9760 435336.12353190826 4202419.365625066
3660 9760 436555.93483029 4202421.332962077
3904 9760 438995.42585620604 4202420.697660368
4026 9760 440216.04045720346 4202421.332630111
4148 9760 441436.2308106915 4202421.417532656
4270 9760 442655.62565093784 4202421.772315422
4392 9760 443875.6536072987 4202422.273629321
4514 9760 445095.3624705975 4202422.294446258
4636 9760 446315.91902816 4202418.391419208
5002 9760 449976.1361670128 4202421.548367221
5124 9760 451196.45629219344 4202417.572779178
5246 9760 452415.5613517612 4202417.2364558205
5368 9760 453636.65763356886 4202421.0167932
5856 9760 458515.1444573936 4202421.771306713
5978 9760 459735.3156322407 4202422.615304024
6100 9760 460955.6517452019 4202417.358532785
6222 9760 462175.27768729796 4202417.475344593
6344 9760 463395.6603736339 4202422.017265739
6466 9760 464615.3883420266 4202422.211557701
6588 9760 465835.11329679 4202417.436642954
6710 9760 467055.00020047714 4202422.0486383
6832 9760 468275.01191163034 4202418.028498538
6954 9760 469495.12283801485 4202418.143649583
7320 9760 473156.0773400771 4202422.006077908
7564 9760 475596.5713786002 4202418.531837826
7686 9760 476816.0620773782 4202422.205756499
7808 9760 478036.7620843169 4202421.795729761
7930 9760 479256.7238901497 4202417.904192055
8052 9760 480477.1150623096 4202417.681814351
8174 9760 481696.63196110266 4202417.6766958395
8296 9760 482917.1046342601 4202417.384843213
8418 9760 484136.45160136715 4202418.395483487
8540 9760 485356.75930128474 4202421.041241344
8662 9760 486575.575625106 4202422.494950254
8906 9760 489016.0489348558 4202417.748791019
9028 9760 490236.14835045434 4202421.39934369
9150 9760 491456.85578683455 4202418.746605906
9516 9760 495116.8512546925 4202418.842545326
9638 9760 496337.06536358467 4202421.876602105
9882 9760 498775.9948536036 4202422.024339349
10004 9760 499995.9260209984 4202417.305527589
10248 9760 502435.97713136097 4202418.055253929
10370 9760 503655.5321843684 4202421.567065793
10736 9760 507315.2322323714 4202418.225422357
10858 9760 508535.01337584533 4202418.14899502
122 9882 401175.4286206262 4201201.6849566605
244 9882 402395.2226952284 4201198.39978711
488 9882 404836.0208612413 4201201.504880988
1708 9882 417035.62526216544 4201201.666098448
1830 9882 418255.4393714344 4201201.941472039
1952 9882 419475.03509622643 4201201.840124603
2074 9882 420695.2766881398 4201201.89711181
2196 9882 421915.23680041137 4201201.450168099
2562 9882 425576.2807201722 4201201.310732752
2684 9882 426795.6044790008 4201198.3043570155
2806 9882 428015.87962294684 4201202.0552130155
2928 9882 429235.7383332498 4201198.024812173
3416 9882 434116.0067925276 4201201.457810805
3538 9882 435336.12757883046 4201201.07688857
3660 9882 436556.65110102366 4201201.07324531
3782 9882 437776.5188916144 4201200.505124323
4270 9882 442656.26386987494 4201201.488880186
4392 9882 443876.1754882035 4201198.510499054
4514 9882 445095.9354590704 4201198.139408305
4636 9882 446316.28387656 4201198.050170133
5002 9882 449976.6655977803 4201197.049028568
5246 9882 452415.13273688935 4201198.9838938685
5368 9882 453636.56766708236 4201200.5158941755
5978 9882 459736.7433341667 4201199.016567181
6100 9882 460956.6882185303 4201197.196492381
6222 9882 462176.44628677185 4201197.491654707
6344 9882 463395.8489703908 4201197.580449212
6466 9882 464615.75386081636 4201197.89547708
6832 9882 468275.52436768747 4201198.300655536
6954 9882 469495.4418447607 4201197.200866041
7076 9882 470715.50158565544 4201197.867218392
7198 9882 471936.3438837846 4201197.812907614
7320 9882 473156.14003070083 4201201.572064648
7442 9882 474376.1344627275 4201197.6709767515
7564 9882 475596.8283765 4201197.560723235
7686 9882 476817.051358607 4201197.840232249
8052 9882 480476.6192475404 4201197.508347774
8174 9882 481696.6585459487 4201198.081525236
8296 9882 482916.40672333445 4201198.038188274
8540 9882 485356.1764423422 4201201.600227967
8662 9882 486576.45155364514 4201197.336741108
8784 9882 487796.13202625513 4201202.105104201
8906 9882 489016.7405290948 4201201.507025137
9028 9882 490236.7202377048 4201198.99997186
9150 9882 491456.3582843414 4201198.991988436
9272 9882 492676.2829842371 4201198.729851312
9394 9882 493896.28688111046 4201198.398454479
9516 9882 495116.6151553691 4201198.702798684
9760 9882 497557.25518759433 4201200.648923037
9882 9882 498776.4639102145 4201201.543122974
10004 9882 499996.0841492388 4201202.007757613
10126 9882 501215.8438128651 4201198.468870119
10248 9882 502436.51638423826 4201198.040076921
10370 9882 503655.82633340673 4201202.8155044615
10614 9882 506095.29009274964 4201202.125973041
10736 9882 507315.5602679353 4201201.211572451
10858 9882 508535.54801095603 4201199.013092785
122 10004 401175.794866302 4199980.914486354
244 10004 402395.4333675648 4199981.113020016
488 10004 404835.77187236736 4199981.729244819
610 10004 406055.3717803802 4199981.38619352
976 10004 409716.49936799967 4199980.957788212
1220 10004 412156.1426707781 4199981.332490542
1342 10004 413376.2143832846 4199980.818030793
1464 10004 414596.8007593526 4199981.42615176
1586 10004 415816.8183514893 4199982.371986578
1708 10004 417035.8713732843 4199982.616394857
1952 10004 419475.6621778529 4199981.804883916
2074 10004 420694.33170099993 4199980.801587697
2196 10004 421915.1210502662 4199979.058618359
2562 10004 425576.01440536266 4199978.245965598
2684 10004 426796.4772649859 4199978.244872497
2806 10004 428016.40832205035 4199978.768122547
2928 10004 429235.71063772077 4199981.595512132
3416 10004 434116.4031279709 4199979.623319097
3538 10004 435336.65698071476 4199980.5529395
3660 10004 436556.20051806036 4199981.091742691
3782 10004 437775.8418420503 4199980.945751548
3904 10004 438995.78082375444 4199980.912493165
4026 10004 440215.5875939774 4199981.563619944
4270 10004 442656.0937641781 4199980.968735899
4392 10004 443876.345030759 4199981.201346801
4514 10004 445096.9039659926 4199978.833054498
4636 10004 446316.64516807685 4199980.590600607
5002 10004 449976.0689135993 4199977.928833375
5124 10004 451196.19925874245 4199977.334686876
5246 10004 452415.65830094146 4199980.395147796
5368 10004 453637.1305364431 4199979.0231562955
5490 10004 454856.6463244778 4199981.447069909
5856 10004 458515.9267248483 4199982.343857703
5978 10004 459735.4617701571 4199982.437681567
6344 10004 463396.260342193 4199981.950485648
6466 10004 464616.1628969929 4199981.320314252
6588 10004 465836.11778265703 4199981.551665948
6710 10004 467056.1358778572 4199977.899336911
6832 10004 468276.2560121189 4199977.770424867
6954 10004 469496.2127408406 4199977.65815736
7076 10004 470715.45582503406 4199978.057607619
7198 10004 471936.3790918718 4199977.252442233
7442 10004 474377.0172961024 4199977.137540629
7686 10004 476815.856233696 4199978.3482396845
7808 10004 478036.6048020353 4199977.060005054
8174 10004 481695.90767863445 4199977.194638427
8296 10004 482916.2111570092 4199977.3260756135
8418 10004 484136.3774849154 4199978.49440702
8540 10004 485356.4295024693 4199981.582970064
8662 10004 486576.10610918363 4199981.796551414
8784 10004 487796.1203219495 4199981.493180809
8906 10004 489015.89600910404 4199979.078631825
9028 10004 490236.1128552885 4199981.259316244
9150 10004 491456.13383998885 4199977.672212896
9394 10004 493895.7703598552 4199981.343600047
9516 10004 495116.4437593929 4199978.005375746
9638 10004 496337.18897812715 4199979.508943749
9882 10004 498777.3090842241 4199980.900807877
10004 10004 499996.7502374892 4199981.508007382
10126 10004 501215.7105559791 4199982.156915399
10248 10004 502436.00383909536 4199978.006470778
10370 10004 503655.988869572 4199978.475923149
10492 10004 504875.75533087354 4199981.901337614
10614 10004 506095.91354445583 4199981.6181492
10858 10004 508535.67396712466 4199981.078222291
0 10126 399956.0795301039 4198760.728025729
122 10126 401175.7727219651 4198760.981837263
610 10126 406055.76085840765 4198761.401019189
732 10126 407274.0306861247 4198758.405911892
1220 10126 412155.4225755673 4198761.785422669
1342 10126 413375.7549920717 4198761.2831258895
2074 10126 420695.39942160086 4198762.506678147
2196 10126 421915.26716950926 4198762.119804032
2318 10126 423134.5381089877 4198760.394721626
2440 10126 424355.7051336551 4198758.355218474
2562 10126 425575.3390891303 4198761.07245403
2684 10126 426796.10239189 4198761.8872214705
2806 10126 428016.367110826 4198760.615387188
2928 10126 429236.10811911244 4198758.782493562
3050 10126 430455.87349855603 4198761.8057708405
3416 10126 434114.05668290507 4198757.936597065
3538 10126 435335.7389188022 4198758.226614996
3660 10126 436556.61677745765 4198758.57067388
3904 10126 438996.52933816187 4198760.477707734
4026 10126 440216.3916690973 4198760.98930738
4270 10126 442655.24197886145 4198762.013195045
4392 10126 443875.2837080431 4198761.400933843
4514 10126 445095.84054708976 4198761.838217493
4636 10126 446316.1602804267 4198758.219620761
4758 10126 447535.9598784011 4198761.251263699
5124 10126 451196.39587499754 4198758.199519638
5246 10126 452415.5948878395 4198758.750708681
5368 10126 453635.6053863571 4198758.832979922
5490 10126 454855.6145982368 4198757.462466389
5612 10126 456075.8412999869 4198757.507551651
5856 10126 458515.8722382811 4198758.679980531
6100 10126 460955.37581648486 4198757.403941123
6222 10126 462175.6958100969 4198757.176229863
6344 10126 463395.1300501415 4198757.9133400945
6466 10126 464614.02160118066 4198761.666877906
6710 10126 467055.5730106842 4198757.498875476
6832 10126 468275.8740300601 4198757.162077008
6954 10126 469495.490592264 4198757.912428918
7076 10126 470715.4512823347 4198757.195814553
7198 10126 471935.5537559795 4198757.488728688
7320 10126 473156.5697582401 4198757.776599813
7442 10126 474376.9143841786 4198759.154188378
7564 10126 475596.9081831577 4198758.23934569
7686 10126 476816.80225479405 4198758.185396114
7808 10126 478037.0693127723 4198758.088538165
7930 10126 479256.9594655562 4198757.251819765
8174 10126 481696.37159431126 4198757.412121322
8296 10126 482916.2748691213 4198757.236971311
8418 10126 484136.1825646911 4198757.492596614
8540 10126 485356.5624966871 4198758.444660956
8662 10126 486576.491140058 4198758.799400716
8784 10126 487796.6527919887 4198761.68773908
8906 10126 489016.167085982 4198758.724854617
9150 10126 491455.65339587635 4198758.53893281
9272 10126 492675.1705353857 4198758.322820448
9516 10126 495115.2750148512 4198758.394125121
9882 10126 498776.05349568365 4198761.822006927
10004 10126 499996.08033256617 4198761.904028884
10126 10126 501216.33317229635 4198761.878911519
10492 10126 504875.1532423446 4198758.188513873
10614 10126 506095.2777672182 4198757.397860881
10736 10126 507315.41197375767 4198761.7044315105
10858 10126 508535.2890051425 4198760.695780177
122 10248 401175.6365042966 4197538.562148165
976 10248 409715.1400595199 4197541.079873149
1098 10248 410935.9781362679 4197537.617005303
1220 10248 412155.5309403453 4197538.856930619
1342 10248 413376.11028645514 4197541.5421010675
1586 10248 415816.7757875921 4197537.805707582
1708 10248 417036.22997633065 4197541.351283937
1830 10248 418256.3984035933 4197541.553380114
1952 10248 419476.0748266297 4197541.871642773
2196 10248 421915.35593726323 4197542.3553878935
2318 10248 423135.0208568336 4197542.021626695
2440 10248 424353.50801490404 4197541.006591581
2562 10248 425574.4263809914 4197538.987962259
2684 10248 426794.09301699017 4197538.934333228
2806 10248 428015.1667883958 4197537.621301439
2928 10248 429235.4946397358 4197538.316954046
3050 10248 430455.30743588513 4197538.636046339
3416 10248 434115.7841037031 4197541.926137895
3538 10248 435335.54971510405 4197538.930754706
3782 10248 437775.30283530755 4197541.456337625
3904 10248 438995.6165157744 4197538.519921543
4026 10248 440215.59129464475 4197538.663036297
4148 10248 441436.4564752775 4197541.916539109
4392 10248 443875.7814854887 4197541.746559855
4514 10248 445095.84667517844 4197542.402510112
4636 10248 446314.26190000627 4197539.090834551
4758 10248 447536.1491308106 4197541.490844342
4880 10248 448755.49651505135 4197541.758050959
5002 10248 449975.9288253621 4197541.707382656
5124 10248 451196.95339926856 4197538.449355898
5246 10248 452415.452111147 4197537.401613343
5368 10248 453635.37969086866 4197540.958144678
5734 10248 457295.52847291355 4197537.438348865
6100 10248 460956.04946358124 4197537.901192508
6222 10248 462175.36834734806 4197542.038249541
6344 10248 463395.0792376546 4197537.325303967
6466 10248 464616.05923234747 4197538.246232377
6832 10248 468275.958016852 4197537.567010698
6954 10248 469496.80391652917 4197537.259000161
7076 10248 470715.9425231934 4197538.002014882
7198 10248 471935.93319738156 4197538.015732955
7564 10248 475596.68973280856 4197538.515694392
7808 10248 478037.076596216 4197538.579124307
7930 10248 479256.8486323221 4197537.490753018
8052 10248 480476.600254689 4197538.109965425
8174 10248 481696.7373571586 4197541.295097392
8296 10248 482916.9032597236 4197538.332224758
8418 10248 484136.5002233737 4197538.075710577
8662 10248 486576.3812557905 4197538.31943838
8784 10248 487796.47984303907 4197538.443791831
9028 10248 490236.12959688576 4197538.556263131
9150 10248 491456.2583186704 4197541.115578493
9272 10248 492675.97652897047 4197541.723700377
9394 10248 493895.8271456211 4197542.175736235
10004 10248 499996.809100735 4197537.869201201
10126 10248 501216.1004015566 4197542.209543504
10492 10248 504876.45262158575 4197541.619349027
10614 10248 506095.2918660709 4197538.982792539
10736 10248 507315.9083907996 4197538.189328062
10858 10248 508535.6790430006 4197538.467004963
122 10370 401175.81255891296 4196321.160127152
854 10370 408495.87689352356 4196322.058855819
976 10370 409715.8829021491 4196318.139182605
1220 10370 412155.5300694329 4196318.421721234
1464 10370 414595.8940457537 4196317.392073836
1586 10370 415816.2699608002 4196318.673824128
1708 10370 417036.8409542856 4196318.831182688
1830 10370 418256.9766609748 4196318.322709099
2196 10370 421916.37482784217 4196322.022120775
2318 10370 423136.16253081354 4196321.328996969
2440 10370 424356.50393546117 4196318.921572268
2562 10370 425576.55651499255 4196318.946531586
2684 10370 426795.86789799354 4196318.302097561
2806 10370 428015.92486372794 4196322.098106298
2928 10370 429236.46713762265 4196317.510282519
3050 10370 430456.11634055566 4196318.397799792
3416 10370 434116.0866510846 4196321.935447137
3538 10370 435335.0374676201 4196318.8333279705
3660 10370 436555.6338117061 4196321.072627934
3782 10370 437775.818987037 4196318.995371734
3904 10370 438995.5103131047 4196318.922930527
4026 10370 440215.5011300966 4196321.135865735
4148 10370 441435.088094227 4196321.377634809
4514 10370 445096.0039793002 4196320.530010652
4636 10370 446316.40586559416 4196320.855364506
4758 10370 447535.9405834018 4196321.89525252
4880 10370 448755.51076542557 4196322.191039467
5002 10370 449975.2844458869 4196317.640279345
5368 10370 453635.59912735876 4196318.448483006
5490 10370 454855.76175390364 4196321.55631074
5856 10370 458515.62041889323 4196317.747660336
5978 10370 459735.4746805129 4196318.626797515
6100 10370 460956.26834406087 4196317.333016598
6222 10370 462176.3461276749 4196318.290582478
6344 10370 463396.4002630231 4196318.199406292
6466 10370 464616.22345806047 4196318.365911865
6588 10370 465835.32979274396 4196317.487558294
6710 10370 467055.3803484097 4196317.735554763
6832 10370 468276.1432611233 4196317.241180563
7076 10370 470716.7667204631 4196318.978061024
7198 10370 471936.3059698985 4196319.037361814
7320 10370 473156.2530131427 4196318.9977436755
7442 10370 474376.60707903624 4196319.395362901
7564 10370 475596.83294631174 4196318.851953234
7686 10370 476816.94275042304 4196317.640673571
7808 10370 478036.95255121123 4196318.184368391
7930 10370 479257.0317477226 4196318.514107503
8052 10370 480476.75091315986 4196318.809881667
8174 10370 481696.8767004494 4196321.63296546
8296 10370 482916.26050590526 4196318.522947316
8418 10370 484135.9471686003 4196321.878235478
8662 10370 486575.8712241292 4196318.4970924305
8784 10370 487795.7193415437 4196318.625086491
8906 10370 489015.8552783736 4196318.185336531
9028 10370 490236.0979587323 4196321.112587504
9150 10370 491456.2415742354 4196322.05464434
9272 10370 492676.1052235304 4196318.639072397
9394 10370 493896.63700302143 4196320.813396096
9516 10370 495116.4469276764 4196321.524071113
10004 10370 499996.4511488649 4196322.291541571
10126 10370 501216.6508889401 4196322.0081822295
10248 10370 502436.1147230432 4196322.410437682
10492 10370 504875.5639279671 4196322.469613903
10614 10370 506095.21857880667 4196321.112746707
10736 10370 507315.4607306608 4196321.724592097
10858 10370 508536.0270028808 4196321.782809264
122 10492 401176.6744624323 4195101.6288365135
244 10492 402395.36630457744 4195097.634114231
366 10492 403615.9171638268 4195102.134048691
1098 10492 410935.29368731735 4195096.903877533
1464 10492 414595.73091598717 4195102.289523218
1586 10492 415815.71277306677 4195101.451768024
1708 10492 417035.8723125923 4195098.053803436
1830 10492 418255.7411312921 4195100.854068146
1952 10492 419476.6562230628 4195101.406728966
2196 10492 421916.7157080373 4195102.049536201
2318 10492 423135.9201454373 4195102.10226618
2562 10492 425576.08878431114 4195098.961427291
2684 10492 426796.0766924246 4195101.99917777
2806 10492 428016.2230217283 4195101.946303888
2928 10492 429236.8945445506 4195098.016045616
3050 10492 430457.3049829014 4195101.260696655
3172 10492 431676.44727083395 4195098.9021224715
3294 10492 432896.4282560471 4195101.365867285
3416 10492 434116.7373385766 4195099.343190734
3538 10492 435336.73718311475 4195100.875709709
3660 10492 436556.94086647703 4195098.014445886
3782 10492 437776.40070705744 4195098.848375361
3904 10492 438995.96242045274 4195098.926927607
4026 10492 440215.8169648273 4195098.873383929
4148 10492 441435.32403393276 4195101.493452596
4514 10492 445095.0573571945 4195101.256365725
4758 10492 447536.11772874277 4195101.672249787
4880 10492 448756.5429794764 4195099.022540705
5002 10492 449976.59630256117 4195101.025850226
5124 10492 451195.687912647 4195101.212652437
5246 10492 452415.5721675709 4195099.028423244
5368 10492 453636.4272478182 4195098.132447731
5490 10492 454855.6984453637 4195100.988290205
5978 10492 459736.358803371 4195096.937675503
6222 10492 462177.1445686907 4195101.406326337
6466 10492 464615.63311766787 4195102.235307236
6588 10492 465835.7775296349 4195097.14557435
6710 10492 467056.23847633257 4195097.380641116
6954 10492 469494.7149208482 4195100.728720013
7076 10492 470716.10115850146 4195098.640640128
7198 10492 471936.34656011604 4195098.848259253
7320 10492 473156.3562465298 4195099.173474121
7442 10492 474376.73458371445 4195099.408143479
7564 10492 475597.19388568954 4195100.889457229
7686 10492 476816.89026007015 4195098.751617421
7930 10492 479256.8200720048 4195101.404918788
8052 10492 480476.6068302922 4195098.878799885
8174 10492 481696.638670792 4195098.088177431
8418 10492 484135.85970861965 4195098.19455861
8540 10492 485355.73196403915 4195098.320324677
8662 10492 486575.2606106155 4195101.60441835
8784 10492 487795.3347592068 4195098.082633166
8906 10492 489014.2555573646 4195100.485902963
9028 10492 490235.6185273842 4195098.449175645
9150 10492 491455.6094631093 4195101.848773349
9272 10492 492675.41056839365 4195102.1907426
9394 10492 493895.6837144966 4195102.043108244
9516 10492 495115.83664627606 4195101.12080832
9638 10492 496335.64471979276 4195101.753374728
10126 10492 501217.39137195406 4195100.98959574
10248 10492 502437.1079442174 4195101.910935947
10614 10492 506095.9187101449 4195102.415815522
10858 10492 508535.9363248952 4195098.3341355175
1220 10614 412156.5611293027 4193878.218690127
1342 10614 413376.0913217236 4193878.443072377
1464 10614 414596.2360367722 4193881.323494532
1586 10614 415815.74207403563 4193878.3425068185
1708 10614 417035.3076106678 4193878.0343891587
1830 10614 418255.6372794622 4193879.8496785983
1952 10614 419475.51444062334 4193881.431719751
2074 10614 420695.95067739073 4193882.20062483
2196 10614 421916.68047995627 4193880.718785652
2318 10614 423137.015533424 4193881.82565453
2440 10614 424356.5845400297 4193878.37954631
2562 10614 425576.5732715703 4193879.1287255473
2684 10614 426795.7318989277 4193877.140207582
2806 10614 428015.28336719616 4193882.0664083483
2928 10614 429235.47434097726 4193882.1820294047
3050 10614 430455.1287322854 4193882.221995285
3172 10614 431675.69826540287 4193881.8390426366
3660 10614 436557.29990972165 4193880.642835793
3782 10614 437776.27451233775 4193881.919876349
3904 10614 438996.8822501269 4193881.0875299787
4026 10614 440216.72366099886 4193880.655788482
4148 10614 441436.4045057186 4193880.3757282766
4270 10614 442656.43560748955 4193880.749614197
4392 10614 443876.0333018753 4193880.9467182597
4636 10614 446315.8339216061 4193880.8408121467
4758 10614 447535.9344341301 4193878.3864627155
4880 10614 448755.78512101155 4193879.1567858476
5002 10614 449975.8937124037 4193882.4184135487
5124 10614 451195.7645746372 4193882.327278261
5368 10614 453635.28937198245 4193877.697467746
5490 10614 454855.521581747 4193878.9792070137
5612 10614 456075.2617128216 4193878.8570744945
5734 10614 457295.55955824506 4193878.4275484476
5856 10614 458515.7433367042 4193878.2930474887
6222 10614 462176.1927303171 4193877.6807555594
6344 10614 463396.7310486487 4193877.58441641
6710 10614 467056.7613461933 4193877.197559053
6832 10614 468275.801686937 4193878.062546538
6954 10614 469495.68913239794 4193878.4428288518
7076 10614 470715.69732143666 4193879.241819376
7198 10614 471935.4121814265 4193879.095204804
7320 10614 473155.3024532236 4193878.753489064
7442 10614 474376.01556572993 4193878.3123891167
7564 10614 475597.19201806805 4193878.732153559
7686 10614 476817.11845195945 4193878.9545825664
7808 10614 478037.40626368445 4193879.2393845664
7930 10614 479256.89506705804 4193881.4209037954
8052 10614 480476.61211795354 4193878.01859706
8174 10614 481697.0162308708 4193878.4218315957
8296 10614 482916.4283460414 4193881.5935778134
8418 10614 484136.8915651866 4193881.742817615
8540 10614 485356.13476729434 4193882.204409819
8784 10614 487795.42023050674 4193877.6388583854
9028 10614 490235.65918388235 4193882.320955557
9150 10614 491455.25274676253 4193881.5150670996
9272 10614 492675.9690288893 4193878.264293166
9394 10614 493895.9203271956 4193881.6039727563
9516 10614 495116.1527436844 4193878.600188968
9638 10614 496335.81179509463 4193880.6051284913
9760 10614 497556.4675720642 4193881.959666689
10004 10614 499995.8669697998 4193881.2386102974
10126 10614 501216.8287546169 4193878.679083879
10248 10614 502436.86794497084 4193878.2621864723
10492 10614 504876.3652082242 4193878.8427910963
10614 10614 506096.25993112946 4193882.0762633383
10736 10614 507315.8895125797 4193881.722565082
10858 10614 508535.17599940376 4193880.934717322
854 10736 408496.3240352191 4192657.483596554
1098 10736 410936.56498661725 4192661.4343080325
1342 10736 413376.67008665693 4192659.0144705093
1586 10736 415816.60343020543 4192661.063980977
1708 10736 417036.1809858808 4192661.7776989825
1830 10736 418257.14887838985 4192660.650003682
1952 10736 419477.1818817365 4192658.421039385
2074 10736 420696.4272294149 4192658.3371224673
2196 10736 421916.53872857883 4192658.045869477
2440 10736 424357.1392351176 4192658.058615391
2562 10736 425575.2815539557 4192661.9543634206
2684 10736 426795.86465758673 4192662.029394838
2928 10736 429234.28408877784 4192661.120956485
3050 10736 430455.25407914136 4192657.055841416
3782 10736 437774.5736314031 4192661.829875296
3904 10736 438995.42976539 4192661.5942074694
4026 10736 440215.4992797736 4192659.0800279537
4148 10736 441435.8439157072 4192658.5448338734
4270 10736 442656.0846457751 4192661.5710692694
4392 10736 443875.70607484796 4192662.0299330708
4514 10736 445096.2241449648 4192661.2146971943
4636 10736 446316.7444115456 4192661.276668027
4758 10736 447536.3505467901 4192659.771893883
4880 10736 448756.4743988788 4192660.5473074764
5124 10736 451195.9636049778 4192661.756983484
5246 10736 452415.7190701616 4192661.6278709434
5368 10736 453633.7030503956 4192658.8830877338
5490 10736 454855.64097955986 4192661.2174198916
5612 10736 456074.41428569803 4192660.9900112962
5734 10736 457295.30792330886 4192661.71208793
5856 10736 458515.6020051473 4192658.653114088
5978 10736 459735.93476715597 4192658.1833181027
6222 10736 462175.01697173447 4192657.816518382
6344 10736 463395.4197339881 4192657.87092949
6466 10736 464615.611384448 4192657.7740261257
6710 10736 467055.22763879324 4192657.489415572
6832 10736 468275.6797133829 4192658.5610943493
6954 10736 469496.09252726356 4192662.0415442735
7076 10736 470715.60747704946 4192657.898032942
7198 10736 471935.77263864654 4192658.5235769097
7320 10736 473156.2254135273 4192658.706278896
7442 10736 474376.3321196941 4192660.6342923706
7564 10736 475597.4315978519 4192661.000970034
7686 10736 476817.2294550381 4192660.826705917
7808 10736 478036.98262676684 4192660.840985465
7930 10736 479257.01287163177 4192661.0048172204
8174 10736 481696.51026562403 4192661.954757871
8296 10736 482916.4910499239 4192661.4708889183
8418 10736 484136.4238800995 4192662.285229915
9150 10736 491455.8572931238 4192661.9365439108
9272 10736 492675.7624392087 4192662.1666195784
9394 10736 493896.37733994063 4192658.2414877787
9516 10736 495115.7940701655 4192662.018260016
10004 10736 499996.8380306124 4192658.1901669204
10126 10736 501216.37604444806 4192661.735219649
10248 10736 502437.6694482845 4192658.133089169
10492 10736 504876.5767161079 4192661.31253446
10736 10736 507316.612977486 4192658.9945554715
10858 10736 508536.4854891492 4192661.484881417
122 10858 401175.11981743254 4191441.556383429
366 10858 403614.7468098802 4191441.260441552
732 10858 407275.50092087843 4191442.1679691225
1342 10858 413376.39666176034 4191440.9715623045
1464 10858 414596.42105471104 4191441.2603507973
1586 10858 415816.3200699026 4191440.780254122
1708 10858 417036.0915547354 4191441.346196306
1952 10858 419477.0425985023 4191441.7663189173
2074 10858 420695.82889943366 4191442.1903486177
2440 10858 424357.1086852111 4191438.4259694507
2562 10858 425575.6378344449 4191441.970409629
2684 10858 426795.809883796 4191441.4426972475
2806 10858 428016.9015056751 4191438.5572726633
2928 10858 429236.6468994425 4191438.285988041
3050 10858 430455.8076175333 4191442.1640593484
3538 10858 435335.83525505895 4191441.4297090685
3782 10858 437776.0306013042 4191441.9745488465
4148 10858 441435.2178239022 4191441.568508099
4270 10858 442655.77372341114 4191438.156429355
4392 10858 443875.02684977866 4191442.121641116
4636 10858 446315.4895456173 4191438.649281455
4758 10858 447535.2569830829 4191441.300828277
4880 10858 448755.9388591775 4191441.3088785587
5002 10858 449975.5348158053 4191442.041438453
5124 10858 451195.47419360507 4191442.2490765555
5368 10858 453634.095646371 4191441.0935538057
5734 10858 457295.8607928168 4191438.642828417
5856 10858 458515.8612969416 4191440.6882935204
5978 10858 459736.1206203185 4191441.072385025
6100 10858 460956.251903353 4191440.6839799313
6222 10858 462176.0293399344 4191438.4743824787
6344 10858 463396.33835433127 4191441.4694606178
6466 10858 464616.37447422073 4191437.554316966
6710 10858 467055.4230753282 4191438.1332495473
6832 10858 468275.0766599769 4191438.1075506853
6954 10858 469494.16549141577 4191441.103853508
7076 10858 470714.3713246168 4191438.2753113937
7198 10858 471935.3289567027 4191438.3067751527
7320 10858 473155.36124261963 4191438.1227884702
7442 10858 474375.72322253423 4191441.8896022905
7564 10858 475596.36571500794 4191439.3578224853
7686 10858 476816.1584592675 4191439.155352665
7808 10858 478036.5042225872 4191440.7879536087
8174 10858 481696.4771734451 4191442.313472527
9150 10858 491455.48899508757 4191441.3855309403
9272 10858 492675.8145387624 4191441.5078629507
9760 10858 497556.4864532691 4191440.657345497
10004 10858 499997.27789168427 4191440.9742030334
10492 10858 504876.4576307049 4191442.4239374017
10614 10858 506096.79800240323 4191438.3615275426
10736 10858 507316.9639650489 4191438.455567306
10858 10858 508536.4902965458 4191437.83763515
10980 10858 509756.760899478 4191439.1538715595
1586 10980 415816.9504442205 4190220.273421174
1830 10980 418255.69695525395 4190217.4434144925
6222 10980 462178.10294188175 4190218.548556851
6954 10980 469495.4009597936 4190217.8384917155
7320 10980 473156.00749891455 4190217.2326716864
7808 10980 478036.8026848769 4190220.3540803064
9394 10980 493896.4503907303 4190218.528226749
