610 4514 412158.0049853531 4209741.47736382
427 4575 408497.12682791846 4208519.681005953
488 4575 409716.6360443361 4208519.28969424
610 4575 412156.2230325477 4208519.001900604
854 4575 417036.6206488152 4208520.659456174
1281 4575 425577.2926354969 4208518.246372423
427 4636 408497.1944506491 4207299.694142828
610 4636 412157.4666629204 4207299.062145663
671 4636 413377.2685486388 4207299.327628839
854 4636 417036.35022270656 4207298.409413794
976 4636 419477.31085036224 4207298.467454777
1037 4636 420696.91765658645 4207298.562406059
1098 4636 421916.15126068046 4207297.842597319
1159 4636 423136.57775297697 4207298.799922018
1403 4636 428016.0675310131 4207298.501592439
2074 4636 441436.6309248007 4207299.056994697
2135 4636 442657.0075809352 4207300.343840093
183 4697 403616.76287592755 4206076.952641338
244 4697 404838.14555448684 4206079.415147632
305 4697 406057.4690270854 4206079.4231394185
427 4697 408497.90680008254 4206079.169291522
549 4697 410937.2398011668 4206078.1556518525
854 4697 417037.01663266803 4206079.013169214
976 4697 419476.316973433 4206078.064657047
1098 4697 421917.25967869186 4206077.779167236
1342 4697 426796.0484106808 4206078.367849846
1403 4697 428015.9945875009 4206077.983978104
1586 4697 431676.80184288695 4206077.834399276
1647 4697 432896.5391193229 4206078.799611178
1708 4697 434116.31172992534 4206078.416503074
1769 4697 435336.62496204756 4206078.598642191
1830 4697 436557.1503879111 4206078.23423991
1891 4697 437776.5296683096 4206078.078518974
122 4758 402396.1851790667 4204857.710860637
183 4758 403616.2656230666 4204859.284166945
305 4758 406056.3845023359 4204859.111202366
366 4758 407276.73255749076 4204859.011484835
793 4758 415817.2992533946 4204858.338299633
976 4758 419476.70956263173 4204858.024037693
1098 4758 421916.44241482764 4204857.910546628
1159 4758 423136.06560885947 4204858.176373644
1220 4758 424356.20896888303 4204857.6393120065
1281 4758 425577.07776691846 4204857.786838066
1342 4758 426796.74803911464 4204858.401397969
1464 4758 429236.7249585255 4204857.808212742
1586 4758 431676.93327533465 4204858.199137602
1647 4758 432897.13495424524 4204858.820119697
1708 4758 434117.43301825423 4204858.936913488
61 4819 401175.8826230345 4203637.76456025
122 4819 402396.27168494026 4203636.990627562
183 4819 403617.5379793915 4203638.839348864
1220 4819 424356.6480012254 4203637.923372739
1281 4819 425575.89832164324 4203638.060198499
1342 4819 426796.4216233557 4203638.823135764
1525 4819 430458.00720320933 4203638.868450784
183 4880 403617.31140708184 4202418.351072064
854 4880 417036.2408672429 4202417.254186444
915 4880 418255.8302778725 4202417.96763783
976 4880 419475.4590032307 4202418.043135168
854 4941 417036.8714053995 4201198.632522457
915 4941 418256.93544176396 4201197.983974919
976 4941 419477.0402637767 4201197.876004237
1037 4941 420696.88756054937 4201198.225364384
793 5002 415816.61409430765 4199978.100622038
1037 5002 420695.9829204461 4199978.378404011
1098 5002 421915.869255634 4199978.107678463
976 5124 419476.23676766205 4197538.348441974
