488 0 704841.9396996241 4900015.724956299
1830 0 718261.6491918791 4900015.487585672
3294 0 732898.4192840033 4900015.770001686
122 122 701180.9440038892 4898796.273075588
244 122 702401.0517560159 4898795.908518962
366 122 703621.3795498521 4898796.343330141
488 122 704842.1920193643 4898795.282528765
610 122 706062.1824132851 4898793.5804199055
732 122 707281.4637552934 4898795.454580675
1342 122 713381.9953282687 4898796.565257862
1464 122 714599.4153005965 4898796.108185875
1586 122 715819.1211261699 4898796.672672535
1708 122 717039.3071552182 4898796.476022883
2196 122 721921.9899784552 4898796.43314669
2318 122 723140.8998358297 4898795.553693581
2440 122 724361.2883188109 4898796.622775482
2684 122 726801.5705954718 4898796.316587557
3050 122 730461.0041767398 4898796.647629465
3172 122 731681.4874369816 4898795.853571147
3294 122 732901.2866808987 4898796.220305216
3416 122 734122.0813323059 4898795.700637796
3538 122 735341.938895161 4898795.863769036
3660 122 736562.02998222 4898796.035220696
4758 122 747540.5231562485 4898795.538914283
5002 122 749981.3879428782 4898796.419643206
5124 122 751198.8844413925 4898796.416658762
5246 122 752418.833597942 4898796.300059287
5734 122 757298.8574125188 4898796.331736376
6100 122 760962.5298722903 4898795.929139078
6222 122 762181.9367249627 4898797.757142125
6344 122 763403.0929726214 4898797.091804168
6710 122 767059.4507540421 4898796.246787132
122 244 701181.2722587123 4897575.338396756
244 244 702400.9871973618 4897575.308267235
366 244 703619.6584820622 4897576.041354342
488 244 704842.0275380209 4897575.974518959
610 244 706060.9743372509 4897575.419548915
732 244 707281.8978448043 4897575.809421908
854 244 708501.6459245255 4897575.276535077
976 244 709722.8164313214 4897575.819164573
1220 244 712159.0204197755 4897576.265202679
1342 244 713379.0262800888 4897575.509376198
1464 244 714600.7530175573 4897576.037788473
1586 244 715818.471957686 4897575.634124242
1952 244 719481.3820697697 4897576.186078155
2074 244 720701.0075990779 4897576.992728621
2318 244 723141.723694885 4897576.445869117
2562 244 725580.20587026 4897577.126905836
2684 244 726801.7538874215 4897576.366314502
2928 244 729241.1048535573 4897576.947393326
3172 244 731682.1663959287 4897575.275638613
3294 244 732901.5828832147 4897575.827625182
3416 244 734121.5169156364 4897575.677258524
3538 244 735340.2783864448 4897575.821748701
3660 244 736560.7573314543 4897574.803196294
3782 244 737782.1525052618 4897576.002512457
4026 244 740221.5906517599 4897576.084264726
4392 244 743879.5425089032 4897575.630561244
4514 244 745101.1129421702 4897575.299353541
4636 244 746321.7963971461 4897575.7316873595
5124 244 751198.5496355254 4897576.351556442
5490 244 754862.3889053332 4897575.840329511
5978 244 759741.897173623 4897576.640629309
6100 244 760961.1556837287 4897575.780319109
6954 244 769501.9345212529 4897576.265673173
7320 244 773162.377137075 4897575.357353747
122 366 701182.4733861568 4896356.400646077
244 366 702402.1999522256 4896356.219318401
366 366 703618.3537884313 4896355.440236724
488 366 704839.0976208883 4896355.110857588
610 366 706061.3486138935 4896355.308853406
732 366 707281.0442354716 4896355.618391987
854 366 708500.8911631813 4896356.87442227
976 366 709719.0203513857 4896356.338819561
1098 366 710939.011013111 4896356.639569144
1220 366 712160.8300214214 4896355.889135267
1342 366 713381.2539667407 4896356.216618022
1464 366 714601.3528238427 4896355.974083895
1586 366 715820.9630676601 4896355.558391766
1708 366 717041.7939352101 4896355.554773333
1830 366 718257.8336074685 4896355.483157891
1952 366 719481.2637525051 4896356.615398384
2074 366 720701.3106136465 4896356.03465368
2318 366 723141.2540283249 4896356.697698019
2440 366 724361.4690093797 4896355.707710348
2684 366 726801.7905951723 4896356.472533372
2806 366 728021.6650848881 4896356.207115773
2928 366 729241.4665969432 4896356.033048358
3050 366 730458.8594911264 4896355.831491121
3172 366 731681.7604635876 4896356.45755949
3294 366 732901.2933816594 4896355.8733007945
3538 366 735341.4188271883 4896355.611919404
3782 366 737780.8765386184 4896355.05810225
4026 366 740220.2660713932 4896355.6731757205
4270 366 742660.2805613993 4896357.486699564
4392 366 743882.15488817 4896356.266859145
4636 366 746320.1910656773 4896355.036852137
4880 366 748758.8662986453 4896356.37657199
5002 366 749981.5779111082 4896356.475263123
5246 366 752423.884470837 4896355.3875814
5856 366 758521.5561868384 4896356.314982204
6100 366 760958.9802973262 4896354.388342495
6222 366 762180.3639876033 4896355.089719466
6344 366 763400.5368677801 4896357.060643199
7076 366 770721.7010394031 4896355.59227783
7198 366 771942.4973591968 4896355.236792363
7320 366 773162.0548714832 4896356.132771453
7442 366 774381.2096610831 4896355.695716319
122 488 701178.4714084363 4895135.343445113
244 488 702398.4801404417 4895136.32290533
366 488 703622.3868564721 4895135.257384761
488 488 704841.426515472 4895136.196090039
610 488 706058.7460089516 4895135.897913364
732 488 707282.161322592 4895135.978658961
854 488 708501.5854481602 4895135.047877718
976 488 709720.8205920268 4895137.084498513
1098 488 710940.7399930268 4895136.157075565
1220 488 712161.3770200294 4895136.382467884
1342 488 713378.7490243289 4895136.196127035
1464 488 714598.2174009829 4895136.026122974
1708 488 717038.819571955 4895136.467574493
1830 488 718259.3501753033 4895135.90529857
2074 488 720699.1784315911 4895135.507211344
2196 488 721922.2781626133 4895136.934327518
2440 488 724358.6779243189 4895136.427982045
2684 488 726800.9221925169 4895136.830594552
3050 488 730461.8212510985 4895136.073023421
3172 488 731678.6562612796 4895135.780829373
3416 488 734122.0812162252 4895135.196860177
3782 488 737781.1593431515 4895136.00827677
3904 488 739000.4644313027 4895134.025435597
4392 488 743881.8925381069 4895135.52414642
4636 488 746318.9173742625 4895136.212878474
4880 488 748761.1223801521 4895137.2312474875
5002 488 749981.4177976451 4895135.602738976
5124 488 751198.9813884394 4895135.928107457
5246 488 752422.6486948591 4895135.112053494
5856 488 758519.6590787303 4895137.573933775
6222 488 762181.8441150768 4895136.684217692
7442 488 774381.0816821468 4895136.890672683
7564 488 775600.2077106697 4895136.470331381
122 610 701181.3941478558 4893916.012967648
244 610 702399.044780556 4893913.9610398505
488 610 704838.3802066596 4893913.215270914
610 610 706061.493833757 4893915.7405131515
732 610 707281.5063695713 4893915.320775805
854 610 708501.0938898635 4893915.345131594
976 610 709719.0705002804 4893916.084603898
1098 610 710942.2360209688 4893915.975431995
1220 610 712162.1037459201 4893915.752854996
1342 610 713381.0041857186 4893916.126817961
1464 610 714601.9409480154 4893916.884170717
1586 610 715821.5557146922 4893916.000071215
1708 610 717041.7610384877 4893916.055802742
1952 610 719481.3107138125 4893915.880937285
2074 610 720701.6764906048 4893916.162447111
2196 610 721918.1560986022 4893915.8743703365
2318 610 723138.341438615 4893916.196359851
2562 610 725581.2995032897 4893915.724818666
2684 610 726801.0829226021 4893916.38916248
2806 610 728018.789459972 4893916.537786518
2928 610 729241.1632357527 4893915.223685711
3050 610 730461.6801360479 4893915.901377128
3172 610 731681.6100695656 4893916.38731388
3294 610 732901.4855348108 4893916.546662552
3416 610 734121.5528993631 4893915.29880615
3538 610 735338.2915906138 4893916.046804338
4270 610 742659.360479695 4893915.549504673
4514 610 745100.8416939112 4893915.338665397
4636 610 746318.791478148 4893915.849982317
4758 610 747541.2493084698 4893916.318659516
4880 610 748760.0459512196 4893915.089044727
5002 610 749979.708944574 4893915.600762171
5124 610 751201.1288597193 4893913.706505059
5246 610 752421.4941998579 4893915.634117609
5368 610 753640.8094530187 4893915.761117674
5734 610 757302.2836453734 4893917.438415594
6588 610 765841.4339914479 4893916.280324792
6710 610 767060.9108747981 4893917.207059986
7076 610 770720.5285476337 4893915.800162666
7320 610 773160.6560518659 4893916.882435912
7686 610 776822.8948829033 4893917.450880549
122 732 701181.4409868199 4892696.540264963
244 732 702401.1050781036 4892695.359696069
366 732 703621.7372775105 4892695.082420158
488 732 704841.2073558973 4892693.865364526
610 732 706062.5342125356 4892696.717924951
732 732 707280.6545339721 4892696.251435942
854 732 708502.2663865141 4892695.991155426
976 732 709722.7506176706 4892693.249769183
1098 732 710941.4232497818 4892695.183204135
1220 732 712159.5260549886 4892696.994371267
1464 732 714597.9071889956 4892695.462906435
1586 732 715821.7290230972 4892696.1838741
1708 732 717041.2702390307 4892695.214685358
1830 732 718261.7650761019 4892695.899321661
1952 732 719478.2121051812 4892696.721549781
2074 732 720698.2275532152 4892696.2192354165
2196 732 721922.4893824826 4892695.824564377
2440 732 724361.9519761797 4892695.338663204
2562 732 725577.7683912818 4892695.284942654
2684 732 726801.6954137745 4892695.971612674
2806 732 728022.3933364192 4892695.999220891
3050 732 730461.2931111885 4892696.828633599
3538 732 735341.3440605906 4892696.989060708
3782 732 737781.7310980604 4892696.796380842
4026 732 740222.3755178688 4892696.295619896
4148 732 741442.8462233918 4892695.296622007
4270 732 742661.6045354215 4892695.846474684
4636 732 746321.2689088928 4892695.4990582345
4758 732 747541.3961765093 4892695.970035136
4880 732 748760.8251510058 4892695.6516613625
5002 732 749980.6975108216 4892695.561626645
5124 732 751200.8408997696 4892695.369782633
5246 732 752421.4431057475 4892695.7645646
5368 732 753642.3068137079 4892695.341871824
5490 732 754862.0778496476 4892696.309662904
5856 732 758520.7997335282 4892697.933639477
5978 732 759739.2314140861 4892695.300393674
6100 732 760961.5013125698 4892695.399154615
6710 732 767060.7035166353 4892697.182444219
6832 732 768282.7766309007 4892697.379997925
7320 732 773160.4593974857 4892696.03194478
7442 732 774379.6346575745 4892697.878897057
7564 732 775599.552549851 4892696.79287554
7686 732 776821.6318676384 4892698.510207272
244 854 702398.2851017545 4891472.777160964
366 854 703621.9844102784 4891475.467569566
488 854 704842.8631411467 4891476.372110795
610 854 706061.5802446564 4891477.153396285
732 854 707280.7478778991 4891476.70737158
854 854 708500.9779028938 4891476.541319461
976 854 709718.2472223722 4891473.309767374
1098 854 710941.7590642663 4891475.642642741
1342 854 713381.0020014775 4891477.070872357
1586 854 715821.2439149936 4891475.904401572
1708 854 717041.1468338806 4891476.265464872
1830 854 718262.5403286765 4891475.819928428
1952 854 719481.7483469405 4891475.857444833
2074 854 720701.5506903783 4891475.390163412
2196 854 721921.1343235249 4891475.8774071485
2318 854 723139.1495008803 4891476.193783506
2562 854 725581.7725017157 4891476.274730438
2684 854 726801.9294229461 4891475.987704854
2806 854 728022.4467576224 4891475.611402892
2928 854 729240.5273555134 4891477.376501085
3050 854 730460.6725975 4891477.334109539
3172 854 731681.7066700909 4891476.708031253
3416 854 734121.499498847 4891477.287685043
3538 854 735338.6344778839 4891476.681348521
3660 854 736561.546382494 4891476.478223921
3782 854 737781.1176117678 4891476.507685949
3904 854 739001.4344866902 4891474.545096698
4026 854 740221.7132458162 4891476.57502205
4148 854 741441.2039708743 4891476.155734769
4270 854 742661.7014527139 4891475.653287209
4758 854 747541.0365460847 4891475.087112322
4880 854 748761.3148921134 4891475.230306278
5002 854 749981.7412738809 4891475.014241757
5124 854 751201.7638523934 4891475.849480256
5246 854 752419.0300963278 4891475.923295158
5368 854 753642.2903410429 4891475.563873509
7198 854 771941.5970190772 4891476.781046432
7320 854 773161.8726963869 4891476.002263507
7564 854 775601.321365656 4891475.350918053
7930 854 779259.6076420561 4891476.88014684
0 976 699959.1599420247 4890254.272204525
122 976 701181.6333309952 4890255.3451403845
244 976 702401.8249137234 4890255.296977294
366 976 703622.229747563 4890256.590057857
488 976 704838.9437865204 4890256.070274327
610 976 706059.0485056855 4890255.932578645
732 976 707281.9427905508 4890256.347899884
854 976 708499.3700170754 4890256.360302714
976 976 709720.6788680962 4890256.854546576
1098 976 710941.684062195 4890257.088149348
1220 976 712158.7695765136 4890256.6418829495
1830 976 718261.6919371497 4890255.276928299
2074 976 720701.3910528718 4890255.847738048
2196 976 721921.2609815778 4890255.853691152
2440 976 724362.0235001346 4890255.656193326
2562 976 725580.7928373998 4890255.070277752
2684 976 726798.4160240808 4890255.970085799
2806 976 728018.2691802095 4890256.134202298
2928 976 729241.7462260562 4890255.820156193
3050 976 730462.1183226296 4890255.734733305
3172 976 731682.489814762 4890256.047563874
3294 976 732901.5089040131 4890256.126836513
3416 976 734120.7860161496 4890256.215490466
3660 976 736561.0852806456 4890256.111665903
3904 976 738999.1319920486 4890256.8835195275
4026 976 740221.651339205 4890257.2111467775
4148 976 741441.8020128557 4890256.893002665
4270 976 742661.2226092241 4890256.958819582
4636 976 746321.3893520086 4890256.490486467
5002 976 749981.833825158 4890256.117789982
5246 976 752419.2828461376 4890254.598264311
5368 976 753640.6186343619 4890256.619418068
5612 976 756079.2446422882 4890256.001447419
5734 976 757299.7245617573 4890256.677345498
5856 976 758518.4412903489 4890254.6276618615
7076 976 770722.4511070809 4890256.05514818
7320 976 773160.4196804215 4890257.086161577
7930 976 779261.1107263337 4890255.155836762
122 1098 701181.177597905 4889036.198061707
244 1098 702401.2131516036 4889035.594517769
366 1098 703621.5882746348 4889035.603107857
488 1098 704840.5460454652 4889035.922867338
610 1098 706060.79183126 4889036.768451475
732 1098 707278.8683567331 4889035.848089151
854 1098 708500.7701333308 4889036.062852506
976 1098 709720.5885302512 4889036.617922165
1098 1098 710941.2753270594 4889036.407444514
1830 1098 718259.0466218756 4889036.388957814
2318 1098 723141.1984370325 4889036.0506858
2440 1098 724361.0387933238 4889035.813730691
2562 1098 725581.4939067401 4889036.782857036
2684 1098 726797.9162008888 4889036.412467829
2806 1098 728017.7325755741 4889036.048267691
2928 1098 729240.2212024839 4889036.013368942
3172 1098 731678.6391761038 4889036.02207979
3294 1098 732898.5652104535 4889036.601979498
3416 1098 734121.8199638606 4889036.606863423
3538 1098 735341.3908093738 4889036.117796653
3660 1098 736561.7027959261 4889036.443029694
3782 1098 737781.033163737 4889036.776909985
4026 1098 740220.6198533742 4889036.816731075
4270 1098 742660.5939980194 4889037.001758798
4392 1098 743879.20025382 4889036.570473195
4514 1098 745100.8548690032 4889036.569480128
4880 1098 748761.8062330594 4889036.220098449
5002 1098 749981.5644639544 4889036.10239747
5124 1098 751201.486993378 4889035.774704127
5246 1098 752421.5049322705 4889035.470663312
5368 1098 753641.719296612 4889035.891343909
5490 1098 754859.1173174197 4889036.124701865
5612 1098 756078.5274834598 4889037.247962104
5734 1098 757302.3200812109 4889036.199368735
5856 1098 758521.0567090404 4889033.353322575
5978 1098 759741.040655968 4889036.230488222
6100 1098 760961.0195719195 4889036.556066142
6222 1098 762180.4319791611 4889036.524973041
7930 1098 779260.0486544383 4889037.126673678
8052 1098 780482.3661049713 4889037.335405689
0 1220 699959.0090560562 4887814.53379803
122 1220 701181.0512870988 4887813.516477467
244 1220 702401.2584011068 4887815.040380693
488 1220 704838.1106191791 4887815.646369134
610 1220 706058.5529984577 4887815.254769867
732 1220 707280.8578539718 4887815.668912042
854 1220 708501.5777315751 4887815.962022382
976 1220 709717.8847920675 4887815.7173246415
1098 1220 710938.2135169267 4887816.190856888
1220 1220 712158.829234463 4887816.027840172
1952 1220 719480.9178705316 4887815.8119050935
2074 1220 720698.6320977276 4887815.96402475
2196 1220 721917.948625989 4887815.716989666
2318 1220 723141.2152975072 4887815.891725286
2440 1220 724361.0529773462 4887816.158883972
2562 1220 725581.315887797 4887815.429444518
2684 1220 726800.9571421976 4887815.19619395
2806 1220 728018.2948491323 4887815.100800241
2928 1220 729238.6416416122 4887815.586362702
3050 1220 730460.7379863127 4887815.181786048
3172 1220 731681.1841118293 4887816.06559187
3294 1220 732900.8657725335 4887816.3840903025
3416 1220 734121.205594008 4887816.30839201
3538 1220 735338.1936174071 4887815.888720156
3660 1220 736558.1593817645 4887816.750858667
4026 1220 740221.4157979849 4887816.706341033
4148 1220 741441.4658487216 4887816.441419397
4270 1220 742659.4445521726 4887816.579995085
4514 1220 745100.3808199194 4887816.839592865
4636 1220 746320.5912950544 4887816.4765712945
4880 1220 748761.9499069288 4887817.461686736
5124 1220 751201.7010126711 4887815.808625623
5246 1220 752421.8817707171 4887816.301681885
5368 1220 753641.0123837275 4887816.873666678
5490 1220 754861.232322202 4887816.596497616
6100 1220 760962.1928216583 4887815.952148796
6222 1220 762181.8846015151 4887815.994444627
122 1342 701182.1689268611 4886595.894199055
244 1342 702402.3466719589 4886595.172989396
366 1342 703618.0729902239 4886593.806301331
488 1342 704838.9066607875 4886595.50955165
610 1342 706060.7627914398 4886595.453270338
732 1342 707282.0396170611 4886595.686372796
854 1342 708498.0128890995 4886595.512768597
976 1342 709718.5734623114 4886596.018730525
1098 1342 710941.1344037289 4886596.023230232
1220 1342 712162.4476902231 4886597.080900499
2074 1342 720701.4230752566 4886596.691884535
2196 1342 721921.5348815294 4886596.48754767
2318 1342 723138.4484782598 4886595.524135624
2440 1342 724361.8785899809 4886596.28647683
2562 1342 725578.7602519841 4886596.561318763
2684 1342 726798.3040716241 4886595.546058965
2806 1342 728021.2184586991 4886595.442973652
2928 1342 729239.0575303743 4886595.486414995
3050 1342 730461.1427199049 4886596.165086161
3172 1342 731681.1250911359 4886595.304166364
3294 1342 732902.0588335799 4886595.3571221335
3416 1342 734121.5625218127 4886596.949372322
3538 1342 735341.5652406606 4886596.468624481
3660 1342 736559.0575236467 4886597.17615143
3782 1342 737779.024067153 4886595.92992309
3904 1342 738999.2579461467 4886596.171761694
4026 1342 740221.3014062855 4886596.697876374
4148 1342 741441.2798969002 4886596.767581046
4270 1342 742659.3002275057 4886595.984683223
4392 1342 743881.2866776716 4886596.547581828
4514 1342 745101.2172199963 4886595.829315127
4636 1342 746321.3537910169 4886596.558961192
4758 1342 747541.6103115246 4886596.608947056
5002 1342 749980.2185794808 4886596.463541854
5124 1342 751201.2979991063 4886596.824220643
5246 1342 752420.9993156075 4886596.751987678
5368 1342 753639.1916172182 4886596.250494939
5490 1342 754860.3568224016 4886596.458687952
5612 1342 756081.5012322866 4886596.678562696
5734 1342 757301.1709150065 4886596.8105620975
5856 1342 758521.0978415671 4886597.070466221
5978 1342 759741.547993282 4886596.298385476
6466 1342 764621.958902639 4886596.825990542
244 1464 702402.1942224024 4885375.100508313
366 1464 703621.3164914508 4885376.131990425
488 1464 704842.0076849408 4885375.401750269
610 1464 706061.7794403102 4885376.230681846
732 1464 707278.3282812531 4885375.941431452
2318 1464 723137.9350723642 4885377.21281191
3416 1464 734122.8630852131 4885376.110806867
3538 1464 735341.0579603377 4885377.97943576
3660 1464 736561.9639942326 4885375.758359023
3782 1464 737782.2597380284 4885375.098674086
3904 1464 739001.8589232608 4885376.633153948
4026 1464 740221.4718703171 4885376.557277183
4148 1464 741439.0183554747 4885376.588323942
5246 1464 752421.9541135263 4885375.459523418
5368 1464 753642.4722232579 4885375.263183469
122 1586 701182.1916663714 4884155.658110322
244 1586 702402.4758744987 4884155.2681590095
366 1586 703618.4527297628 4884155.955407752
488 1586 704838.2291305944 4884155.983062998
610 1586 706058.3771937664 4884155.906777852
732 1586 707278.3705439995 4884155.789446597
5124 1586 751201.509386066 4884156.66999788
0 1708 699958.9222030401 4882937.543925374
122 1708 701181.0441159125 4882936.335293004
244 1708 702402.4226211846 4882935.642847107
366 1708 703622.1184726245 4882936.259445897
488 1708 704840.7773696468 4882935.62845556
610 1708 706061.9281886449 4882937.02059458
732 1708 707278.1485916238 4882936.748753217
976 1708 709720.9136600764 4882935.49182755
1098 1708 710941.7840364235 4882935.136583285
1220 1708 712157.9675106648 4882935.398140169
1342 1708 713377.995707576 4882935.95742311
1464 1708 714598.2075912986 4882936.149226032
1586 1708 715818.0359317753 4882936.08147037
1708 1708 717041.1417655817 4882935.241023421
1830 1708 718262.9633669219 4882937.166025567
1952 1708 719480.6311301313 4882935.4152281005
2318 1708 723139.4552503986 4882935.924839894
2440 1708 724358.4614407053 4882936.460530228
2562 1708 725577.5822650642 4882936.281664652
2684 1708 726798.8693935544 4882936.247523209
3172 1708 731682.1481849593 4882935.600902916
3294 1708 732902.8825596385 4882935.290376914
3416 1708 734122.3694702698 4882935.483949591
3538 1708 735341.9888176384 4882937.006786467
3904 1708 739002.3861118971 4882935.561500225
4880 1708 748759.124639576 4882935.963283712
244 1830 702401.0492852564 4881716.316438844
366 1830 703621.060745023 4881716.520825877
488 1830 704841.5971077137 4881715.484257399
610 1830 706062.1203915096 4881715.580045124
732 1830 707278.165374134 4881715.17682159
854 1830 708498.7343274263 4881715.873915824
976 1830 709721.0546919062 4881715.022848548
1098 1830 710939.0007657222 4881716.290396428
1220 1830 712158.1937219437 4881715.843252713
1342 1830 713378.8613178472 4881715.956846992
1464 1830 714601.362844957 4881716.273559488
1586 1830 715818.6381298017 4881716.334322379
1708 1830 717038.402911926 4881715.380489675
1830 1830 718261.5059761438 4881716.296284064
1952 1830 719481.7496915215 4881715.593180368
2074 1830 720698.324761764 4881715.779647775
2196 1830 721920.6972729949 4881716.0523514375
2318 1830 723138.7450217258 4881716.49840458
2440 1830 724358.2388867312 4881716.958500177
2562 1830 725578.5439625247 4881716.8256274145
2684 1830 726801.0028190085 4881716.855353183
2806 1830 728021.89916408 4881716.719206819
3294 1830 732901.1419506988 4881715.514109163
3416 1830 734121.3029030113 4881715.945903342
244 1952 702400.8492583128 4880496.731290307
366 1952 703620.6026104459 4880497.050226036
488 1952 704842.3148864883 4880496.621743489
610 1952 706061.336371554 4880496.820031758
732 1952 707282.1751283542 4880495.481740093
854 1952 708497.9507417278 4880496.011223396
976 1952 709720.712613094 4880495.989575773
1098 1952 710941.2568707928 4880495.539555482
1220 1952 712161.199144819 4880496.188106777
1342 1952 713378.3653679915 4880496.879121563
1464 1952 714599.1926628596 4880495.6494226325
1586 1952 715818.5113013932 4880495.9498547055
1708 1952 717038.1723923156 4880495.606591984
1830 1952 718258.2136537696 4880495.94955022
1952 1952 719481.8674451308 4880496.698167062
2074 1952 720700.9231763412 4880496.206113563
2196 1952 721920.9578027006 4880496.344427989
2318 1952 723138.9402656995 4880496.64107608
2440 1952 724359.0855335911 4880496.653438145
2562 1952 725581.0337254803 4880496.414952822
2684 1952 726798.8290181574 4880495.919468723
2806 1952 728021.3021496858 4880495.799346188
2928 1952 729238.7843974585 4880495.565076779
3538 1952 735339.6427373496 4880497.772084004
3782 1952 737778.2804562566 4880497.308294636
3904 1952 739000.2713683324 4880496.87643244
122 2074 701182.4038598904 4879275.572851649
610 2074 706060.8413979415 4879276.622065645
732 2074 707281.6297274476 4879276.793025524
1220 2074 712161.7933103036 4879275.602844331
1342 2074 713382.270639963 4879277.594826997
1464 2074 714598.6881247581 4879276.211793826
1586 2074 715818.96388681 4879275.842196321
1708 2074 717041.6478856242 4879275.207890551
1830 2074 718261.5807417993 4879276.369587283
1952 2074 719478.2643698266 4879275.9635453345
2074 2074 720700.9698549901 4879276.325833755
2196 2074 721921.1973800291 4879275.79693763
2318 2074 723138.4411266416 4879276.174681467
2440 2074 724360.7688874127 4879276.586739149
2562 2074 725578.683837645 4879276.310159653
2684 2074 726802.6237930905 4879276.08744536
3050 2074 730463.1174492796 4879277.479667687
3782 2074 737782.5515518227 4879275.784047664
4026 2074 740221.2474561314 4879275.390661886
4148 2074 741441.5339283895 4879276.029415448
732 2196 707281.623533884 4878056.978831138
1708 2196 717042.2281238262 4878055.680145079
1830 2196 718261.6037303815 4878054.468241486
1952 2196 719477.8431590438 4878055.728971138
2074 2196 720698.2747411953 4878056.313459805
2318 2196 723137.8544248913 4878055.069916063
2440 2196 724357.7966384741 4878055.603386413
2562 2196 725581.067987989 4878056.563765927
2684 2196 726801.5010023965 4878056.337140563
2806 2196 728021.8176479203 4878055.722251934
2928 2196 729242.0095816016 4878055.135603685
3904 2196 739002.1389880502 4878057.114702486
4026 2196 740222.1271301939 4878056.068597204
122 2318 701181.6082205523 4876835.675312286
732 2318 707281.7736715266 4876836.064941761
1830 2318 718261.269751397 4876836.167172041
1952 2318 719481.7749572779 4876836.356846674
2074 2318 720702.3447461673 4876835.5347763635
2196 2318 721922.1572462991 4876835.913697412
2318 2318 723138.0462152389 4876835.081376188
2440 2318 724357.7032225393 4876835.844915126
2562 2318 725577.656437991 4876836.262874648
2684 2318 726802.039322559 4876836.0472839875
2928 2318 729242.3281775459 4876836.491556531
3050 2318 730461.570976698 4876836.596283075
3172 2318 731682.1784877419 4876835.591483725
3782 2318 737782.473243543 4876835.986951403
3904 2318 739002.3836991766 4876835.300594367
4026 2318 740222.369240438 4876837.098732743
122 2440 701177.4036069853 4875616.891137448
732 2440 707277.92980104 4875616.185072373
854 2440 708502.1068170798 4875616.058117053
1464 2440 714601.2344636008 4875616.1336520165
1586 2440 715821.3195773237 4875617.056529876
1708 2440 717041.7040575626 4875616.600998038
1830 2440 718261.4231809214 4875616.246410907
1952 2440 719478.400124655 4875616.658686617
2074 2440 720698.3519392142 4875616.2375622215
2318 2440 723141.1972341747 4875616.863186755
2562 2440 725581.3754508834 4875615.998975016
2684 2440 726801.9182567379 4875616.096549623
2806 2440 728020.4173355423 4875616.945738861
2928 2440 729241.262706735 4875616.777980434
3050 2440 730461.0897130361 4875616.664993656
3172 2440 731682.0652562672 4875615.896840358
3782 2440 737781.8297425142 4875616.229012285
4026 2440 740221.9368430551 4875616.034915022
5246 2440 752419.3709014076 4875616.656496817
5490 2440 754861.807799858 4875617.022027953
122 2562 701177.9046479336 4874396.579292525
1342 2562 713381.9168943925 4874396.281585053
1464 2562 714601.8272145127 4874395.9185710205
1586 2562 715818.6288275307 4874396.122862449
1708 2562 717041.2327379332 4874395.3599694725
1830 2562 718261.2464752618 4874396.873712954
1952 2562 719481.3369184962 4874396.687628059
2074 2562 720697.6944286305 4874395.934653066
2196 2562 721921.5415304309 4874395.8843169
2318 2562 723141.4857710219 4874396.752351262
2440 2562 724358.9206239469 4874395.961557713
2684 2562 726800.6441859462 4874397.298840548
2806 2562 728021.2163645405 4874396.388492621
2928 2562 729241.2724493009 4874396.447100585
3050 2562 730461.6236107987 4874396.043491292
4026 2562 740222.454222759 4874396.500103257
4514 2562 745101.7044128391 4874396.269273169
4758 2562 747541.2189704647 4874396.472965939
5002 2562 749981.0460161121 4874396.3286746815
5124 2562 751200.9085465568 4874396.927302361
5246 2562 752421.256769261 4874396.737363414
5490 2562 754861.0645242786 4874395.9342039665
122 2684 701180.4605538134 4873175.197952377
244 2684 702401.6610479921 4873176.699267646
366 2684 703621.2425187634 4873175.230628527
488 2684 704838.0450820785 4873175.366579835
1830 2684 718257.5547075098 4873177.202627839
1952 2684 719481.3371810578 4873175.778662896
2196 2684 721920.9594116544 4873176.51984382
2318 2684 723139.0380570295 4873175.587118382
2562 2684 725581.7947461243 4873176.350388044
2806 2684 728020.4522324726 4873176.194283149
3904 2684 739001.1997147222 4873176.86044218
4026 2684 740221.1165349496 4873176.830007415
4148 2684 741441.5133075878 4873176.6182284
4392 2684 743882.4602550839 4873176.454366155
4514 2684 745101.8200556142 4873176.291600566
4636 2684 746321.861501439 4873175.544006767
4880 2684 748762.0536715593 4873175.417488259
5002 2684 749981.1436757544 4873177.2010329515
5124 2684 751201.0988221148 4873177.870743446
122 2806 701179.630182338 4871954.263879486
244 2806 702401.1966040725 4871955.859842732
366 2806 703621.3285122712 4871955.223828763
488 2806 704840.0191059678 4871955.454555881
1342 2806 713381.1483232914 4871955.753590848
2074 2806 720700.886332844 4871956.808093338
2318 2806 723141.0997729145 4871956.292033364
2440 2806 724358.2653753238 4871956.61987172
2562 2806 725581.6849659584 4871956.832830181
2684 2806 726801.7449432127 4871956.533965208
2806 2806 728022.0102320842 4871956.584894567
3782 2806 737781.5783333194 4871956.824671426
3904 2806 739001.3361769723 4871957.192423636
4026 2806 740221.8678549315 4871956.842521639
4148 2806 741441.7888006245 4871956.640767053
4270 2806 742661.4420013389 4871956.966638402
4392 2806 743881.0534987189 4871956.817103551
4514 2806 745097.6808485889 4871956.22602152
4636 2806 746321.3960124027 4871955.8569267765
4758 2806 747542.105347429 4871955.442386629
4880 2806 748761.0713720708 4871956.157789971
5002 2806 749978.5382865164 4871955.981047126
244 2928 702398.1122872845 4870735.383750307
488 2928 704841.9420276098 4870735.903404461
610 2928 706060.6936262558 4870735.365505806
732 2928 707278.7539087074 4870735.937831278
2074 2928 720701.7093013203 4870737.285914896
2318 2928 723140.8264518405 4870737.0004297085
2440 2928 724358.5626976922 4870736.55707986
2562 2928 725581.1696647304 4870737.004547084
2684 2928 726801.3302170392 4870736.478694825
2806 2928 728021.8934179099 4870736.157906965
2928 2928 729241.4957526586 4870736.564769794
3660 2928 736561.1439945573 4870735.754878205
3782 2928 737781.2051072016 4870737.3637876455
3904 2928 739000.7948998525 4870736.986158169
4026 2928 740218.8879517615 4870737.161053238
4148 2928 741441.3255342181 4870736.798835757
4270 2928 742661.7232272717 4870736.361443671
4514 2928 745102.0149799845 4870736.378302334
4636 2928 746321.8981390677 4870736.48265297
4758 2928 747540.7788124987 4870736.6537852455
122 3050 701180.8374982654 4869516.873092663
244 3050 702399.0909258252 4869515.488999314
366 3050 703621.4158269882 4869515.377192575
488 3050 704837.2449731233 4869515.414687814
732 3050 707277.8082333483 4869515.21406225
2440 3050 724362.0468935029 4869515.938314826
2562 3050 725582.1021923906 4869516.191166007
2684 3050 726802.3618954394 4869516.299960158
2806 3050 728021.3879450968 4869516.259913132
2928 3050 729238.669572231 4869516.981925133
3050 3050 730461.553794621 4869515.868925261
3660 3050 736561.3134537337 4869516.658370686
4026 3050 740221.2835099726 4869516.610582422
4148 3050 741440.4221905238 4869516.749701013
4270 3050 742660.7321613876 4869516.446822296
4392 3050 743880.9975397488 4869516.853186474
4514 3050 745101.491354351 4869516.530261048
244 3172 702401.5499678421 4868296.350745289
366 3172 703620.8851122666 4868296.047667039
488 3172 704841.2695220951 4868295.722091596
976 3172 709722.0544464702 4868295.597196071
1098 3172 710939.3063083013 4868295.946797979
2562 3172 725581.7566261564 4868296.123030308
2684 3172 726801.1848638679 4868296.842534315
2806 3172 728021.0234520161 4868296.866217437
2928 3172 729241.259587092 4868296.168675337
3538 3172 735341.7740369398 4868296.669116025
3660 3172 736561.2415715086 4868297.099072823
4392 3172 743881.6332356342 4868295.7570828665
4514 3172 745101.1134677356 4868296.125677856
4636 3172 746321.1303116095 4868295.484458131
4758 3172 747540.9317711316 4868298.390761782
366 3294 703619.0316087034 4867076.108092523
854 3294 708500.8936775285 4867075.122659006
2562 3294 725581.9133873617 4867075.142980673
2684 3294 726801.7226369848 4867076.593163164
2806 3294 728021.8923381496 4867076.677930588
2928 3294 729241.483495833 4867076.265216795
3416 3294 734121.4455323289 4867076.156664024
3660 3294 736562.6772187009 4867075.9829773465
4392 3294 743881.2453146486 4867076.689031728
4514 3294 745102.1563609333 4867076.620976237
2684 3416 726800.9556521863 4865856.017002927
2806 3416 728021.6464091378 4865856.355470086
2928 3416 729241.647448109 4865856.429227329
3050 3416 730461.4653137067 4865856.19019672
3172 3416 731681.5515799593 4865856.667237996
3294 3416 732901.7128254484 4865856.71922728
3416 3416 734121.3923062228 4865857.0669616405
3538 3416 735341.0398274017 4865856.711666676
3660 3416 736561.0530167102 4865856.965088902
854 3538 708501.8587539211 4864636.685567879
2684 3538 726801.6800562408 4864636.284323701
2806 3538 728021.0489128743 4864636.675181561
2928 3538 729241.1884191605 4864636.89771748
3050 3538 730460.4259294774 4864637.217184712
3172 3538 731680.8143177361 4864636.775075253
3416 3538 734121.4350009284 4864636.399468898
3538 3538 735341.9737028636 4864636.140504266
2684 3660 726801.6948655192 4863416.466016362
2806 3660 728021.8300621298 4863416.539988167
3050 3660 730459.189375819 4863415.349334257
3294 3660 732900.5874171065 4863415.7274125945
3416 3660 734120.8667039659 4863416.096387403
3538 3660 735340.4249523489 4863416.770391219
5002 3660 749981.2136458579 4863417.45668479
3172 3782 731678.1898648477 4862198.058678613
3416 3782 734121.0907282227 4862196.419340348
3538 3782 735341.3394296503 4862196.345538943
3660 3782 736558.9781119252 4862196.139399973
4392 3782 743880.6763381386 4862196.774441017
4514 3782 745101.5666921273 4862196.0598497065
4636 3782 746321.9754101145 4862195.768599416
4758 3782 747541.1886077134 4862197.078139579
4880 3782 748760.5477994308 4862197.29653352
5002 3782 749981.4330387425 4862197.005769474
5124 3782 751201.7820354644 4862196.83126873
3294 3904 732898.8098236219 4860976.19947319
3660 3904 736561.779511545 4860976.108484978
3782 3904 737781.7086531908 4860976.4856925
3904 3904 739001.1587604461 4860976.513328159
4026 3904 740220.7254212223 4860976.081680169
4148 3904 741440.8983152652 4860976.20198612
4270 3904 742660.7896742781 4860976.540087293
4392 3904 743880.6192022507 4860976.43849167
4514 3904 745099.6490714282 4860976.587930467
4636 3904 746321.9231323381 4860976.058710309
4758 3904 747538.4250875195 4860976.816622351
5002 3904 749981.1574575363 4860976.552461744
3660 4026 736560.7934421746 4859756.723780621
3782 4026 737781.857236767 4859756.611178747
3660 4148 736561.601941775 4858537.168153375
3782 4148 737782.1902994361 4858536.563740504
4026 4148 740221.5930777262 4858537.035675969
3904 4392 739001.3041874144 4856097.77649357
