9882 3782 398817.56584897847 4662231.807218593
9760 4026 397597.09218741494 4659792.521462491
9394 4148 393936.0574226557 4658572.599006503
9882 4270 398816.6380513988 4657351.621922011
10126 4270 401256.4820506425 4657353.2641608305
10004 4392 400037.8887984414 4656131.844547278
10126 4392 401258.35616837465 4656135.757112825
9760 4514 397596.35031799815 4654912.58003601
9394 4758 393938.02810008446 4652472.29620484
9150 5002 391497.4605938142 4650032.953983074
9150 5124 391497.7668003093 4648811.97626608
9150 5246 391497.8773707195 4647592.449720568
9272 5368 392717.44246931776 4646371.65672086
9028 5490 390275.9916815233 4645153.63017069
9272 5612 392717.1214227217 4643932.162811125
9028 5734 390277.47783844883 4642712.146780246
9150 5734 391495.26036588044 4642712.313730702
9272 5734 392716.70047002117 4642712.5918010725
9272 5856 392717.3176627558 4641492.316719479
