854 1708 517058.4616118943 4565870.505535173
915 1708 518278.7120747355 4565868.956708921
854 1769 517058.60677946487 4564649.023254133
915 1769 518280.23466550274 4564648.407862127
1037 1769 520719.0040736875 4564648.752744926
1098 1769 521940.58631547313 4564650.977731549
1098 1830 521938.9592855134 4563431.342673569
854 1891 517058.530216153 4562207.401126504
915 1891 518277.73255258036 4562208.797296796
976 1891 519498.2095730271 4562208.335259132
1220 1891 524377.0097827169 4562208.330910948
671 1952 513397.4837547045 4560988.304002347
732 1952 514619.1597554927 4560986.803223815
976 1952 519497.497752383 4560991.757794715
1098 1952 521938.742358954 4560988.221732477
1464 1952 529257.4239496689 4560992.609374568
732 2013 514620.65039930516 4559766.610302849
793 2013 515840.6631028618 4559767.038321845
976 2013 519497.40657214116 4559767.6181807285
1159 2013 523157.36469709553 4559771.790773001
1342 2013 526818.6732476539 4559768.523266219
1464 2013 529257.5874358411 4559768.427047243
1525 2013 530477.5380819516 4559768.54018595
732 2074 514618.4751295731 4558547.792309072
793 2074 515840.7797425767 4558547.936261846
854 2074 517058.5854222392 4558552.227273781
915 2074 518279.08455296984 4558552.352472422
976 2074 519499.58374793525 4558548.217647533
1220 2074 524378.1141536448 4558546.798874014
1281 2074 525601.0950283094 4558546.933190769
1464 2074 529258.1620404953 4558548.340658218
1586 2074 531697.7638077163 4558551.770757478
1647 2074 532918.99014912 4558551.650347472
793 2135 515841.7574227443 4557328.622833581
1037 2135 520721.08936898335 4557328.611082538
1098 2135 521938.92565362365 4557326.927417385
1159 2135 523158.65956541104 4557332.249194883
1281 2135 525601.0180681468 4557326.582375561
1403 2135 528038.6861568729 4557326.129418799
1464 2135 529261.5547636119 4557327.480500657
1525 2135 530478.0685971634 4557332.0798589075
1647 2135 532918.5463231404 4557328.110802619
1708 2135 534140.97777345 4557331.547735068
671 2196 513398.032380981 4556109.079938003
1037 2196 520717.96911574464 4556107.738012708
1098 2196 521938.113535174 4556112.76160339
1159 2196 523158.3401083825 4556107.983503592
1220 2196 524381.1627685132 4556112.664894824
1281 2196 525600.4222236525 4556107.869444189
1464 2196 529262.9093451451 4556107.787661108
1525 2196 530480.4474766259 4556111.479102547
1586 2196 531698.5398453937 4556108.845752154
1647 2196 532921.1290885364 4556111.788044411
549 2257 510958.75754767336 4554889.177828843
610 2257 512179.1842663188 4554890.145185706
671 2257 513399.0339144547 4554888.715852701
793 2257 515839.4249688759 4554888.196419867
854 2257 517059.39750606596 4554889.456336061
1281 2257 525601.4391665803 4554889.324025888
1403 2257 528041.5826569672 4554887.882491258
1769 2257 535359.7956469622 4554891.576496262
2196 2257 543897.8246452339 4554892.04949732
488 2318 509738.6172150838 4553668.002530963
610 2318 512179.5058768034 4553667.428384816
671 2318 513398.55424990033 4553668.184141235
732 2318 514621.24632826296 4553669.085798936
793 2318 515841.16385259596 4553667.89215391
915 2318 518278.95035128837 4553671.254742657
976 2318 519500.99974261643 4553667.471424523
1098 2318 521939.482749997 4553667.029236127
1159 2318 523160.7034165559 4553668.138553093
1342 2318 526821.0490388306 4553668.46167341
1464 2318 529260.1651631222 4553671.271710496
1586 2318 531701.6887134314 4553670.996510638
1647 2318 532921.1246709645 4553672.547837781
1708 2318 534142.6110608452 4553671.944083834
2013 2318 540240.0905878827 4553669.945849634
549 2379 510960.8506056497 4552448.211525394
610 2379 512180.491987752 4552448.161164549
793 2379 515837.4213315925 4552451.524866116
854 2379 517061.4102496378 4552448.905247832
915 2379 518279.2781694947 4552447.97427502
1220 2379 524381.9311879799 4552448.110517424
1342 2379 526822.022867535 4552451.326780241
1525 2379 530479.2717809001 4552450.254688966
1708 2379 534141.8834062989 4552448.56942165
2013 2379 540238.3300643036 4552452.181302043
2074 2379 541461.1839272872 4552448.4834545385
488 2440 509738.28190030635 4551224.424118051
610 2440 512177.51173677435 4551227.705618126
732 2440 514618.86844187963 4551230.9803713085
1037 2440 520721.5948576098 4551227.417545249
1159 2440 523158.64686938 4551228.405195662
1220 2440 524377.3627007747 4551226.955182737
1403 2440 528037.8221806451 4551229.021739382
1464 2440 529257.5491014991 4551231.379179453
1525 2440 530478.1934648526 4551229.581357194
1647 2440 532918.56309038 4551231.7033590125
1708 2440 534137.1842108178 4551228.698509398
1769 2440 535358.1022027978 4551228.969848148
2013 2440 540238.3940656978 4551232.086788441
2318 2440 546341.8874106454 4551231.44591942
549 2501 510958.6155730302 4550007.968619202
610 2501 512178.760557458 4550007.6387403505
854 2501 517059.0718558885 4550006.965148696
976 2501 519499.8122431586 4550007.060506419
1037 2501 520720.29077029193 4550007.698813367
1403 2501 528038.863915531 4550011.649738766
1464 2501 529258.1263002871 4550013.155760813
1586 2501 531698.6132201507 4550013.170819467
1647 2501 532921.7608393724 4550008.787037599
2013 2501 540238.3896948555 4550011.232015561
2074 2501 541460.9991436582 4550012.110204326
2318 2501 546341.0879051588 4550011.757931553
732 2562 514618.78067851294 4548788.149262955
793 2562 515840.8433088888 4548787.431338542
854 2562 517058.8180855811 4548785.968990495
1159 2562 523160.1113437856 4548792.110347467
1281 2562 525602.0011674112 4548785.985389238
1403 2562 528041.6966466827 4548792.842985617
1586 2562 531698.5698423074 4548793.214077175
1647 2562 532920.5747884962 4548789.025155999
1769 2562 535360.6927830701 4548790.78929646
2013 2562 540239.3350457714 4548791.554596172
2135 2562 542679.6807685224 4548791.268030626
2196 2562 543898.4983077666 4548791.712884932
2318 2562 546339.6592046885 4548791.299353278
488 2623 509738.5937550224 4547568.220482666
671 2623 513399.12942246464 4547568.69033028
854 2623 517060.9797998025 4547564.716123641
915 2623 518279.3625490033 4547564.780579502
1037 2623 520721.462361144 4547564.4972802065
1159 2623 523158.260104462 4547568.469720489
1281 2623 525601.5106648589 4547567.729441661
1525 2623 530478.93155005 4547568.5349314045
1708 2623 534139.2355680885 4547572.647031275
1769 2623 535360.2655487135 4547571.927757851
2013 2623 540240.5764414781 4547568.904329574
2074 2623 541458.7427914937 4547569.441056596
2135 2623 542680.8871080282 4547571.3872777745
2196 2623 543900.5309400209 4547571.489765848
549 2684 510958.28789587633 4546347.4038439635
732 2684 514621.6655315226 4546343.903622554
793 2684 515841.30714561197 4546346.986163869
854 2684 517061.93315816985 4546343.659485604
1220 2684 524378.8068160607 4546347.47284202
1281 2684 525601.6762799929 4546351.7921834085
1342 2684 526821.4783099431 4546346.96266885
1525 2684 530477.8675839244 4546347.238038272
1891 2684 537797.9991624356 4546352.112483509
1952 2684 539020.7661834013 4546348.1720543895
2135 2684 542679.5430168669 4546349.152860099
976 2745 519501.9301227105 4545124.098341339
1037 2745 520718.32746755274 4545126.821571838
1098 2745 521940.6732653908 4545127.596083729
1159 2745 523158.6572568055 4545126.26361997
1220 2745 524382.1710409009 4545126.847740513
1464 2745 529262.8100868021 4545127.312510618
2013 2745 540238.9450364127 4545131.00775342
2074 2745 541460.5045679914 4545127.698429315
2135 2745 542679.0714408376 4545131.59261388
671 2806 513400.89610571915 4543906.103078357
854 2806 517060.65816933446 4543911.472758025
976 2806 519498.90130798495 4543904.344416153
1159 2806 523161.32300698815 4543906.971042086
1281 2806 525599.5456285502 4543907.9727157
1342 2806 526819.1906199837 4543909.709367778
1464 2806 529262.3429020811 4543907.858925739
1708 2806 534138.3664419863 4543907.310941351
1769 2806 535358.5745553626 4543911.159667097
1952 2806 539021.3148139175 4543912.593061829
2074 2806 541458.4257773834 4543912.161217907
1159 2867 523161.5501206224 4542686.808468243
1647 2867 532920.3866250063 4542687.680899786
1708 2867 534141.7280726584 4542688.141704661
1769 2867 535360.9606691983 4542688.218917983
2074 2867 541458.942192732 4542690.625466159
2135 2867 542678.8193207306 4542688.177908928
793 2928 515841.7585138509 4541467.521359697
1098 2928 521940.9135882263 4541468.512702569
1281 2928 525602.8461324645 4541464.972439868
1647 2928 532923.2232171881 4541467.367357514
1708 2928 534141.7020069617 4541467.932948219
1769 2928 535360.523419235 4541467.421277018
2013 2928 540238.2045627779 4541472.294711669
2074 2928 541458.8222670523 4541471.109712084
2135 2928 542680.778209436 4541468.472039606
1098 2989 521942.4878512765 4540247.146952545
1281 2989 525601.7222139928 4540247.577200782
1342 2989 526821.1043716618 4540246.421729449
1525 2989 530477.3572422416 4540252.418228832
1769 2989 535361.210536882 4540248.164465849
1830 2989 536578.7927483036 4540247.683389569
1891 2989 537800.2420465592 4540251.520647416
2013 2989 540239.498055279 4540251.324796558
2074 2989 541461.2638288668 4540249.1394523205
2501 2989 550001.5841169746 4540252.620014882
2562 2989 551219.1695789197 4540252.375854182
1342 3050 526821.6420266738 4539025.583565765
1464 3050 529260.6735707705 4539028.232795259
1769 3050 535358.5810038091 4539028.256776473
1830 3050 536579.7905626881 4539031.290710675
1891 3050 537800.4462800719 4539030.414942407
1952 3050 539018.8919397594 4539031.525100596
2440 3050 548777.8161728445 4539029.714049628
2501 3050 550001.3023869069 4539030.9065757105
854 3111 517058.8946845248 4537808.0858578235
1281 3111 525598.2316584941 4537812.767267198
1464 3111 529261.1904605449 4537811.583407437
1769 3111 535357.9455784524 4537807.823590152
1830 3111 536577.923446371 4537811.739598958
2013 3111 540239.9010972526 4537810.637373715
2074 3111 541459.6151076476 4537811.162813584
2135 3111 542679.3514959437 4537810.779488388
2196 3111 543900.7874678922 4537807.788452873
2440 3111 548780.3686351033 4537811.493296801
2745 3111 554877.5603835571 4537812.812966783
793 3172 515838.58770261577 4536587.68179213
976 3172 519500.86692154955 4536588.586887793
1159 3172 523161.9553253822 4536586.559748347
1525 3172 530478.6659473398 4536591.290271017
1647 3172 532918.5798627984 4536591.820998834
1708 3172 534140.4154861972 4536592.540731109
1769 3172 535358.9680967224 4536587.822064491
2135 3172 542678.6876496905 4536588.83675854
732 3233 514622.52148150484 4535363.742234393
793 3233 515837.4507265687 4535367.169801038
915 3233 518277.7745709801 4535367.547649192
1159 3233 523159.679765734 4535364.928912956
1220 3233 524378.2165474333 4535368.655811554
1281 3233 525602.4111103265 4535364.923159673
1342 3233 526821.7521270222 4535367.893930529
1403 3233 528041.7296448122 4535371.827237487
1464 3233 529261.7070054585 4535372.32829107
1525 3233 530482.0575053245 4535372.968875558
1586 3233 531701.7876385171 4535372.750849178
1647 3233 532918.173510659 4535368.089985991
1830 3233 536578.5601785432 4535372.669587091
1891 3233 537798.2822023781 4535372.298515298
1952 3233 539020.4735770267 4535367.8029851215
2318 3233 546337.8584789571 4535372.307089873
2379 3233 547558.4960957051 4535371.688452131
2440 3233 548779.0671571771 4535371.730509761
854 3294 517061.0604085559 4534144.934670674
1098 3294 521939.67840810143 4534148.937557657
1220 3294 524381.6646269949 4534147.59314753
1281 3294 525597.1298777885 4534148.1820640275
1647 3294 532917.9210908953 4534147.792900271
1769 3294 535357.9618902245 4534152.186133978
1830 3294 536578.5785351647 4534148.74066843
2196 3294 543899.3281515678 4534152.431830202
2318 3294 546338.5218801491 4534148.820972773
2379 3294 547560.1877311316 4534152.383531036
1037 3355 520721.29402385675 4532927.055680528
1281 3355 525601.26387414 4532925.8140489645
1403 3355 528040.9165941521 4532928.666148063
1464 3355 529261.3806133161 4532926.958698249
1708 3355 534140.6067965832 4532931.071748205
1769 3355 535361.4937937206 4532928.665059154
2318 3355 546338.3819623643 4532931.2576840725
2379 3355 547558.4550515874 4532932.260588115
1159 3416 523159.2306029869 4531708.482432727
1342 3416 526821.0469012959 4531708.620687754
1403 3416 528041.8786329445 4531707.554601691
1525 3416 530481.6667507577 4531708.75051486
1586 3416 531698.1816811877 4531708.405345776
1647 3416 532921.6496731853 4531710.979658345
1708 3416 534141.271318977 4531708.437399236
1830 3416 536581.9231594494 4531707.12076074
2013 3416 540239.5436171511 4531708.10483918
2196 3416 543896.9765459064 4531713.646594981
1159 3477 523161.5197285045 4530487.778880982
1220 3477 524382.7105957478 4530486.359813719
1464 3477 529258.1420503256 4530488.734073399
1525 3477 530481.3766700209 4530487.122336447
1647 3477 532921.6838556582 4530487.658382087
915 3538 518279.307327696 4529267.7840587795
976 3538 519498.4235981357 4529268.2555373125
1037 3538 520720.7376813086 4529267.747120552
1098 3538 521941.31051761255 4529268.524193375
1281 3538 525598.1628668052 4529272.001147057
1586 3538 531701.7122527463 4529267.562136858
1708 3538 534142.400489022 4529267.029594666
1830 3538 536577.6151908529 4529268.989389522
1891 3538 537798.8921101086 4529271.009081281
1952 3538 539020.980255981 4529267.497757502
1098 3599 521938.88343938853 4528051.8927595895
1220 3599 524381.3538850006 4528049.019139817
1281 3599 525602.3787757615 4528046.458771113
1342 3599 526822.043135056 4528046.872932099
1586 3599 531698.9534770704 4528048.416308747
1647 3599 532918.8219645701 4528047.867023045
1830 3599 536578.7015155905 4528051.857596241
1952 3599 539022.3578588422 4528046.765849289
2013 3599 540239.1787839404 4528051.940711935
2379 3599 547561.991373701 4528052.372792945
2562 3599 551218.5368575766 4528051.997777931
2623 3599 552437.6155677876 4528052.477233347
1037 3660 520718.21724838874 4526831.361611772
1098 3660 521938.5770142317 4526827.740102602
1220 3660 524380.8753513629 4526824.682723472
1464 3660 529261.217282538 4526826.9309535595
1525 3660 530482.4446344617 4526826.671794234
1647 3660 532917.5911800615 4526827.7772423485
1769 3660 535362.04213482 4526828.069544869
1830 3660 536579.6191524451 4526831.828635157
1891 3660 537799.2515924249 4526828.424830709
2257 3660 545119.4893081638 4526828.824674913
976 3721 519502.0703622949 4525604.91754143
1220 3721 524377.5518482515 4525604.908417882
1525 3721 530481.4349390392 4525604.490593549
1586 3721 531702.0470991472 4525605.823981288
1647 3721 532918.6084973239 4525611.550420322
1830 3721 536581.8896240871 4525612.512304053
1891 3721 537801.9801396996 4525608.476201344
2013 3721 540239.8529607147 4525607.972664347
2074 3721 541458.0415134421 4525608.607036654
2379 3721 547561.4486500344 4525611.866569989
2501 3721 549998.6131593749 4525611.654526938
2562 3721 551221.1298897725 4525612.678327938
2623 3721 552443.2755029802 4525611.129663457
1037 3782 520718.1922344308 4524387.763218281
1098 3782 521939.6408887071 4524387.545598931
1159 3782 523160.91691086744 4524387.623919978
1464 3782 529261.3088744099 4524387.967049297
1586 3782 531698.0440580186 4524386.389339401
1708 3782 534141.6378371657 4524387.82355145
1769 3782 535361.6406857029 4524387.790368528
1891 3782 537801.512183716 4524387.1802638685
2501 3782 549997.7631282411 4524391.793879466
2684 3782 553658.131698132 4524390.931039435
1037 3843 520718.3389162211 4523170.828403975
1159 3843 523159.1733548023 4523171.728516785
1220 3843 524381.6418638107 4523167.536992066
1281 3843 525602.6315246443 4523166.794971259
1342 3843 526821.1961255611 4523167.07628654
1464 3843 529262.3350628458 4523165.800945539
1525 3843 530479.1189746086 4523168.32590459
1586 3843 531698.9216923476 4523166.977588507
1647 3843 532922.7320293502 4523166.998637812
1830 3843 536581.9340126251 4523167.514060753
1952 3843 539021.146300735 4523165.991377882
2196 3843 543898.8952325414 4523168.310742417
2440 3843 548779.660445693 4523170.73258583
2684 3843 553658.9633747954 4523172.638742615
2867 3843 557318.9717293816 4523173.648788694
1037 3904 520719.1062397503 4521951.105790349
1159 3904 523161.6454158748 4521947.931444411
1220 3904 524382.4950783348 4521948.101642654
1281 3904 525602.2024627767 4521944.246906662
1342 3904 526819.0042696442 4521948.677336043
1403 3904 528038.9031845512 4521946.355104279
1525 3904 530482.1661832775 4521946.404787837
1647 3904 532920.6521366735 4521947.78335221
1830 3904 536580.2729220822 4521945.112078787
2013 3904 540241.4965730126 4521946.961730173
2074 3904 541459.6009779058 4521946.834727063
2135 3904 542678.4689116504 4521951.452718373
2501 3904 550002.3950097889 4521949.059105174
2562 3904 551220.2615481085 4521948.115473234
2623 3904 552438.7849559162 4521951.2722753575
915 3965 518282.0705072487 4520724.997563795
1220 3965 524379.0743272312 4520728.556479945
1281 3965 525598.7991629913 4520724.683304551
1342 3965 526822.401501448 4520724.8559993
1403 3965 528042.3717169452 4520724.476672006
1464 3965 529259.4548791267 4520728.370424943
1525 3965 530481.1521633454 4520726.882282896
1586 3965 531701.445648585 4520728.309022104
2440 3965 548778.623057327 4520731.494123498
2562 3965 551218.770968334 4520731.249261223
2745 3965 554877.7251057867 4520731.785227013
2989 3965 559761.3229379691 4520732.104154425
915 4026 518282.0566223848 4519508.946799337
1281 4026 525601.9466478848 4519506.340163472
1403 4026 528039.3539403717 4519508.557790329
1464 4026 529261.2447289841 4519507.831299435
1525 4026 530481.6753414581 4519504.923782796
1586 4026 531702.2959309386 4519504.546819012
1769 4026 535360.8079664789 4519511.797480985
1891 4026 537801.2425773556 4519511.794993332
2684 4026 553658.4176518663 4519511.718203375
2806 4026 556098.5318008785 4519511.483187698
915 4087 518281.2472152651 4518288.468546698
1159 4087 523157.7490635805 4518287.3375699
1220 4087 524381.9918667898 4518284.118831445
1281 4087 525603.0781363102 4518284.815830288
2135 4087 542680.9203217293 4518292.956072311
2318 4087 546338.0599079973 4518291.85801361
2379 4087 547558.1226925212 4518293.590793051
2440 4087 548778.5208195106 4518292.430917356
1037 4148 520721.6281837577 4517064.996948941
1098 4148 521941.7277489074 4517064.912450964
1891 4148 537801.6973498116 4517071.037482572
1952 4148 539022.5645936817 4517066.137236106
2379 4148 547558.7039615099 4517072.1060174
2562 4148 551217.347502151 4517073.222832137
976 4209 519498.5551189255 4515844.721577661
1098 4209 521942.26611135557 4515844.1191083575
1159 4209 523162.05789464246 4515844.49989595
1464 4209 529258.0526558316 4515851.808258252
1586 4209 531699.6200879987 4515850.956666752
1647 4209 532919.3867688808 4515850.948009309
1830 4209 536580.9279160318 4515849.461495247
1891 4209 537801.4885842106 4515847.703477581
1952 4209 539021.3979595575 4515845.902151809
2074 4209 541458.502608316 4515852.196596263
2257 4209 545121.417435742 4515847.237121424
2318 4209 546342.6502050511 4515852.8683293285
2501 4209 549998.6755082773 4515851.406893885
915 4270 518280.47746487637 4514624.940838271
976 4270 519501.1346374349 4514625.463706245
1159 4270 523161.7736156057 4514624.670997899
1525 4270 530478.2941279206 4514631.865692925
1830 4270 536581.643563736 4514628.691384558
1952 4270 539021.461104851 4514627.688072082
2013 4270 540241.8296501186 4514627.152347693
2135 4270 542678.3373533083 4514633.25606577
2196 4270 543898.5000536316 4514628.442792553
2745 4270 554877.0098026572 4514631.663296628
915 4331 518282.13503223675 4513403.986617298
1525 4331 530478.7914634438 4513408.317161507
1586 4331 531700.9194021458 4513406.740987916
1647 4331 532920.3992353572 4513408.148190914
1769 4331 535358.6725830196 4513411.867207405
2196 4331 543897.3200526631 4513412.908872003
2257 4331 545119.1011246669 4513407.339533863
2867 4331 557318.0736185289 4513412.96473734
976 4392 519499.07481996564 4512183.548321913
1647 4392 532919.0172114477 4512192.827992908
1708 4392 534139.1520725982 4512190.698018203
1769 4392 535361.3264350616 4512188.169549236
2135 4392 542681.213965029 4512191.462106769
2196 4392 543898.3207371213 4512188.763108952
2501 4392 550000.349576037 4512192.88262564
2867 4392 557321.6927726704 4512193.106943168
2928 4392 558538.1444966268 4512193.825263426
1281 4453 525601.4869118719 4510968.007234263
1708 4453 534141.956697928 4510967.094697032
2074 4453 541458.8535668453 4510972.334352468
2135 4453 542679.1038019233 4510967.981817951
2257 4453 545120.7668493348 4510969.173227765
732 4514 514617.9887817801 4509748.063776867
1342 4514 526818.2845617214 4509751.896754448
1464 4514 529258.5242034334 4509747.8444430735
1708 4514 534141.1487617539 4509752.140514505
1769 4514 535358.2610107001 4509752.1628741855
1830 4514 536577.7843065625 4509748.060844132
1891 4514 537798.2913437416 4509751.819880435
2135 4514 542679.086502364 4509751.302866741
2928 4514 558537.945329434 4509752.741199275
488 4575 509738.4374880122 4508527.663975923
732 4575 514621.6554385167 4508526.987822372
793 4575 515843.52776500635 4508524.932477988
1159 4575 523161.3892334228 4508528.75497737
1403 4575 528037.808894227 4508531.523273609
1525 4575 530482.478775413 4508531.089948674
1708 4575 534138.9847363115 4508528.090343701
1769 4575 535361.4678613555 4508528.251714735
1830 4575 536580.6770591736 4508532.27282537
1891 4575 537797.6229272177 4508527.886601715
2257 4575 545118.1079603287 4508533.765488287
2440 4575 548778.4208203893 4508532.825055619
2501 4575 549998.5269846054 4508533.199354802
2562 4575 551217.8857146191 4508533.05414418
2684 4575 553658.0322197226 4508532.609974655
2806 4575 556097.3034011796 4508533.49048222
2867 4575 557321.3414984711 4508532.117405923
671 4636 513398.44340594567 4507308.046197735
793 4636 515841.70258183836 4507308.217778774
1342 4636 526819.0823827616 4507311.567380761
1464 4636 529257.5478086043 4507310.487217006
1586 4636 531702.2834427689 4507305.737575806
1708 4636 534141.3225354124 4507308.706863598
1830 4636 536578.4728443373 4507313.003405655
1952 4636 539017.5934713355 4507313.089424311
2745 4636 554878.6487020834 4507312.038029059
732 4697 514621.37781555357 4506086.82980142
915 4697 518281.49011968775 4506088.560582069
1586 4697 531699.137903797 4506091.394869585
1647 4697 532918.8175888448 4506088.82828139
1708 4697 534138.9045950946 4506092.284963875
1769 4697 535358.3706743827 4506092.397647939
1830 4697 536578.8847733373 4506092.103033315
1891 4697 537798.9306998879 4506091.973475611
1952 4697 539019.2827808034 4506087.668896401
2074 4697 541457.6389982761 4506094.13291647
2135 4697 542680.909510406 4506087.903828267
2440 4697 548776.7965585429 4506093.011669575
2928 4697 558537.1617719757 4506092.957006557
1525 4758 530478.3120435348 4504871.406624443
1647 4758 532918.2698819514 4504868.5956763085
1708 4758 534138.1937723234 4504872.076779414
1769 4758 535358.8114181309 4504872.125878346
1830 4758 536578.5913887112 4504872.352173823
1891 4758 537800.8283659423 4504871.150839704
2074 4758 541461.2622790679 4504873.292147908
2745 4758 554879.0563888799 4504872.3601217875
2867 4758 557320.4891977713 4504872.498453407
2989 4758 559758.6393876164 4504873.010388711
1464 4819 529259.0255351893 4503652.095493521
2440 4819 548778.8251585143 4503647.987414811
2623 4819 552437.6782586165 4503652.444978207
2684 4819 553660.0366096003 4503649.902504674
2806 4819 556098.5335733311 4503653.975327792
2867 4819 557317.8255878752 4503653.170985238
976 4880 519497.5395143635 4502429.009594796
1342 4880 526820.5764977466 4502426.989092926
1403 4880 528040.8783983177 4502426.374102316
1830 4880 536577.3089255141 4502432.915933543
1891 4880 537798.5087192664 4502431.870031806
2074 4880 541457.2330268497 4502433.602500676
2318 4880 546337.748874686 4502432.703845171
2379 4880 547557.3150293119 4502432.612992996
2440 4880 548781.3274507831 4502431.8426149795
2745 4880 554878.4419450464 4502431.186404805
1342 4941 526817.8626957168 4501205.590889072
1403 4941 528043.0443606568 4501204.6604525065
1952 4941 539017.5792034501 4501212.410292763
2074 4941 541460.703161811 4501211.439684339
2440 4941 548778.0095479653 4501212.707388126
2562 4941 551218.2134269471 4501212.345948664
3111 4941 562197.6440527817 4501214.092149511
1281 5002 525598.0289688475 4499987.432527536
1342 5002 526822.3412446526 4499984.600024606
1525 5002 530483.0015029849 4499984.89780867
1586 5002 531702.5740265741 4499984.411586938
2196 5002 543899.2613071271 4499991.093115974
2501 5002 549997.5364655122 4499992.835644001
2928 5002 558537.5772336054 4499992.456345325
2989 5002 559757.884648821 4499992.060322243
1281 5063 525601.2883403238 4498764.062967023
1464 5063 529262.1494640228 4498764.598872808
1525 5063 530481.874806809 4498764.242078163
2257 5063 545118.7606478946 4498772.492677367
1159 5124 523161.3813734258 4497542.829768044
1403 5124 528042.0129093756 4497544.694736831
1525 5124 530481.6207422098 4497543.464748419
3050 5124 560981.8451253294 4497553.683279421
1342 5185 526821.8823855848 4496324.324162569
1464 5185 529261.3338599459 4496326.709041574
2013 5185 540238.1113453784 4496331.795536812
1403 5246 528041.7852370325 4495106.624303972
2074 5246 541458.0854056347 4495111.499954377
2135 5246 542682.1091623862 4495109.209695313
2928 5246 558539.512092099 4495112.05373693
1403 5307 528038.0357290342 4493886.79670925
1464 5307 529261.308066332 4493892.122762768
2135 5307 542677.8828967012 4493888.3961190395
2318 5307 546338.3739546654 4493892.085904527
2501 5307 549998.5312221912 4493893.358828621
2745 5307 554877.9197609136 4493892.929584062
2806 5307 556098.2031020656 4493893.164167538
2867 5307 557318.3164259358 4493893.145133523
2928 5307 558537.927082053 4493893.25323949
3050 5307 560982.8019173632 4493896.2196149165
2257 5368 545118.3121137642 4492672.341816792
3233 5368 564641.2740302944 4492672.102438798
2013 5429 540237.663201522 4491452.034658941
2074 5429 541457.578549212 4491452.22954022
2989 5429 559759.7490010554 4491453.587469203
3172 5429 563418.4240181602 4491451.611055841
3233 5429 564642.7340745131 4491452.595473171
3294 5429 565861.3717572959 4491451.241722804
3111 5490 562198.1356236625 4490231.304011222
