4087 0 581722.5903682115 4400042.293423984
4453 0 589042.5431771164 4400042.460032442
5368 0 607343.4586436099 4400043.139127765
3843 61 576841.4854793225 4398822.124786807
4087 61 581722.729189539 4398822.012128927
4209 61 584162.6648218158 4398822.910827571
4392 61 587821.9348836718 4398823.714973849
4453 61 589043.375364114 4398822.669149933
4514 61 590262.9080483841 4398822.466783203
4575 61 591483.5286540075 4398823.019303456
4636 61 592702.2896699447 4398822.682665161
4697 61 593921.9648846458 4398822.943008895
4758 61 595141.9536759579 4398822.491328933
4819 61 596361.4944134072 4398823.266892933
4880 61 597581.4510693084 4398822.978738599
4941 61 598801.960078378 4398822.681803732
5002 61 600021.9669808774 4398822.564966011
5124 61 602462.6990721188 4398823.381579207
5185 61 603680.6344072071 4398824.037091049
5368 61 607342.395519201 4398822.470153652
5429 61 608561.5575543392 4398823.0263841
3782 122 575621.7342981327 4397602.381952188
3843 122 576842.7217996246 4397601.484037545
3965 122 579282.7431303519 4397602.5524972845
4026 122 580501.4936192024 4397602.568093489
4209 122 584164.3793006295 4397601.810208502
4270 122 585384.1868282708 4397602.64972284
4392 122 587821.7317869777 4397603.431266044
4453 122 589042.9548465712 4397602.657150297
4514 122 590263.0098015808 4397603.244855015
4636 122 592701.5556867807 4397603.215683478
4758 122 595142.2440195971 4397603.068682865
4819 122 596362.8532618848 4397603.308566592
4880 122 597581.744147334 4397603.688841543
4941 122 598801.8475478195 4397603.173361828
5124 122 602461.8794984733 4397603.398678913
5185 122 603681.6694457426 4397602.57063561
5246 122 604901.4292438064 4397603.678631248
5307 122 606121.1637458925 4397604.177546569
5368 122 607342.1954139324 4397603.475676047
3477 183 569520.9890325565 4396383.769277895
3904 183 578063.2834371492 4396382.078855068
4026 183 580502.3699572104 4396383.136058146
4087 183 581722.2546503013 4396383.07141864
4209 183 584162.2827785142 4396382.703490381
4270 183 585383.1028167238 4396382.792100025
4331 183 586603.054252058 4396382.633479908
4453 183 589042.2039514658 4396382.63608556
4514 183 590262.0150339971 4396382.64911192
4575 183 591481.9391898701 4396383.349232298
4636 183 592702.1377144996 4396382.24189946
4697 183 593921.3225293334 4396382.6410815185
4758 183 595142.340598193 4396383.223231143
4819 183 596361.5533674308 4396382.617559062
4880 183 597583.0857212422 4396383.030816053
4941 183 598802.091514399 4396382.5486994805
5002 183 600021.0780429544 4396383.271138991
5124 183 602461.9820537535 4396383.903715826
5185 183 603681.6050625554 4396383.804143933
5246 183 604898.5775633021 4396383.574920595
5368 183 607341.8614217133 4396382.681536698
4209 244 584161.6503443819 4395162.994839012
4270 244 585381.9182843565 4395163.123754556
4331 244 586603.1031287245 4395162.551552486
4392 244 587822.436467824 4395162.297568169
4453 244 589042.3155032424 4395162.918351877
4514 244 590262.3717169147 4395162.925494975
4636 244 592702.0796543709 4395162.795812794
4697 244 593922.0789147671 4395163.0639907
4758 244 595141.7378343442 4395162.9986380385
5002 244 600021.8814162151 4395162.761013343
5063 244 601241.6677307802 4395162.591926251
5124 244 602461.7815975845 4395163.735325094
5185 244 603682.2970570544 4395162.849856014
5246 244 604901.9480321559 4395163.467446103
5307 244 606121.6184095179 4395163.265465282
5368 244 607341.5622944003 4395163.105710455
5429 244 608561.8590897289 4395162.971234567
5490 244 609779.4325805102 4395161.615775063
3843 305 576842.074228188 4393942.3993150545
4148 305 582943.0005245346 4393941.928606777
4209 305 584162.5638648036 4393942.138238306
4270 305 585382.0404340802 4393942.446650998
4331 305 586603.028310888 4393942.205545807
4392 305 587822.3606888808 4393942.481532378
4514 305 590261.8903187759 4393943.513862358
4575 305 591481.7948433997 4393942.304380834
4697 305 593922.420729771 4393942.509521722
4941 305 598801.5737749471 4393942.51476465
5002 305 600021.5841650104 4393942.231876735
5124 305 602461.5121950877 4393942.807723512
5185 305 603681.7693103272 4393942.737543551
4148 366 582941.9563616684 4392722.90057223
4209 366 584162.6350436301 4392722.690760802
4270 366 585382.6722876919 4392722.364618882
4331 366 586602.6910446184 4392722.432550474
4392 366 587822.1281496675 4392722.412153575
4453 366 589042.7885213995 4392723.157236247
4514 366 590261.5060238052 4392722.797338184
4575 366 591481.7868227308 4392722.163373745
4636 366 592702.616268209 4392722.660282085
4697 366 593921.7652253982 4392722.004820725
4758 366 595142.3604616995 4392722.38332661
4819 366 596362.2802687462 4392722.969214368
4880 366 597581.2687609285 4392722.933075396
5246 366 604901.7762533331 4392722.869937774
5307 366 606121.9779451401 4392723.70142936
5368 366 607342.436088348 4392723.196938261
3599 427 571962.5901107157 4391503.0385564715
4209 427 584162.6484426439 4391502.814686627
4331 427 586604.8146149298 4391504.004619656
4392 427 587822.041540324 4391502.582393379
4453 427 589042.3154955144 4391502.841156
4514 427 590262.5673156955 4391502.529594204
4575 427 591481.9187477054 4391502.459123041
4636 427 592702.0951688869 4391502.748244872
4697 427 593921.6479445139 4391503.116333519
4758 427 595142.000848924 4391502.555274877
4819 427 596361.9582399407 4391503.078382034
5124 427 602461.7856221542 4391502.9227369875
5307 427 606122.8430421625 4391502.3216581335
5429 427 608561.1673838387 4391502.803435988
4209 488 584163.4906979686 4390282.4477839125
4270 488 585384.2686235087 4390281.498276338
4331 488 586601.9202399834 4390282.784550826
4392 488 587821.6018610218 4390283.118030293
4453 488 589041.6232208596 4390282.469429906
4514 488 590262.5215923018 4390282.493990762
4575 488 591482.7304640443 4390282.261024227
4636 488 592702.9967079619 4390282.799167402
4697 488 593922.5548392799 4390282.863444161
4758 488 595141.8337261232 4390282.880469712
4819 488 596362.1131245098 4390282.518502143
5002 488 600022.1875829452 4390281.896030831
5063 488 601242.592623923 4390283.836564667
5124 488 602462.2294494545 4390283.312661516
5307 488 606119.0733848665 4390282.896335313
5429 488 608562.6129344469 4390283.334271852
4270 549 585383.1181751413 4389062.639001309
4331 549 586601.5807713404 4389062.495623659
4392 549 587821.841262939 4389062.001305907
4453 549 589042.7309740186 4389062.110230541
4514 549 590262.1942182218 4389062.53848015
4575 549 591481.7923131136 4389063.191168967
4636 549 592702.6056061678 4389062.2256832225
4697 549 593922.4945905372 4389062.854046805
4819 549 596362.028003556 4389062.028925823
4880 549 597582.488104455 4389063.744392081
5063 549 601241.6786315686 4389063.061931749
5124 549 602458.9447137926 4389062.430587612
5185 549 603682.7872560457 4389062.814371464
5246 549 604902.2144408119 4389063.612478971
5368 549 607342.2051605417 4389063.817788248
5429 549 608562.1368139976 4389064.435522158
4209 610 584163.8948604735 4387842.965597469
4392 610 587823.2799297592 4387842.570302054
4514 610 590262.4487914515 4387842.5438239565
4575 610 591481.7729276633 4387841.868664296
4636 610 592701.8876116398 4387842.801509338
4819 610 596361.7803720215 4387841.918077337
4880 610 597581.8468052614 4387842.008150959
5002 610 600022.4054479367 4387843.307771411
5063 610 601241.3483181891 4387842.846013095
5185 610 603681.9683810776 4387842.324377418
5307 610 606121.9318457122 4387843.409635384
5368 610 607342.3013961203 4387843.214667267
5429 610 608562.0668392521 4387843.361864843
5490 610 609780.5486953969 4387841.656024184
4270 671 585382.9466277232 4386622.442869356
4453 671 589042.2893243965 4386621.983356369
4514 671 590261.8341754434 4386622.610659452
4575 671 591482.2189466537 4386622.855776252
4636 671 592701.6997645737 4386622.257507628
4697 671 593921.9240417071 4386623.302215091
4819 671 596361.8866574018 4386622.669071705
4880 671 597582.0317070968 4386622.199986628
5002 671 600022.3170616473 4386623.624292511
5063 671 601241.832110703 4386622.797970652
5246 671 604901.9341887829 4386623.095815932
5307 671 606122.0880398065 4386622.470945633
5368 671 607341.949444284 4386622.725048023
5429 671 608558.4074605303 4386623.382405992
4209 732 584162.556600275 4385402.299168428
4331 732 586602.6918992256 4385402.225992448
4392 732 587822.9960560063 4385402.245968597
4453 732 589042.4838420141 4385403.731136581
4575 732 591481.8648290413 4385402.265102959
4758 732 595142.2889326084 4385402.322208178
4819 732 596362.00622336 4385402.207254928
4941 732 598802.0356269565 4385402.641390263
5124 732 602461.2359185638 4385402.877451227
5246 732 604902.1381113108 4385402.806523592
5307 732 606122.0728823605 4385403.52937109
5368 732 607341.9312487254 4385402.741596707
5429 732 608561.5663459223 4385403.419433925
4514 793 590261.5743169764 4384183.029685693
4636 793 592702.2127658869 4384182.516372483
4697 793 593921.9900867038 4384182.63330222
4758 793 595141.9962444063 4384181.773250993
4819 793 596362.4564729034 4384182.613370159
4880 793 597581.9407475975 4384182.710142594
4941 793 598801.594985203 4384182.777270474
5002 793 600021.8947302899 4384183.4686043495
5246 793 604901.9751790179 4384182.829693143
5307 793 606122.36618999 4384183.4488928495
5368 793 607342.3749073966 4384183.472049163
4453 854 589041.8553209008 4382963.703271263
4575 854 591482.437459346 4382962.4302426735
4636 854 592702.7196574444 4382962.225028335
4697 854 593921.9331082212 4382962.568772318
4819 854 596361.6281565361 4382962.028450425
4880 854 597582.9459212555 4382962.28845425
5002 854 600021.9449415425 4382963.360704609
5063 854 601241.8931503545 4382963.345225189
5124 854 602463.5272506977 4382963.194547821
5185 854 603681.6746526996 4382962.344334484
5246 854 604902.0844008067 4382963.483534761
5429 854 608561.2552583658 4382963.375963688
3721 915 574401.2548416064 4381743.218934395
4453 915 589043.4601600126 4381743.1189992875
4514 915 590262.2146723637 4381741.427019361
4575 915 591483.3125928321 4381741.825686125
4636 915 592702.0825439221 4381742.748081997
4819 915 596361.5104813095 4381742.772296208
4880 915 597581.7648527726 4381742.720858882
5002 915 600022.367037076 4381742.459692836
5063 915 601242.1000709991 4381743.070524279
5124 915 602461.2046285521 4381743.324140794
5185 915 603682.4891084298 4381742.774248103
5246 915 604902.0131123064 4381743.332140911
4453 976 589043.211670297 4380522.165032272
4514 976 590261.875258439 4380523.239519621
4575 976 591481.8734845528 4380523.765886953
4636 976 592702.2029359416 4380522.9101526905
4697 976 593921.71826991 4380522.593722781
4758 976 595141.7524013179 4380522.056893284
4941 976 598802.1178119166 4380523.648506124
5002 976 600021.6296189226 4380523.15977494
5063 976 601241.8699404646 4380523.536670473
5124 976 602461.5051715088 4380523.061670588
5185 976 603681.5797190404 4380523.247416589
5246 976 604901.9824122286 4380523.183062203
4880 1037 597582.6830063659 4379302.401259219
4941 1037 598802.113501174 4379303.068716897
5063 1037 601241.979102817 4379303.216920205
5185 1037 603681.5829351863 4379303.355944284
5429 1037 608561.8345565721 4379303.073213688
4514 1098 590262.5301847188 4378082.635463435
4575 1098 591481.7162064372 4378082.713073902
4758 1098 595141.8977745369 4378082.451111046
4819 1098 596362.6357382789 4378082.4352614
4880 1098 597582.7480586357 4378083.087272243
4941 1098 598802.0054070312 4378083.031775164
5002 1098 600021.8484881714 4378082.807544524
5063 1098 601241.6570509081 4378083.121095558
5124 1098 602462.1072535496 4378082.730505502
5185 1098 603681.9293987914 4378083.333246321
5307 1098 606121.7090469706 4378082.382055679
5429 1098 608562.0641838561 4378082.522544739
4758 1159 595143.7557754207 4376863.226631217
4819 1159 596362.444007052 4376862.74469194
4880 1159 597581.9683620962 4376863.247070791
4941 1159 598802.3804201827 4376863.102546802
5002 1159 600022.0073915345 4376862.54477256
5063 1159 601242.046506376 4376863.052215471
5124 1159 602462.4493864127 4376863.2254994055
5185 1159 603682.3863944168 4376862.897032856
5307 1159 606122.2879153851 4376862.931726989
5429 1159 608561.7893639395 4376863.0412830645
4697 1220 593922.5847150726 4375642.230489033
4758 1220 595142.4120990456 4375642.9627863355
4819 1220 596362.4385269899 4375642.804274612
4880 1220 597582.1648803668 4375643.101377791
4941 1220 598802.1483562565 4375643.079299066
5002 1220 600022.9640663783 4375642.304760464
5063 1220 601242.7590549181 4375642.492296194
5124 1220 602462.3191937397 4375642.040728199
5185 1220 603682.0747048028 4375642.856491644
5307 1220 606122.3291440923 4375643.201578356
5368 1220 607343.8508352091 4375643.187281412
5429 1220 608561.8191082749 4375643.087551852
4636 1281 592703.0132892132 4374423.3432952585
4758 1281 595141.2058450296 4374423.3750303015
4880 1281 597582.0897612232 4374423.6169202775
4941 1281 598801.7562646021 4374422.887548213
5429 1281 608561.8792551545 4374423.067926595
4819 1342 596361.9643371431 4373202.929661667
4880 1342 597582.6768010716 4373203.153674728
4941 1342 598801.5449639492 4373203.580905236
5124 1342 602462.055845069 4373202.8626030935
4697 1403 593923.4116784268 4371982.575503318
4758 1403 595142.5443455726 4371982.7815161105
4819 1403 596362.1582458066 4371983.159586329
4880 1403 597582.2958119283 4371982.90684496
4941 1403 598801.9093300323 4371983.587144246
5002 1403 600022.0404675009 4371982.277636634
5063 1403 601242.3509841093 4371983.071208495
5124 1403 602462.0792130898 4371983.114909641
5185 1403 603682.5533459962 4371982.895137987
5429 1403 608561.9457536434 4371983.608859144
4636 1464 592704.1287141957 4370764.238682357
4819 1464 596362.4261176395 4370762.916977959
4941 1464 598802.6880487211 4370762.781274092
5002 1464 600022.269594036 4370763.321129957
5063 1464 601242.4793950791 4370762.665818598
5124 1464 602462.227836791 4370762.946576151
5185 1464 603681.8792645523 4370762.650390377
5307 1464 606122.7807763603 4370763.6849457
5368 1464 607341.9667494904 4370763.305731447
5429 1464 608561.7639869407 4370763.163807663
4636 1525 592703.3497224597 4369544.025235602
4758 1525 595142.5836262989 4369543.229409576
4819 1525 596362.2079495592 4369543.157712855
4880 1525 597581.8955481786 4369543.151195958
4941 1525 598802.9152683537 4369543.044266301
5002 1525 600022.5134405475 4369543.271098337
5063 1525 601241.962588501 4369543.287592707
5124 1525 602462.3542280528 4369542.6472180905
5185 1525 603681.8201381672 4369542.797044987
5246 1525 604902.8407406709 4369543.01820445
5368 1525 607341.3794966503 4369543.023606134
4270 1586 585382.9003607774 4368322.496692731
4697 1586 593924.2247309785 4368322.839762653
4758 1586 595143.3128823508 4368322.131865342
4819 1586 596362.522762473 4368323.489371122
4941 1586 598801.8932665806 4368323.11003579
5002 1586 600022.3392044338 4368323.102800873
5063 1586 601241.3908516832 4368322.955524559
5124 1586 602461.5649830922 4368323.083954133
5185 1586 603681.303599497 4368322.915850957
5246 1586 604902.932353138 4368321.492899791
5307 1586 606121.268460785 4368323.754920061
4697 1647 593923.6720071296 4367103.8052152535
4819 1647 596361.6216766144 4367103.4260812355
4941 1647 598801.1727167553 4367102.8559121415
5002 1647 600021.4392322022 4367103.211950416
5246 1647 604901.8036790941 4367103.12936325
5307 1647 606121.166317919 4367102.972527756
4758 1708 595142.3718876048 4365883.448204735
4819 1708 596362.6952315818 4365883.341631158
4880 1708 597581.7144528127 4365882.839810959
4941 1708 598802.8303817096 4365882.357924021
5124 1708 602461.9601209982 4365883.027794501
5185 1708 603682.4313609088 4365883.317257453
5246 1708 604901.8108980856 4365882.49217697
4392 1769 587821.8884843609 4364663.514895783
4819 1769 596361.6296027349 4364664.040737912
4880 1769 597582.1408827598 4364662.641559449
4941 1769 598802.2852427505 4364663.204856214
5002 1769 600022.5198233968 4364662.799579157
5063 1769 601241.648504439 4364662.817906712
5124 1769 602461.6719961262 4364663.627087325
5185 1769 603681.6115848129 4364663.11714907
5246 1769 604901.5115269701 4364662.4142592
5368 1769 607342.4064321427 4364663.0026001595
5429 1769 608562.1177985909 4364663.666091647
4758 1830 595142.6450699177 4363443.4726740625
4880 1830 597581.1852169968 4363443.443658808
4941 1830 598802.627953391 4363442.837034496
5002 1830 600022.4184645419 4363442.887395787
5124 1830 602461.8176518704 4363442.556255326
5185 1830 603682.2530855773 4363443.125925643
5246 1830 604901.0458993593 4363442.802574751
4697 1891 593923.0749324872 4362223.43073783
4941 1891 598801.9510008403 4362222.61203227
5063 1891 601241.9599514524 4362223.15154788
5124 1891 602462.3664199656 4362222.456430176
4453 1952 589042.2061299502 4361003.00730278
4819 1952 596362.1418768517 4361003.903011959
4880 1952 597582.2778805044 4361003.157986761
5002 1952 600021.7269829628 4361003.179982448
5124 1952 602461.9136818313 4361003.176116816
5307 1952 606122.0198020241 4361003.017912945
4758 2013 595142.6159022134 4359783.05750975
4819 2013 596362.626109283 4359783.820578541
5063 2013 601242.182464824 4359783.180996621
5124 2013 602462.2052664458 4359782.711851557
5185 2013 603681.3903017361 4359782.69530195
5246 2013 604901.9031314971 4359783.346161058
5307 2013 606122.5874494518 4359783.716961864
5429 2013 608561.4788054883 4359782.926796234
4880 2074 597582.2842231138 4358562.953779886
4941 2074 598802.2062484822 4358562.75736417
5002 2074 600022.2167898989 4358562.3881977
5063 2074 601242.173755289 4358562.573171148
5124 2074 602461.9041861054 4358563.0021800455
5185 2074 603681.7674494141 4358562.508920148
4941 2135 598802.2153616091 4357342.721118345
5063 2135 601242.2891052411 4357342.764970822
4819 2196 596361.7785405614 4356123.054002735
4941 2196 598801.3354851839 4356121.9748487845
5002 2196 600022.0803214922 4356122.975335047
5124 2196 602461.7073768214 4356125.016229269
5307 2196 606121.6477750784 4356123.310221022
4880 2257 597582.3431831128 4354903.323121847
5002 2257 600022.0924323939 4354902.749035334
5063 2257 601241.6264717209 4354903.343487073
5124 2257 602462.085745558 4354903.410902678
5185 2257 603681.88942837 4354903.366078341
4575 2318 591483.0719826085 4353682.633629838
4941 2318 598803.1018140304 4353683.281554773
5124 2318 602462.2616217306 4353683.838394543
5246 2318 604902.5295122836 4353684.78054351
4941 2379 598804.3777931039 4352463.8902011365
5002 2379 600023.5152655165 4352463.238546249
5185 2379 603681.9698839576 4352462.114273548
5002 2440 600022.7385765633 4351243.199779747
5063 2440 601243.5396349791 4351244.132236942
5185 2440 603681.9965059899 4351243.126673844
4575 2501 591482.8401543386 4350023.455116733
4880 2501 597582.3839054651 4350021.747961104
5002 2501 600021.9081193855 4350024.173318453
5246 2501 604902.4496251687 4350023.480467182
4880 2562 597582.6887399039 4348801.638379813
4941 2562 598802.37575387 4348803.548565801
5063 2562 601241.963736793 4348803.091010054
5124 2562 602461.9689580114 4348803.158699389
4880 2623 597583.1021007026 4347581.541288509
5002 2623 600023.4466860523 4347583.001279139
5246 2623 604902.4865119909 4347582.671492969
5429 2623 608561.9797939862 4347583.564536147
4636 2684 592702.1717955249 4346363.067319392
4941 2684 598802.2183542806 4346363.053039828
5002 2684 600022.2529911085 4346362.83042529
5063 2684 601242.7133671108 4346362.882069785
5185 2684 603682.3099027274 4346362.700145583
5246 2684 604902.7240030275 4346362.8375439355
5307 2684 606121.8978287468 4346363.145682303
4941 2745 598802.5572387057 4345143.205203491
5002 2745 600021.5316310803 4345143.379491724
5063 2745 601241.9386346573 4345143.194584383
5185 2745 603682.810585282 4345141.459908677
5307 2745 606123.6222285752 4345143.04201022
5429 2745 608562.1746986143 4345142.661613871
4819 2806 596362.6593158965 4343923.138633778
4880 2806 597582.2300115919 4343922.707684558
5002 2806 600023.775773956 4343921.2020278545
5063 2806 601241.5388339239 4343923.019969375
5124 2806 602463.2596786645 4343922.470644995
5246 2806 604902.2655217357 4343923.897548319
5368 2806 607341.8539784688 4343923.585009911
4697 2867 593922.5394419022 4342704.088627161
4880 2867 597583.5209790736 4342702.848146887
5002 2867 600022.1793236586 4342702.894713959
5063 2867 601243.0794420914 4342702.688554717
5124 2867 602463.6130453432 4342703.317492832
5246 2867 604902.3186824679 4342703.0482176235
5429 2867 608561.8717482263 4342703.181571287
4880 2928 597582.6805760511 4341483.0622580955
5185 2928 603682.9048462376 4341483.89617757
5246 2928 604901.3145089 4341484.049215761
5368 2928 607342.3466186154 4341482.628942503
5429 2928 608561.9896117356 4341482.8586043045
5124 2989 602462.3292454485 4340263.016989106
5185 2989 603682.0964211336 4340263.1172204735
5246 2989 604902.688928273 4340263.126866011
5307 2989 606123.9246691731 4340263.408798348
5429 2989 608561.0686404151 4340263.60665025
4636 3050 592702.496446172 4339043.246755417
5124 3050 602463.3180015424 4339043.910946018
5185 3050 603682.4473848481 4339042.796578072
5368 3050 607342.1289678995 4339044.276056565
4636 3111 592702.2203001131 4337823.159245637
5307 3111 606122.766104064 4337822.525603534
5368 3111 607343.7930339358 4337823.215011604
4636 3172 592702.3926406424 4336603.007893596
5246 3172 604902.7174653211 4336602.717223107
5307 3172 606122.6532389221 4336602.6645823615
5368 3172 607342.7679760505 4336603.781529022
5429 3172 608562.3152520608 4336603.533163968
4636 3233 592703.3561190681 4335384.327382834
4697 3233 593922.5010169267 4335383.88688484
5246 3233 604901.8168001064 4335383.651233781
5307 3233 606122.2242770146 4335383.146146301
5246 3294 604902.5971793039 4334163.309928751
5307 3294 606122.4144290169 4334164.007646672
5368 3294 607342.1283523539 4334163.001584926
5429 3294 608562.5104978804 4334162.6650759885
5246 3355 604902.6113199174 4332943.197168729
5368 3355 607341.9829034954 4332942.20013215
5429 3355 608561.9592560795 4332942.761147796
4697 3416 593921.9442857467 4331722.872359371
5246 3416 604901.4943708659 4331723.045050637
5368 3416 607342.363828951 4331723.065510868
4697 3477 593922.6207022255 4330503.282732638
5307 3477 606122.5875016768 4330502.71580157
5429 3477 608561.4245662922 4330502.660054977
5490 3477 609782.457592796 4330502.598225086
4697 3538 593922.2802067157 4329282.019443104
4758 3538 595142.054329671 4329283.090150959
5246 3538 604903.9862328053 4329281.984037125
4697 3599 593922.6982887222 4328063.392558511
5246 3599 604902.7117597768 4328063.015649349
5307 3599 606122.955662121 4328062.444609443
5368 3599 607342.4941381444 4328062.156207194
5429 3599 608563.0178125547 4328063.427650165
5246 3660 604902.6147372947 4326842.5183969885
5368 3660 607343.4573001359 4326842.581183279
5429 3660 608562.3726618154 4326842.4938291935
5185 3721 603681.1859504466 4325623.49128229
5246 3721 604902.3648338683 4325621.153657802
5307 3721 606121.8329734462 4325623.431733016
5429 3721 608562.3357484927 4325623.670735123
5124 3782 602464.4240541678 4324403.968420529
5368 3782 607342.8456837654 4324402.499547152
5307 3843 606122.8056555159 4323182.968915878
5368 3843 607343.1725418377 4323182.896732556
5368 3904 607342.4292559016 4321963.335647591
5429 3904 608562.283178933 4321962.264254091
4819 3965 596362.2779877342 4320742.9455518555
4880 3965 597582.397642253 4320741.637560234
5002 3965 600022.8875630666 4320741.947724734
5307 3965 606123.7881168708 4320743.535916165
5368 3965 607342.0641479234 4320743.431338596
5429 3965 608562.2394476853 4320741.478193037
5368 4026 607342.967720534 4319523.654566127
5429 4026 608561.368116954 4319522.98685868
5429 4087 608561.3499508046 4318303.98544874
5124 4453 602461.4421239023 4310981.976566853
