5185 3904 503662.37034897273 4221938.902833532
5185 3965 503661.4987311214 4220718.605417061
5185 4026 503661.9567475966 4219498.286253026
5307 4026 506100.66414618836 4219500.474514906
5124 4087 502442.0278843165 4218278.311039833
5368 4087 507320.0265784574 4218280.026041144
5368 4148 507322.10776899 4217059.045110269
5368 4331 507322.3487245057 4213398.266857683
5307 4392 506101.1472751063 4212179.089085288
5246 4453 504881.5169650828 4210958.817646743
5307 4453 506101.53067759663 4210960.917539655
5490 4697 509759.0414268764 4206078.776558208
5002 4880 499998.3481554453 4202421.188796811
5246 4880 504881.4851630538 4202418.068076492
5429 4880 508541.75567590777 4202418.801624352
5368 5246 507321.7266842235 4195098.766813436
5429 5246 508541.5699863574 4195098.617670069
5490 5246 509760.30060107494 4195099.260923839
5063 5368 501221.65369171166 4192659.1511401106
5063 5429 501218.8693635935 4191438.5982103376
