1342 0 313421.22583640204 5100008.76239362
2562 0 325617.79961747135 5100008.2884698445
854 122 308537.6836784985 5098784.672608125
976 122 309759.1118664762 5098784.829303642
1220 122 312201.2305415317 5098784.422925432
1464 122 314637.5975490773 5098782.056395371
1586 122 315858.9323039892 5098787.53661965
1708 122 317080.93357460096 5098786.285143662
2440 122 324402.076491426 5098785.571370338
2684 122 326838.99352849193 5098783.645187146
2806 122 328058.35916454706 5098783.781045807
2928 122 329276.90438890766 5098783.633464227
3050 122 330495.21581223514 5098785.060786744
3782 122 337817.31566777494 5098783.675964083
4148 122 341477.25969069643 5098784.233808852
5002 122 350017.4264674038 5098783.597862896
610 244 306096.8351792762 5097563.53924941
1464 244 314642.71296820627 5097562.271894299
1586 244 315859.14226145187 5097567.68560263
1952 244 319518.1246956345 5097564.952479771
2318 244 323179.2000178208 5097563.93003754
2440 244 324395.56600463146 5097564.673163058
2928 244 329277.70038371097 5097563.444805051
3294 244 332938.9263116825 5097563.747945913
3782 244 337818.2987077109 5097564.324164697
4880 244 348798.69729738095 5097564.307235766
2074 366 320741.0227023721 5096344.933411169
2562 366 325621.0950561572 5096343.204429468
2928 366 329276.311558223 5096344.6429202575
1098 488 310980.1565660535 5095125.081464094
2196 488 321956.93884556147 5095124.469240589
2440 488 324401.57833271025 5095122.589699206
3050 488 330495.65650973987 5095119.740096862
122 610 301219.9029759287 5093905.095409672
610 610 306100.58362754696 5093904.628558344
732 610 307317.5743978505 5093904.749978067
976 610 309762.6417374458 5093905.6596103115
1342 610 313418.9031686974 5093906.499026169
1952 610 319521.80845782085 5093904.35888826
2440 610 324397.09566678613 5093903.76877336
2684 610 326837.2012633133 5093904.247354233
366 732 303658.8638034741 5092684.362844142
488 732 304876.3726811008 5092685.812960188
1708 732 317077.7978984422 5092683.966145722
2440 732 324395.5363372726 5092684.059924795
2196 854 321957.5855583525 5091464.749388047
244 976 302437.84760985477 5090243.1048266785
976 976 309756.1208168829 5090243.048108019
732 1098 307317.04185013875 5089022.88308422
1220 1098 312199.05885558814 5089023.282199264
1586 1098 315860.83116668503 5089023.754382387
1830 1098 318296.07808353164 5089023.22461133
1220 1220 312197.5275470114 5087807.20308036
854 1464 308538.31029078667 5085362.200440151
1464 1586 314636.6862725535 5084144.338968529
