610 0 412163.4397849014 5000041.451354077
1037 0 420702.6267016877 5000042.576744076
244 61 404842.2652471693 4998822.045116124
305 61 406061.9658359051 4998824.795990521
427 61 408502.4288499025 4998823.098033594
488 61 409720.6300792352 4998823.547954182
549 61 410942.3445782509 4998823.849031797
671 61 413383.14014369156 4998823.638551976
732 61 414601.6744291801 4998823.275590537
793 61 415821.6947269896 4998823.792751982
854 61 417041.7369528682 4998823.369376489
976 61 419483.83244693285 4998824.028326615
1037 61 420702.4602473713 4998823.6149530765
1098 61 421922.62506230077 4998823.407227625
1342 61 426802.2330266631 4998824.346442052
1403 61 428022.7719991171 4998823.829261706
1464 61 429242.4746239183 4998823.471970452
1525 61 430463.64100226527 4998823.7811123505
1586 61 431682.7969957798 4998823.611379035
1647 61 432902.7528195383 4998823.014617665
1708 61 434123.662841859 4998823.35287327
61 122 401182.234659137 4997602.826254328
122 122 402403.7760092322 4997603.7238867525
427 122 408503.242408112 4997603.875422007
488 122 409722.697431631 4997603.956059603
549 122 410941.85943508294 4997604.5483590765
610 122 412163.05138635053 4997602.575272081
671 122 413382.77744472056 4997603.94381008
732 122 414601.4681981617 4997604.104808347
793 122 415822.0381302646 4997602.82373673
915 122 418261.27416066173 4997603.319108563
976 122 419482.6736319279 4997604.326583756
1037 122 420701.5237345399 4997604.422255471
1098 122 421922.904122367 4997603.385692974
1159 122 423144.3005925438 4997603.721084633
1220 122 424364.02463137766 4997603.626027491
1281 122 425582.41501845256 4997603.321143582
1342 122 426803.07641757507 4997603.494496619
1403 122 428022.4281861823 4997602.541081105
1525 122 430461.1187683477 4997603.4881456215
61 183 401181.4936094317 4996383.768487941
244 183 404842.0701145677 4996383.849067746
366 183 407283.5351433434 4996383.000703065
427 183 408502.7359842442 4996383.30497978
488 183 409722.3231014079 4996382.98002612
610 183 412161.8893516 4996383.435765813
671 183 413382.59878868435 4996382.917521262
732 183 414602.3045129363 4996384.056535849
793 183 415823.6520480353 4996383.477189955
854 183 417042.76369626867 4996383.379666514
915 183 418263.112619684 4996384.030108828
976 183 419484.0731858194 4996383.564016832
1037 183 420702.0025217395 4996384.09342449
1098 183 421922.3948838549 4996383.68950255
1159 183 423142.9525973833 4996383.755672991
1220 183 424362.2230815317 4996383.870962695
1281 183 425582.69606652315 4996383.610354654
1342 183 426801.4447006534 4996383.342462313
1403 183 428021.9497099166 4996382.1194844125
1464 183 429242.2321186828 4996383.26561562
1525 183 430461.9285623915 4996383.249098637
61 244 401181.5476647447 4995163.753540154
183 244 403622.1208403673 4995163.331089383
244 244 404842.5044110657 4995164.259711319
305 244 406062.4714611916 4995163.505899719
366 244 407283.1512564364 4995163.870723323
488 244 409722.55485817255 4995163.913608184
549 244 410941.9990471128 4995164.508610015
610 244 412162.7633006906 4995164.094555883
671 244 413382.32405355724 4995162.917031949
732 244 414602.32911970053 4995162.997745903
793 244 415822.2882410351 4995163.818525944
854 244 417041.95761133777 4995163.61508984
915 244 418262.4411523523 4995163.0789292585
976 244 419482.9276270745 4995163.472188175
1037 244 420702.27296880813 4995164.086946279
1098 244 421923.35233689356 4995164.280146633
1220 244 424362.6109615463 4995163.883228202
1281 244 425582.8284487798 4995163.314441709
1403 244 428022.18489374587 4995164.1205064375
183 305 403622.399576045 4993943.578184665
244 305 404843.02563466836 4993943.867791261
366 305 407282.41565046064 4993943.426349867
427 305 408502.613655193 4993943.934527271
488 305 409721.7993774807 4993942.829253409
549 305 410942.26267458714 4993943.60619911
671 305 413382.35094791395 4993943.370827251
732 305 414602.284715684 4993943.656174379
793 305 415822.1507802871 4993943.176358311
854 305 417043.06498438236 4993943.124391817
915 305 418262.423716503 4993943.346615302
976 305 419482.718386429 4993943.633889623
1037 305 420702.0138769961 4993943.0271840235
1098 305 421922.7951694721 4993943.528150898
1159 305 423141.90941734833 4993943.872302612
1281 305 425583.2916356041 4993943.958028184
1403 305 428021.2932776075 4993942.899331871
61 366 401183.0659719385 4992724.124954771
122 366 402403.6651893492 4992723.149995774
183 366 403621.7938277417 4992723.280341682
244 366 404842.3409747012 4992724.167301334
305 366 406063.49670597346 4992722.53121027
427 366 408503.9700242591 4992724.2715979675
488 366 409722.6457457893 4992723.209631889
549 366 410943.38555955316 4992723.3146285275
610 366 412161.91432085866 4992723.562769306
671 366 413383.8534411249 4992723.284225736
732 366 414604.34500936134 4992722.392551033
793 366 415822.72183401725 4992723.700447685
854 366 417041.90068378474 4992722.6143518565
915 366 418262.91020441154 4992723.957389978
976 366 419481.5533742804 4992723.37024011
1098 366 421922.2265422215 4992723.828020447
1159 366 423143.095088075 4992722.943442851
1220 366 424361.8845381178 4992723.659584162
1403 366 428021.9688319085 4992723.508462587
1464 366 429241.6510779203 4992722.383342216
1525 366 430462.6932455472 4992722.255571605
1708 366 434121.1113988509 4992723.383040383
61 427 401183.6063893076 4991503.57031321
122 427 402403.08896545635 4991503.699015112
244 427 404843.3128968026 4991503.573398666
366 427 407282.9045257252 4991503.685361516
427 427 408502.6437252807 4991504.190431893
488 427 409721.83303399384 4991506.10523069
549 427 410942.94169003447 4991503.700338896
610 427 412162.7727753235 4991503.901998508
671 427 413382.07843626355 4991502.784247237
732 427 414602.34300150647 4991503.7414656365
793 427 415821.9894590194 4991503.846229349
854 427 417042.0693199923 4991503.784023549
915 427 418261.9773956397 4991504.394095335
976 427 419482.129109955 4991503.219975753
1037 427 420702.85895609745 4991502.802391711
1098 427 421922.4576270453 4991503.194146446
1342 427 426802.08482974017 4991503.512842378
1403 427 428022.9756782363 4991504.112284201
1464 427 429242.738956623 4991503.322164702
1525 427 430463.7597387388 4991502.659245826
1586 427 431682.59109448665 4991503.511568127
1647 427 432902.67046950175 4991503.414327692
1708 427 434122.01601636165 4991503.443033934
1769 427 435342.87270803 4991504.092793322
2074 427 441442.5395730655 4991503.450009683
122 488 402404.0264522922 4990284.162403566
183 488 403623.3433698303 4990283.622466582
244 488 404842.0618945067 4990283.454485744
366 488 407282.9095790059 4990283.806917096
549 488 410942.3535825375 4990282.972648048
610 488 412163.133499205 4990283.781864261
671 488 413382.90401703474 4990283.443848556
732 488 414602.48100049875 4990283.6439494705
793 488 415821.6557205522 4990282.637189138
854 488 417042.67547871766 4990283.340363565
915 488 418263.4164025492 4990283.550140208
976 488 419482.8388011727 4990283.185937677
1098 488 421922.8679595744 4990283.332831759
1159 488 423142.224695668 4990282.759725692
1220 488 424362.86008782714 4990283.424147397
1281 488 425583.4401039321 4990283.684095438
1342 488 426802.9176593684 4990284.713168032
1403 488 428022.5348618332 4990283.518002265
1586 488 431683.4539500878 4990283.0232178345
1647 488 432901.67591416807 4990283.922457361
1708 488 434121.3329950201 4990283.653452176
1769 488 435343.18329725805 4990283.597952565
1830 488 436563.36158430844 4990283.790068184
1891 488 437782.17014937906 4990282.79185631
1952 488 439002.3737901622 4990284.332687544
2013 488 440223.05769621977 4990284.144992636
2196 488 443881.6460377925 4990283.0827614
61 549 401183.01725617883 4989063.323939686
244 549 404842.6139514371 4989063.69991564
366 549 407282.1063989555 4989063.031824487
488 549 409722.2712126927 4989063.354198256
549 549 410943.2698884772 4989062.583298138
671 549 413382.6196986398 4989063.329249263
732 549 414602.2882052937 4989064.250234601
854 549 417041.6428113405 4989063.867407345
915 549 418262.938313214 4989063.325184547
976 549 419482.00152577925 4989063.121503814
1037 549 420703.2080496983 4989063.58774412
1098 549 421922.9847244255 4989062.323679594
1159 549 423142.15229850204 4989063.704909463
1220 549 424362.2449179078 4989063.511894792
1281 549 425582.281249801 4989063.812147474
1403 549 428022.01945135935 4989063.310770338
1464 549 429242.52714796393 4989062.9955339115
1525 549 430463.2133478175 4989062.322237151
1586 549 431682.6039062298 4989062.831778764
1647 549 432902.57689477224 4989063.982335852
1708 549 434122.00128425675 4989063.317646622
1769 549 435342.67375765834 4989063.084694033
1891 549 437782.97158653167 4989064.3157874625
2257 549 445102.799653207 4989064.242716752
2318 549 446322.971002865 4989064.0369273685
61 610 401182.1068566543 4987843.4236406395
122 610 402401.75897547824 4987843.094352409
183 610 403621.15394476353 4987842.901673364
244 610 404842.7697734462 4987843.881318044
305 610 406061.76047701243 4987843.905354411
366 610 407281.89147438994 4987843.586023706
427 610 408501.91989266523 4987844.059539302
549 610 410943.1307046825 4987843.518244634
671 610 413382.45976790256 4987843.6115108
793 610 415822.65464681847 4987843.81949401
854 610 417041.70381935034 4987843.044782157
915 610 418262.27109910146 4987842.403224683
976 610 419482.88167437393 4987843.470114401
1037 610 420703.34470987844 4987843.738151308
1098 610 421924.55116672564 4987843.421565522
1281 610 425581.6183341434 4987842.900964688
1342 610 426803.60508938995 4987842.789136387
1403 610 428022.155635822 4987843.284028161
1464 610 429242.81507477106 4987843.185662228
1525 610 430462.6352971252 4987843.235051721
1586 610 431681.15527333994 4987844.060453959
1647 610 432902.03543304646 4987843.08300434
1708 610 434121.3547778924 4987842.634119379
1830 610 436560.67889638105 4987844.254568467
1891 610 437782.65172268735 4987842.899328464
1952 610 439002.84015691216 4987844.156832
2013 610 440222.2397099403 4987843.592645512
2074 610 441442.07340035355 4987843.198015681
2135 610 442663.3493553092 4987842.992312077
0 671 399963.05600198003 4986621.419355091
61 671 401182.81439405907 4986623.979496494
183 671 403622.2956311127 4986624.287444471
488 671 409724.52715300414 4986624.84632447
549 671 410942.72391896765 4986623.60908299
793 671 415822.3727742761 4986622.945813372
854 671 417042.3541675213 4986623.114210468
976 671 419483.5040994139 4986622.913485145
1037 671 420703.1067404796 4986623.589798306
1098 671 421922.6201795869 4986622.761069977
1159 671 423143.4409006689 4986623.5256857425
1281 671 425582.31674542354 4986623.898247932
1342 671 426802.83712472767 4986623.570437892
1403 671 428022.683944437 4986623.718572289
1464 671 429243.16045431886 4986622.562377925
1525 671 430463.0060097816 4986622.724777971
1586 671 431685.40034111316 4986623.353657165
1647 671 432903.00364119787 4986623.815615106
1708 671 434123.20988348086 4986624.0410617255
1769 671 435342.7816086428 4986623.992311429
1891 671 437782.16808552516 4986623.708834496
61 732 401182.21192418865 4985403.470714059
305 732 406062.46634105453 4985403.873454941
488 732 409723.4073839639 4985404.1634629695
549 732 410944.5215639752 4985404.8746822
671 732 413382.65117031505 4985404.345991587
732 732 414603.4351981377 4985403.240420727
915 732 418262.5536795432 4985404.323868518
1037 732 420701.91053396824 4985404.099609125
1098 732 421923.32599823724 4985402.816352617
1159 732 423143.83206965216 4985404.043381653
1281 732 425582.044086788 4985403.108190352
1342 732 426802.9360112585 4985403.2922929935
1403 732 428022.88431557914 4985403.547298755
1464 732 429242.68350176833 4985402.177680804
1525 732 430462.7740165782 4985403.651360913
1586 732 431683.3666331154 4985402.823578732
1647 732 432901.97171487106 4985404.853905043
1708 732 434123.52438347065 4985404.104210203
1830 732 436563.3216525789 4985404.470716313
1891 732 437783.1095460537 4985403.99588515
1952 732 439002.7123349967 4985403.764059296
2013 732 440221.0931050835 4985403.952524495
61 793 401183.26099474163 4984183.215050655
122 793 402402.4811727312 4984184.644503157
183 793 403622.75540077174 4984183.1485396465
549 793 410943.27915304725 4984182.79203071
610 793 412162.4955602121 4984184.598094707
732 793 414602.7125432113 4984183.3639147235
793 793 415821.823535167 4984183.791248149
915 793 418262.7537303106 4984183.145937038
976 793 419482.88787787437 4984184.541773637
1037 793 420701.2818222568 4984182.5606978
1159 793 423143.3457398133 4984183.627771547
1342 793 426803.8263261601 4984182.935139436
1403 793 428023.97315617814 4984183.60167907
1464 793 429242.31605397817 4984183.473715401
1525 793 430462.60569991614 4984183.602227475
1586 793 431682.4977622741 4984183.768836357
1647 793 432902.6420953116 4984183.274820192
1708 793 434121.3941374857 4984184.033153998
1769 793 435342.3224709279 4984183.779453599
1830 793 436563.58622075693 4984184.622950028
1891 793 437782.4259876829 4984183.4978868095
1952 793 439001.87653409975 4984183.176373433
2013 793 440223.16763398185 4984184.3683089875
61 854 401182.2184386346 4982963.867189913
122 854 402404.3781698531 4982964.626445988
183 854 403622.86336862703 4982963.916881238
488 854 409724.2479255188 4982966.567611702
854 854 417040.99078612134 4982963.826809497
915 854 418262.66738995945 4982964.0711144125
976 854 419480.9743592286 4982962.024484725
1037 854 420704.51066806534 4982964.082877245
1098 854 421922.28623699956 4982964.14553762
1159 854 423142.7108266945 4982963.821730652
1220 854 424362.1856262373 4982963.945070775
1281 854 425582.2265230074 4982963.60153482
1403 854 428021.78136116976 4982963.456161187
1464 854 429243.3330965158 4982963.160169003
1525 854 430462.4255523821 4982964.838684441
1586 854 431680.39751772326 4982963.567884143
1647 854 432902.7459075672 4982963.603908895
1708 854 434122.76329696056 4982963.547740296
1830 854 436563.7412002196 4982964.726980405
1952 854 439001.77173206315 4982965.830896415
244 915 404841.52095868724 4981743.262505478
488 915 409721.4155957124 4981742.359950731
549 915 410942.235896169 4981743.797564648
610 915 412163.1467260051 4981742.820785116
671 915 413383.1537444207 4981742.554150126
915 915 418262.5594232144 4981743.200443493
1037 915 420701.9769811625 4981743.661229196
1159 915 423142.6504840852 4981743.651516336
1281 915 425582.9638485871 4981743.975004616
1342 915 426801.70910748595 4981742.725791463
1403 915 428021.92893354554 4981743.490413912
1525 915 430462.703713656 4981744.2544849105
1586 915 431683.06615797523 4981743.476754293
1647 915 432902.16064970783 4981744.300017967
1708 915 434123.4886550444 4981742.463212322
1769 915 435342.3016731923 4981743.985951251
1830 915 436562.80179924174 4981744.003118836
1891 915 437782.4934088284 4981743.520629961
61 976 401184.0014955575 4980523.70696664
122 976 402402.8484009155 4980524.051021285
183 976 403621.93582701223 4980524.586791369
366 976 407281.78894236835 4980522.99456172
427 976 408502.5188629091 4980523.590145901
793 976 415821.54338855983 4980523.984096135
854 976 417041.3860542487 4980523.399553451
915 976 418262.7453682263 4980523.797954907
976 976 419481.87404808425 4980522.189114045
1037 976 420702.37792811124 4980523.484657118
1098 976 421922.13852376246 4980522.918293934
1159 976 423141.84115316794 4980522.364104248
1281 976 425582.45117175544 4980523.848224061
1342 976 426802.214186857 4980524.359837144
1403 976 428021.93851104204 4980522.9428179525
1464 976 429242.8107238756 4980525.808827822
1586 976 431682.8494495655 4980524.025159959
1647 976 432902.47689353605 4980524.316676215
1708 976 434122.83605085156 4980523.634161939
1769 976 435342.4819362783 4980523.796330921
1830 976 436563.2001069873 4980523.237936781
1891 976 437782.54291153984 4980524.190916554
305 1037 406062.683416213 4979303.923294002
427 1037 408501.73175846797 4979302.065518409
549 1037 410942.70264118834 4979304.859612013
793 1037 415821.0540404614 4979304.452173709
976 1037 419483.1621497121 4979302.653286986
1037 1037 420702.2518745156 4979304.02662957
1098 1037 421923.2942982755 4979303.315945437
1159 1037 423142.33057101676 4979303.897887133
1220 1037 424361.5465833114 4979303.537839461
1281 1037 425583.3636017929 4979303.784565144
1342 1037 426802.0773404022 4979304.300987978
1403 1037 428023.75707295863 4979303.446120267
1586 1037 431683.6937907001 4979303.907943106
1647 1037 432902.09385439986 4979304.578009565
1769 1037 435342.3028144449 4979302.353316574
1830 1037 436562.7929328751 4979305.338185642
1891 1037 437783.41212566127 4979302.399445863
183 1098 403621.7027554444 4978083.751190518
305 1098 406062.924683516 4978082.4296994135
366 1098 407282.53004716773 4978083.332894129
488 1098 409720.96163398377 4978083.662666399
549 1098 410942.7481337112 4978083.9745827615
732 1098 414600.4294601299 4978083.864116925
1037 1098 420702.1396714084 4978083.184354786
1098 1098 421922.29289567075 4978083.466149723
1159 1098 423143.30627223203 4978083.850418961
1281 1098 425582.2240116533 4978082.852787525
1342 1098 426802.39237529173 4978082.455615494
1403 1098 428022.63896938285 4978083.403115964
1464 1098 429243.6692952104 4978084.182783796
1586 1098 431682.4812412838 4978082.760445198
1647 1098 432902.2395975779 4978083.267546405
1708 1098 434124.237717644 4978081.892438185
1769 1098 435344.2249987532 4978084.471710835
1830 1098 436562.6083211712 4978083.404115151
1952 1098 439002.43352290883 4978083.756542072
122 1159 402401.7664590452 4976862.737611513
183 1159 403622.8040443492 4976864.947886535
244 1159 404843.43422416836 4976864.810196923
366 1159 407283.4857458308 4976861.266653367
488 1159 409723.49839897966 4976864.069770391
549 1159 410943.203139753 4976863.062964252
671 1159 413384.08070677926 4976864.210910085
915 1159 418262.4082314795 4976862.740396842
976 1159 419483.30221126793 4976863.892372904
1037 1159 420702.71293213946 4976864.083961437
1098 1159 421922.82517880003 4976863.6515465425
1220 1159 424362.5201527976 4976862.323151989
1281 1159 425582.5053101751 4976862.687914604
1342 1159 426802.7807426135 4976863.04011284
1403 1159 428022.4738806279 4976863.501874818
1464 1159 429242.01325580676 4976864.253847985
1525 1159 430462.4605184231 4976864.411565854
1586 1159 431683.91662147635 4976863.461343897
1647 1159 432902.36917904834 4976863.001067935
1708 1159 434121.5031846548 4976863.449967032
1769 1159 435342.06272154144 4976864.008124222
1891 1159 437783.0051999285 4976863.369393941
61 1220 401183.0379417078 4975643.466902778
122 1220 402402.22771851363 4975643.426448213
183 1220 403623.4513597556 4975644.542316444
427 1220 408501.3879946674 4975643.95956343
793 1220 415822.23123530037 4975643.511567008
915 1220 418262.11061989964 4975644.313229221
976 1220 419482.2137138125 4975643.215408816
1220 1220 424362.59685202036 4975643.182388801
1281 1220 425582.0118408571 4975643.369797295
1403 1220 428022.46777996403 4975643.138880462
1464 1220 429243.1627880171 4975643.005519476
1525 1220 430461.34918862785 4975641.936134941
1586 1220 431683.48787147366 4975643.906526132
1647 1220 432901.45279323973 4975643.976738059
1708 1220 434123.4316228362 4975643.193361552
183 1281 403623.9761737593 4974423.787132259
305 1281 406062.5764438317 4974422.70032827
488 1281 409722.3892718776 4974422.808830736
549 1281 410942.36459543 4974422.0660248585
610 1281 412163.826812952 4974424.004764899
793 1281 415824.21271381504 4974423.223916353
915 1281 418261.185212406 4974423.937697977
1098 1281 421922.00923050154 4974422.750593599
1220 1281 424363.3146564443 4974422.870079998
1281 1281 425582.80419128056 4974422.166336539
1342 1281 426803.33278255974 4974424.198043183
1403 1281 428023.41797406593 4974424.156062018
1464 1281 429242.1947390761 4974424.607458974
1525 1281 430462.9873219341 4974423.679516055
61 1342 401181.2369252321 4973202.662625383
427 1342 408502.64831041597 4973203.750157705
976 1342 419482.40307590837 4973202.919304846
1098 1342 421922.2260671632 4973202.672093856
1159 1342 423142.1908626423 4973203.507482264
1281 1342 425582.76902106585 4973203.51948644
366 1403 407281.9606804137 4971983.625843772
549 1403 410942.9470253747 4971982.373778612
732 1403 414601.996639985 4971984.408945083
915 1403 418262.87270983134 4971983.860221428
122 1464 402402.2895033833 4970763.885388106
183 1464 403621.77536281117 4970763.361698664
244 1464 404844.0687491295 4970762.925289733
366 1464 407281.1756156625 4970763.570774464
427 1464 408502.2576015576 4970763.075604412
488 1464 409722.48939090624 4970763.67094006
122 1525 402401.2327366459 4969543.68700852
244 1525 404842.2900454178 4969543.779897934
122 1586 402402.7715666858 4968323.191738226
183 1586 403622.282603097 4968323.865807744
183 1647 403622.03245396697 4967102.632892878
244 1647 404842.58932839066 4967103.394479628
61 1708 401184.2925495869 4965884.8767360775
366 1708 407282.11165464873 4965882.259161388
61 1769 401181.6544357632 4964663.889591156
122 1769 402402.4788359638 4964663.302121611
61 1830 401182.19892866234 4963443.977206042
61 1952 401183.2453811096 4961003.656355297
366 1952 407281.6967720917 4961003.517560542
183 2013 403622.00956220034 4959783.535977924
366 2013 407282.9286401313 4959783.3732797075
244 2074 404841.8907262817 4958563.634015391
61 2135 401182.2175494999 4957343.080573069
61 2257 401182.5888068032 4954903.043753831
