4026 2623 680522.6549513595 5147557.731935423
3721 2745 674422.7680503929 5145117.904488676
3843 2745 676863.5303885681 5145117.6612621555
3904 2745 678083.3088799015 5145116.748028521
3843 2806 676863.2371768004 5143897.423501694
3965 2867 679297.995838207 5142677.162035506
3721 2928 674422.3043706066 5141456.457904699
3782 2928 675642.6207710002 5141457.283155408
2989 2989 659782.1106675391 5140237.991877547
3050 2989 661001.8867973845 5140238.0130484495
2806 3111 656122.2443283874 5137797.255794547
3660 3111 673199.9785706882 5137799.990543039
3721 3111 674420.0082854974 5137800.002568376
3782 3111 675644.470600721 5137796.888277218
2928 3172 658561.2705315789 5136579.877268975
3538 3172 670761.3180478947 5136577.450834028
3721 3172 674418.8778449005 5136577.934482205
3782 3172 675642.5789816425 5136577.281207141
2745 3233 654902.1298527101 5135357.106496875
2989 3233 659781.6412861391 5135357.06464377
3660 3233 673200.9189809086 5135357.3264089255
3843 3233 676860.6174078687 5135359.107348619
2867 3294 657343.971116536 5134135.826468503
3538 3294 670763.3247930785 5134136.286541667
3660 3294 673203.1468844806 5134136.940140675
3843 3294 676862.7571229141 5134136.934534313
2989 3355 659781.7894233393 5132917.58213868
3599 3355 671981.4901344974 5132916.8936637165
3660 3355 673195.7292620388 5132917.472956519
2989 3416 659782.1087572474 5131698.477885278
3050 3416 661003.5241842758 5131696.022001951
3477 3416 669543.3562279394 5131696.805651205
3599 3416 671978.6251288948 5131696.932771859
3660 3416 673198.9857054363 5131698.036713158
3904 3416 678083.7033295754 5131697.0632404825
3050 3477 661002.7027309429 5130478.05282254
3538 3477 670757.4093114062 5130475.713581496
3599 3477 671981.9401331032 5130478.040821878
4209 3477 684182.4925271533 5130477.973311787
4453 3477 689063.7342809052 5130477.535990686
4514 3477 690283.2714301827 5130478.768584023
4575 3477 691502.9932372712 5130477.499118515
4880 3477 697602.7456842927 5130476.857867687
3477 3538 669542.8663794204 5129257.497550478
3538 3538 670761.6896390412 5129255.525061419
4331 3538 686622.8161020325 5129257.604920954
4575 3538 691500.7966663259 5129257.409748891
2867 3599 657343.1683767694 5128036.384557925
3111 3599 662223.9664914965 5128035.443015042
3538 3599 670761.0497251424 5128036.892433847
4270 3599 685403.8244824015 5128038.333799624
2806 3660 656122.1599248501 5126816.663604251
3111 3660 662222.6649754334 5126816.109663905
3538 3660 670761.5384589882 5126817.452055244
4087 3660 681743.4028715282 5126817.523432111
4270 3660 685402.6463607213 5126817.276926053
2745 3721 654903.4248614999 5125596.818567182
2806 3721 656121.9679413754 5125597.361170489
2867 3721 657341.1128851371 5125597.4927665265
2989 3721 659782.0776703262 5125596.901699232
3477 3721 669544.8850486368 5125596.77877857
3538 3721 670757.3834713981 5125597.023602605
3660 3721 673204.5473069708 5125595.715590972
3965 3721 679303.7866537153 5125597.156029962
2928 3782 658562.5450978538 5124378.301999061
3233 3782 664663.7723860327 5124376.530081369
3294 3782 665880.995384331 5124376.8538763635
3477 3782 669538.925308195 5124377.47798165
3904 3782 678082.998806275 5124377.8624065155
3965 3782 679302.8051311114 5124378.243813807
3294 3843 665883.2894987209 5123156.653173211
3843 3843 676864.7470318382 5123156.569211836
4026 3843 680524.1978522446 5123158.140319715
2989 3904 659779.8008078922 5121939.825190885
3111 3904 662223.4897524255 5121935.949285007
3294 3904 665880.6729934145 5121936.777769791
3355 3904 667101.2964777261 5121939.282900042
3416 3904 668317.4031659494 5121935.643977796
3721 3904 674422.7478945128 5121936.795971377
3782 3904 675644.6344759312 5121936.811857367
3843 3904 676863.3944969897 5121936.6782429125
2806 3965 656118.2174057357 5120716.565654256
3050 3965 660999.0508826771 5120717.083163564
3172 3965 663442.9133238075 5120717.340633161
3233 3965 664662.6734474722 5120717.415206611
3477 3965 669544.0799387163 5120716.838454785
3721 3965 674423.7337190763 5120716.63208987
2867 4026 657340.8966619872 5119498.132429843
3233 4026 664658.7170308828 5119496.827787077
3416 4026 668322.8444248782 5119496.572228992
3599 4026 671982.2858012682 5119497.831652634
3660 4026 673203.3129206697 5119497.337741218
3050 4087 661002.8336067422 5118277.244185875
3233 4087 664661.1770922327 5118278.698785637
3477 4087 669543.7144219026 5118276.956227665
3660 4087 673203.8905360182 5118276.937126956
2989 4148 659783.690977043 5117057.230930934
3050 4148 661002.8130205366 5117057.634405786
3355 4148 667103.1793138011 5117056.635182642
3416 4148 668322.5881623335 5117056.640595795
3599 4148 671982.466007994 5117056.8332179515
3660 4148 673202.406388493 5117057.700302455
3782 4148 675642.8345161895 5117058.048062832
3843 4148 676862.5393729572 5117058.481440346
3050 4209 661004.9835048758 5115836.52595553
3111 4209 662222.2892567619 5115836.790233897
3172 4209 663439.578040619 5115837.252206969
3233 4209 664661.4465523807 5115837.813973058
3355 4209 667103.4216141411 5115837.953855164
3416 4209 668324.3920800273 5115837.010543989
3538 4209 670763.4495624308 5115836.953365447
3904 4209 678083.4162532063 5115837.345434478
2989 4270 659782.1092781195 5114617.59387305
3172 4270 663440.5537452964 5114619.3029692825
3294 4270 665882.6487337146 5114616.419245485
3355 4270 667102.0142909149 5114618.68155677
3477 4270 669543.7035025395 5114617.4008258665
2989 4331 659780.9309944648 5113398.337089444
3111 4331 662222.0509066548 5113396.503222947
3172 4331 663442.1084487517 5113396.899071397
3233 4331 664663.9176232376 5113396.206785635
3599 4331 671982.1509175122 5113398.36015523
3782 4331 675642.2125940158 5113398.422096939
5429 4331 708582.9686738874 5113402.188077527
2989 4392 659787.241168693 5112177.676702178
3050 4392 661001.4402862592 5112176.256135223
3599 4392 671984.1209965904 5112175.4342814125
3111 4453 662223.1700121383 5110956.874657626
3172 4453 663441.2125491177 5110956.914458076
3355 4453 667103.8797633926 5110958.420557791
3477 4453 669544.1408406759 5110957.126323332
4697 4453 693943.6457559228 5110956.065612468
2989 4514 659783.5359966465 5109736.06205619
3111 4514 662222.9986256568 5109737.898791294
3355 4514 667102.586928945 5109737.692218194
3477 4514 669542.7708396311 5109741.29979295
3721 4514 674423.2985845509 5109737.3840741925
2501 4575 650021.8128171135 5108517.769084629
2989 4575 659783.2256146542 5108516.673763581
3172 4575 663442.103408785 5108516.533509018
3355 4575 667102.6642218039 5108518.7672740305
3599 4575 671983.1718772778 5108518.083965132
4636 4575 692722.742696371 5108517.828707299
2501 4636 650022.6007560473 5107298.714371819
2745 4636 654903.612100715 5107295.871642766
2867 4636 657342.236348305 5107296.174377185
2989 4636 659782.6170725197 5107297.383306394
3050 4636 661003.023195317 5107296.636057409
3111 4636 662221.8199543726 5107296.331185415
3172 4636 663441.9722145724 5107297.456321543
3538 4636 670761.8506506921 5107298.490697241
3599 4636 671982.1537052955 5107301.777089317
3660 4636 673198.279044477 5107298.183037895
3843 4636 676863.5050899368 5107297.228079176
5124 4636 702481.9342867091 5107295.54671284
2501 4697 650023.0817109192 5106076.996876849
2745 4697 654902.50811239 5106076.821313396
2867 4697 657343.3345839913 5106077.128148762
3050 4697 661003.7026420664 5106076.89469885
3172 4697 663441.9183760183 5106078.398721298
3355 4697 667103.4033550117 5106077.07075976
3416 4697 668322.0623370607 5106077.558915578
3904 4697 678084.352288775 5106081.531520999
5368 4697 707363.4774558262 5106077.747094262
1647 4758 632941.9089002413 5104857.545229078
2867 4758 657342.3648674373 5104857.9123755405
3294 4758 665881.0049954801 5104858.167488694
3538 4758 670762.1924490094 5104857.137406185
4636 4758 692722.6859962674 5104858.152484478
4941 4758 698822.7818989527 5104855.394775001
2379 4819 647580.6328551963 5103636.89308486
2501 4819 650022.5914663351 5103637.608659607
3233 4819 664661.6826531283 5103636.935546914
3477 4819 669542.9904054872 5103637.866820518
3660 4819 673201.9587306062 5103637.124660504
4575 4819 691501.5168991662 5103641.482845135
4697 4819 693942.3770094642 5103637.204936451
5124 4819 702482.8056947903 5103641.531831201
2013 4880 640263.4944774602 5102418.205684793
3233 4880 664662.4621449232 5102417.007056685
3294 4880 665882.6078113291 5102418.755142231
3477 4880 669543.4275247214 5102416.485793696
3538 4880 670763.8074757506 5102417.578931465
3660 4880 673201.1090074816 5102417.0307758115
3721 4880 674421.7123765255 5102417.8321466
3782 4880 675643.38907331 5102416.991559828
4270 4880 685401.3760730526 5102417.307253301
4514 4880 690278.4460742555 5102417.320187065
4697 4880 693941.6115989303 5102415.980994982
2379 4941 647582.6639173615 5101196.66867647
3172 4941 663441.2368827601 5101197.33393597
3294 4941 665881.6300539058 5101196.936562551
3355 4941 667102.873642179 5101196.542213009
5124 4941 702483.604795511 5101198.185541087
2623 5002 652462.2097330966 5099977.255425278
3416 5002 668323.724547112 5099976.7015485875
3782 5002 675639.2161608138 5099977.785369623
4209 5002 684182.1719794021 5099976.444590872
1647 5063 632943.7877592607 5098757.77766548
2318 5063 646363.7254386474 5098758.717854097
2623 5063 652461.8825432712 5098757.028951884
3355 5063 667102.6630750452 5098757.115576784
3416 5063 668322.7986739555 5098757.680923514
3538 5063 670764.1726366904 5098756.644262996
4087 5063 681742.7365996396 5098758.731623152
4270 5063 685403.6984553898 5098755.782617067
4453 5063 689064.0629486907 5098756.981531955
5246 5063 704922.3508642586 5098759.237170237
1464 5124 629282.542120544 5097536.047145879
2196 5124 643921.4009953182 5097537.293230715
2623 5124 652461.4425979521 5097538.486178733
2684 5124 653680.3623038917 5097538.746895918
3355 5124 667103.0649668688 5097537.624178046
3477 5124 669542.7351527732 5097536.690551193
3599 5124 671984.7070509212 5097536.181825429
4026 5124 680523.2537043523 5097537.798838583
4331 5124 686623.4364370975 5097537.862321593
1525 5185 630503.1833607135 5096318.110404019
1891 5185 637822.9753345778 5096317.648940571
2074 5185 641481.428477986 5096317.096073822
2440 5185 648802.091390382 5096317.720053607
2501 5185 650022.7718937785 5096317.064009862
3111 5185 662224.3818085969 5096317.253263201
3477 5185 669541.7225316874 5096317.381323944
3538 5185 670764.7186085868 5096317.769457918
3782 5185 675642.8444430883 5096317.476336892
3904 5185 678081.9281165887 5096316.816003507
2440 5246 648802.3430175208 5095098.2457505865
2684 5246 653682.4417361692 5095098.035856281
3050 5246 661003.5161557755 5095097.140717685
3477 5246 669543.0623746049 5095097.473044294
5429 5246 708582.7676165166 5095096.1843452575
2257 5307 645143.1847217048 5093876.9592765905
2501 5307 650021.6606106594 5093877.709128035
2562 5307 651241.4673971975 5093878.566162594
3111 5307 662221.0912002027 5093876.778646036
3233 5307 664662.1089145883 5093877.966345637
3599 5307 671983.4025352321 5093881.365378928
2013 5368 640263.8415115254 5092657.077520047
2318 5368 646363.1846062723 5092657.97719372
2379 5368 647583.4768125155 5092656.858682934
2928 5368 658562.7505200801 5092656.8622097615
3111 5368 662220.8998145676 5092656.232420426
3294 5368 665882.7868328039 5092657.233739738
1403 5429 628062.6311424471 5091438.133621995
2318 5429 646364.4544231645 5091436.160404598
3111 5429 662221.588269716 5091439.803690166
3294 5429 665882.8150360556 5091438.219170943
3538 5429 670763.7240426206 5091436.927714104
3599 5429 671983.1975845522 5091438.043534144
2135 5490 642702.2279614932 5090217.213518504
3416 5490 668323.431125625 5090218.463030196
