5246 3172 704918.0574404197 4736562.578744105
5124 3233 702478.4588167841 4735341.813257197
5185 3233 703697.5334822307 4735342.744073721
4941 3294 698816.6409448268 4734123.064010388
5002 3294 700037.6050234424 4734121.973458012
5063 3294 701257.8554781385 4734122.924972618
5307 3294 706137.8167483257 4734122.672919418
5368 3294 707356.9885871949 4734123.1154477075
5429 3294 708577.3560531804 4734121.366185037
4941 3355 698817.2017145557 4732902.608535959
5063 3355 701256.9473461686 4732902.080748489
5124 3355 702477.4069683505 4732902.45881328
5246 3355 704916.2529174687 4732902.4511130955
5307 3355 706136.6945590358 4732902.9677810995
5368 3355 707357.1023918559 4732902.929198146
5429 3355 708577.4608629143 4732901.769538604
4880 3416 697597.2223626376 4731682.675471379
4941 3416 698817.8788251817 4731682.445166793
5002 3416 700037.5236493564 4731683.058830672
5063 3416 701256.8134502368 4731682.766232351
5124 3416 702477.5078278235 4731682.653033891
5185 3416 703698.0953967483 4731683.068094904
5246 3416 704917.9430213309 4731682.305405123
5307 3416 706137.2591742768 4731682.621730938
5368 3416 707357.600431239 4731682.6508788485
4819 3477 696378.1143746035 4730462.253097575
4880 3477 697597.2238267607 4730462.523186305
4941 3477 698817.5113378409 4730462.533169437
5002 3477 700037.7148868294 4730462.842631811
5063 3477 701257.2102242712 4730461.578164718
5124 3477 702479.0313871648 4730461.409291172
5307 3477 706138.0820538707 4730462.559139252
5368 3477 707357.5971478332 4730462.051561128
5429 3477 708577.4473128169 4730462.136753803
4819 3538 696376.6952094429 4729243.435647056
4880 3538 697596.4544716974 4729242.408926723
4941 3538 698817.9272647948 4729242.9838100355
5002 3538 700038.1997027593 4729242.472247789
5063 3538 701257.0746557919 4729241.736496861
5246 3538 704917.4750011895 4729242.562709542
5307 3538 706136.2954675143 4729242.58767735
5368 3538 707357.9879518766 4729242.104677622
5429 3538 708577.6151371115 4729242.612617339
4819 3599 696377.2587628653 4728023.397298557
4880 3599 697597.6832506781 4728022.802589111
4941 3599 698816.9483366915 4728021.963587994
5002 3599 700036.8376223342 4728023.312151605
5063 3599 701257.3831882211 4728022.552816074
5185 3599 703697.4445863039 4728023.015659569
5246 3599 704916.6010051066 4728022.726863429
5307 3599 706136.3012910124 4728022.38111146
5429 3599 708577.1868266914 4728023.351123196
5063 3660 701257.2228250651 4726801.867025946
5124 3660 702476.2122117886 4726802.519900942
5185 3660 703696.5656049245 4726803.282609427
5246 3660 704917.6280684939 4726803.60379688
5307 3660 706137.5262522193 4726802.122684436
5429 3660 708576.7430339666 4726803.254379713
4819 3721 696377.6903275521 4725582.236877274
4880 3721 697596.2690687368 4725583.134665243
5063 3721 701257.0595730578 4725580.881643834
5124 3721 702476.4932854685 4725582.57998793
5246 3721 704917.4387787117 4725584.505907895
5307 3721 706136.3878612831 4725583.147277064
5429 3721 708576.6646417209 4725582.890793424
4880 3782 697597.5876617203 4724362.572995492
5490 3782 709796.4548061705 4724363.235828847
4941 3843 698816.9716714945 4723142.153563245
5124 3843 702478.4527542342 4723142.790921392
5246 3843 704917.295014353 4723142.231044538
5307 3843 706136.6887828832 4723143.312827907
5368 3843 707356.6146511007 4723142.340806501
4697 3904 693937.6577809891 4721923.286818603
4941 3904 698817.1221071775 4721922.639667374
5063 3904 701257.614819469 4721923.242635826
5124 3904 702477.5166591574 4721922.916187667
5246 3904 704917.5258449658 4721922.947757333
4819 3965 696377.7441481443 4720701.263460126
5307 3965 706137.3064455352 4720702.415562605
4758 4026 695157.3261502635 4719482.694708196
4819 4026 696377.6904406341 4719482.724100925
4880 4026 697597.532440347 4719481.821877901
5185 4026 703697.239225399 4719482.970740304
4819 4148 696377.7058735518 4717042.072921211
5063 4148 701257.0462638099 4717042.629772001
4819 4209 696377.2723976492 4715822.658961206
4636 4270 692717.0705838972 4714602.893607959
4819 4331 696376.0447413576 4713382.774781613
4880 4331 697598.2762076404 4713382.034300587
5307 4331 706137.278917302 4713382.197853472
5368 4331 707357.3256917289 4713382.965182677
5429 4331 708577.9979733947 4713381.995387992
4636 4392 692717.5773401051 4712163.247177563
4697 4392 693936.3693218116 4712162.301504606
4758 4392 695157.7319192206 4712163.028544777
4819 4392 696376.867162469 4712161.247835592
4880 4392 697596.6870233736 4712161.2904826505
5429 4392 708577.7267964116 4712162.7448555
4636 4453 692717.0761759797 4710942.707389922
4697 4453 693936.3590226088 4710942.973919767
4819 4453 696378.4564101651 4710942.558570103
5185 4453 703697.6928564351 4710943.412431303
4697 4514 693936.7785783807 4709723.68595564
4758 4514 695155.9886749323 4709723.27839502
4819 4514 696377.1957953456 4709721.969785314
5124 4514 702476.6892823463 4709723.839849132
4697 4575 693936.9923643436 4708502.898315878
4758 4575 695155.9627757058 4708502.857929461
4636 4636 692718.6779636593 4707282.519200352
4697 4636 693936.7331727444 4707282.101556228
4819 4636 696377.4068606552 4707282.773091371
5063 4636 701257.0930843762 4707282.443243124
5124 4636 702476.8967709702 4707282.598784947
4575 4697 691497.444652248 4706062.7799182525
4636 4697 692717.6461767228 4706062.413376101
4697 4697 693937.2398746278 4706063.064976102
4758 4697 695157.8185351476 4706061.8504530415
4880 4697 697595.9573347617 4706063.083294599
5124 4697 702476.7512178376 4706063.120600033
5185 4697 703696.3416842592 4706063.335078154
5246 4697 704917.8249661467 4706062.906409889
5307 4697 706137.0505547683 4706061.600158609
4575 4758 691496.758525479 4704842.485562034
4636 4758 692717.4267058579 4704841.269049006
4697 4758 693936.3556783197 4704841.902751501
4758 4758 695157.2562859027 4704842.919905576
4819 4758 696378.4679077687 4704841.839026637
4941 4758 698816.0609002296 4704843.218979306
5002 4758 700036.7484073734 4704842.819259476
5063 4758 701257.2642732235 4704843.227682854
5185 4758 703698.990102466 4704843.302961531
5246 4758 704917.2068742124 4704842.927236014
5307 4758 706136.1367129696 4704843.373848434
5429 4758 708577.7217228967 4704842.542324131
4514 4819 690277.1171445997 4703623.108532285
4575 4819 691497.4653456297 4703623.283252445
4636 4819 692717.6287276844 4703621.834998297
4697 4819 693936.4563356183 4703623.639843445
4880 4819 697597.7493939917 4703622.349057198
5002 4819 700036.8353035414 4703622.982541431
5185 4819 703696.9975788314 4703623.23050218
5246 4819 704916.4874422785 4703622.751505322
5307 4819 706137.8493064301 4703621.950543622
5368 4819 707357.1378758046 4703622.699977267
4514 4880 690277.3866759414 4702402.90924872
4575 4880 691497.5714460522 4702401.551707081
4697 4880 693937.4040789673 4702402.598587012
4758 4880 695157.2377179298 4702402.885740491
4941 4880 698816.4184868631 4702404.1298003625
5002 4880 700036.9919793471 4702403.07184534
5063 4880 701258.2281768911 4702402.268317418
5124 4880 702476.5053572438 4702402.224031862
5185 4880 703696.830152414 4702402.45558573
5429 4880 708576.4951229431 4702403.517093835
4514 4941 690276.8055339407 4701183.460267661
4575 4941 691496.9844102002 4701182.565672641
4636 4941 692717.7876187558 4701182.669410979
4697 4941 693936.653753794 4701182.811291058
4880 4941 697597.4059252214 4701182.768715272
4941 4941 698816.5057167069 4701182.420722754
5063 4941 701257.0735887083 4701182.761468252
5368 4941 707355.7586062164 4701183.760049925
4758 5002 695156.5059193043 4699963.527512442
5002 5002 700036.778727853 4699963.591249278
5063 5002 701257.1843193934 4699962.295112948
5124 5002 702477.299537895 4699963.122747604
5307 5002 706136.9907494808 4699963.106967602
5368 5002 707356.6609219381 4699964.181624419
4636 5063 692717.8791435254 4698742.255019546
4697 5063 693937.3975880069 4698741.832518864
4758 5063 695157.1339200031 4698742.7692949
4880 5063 697597.6706421836 4698742.747495054
5124 5063 702477.5202267895 4698742.965741733
5246 5063 704917.5751768947 4698743.076433475
5429 5063 708578.0182944123 4698742.797107554
4575 5124 691497.8303782034 4697523.762657355
4636 5124 692717.3353016351 4697522.364053772
5246 5124 704918.2684426695 4697522.121256111
5307 5124 706139.0106141474 4697523.07326044
5002 5185 700037.6968433057 4696302.286850669
5307 5185 706137.3714719848 4696303.725132101
5185 5246 703696.6188454161 4695083.2887937715
5246 5246 704916.7221883553 4695082.510635749
5368 5307 707358.5006814769 4693862.909131304
5368 5368 707357.981815607 4692643.1523967665
