5612 122 656121.5812936008 4798788.282406234
5734 122 657342.3440986109 4798794.535553138
5978 122 659776.8149418959 4798793.78914919
6222 122 662221.5448556163 4798793.855403741
6466 122 664657.4990066123 4798794.646995642
6954 122 669540.7131327848 4798792.130608681
7198 122 671981.3329179828 4798787.7522757985
8174 122 681741.7732912753 4798793.504967362
8418 122 684177.6755154614 4798792.7010808
8540 122 685402.6300455164 4798792.086172505
8906 122 689063.2287729087 4798796.386198845
6100 244 660997.8303955621 4797566.776433361
6466 244 664663.1775344153 4797564.750698753
6954 244 669541.3147850139 4797577.423124195
7076 244 670763.0589580594 4797576.932683638
7198 244 671983.5913296279 4797575.460878214
8662 244 686623.3166879059 4797572.347578188
8906 244 689058.4133558243 4797572.75499442
9638 244 696382.1508509143 4797574.348542716
10736 244 707363.2988183039 4797576.72841187
5978 366 659781.0878060705 4796354.672652451
6222 366 662221.6934652475 4796348.318880975
6710 366 667098.7009604272 4796352.759964951
6954 366 669543.29023461 4796344.888831791
7564 366 675639.6339245008 4796351.750734076
7686 366 676861.8800176841 4796353.162854246
8540 366 685398.1546957648 4796348.397548451
8784 366 687838.0061002703 4796353.967818531
8906 366 689061.6447308792 4796355.536126847
9882 366 698823.0001824948 4796355.652324745
5856 488 658556.8476733223 4795133.600949368
6344 488 663440.651512001 4795132.581327884
6588 488 665879.0602876263 4795132.457621388
6832 488 668317.9816702345 4795133.723609474
7198 488 671982.3524630306 4795128.309040906
7930 488 679298.5230983841 4795132.914003577
8540 488 685400.594189753 4795131.641782944
10004 488 700042.9561280031 4795134.083056157
6466 610 664661.6613115767 4793912.048041605
6832 610 668321.514535917 4793913.362707689
7442 610 674421.7549514483 4793913.799527716
8052 610 680521.2727685106 4793914.32352606
8174 610 681741.2603904145 4793915.154522649
10126 610 701263.5970320982 4793916.533221005
10492 610 704922.7286542921 4793917.241734396
6344 732 663444.6737423874 4792694.108160329
6466 732 664662.1413111407 4792688.824080428
9028 732 690282.6561111963 4792692.343499393
9638 732 696383.7175191897 4792696.298720186
10004 732 700041.2526659829 4792693.785931135
10492 732 704921.2105275776 4792696.7802184485
10858 732 708582.3169815986 4792693.076568674
6710 854 667098.4309700532 4791473.215075716
7808 854 678083.0060039826 4791476.718653629
9638 854 696382.9888164008 4791473.259288163
6466 976 664659.3939246406 4790252.393668945
6588 976 665880.4739838543 4790255.669189686
7808 976 678082.5943206603 4790253.058462873
10370 976 703698.8413050509 4790257.512459042
10858 976 708578.062503223 4790256.08336379
6954 1098 669538.0668823096 4789033.317372406
10858 1098 708578.8780039795 4789034.565898425
6954 1220 669543.4690905157 4787804.970575299
10126 1220 701257.6868130204 4787814.990557493
10248 1220 702481.3149517763 4787816.737664585
10492 1220 704920.9265843661 4787811.526345404
10858 1220 708577.1422525286 4787817.710901292
8174 1342 681742.42347727 4786591.854400028
10248 1342 702482.7660663638 4786597.999113141
10614 1342 706141.6197971246 4786596.089211622
7320 1464 673198.7968460715 4785369.135604618
7442 1464 674418.021935083 4785372.319834446
10736 1464 707359.1380385231 4785374.104932306
10858 1464 708581.198403356 4785371.320998277
7198 1586 671978.0582499965 4784148.814582079
10126 1586 701258.6075147789 4784157.4798209425
7686 1830 676862.7459099594 4781704.788220375
10858 1830 708582.7487427458 4781715.0114445165
7808 1952 678081.9094991718 4780492.561729402
