5429 2379 708578.9658159744 4752433.488792285
5429 2440 708577.7897548971 4751207.799007063
5429 2684 708577.3302523295 4746332.55778452
5307 2806 706138.485557109 4743891.637062494
5429 2867 708578.1659597686 4742671.963660014
4758 2928 695158.6107922547 4741450.691299317
5368 2928 707359.5828436366 4741451.106831563
5429 2928 708579.2057194735 4741448.572414988
4697 2989 693938.3223994824 4740227.331624691
4758 2989 695157.533234305 4740227.88813471
5368 2989 707359.5020979991 4740229.568105118
4575 3050 691499.1578762493 4739010.969828801
4636 3050 692717.6818242114 4739007.23827103
4758 3050 695158.5347141596 4739012.50784778
4636 3111 692721.2690648296 4737788.066903339
4819 3111 696377.6560706035 4737786.1898690425
5429 3111 708577.4869401711 4737787.087286294
4636 3172 692718.0548861324 4736567.524414429
4941 3172 698820.5947499843 4736567.6679419475
5368 3172 707357.992361312 4736567.268740076
4636 3233 692717.7948631773 4735347.8858008
4758 3233 695160.3952345992 4735349.110106499
4880 3233 697598.4905489945 4735347.918951191
4941 3233 698817.9383500615 4735348.004510918
5368 3233 707359.1949181529 4735350.30188144
4270 3294 685401.6757473506 4734131.253563948
4331 3294 686618.0864063397 4734131.166984922
4392 3294 687840.4496990524 4734127.9951733
4758 3294 695158.7984776449 4734127.318641647
4819 3294 696379.7225148126 4734127.727902272
4880 3294 697601.4077820887 4734133.262329168
4941 3294 698821.6564929942 4734128.300571538
5185 3294 703697.3392438411 4734130.979538083
5368 3294 707357.8645232543 4734127.439167603
4514 3355 690282.1546254518 4732908.5511268955
4697 3355 693938.1969050312 4732906.85139167
4758 3355 695157.170896395 4732908.346731626
5002 3355 700038.2964822474 4732906.5961906165
5124 3355 702477.7028260719 4732911.050732561
5185 3355 703697.9390459798 4732907.356495308
5368 3355 707357.446900551 4732908.730768448
5429 3355 708578.5746611686 4732907.789374679
4575 3416 691498.2090463052 4731688.656432013
4697 3416 693941.5741970149 4731686.512396172
4819 3416 696377.8023827709 4731689.063852124
4880 3416 697598.1265508091 4731686.924341018
4941 3416 698818.320689782 4731688.905386249
5002 3416 700039.0860800197 4731687.769627102
5063 3416 701257.7100531048 4731688.410298449
5307 3416 706138.4521434802 4731687.960889507
4758 3477 695157.6894886419 4730469.166841376
4819 3477 696378.3634473073 4730471.217548174
4880 3477 697598.0624865277 4730467.363322494
5063 3477 701262.1663816648 4730467.767238809
5307 3477 706138.527113244 4730470.679973899
5368 3477 707362.3589587288 4730472.304929627
5429 3477 708577.2888552194 4730470.811666746
4636 3538 692718.0483237776 4729247.148484973
4697 3538 693941.0154853525 4729247.584656805
4758 3538 695160.4814915037 4729248.224496441
4819 3538 696377.6390580334 4729253.419062378
4880 3538 697597.4949281828 4729251.95271727
4941 3538 698818.1219385231 4729251.612796767
5002 3538 700038.5964378832 4729248.270075953
5063 3538 701261.0979314925 4729248.23106053
5185 3538 703701.5194292925 4729252.461563397
5246 3538 704918.103126448 4729250.848397071
5307 3538 706142.8771293942 4729248.396229593
5429 3538 708579.1915289374 4729248.837781086
4331 3599 686621.8282400367 4728027.442778959
4575 3599 691496.2616876945 4728028.553834172
4697 3599 693937.9879436505 4728028.191059787
4819 3599 696381.0439477267 4728032.534884903
4880 3599 697598.9689426495 4728032.671699333
4941 3599 698818.2343788866 4728031.15853853
5063 3599 701258.2519491344 4728033.138793587
5124 3599 702479.0646929349 4728031.5087766545
5307 3599 706138.3219974029 4728028.373635789
5429 3599 708578.2300717006 4728032.023956023
4087 3660 681737.3386420559 4726807.9070640085
4209 3660 684177.956638155 4726807.875640383
4575 3660 691497.993508999 4726805.970545039
4636 3660 692717.4642164207 4726807.67715014
4697 3660 693941.8692923352 4726807.5839911755
4758 3660 695157.8842004298 4726808.5794412475
5063 3660 701257.7898797571 4726811.596156232
5124 3660 702476.7921148273 4726812.263812925
5185 3660 703698.1046482823 4726812.133366745
5307 3660 706137.7332118772 4726811.059453157
5368 3660 707357.9674362143 4726811.469592718
4148 3721 682961.6334755855 4725588.698892928
4331 3721 686621.5101572956 4725591.8933719285
4392 3721 687841.57358773 4725588.106206498
4575 3721 691499.1238837502 4725588.224727702
4636 3721 692718.7525233567 4725591.290486665
4758 3721 695157.5671697832 4725592.003330301
4819 3721 696378.8067521449 4725588.327168309
4026 3782 680518.3829391361 4724368.558341414
4148 3782 682959.2276826282 4724367.118483533
4209 3782 684178.8001588903 4724368.992297083
4331 3782 686621.0699225946 4724368.781605879
4453 3782 689060.9507024386 4724370.917828055
4636 3782 692718.9609220488 4724367.978484349
4819 3782 696378.5024933218 4724369.421612594
5063 3782 701258.6367861155 4724372.089064838
5246 3782 704917.8922071155 4724372.906502116
4453 3843 689058.9885448107 4723151.745488087
4514 3843 690278.8352981184 4723151.813113386
4575 3843 691498.0883340789 4723151.210226461
4636 3843 692717.1327053345 4723148.3109832555
4880 3843 697598.5601913105 4723151.274266051
5246 3843 704918.0880840798 4723152.187974176
5307 3843 706138.8692341738 4723152.814672906
5429 3843 708578.4767007538 4723149.67943495
3843 3904 676861.5459669005 4721932.011100619
4270 3904 685400.9079632061 4721928.19179691
4453 3904 689057.8720880368 4721931.830219291
4514 3904 690277.9241419457 4721930.707780104
4575 3904 691498.5920327957 4721931.720401975
4636 3904 692718.5608302508 4721928.01992461
4697 3904 693938.6784941936 4721932.809768492
4758 3904 695159.1565312175 4721931.3472110005
4941 3904 698818.2433446792 4721928.825671863
5063 3904 701257.5873936814 4721931.35382613
5124 3904 702482.3406818493 4721926.698030268
5185 3904 703701.3864323406 4721927.289596343
5307 3904 706139.1107556022 4721926.683984515
3843 3965 676861.478696677 4720712.681917575
3904 3965 678080.641027725 4720709.650816554
3965 3965 679300.9844913327 4720707.826735811
4270 3965 685398.7586748693 4720712.265285525
4392 3965 687839.0608913753 4720711.545404149
4453 3965 689061.2602372668 4720707.641456371
4514 3965 690277.4300002829 4720711.672430878
4819 3965 696380.9891689253 4720711.032230875
5124 3965 702477.8966922252 4720713.358162123
3904 4026 678077.2173025893 4719492.6459515765
3965 4026 679299.9302695282 4719489.609085095
4270 4026 685398.2213040991 4719488.284546235
4331 4026 686621.9912504546 4719488.823504529
4514 4026 690278.84139526 4719491.9351944085
4819 4026 696377.830115646 4719493.1121141445
4880 4026 697598.7020213607 4719491.892393219
5063 4026 701257.5721100125 4719492.75768498
5185 4026 703701.4867202238 4719486.991346545
5368 4026 707361.2855498068 4719486.111539018
5429 4026 708579.0391245878 4719489.094008715
3904 4087 678077.6357932555 4718271.525075272
4026 4087 680518.1741131969 4718272.1913919505
4209 4087 684181.6133970469 4718271.595033196
4697 4087 693938.8018108398 4718270.687385982
4880 4087 697598.3587670123 4718272.335498035
4941 4087 698818.6271045571 4718269.204894022
5063 4087 701258.2858087227 4718271.065861893
5124 4087 702478.7401871019 4718268.981350082
5307 4087 706138.2465712096 4718272.388418154
5429 4087 708577.422294922 4718268.001549898
4392 4148 687837.5942249616 4717053.511936869
4697 4148 693937.530360124 4717050.829636912
4819 4148 696378.9807483008 4717047.973740084
5185 4148 703698.8439512404 4717051.757409182
5307 4148 706137.9939194514 4717047.880543393
3904 4209 678078.9959005433 4715832.504674022
4209 4209 684179.2028458025 4715832.2463942375
4758 4209 695159.0685767523 4715829.61216367
5063 4209 701261.909432059 4715828.472959792
5124 4209 702477.2076149626 4715831.767069934
5185 4209 703698.052006303 4715827.359511223
5307 4209 706136.8596614473 4715832.384889286
3904 4270 678081.0105496674 4714608.337885813
3965 4270 679301.4516466488 4714611.355467917
4270 4270 685401.4324277337 4714611.583367069
4514 4270 690277.4301122313 4714606.476140532
5002 4270 700037.5004250574 4714611.532517177
3904 4331 678082.0927937764 4713391.894621652
4392 4331 687836.9202846666 4713388.223072354
4880 4331 697598.5627027303 4713391.366914192
4941 4331 698818.2676654011 4713391.500322556
5124 4331 702478.7398606817 4713390.972632237
5185 4331 703698.0652612366 4713388.397374872
5307 4331 706137.9165759078 4713387.288634084
4514 4392 690282.309467928 4712168.773202207
4636 4392 692721.266364413 4712168.942812304
4941 4392 698818.3280062485 4712173.495405681
5185 4392 703699.644270301 4712168.0872239685
4148 4453 682955.6613163903 4710946.088967789
4941 4453 698818.4588992186 4710949.70094384
5124 4453 702478.8624726057 4710951.927139343
5185 4453 703700.228993632 4710952.217924024
5246 4453 704918.7226541538 4710948.351716574
5307 4453 706138.4123656856 4710951.462287678
5368 4453 707359.4986750913 4710947.51204958
4270 4514 685398.8396814195 4709729.133537045
4453 4514 689058.638245554 4709733.396747993
4758 4514 695158.7735188212 4709732.604255367
4880 4514 697597.9494424531 4709731.409401699
4941 4514 698817.7419105836 4709727.662605072
5246 4514 704920.8670620519 4709729.273317442
5368 4514 707358.0330217927 4709731.8650396485
5429 4514 708578.7072360935 4709730.518504674
4453 4575 689057.886665826 4708511.492334627
4514 4575 690279.2277766039 4708512.890022407
4697 4575 693940.4563209052 4708511.876774503
4941 4575 698817.8454872603 4708508.699808713
5002 4575 700038.7508599194 4708509.748556926
5185 4575 703701.1300256193 4708506.467296425
5429 4575 708581.0177535034 4708511.682564994
4392 4636 687838.8160133917 4707287.292066216
4514 4636 690278.1540252751 4707291.659524172
4636 4636 692718.3927455909 4707287.680788941
4697 4636 693942.3482825287 4707288.578685727
4819 4636 696381.3234465199 4707288.584973236
4880 4636 697599.2149699833 4707291.122172637
4941 4636 698818.6927296524 4707290.263431873
5185 4636 703699.8956580233 4707287.964889483
5246 4636 704919.0759953297 4707288.143267128
5307 4636 706138.6762429161 4707287.742966259
5429 4636 708577.636570328 4707291.42055049
4270 4697 685397.7544937422 4706072.768707963
4453 4697 689058.8736904716 4706068.582586564
4514 4697 690278.6470025209 4706067.586647356
4880 4697 697601.5496217504 4706068.684836211
5307 4697 706138.5788190675 4706072.286977592
5368 4697 707361.6796052569 4706067.563037153
4270 4758 685397.2215897234 4704853.179533709
4331 4758 686617.3609436678 4704852.868806342
4392 4758 687842.142106333 4704847.326047473
4453 4758 689060.0831764545 4704848.492251069
4514 4758 690279.4132598657 4704848.42170457
4575 4758 691498.8358304291 4704851.01910695
4697 4758 693938.6456684492 4704847.348403879
4758 4758 695158.1457320646 4704852.249871384
4941 4758 698817.9002553042 4704854.704459584
5246 4758 704917.8773117576 4704848.597670825
5307 4758 706142.2740018992 4704847.909887372
5429 4758 708581.7120193472 4704846.918647163
4270 4819 685398.4835362762 4703627.640709857
4331 4819 686618.1073358473 4703631.997325318
4392 4819 687837.1549255784 4703632.446318892
4453 4819 689058.3470754218 4703628.290834589
4514 4819 690278.4720820314 4703632.869368835
4636 4819 692718.7066872341 4703625.246059102
4697 4819 693938.042720309 4703632.083595259
4758 4819 695156.4996269803 4703629.260602585
4880 4819 697598.3416980944 4703633.125897341
4941 4819 698821.2848744729 4703631.898335359
5002 4819 700037.4053849732 4703632.520115326
5307 4819 706139.5594540323 4703624.827934591
4270 4880 685397.371310219 4702411.786665418
4331 4880 686617.1964438827 4702411.9861422675
4392 4880 687837.5195812713 4702412.077298265
4453 4880 689056.9217969232 4702408.006767435
4514 4880 690278.2249914258 4702413.034394128
4575 4880 691499.4566746869 4702411.931428311
4636 4880 692721.3322879033 4702407.462324635
4758 4880 695158.7406244264 4702409.140225174
4819 4880 696381.7160094765 4702412.379306879
4941 4880 698817.4324403144 4702412.961918515
5002 4880 700038.2550230841 4702411.399381481
5185 4880 703697.0898734501 4702413.424940656
5307 4880 706137.9065029507 4702411.233523734
4392 4941 687838.8833145436 4701191.456341724
4453 4941 689059.0147197514 4701188.596873372
4514 4941 690277.5997297929 4701191.79096519
4575 4941 691497.8296694608 4701192.3133743005
4636 4941 692718.9081436796 4701188.561738973
4941 4941 698817.9318289568 4701192.87016021
5185 4941 703702.0393919762 4701192.653697396
3660 5002 673198.8655242053 4699972.472133275
4453 5002 689061.3384552678 4699972.324782259
4514 5002 690279.071469815 4699968.5686731255
4819 5002 696378.540260305 4699972.726941669
4941 5002 698819.443794705 4699973.147887847
3660 5063 673197.8832363182 4698752.606251427
4209 5063 684177.9569446851 4698751.776593418
4392 5063 687838.175177952 4698753.26442487
4453 5063 689057.9694316827 4698752.7157155825
4758 5063 695156.8577787986 4698752.429415781
3721 5124 674418.5953626538 4697528.341468226
4026 5124 680519.2750807536 4697532.296561144
3782 5185 675641.2938604371 4696309.417481664
3843 5185 676858.3637608774 4696311.73398676
3965 5185 679297.1969792173 4696312.2763395775
4026 5185 680518.295739009 4696312.906847879
3782 5246 675640.7719076982 4695091.580877702
3843 5246 676859.0711455528 4695091.330940019
3904 5246 678077.8724949387 4695093.113469793
4026 5246 680521.043805559 4695091.971462027
5063 5246 701258.2710345587 4695091.065919384
5185 5246 703698.6604103604 4695093.663973392
3843 5307 676860.7482829199 4693868.235223671
3965 5307 679301.1472318579 4693872.456473401
5368 5368 707356.7939966692 4692652.944611264
