122 122 701175.9962624295 4998830.6168784825
2684 122 726799.0163972079 4998823.720703355
2928 122 729238.3915144758 4998827.723718993
3782 122 737777.2562963555 4998829.042314023
4514 122 745097.4364334453 4998828.17270203
2684 244 726802.5718770508 4997601.865065387
3050 244 730461.0872567355 4997603.733070845
4392 244 743883.0532836263 4997602.116359528
3660 366 736556.0805094773 4996389.670862708
5978 366 759739.5806743203 4996380.633459023
122 488 701180.51229958 4995166.601835667
488 488 704837.7609679047 4995168.24966353
1098 488 710937.8947235807 4995163.152607465
2196 488 721919.7158582691 4995169.888283269
2318 488 723141.2391487444 4995162.942634927
2440 488 724362.3259121967 4995164.399062172
3904 488 738998.1556480627 4995167.314334362
4270 488 742661.4131545594 4995168.275335038
5856 488 758521.6175868346 4995161.749328577
732 610 707278.9265403864 4993944.583144381
854 610 708497.87444568 4993944.438922686
2318 610 723137.3000674875 4993946.724059218
2562 610 725578.2237278358 4993945.615311508
5856 610 758519.0085313044 4993942.989174354
1220 732 712155.1293102528 4992730.197440971
2196 732 721917.457783031 4992727.675661952
2562 732 725578.4677082013 4992723.430867165
4026 732 740220.3986052223 4992724.3546731975
6222 732 762181.1305699898 4992722.827882152
6344 732 763397.6922984411 4992722.705968407
1342 854 713377.2867481126 4991507.847071158
1952 854 719479.0390920588 4991506.463704945
6466 854 764618.6324779486 4991498.662087481
854 976 708497.8369491734 4990283.236497258
976 976 709716.9527244507 4990284.261802999
2074 976 720696.6711153543 4990284.187199392
3416 976 734118.2093922695 4990288.9928031275
4270 976 742658.6500223863 4990286.796538011
4880 976 748755.6241275367 4990286.012711069
5490 976 754858.1008455988 4990286.909855817
5734 976 757300.394414261 4990284.917569473
1464 1098 714602.4422344372 4989064.857466904
2196 1098 721917.9730685609 4989067.466810286
3660 1098 736559.9620376916 4989060.041130322
5002 1098 749978.8600975262 4989070.992705788
1342 1220 713374.4873558312 4987844.15099433
5368 1342 753640.3190552373 4986629.720885744
6832 1342 768277.5203188795 4986625.648216859
2928 1464 729242.1142032108 4985404.948677687
4880 1464 748757.6022026547 4985408.905997735
5246 1464 752423.0318034152 4985404.902910127
3294 1586 732897.2969967027 4984182.46193817
6100 1586 760962.4013630168 4984184.388946968
1586 1708 715816.2006466023 4982972.350607322
2928 1708 729237.8281047484 4982964.423203967
3050 1708 730462.4218677263 4982964.393540964
4270 1708 742658.4935797639 4982962.911665058
6466 1708 764617.9306792798 4982964.989802815
366 1830 703617.0389482599 4981751.138393762
1220 1830 712157.7414085432 4981752.874367768
2196 1830 721916.6867097031 4981747.23512735
2562 1830 725576.8995821474 4981741.031612406
2806 1830 728021.8859587752 4981744.587449922
6588 1830 765842.8390118479 4981742.09539677
244 1952 702401.7296964576 4980529.214044764
2684 1952 726801.939625724 4980523.967835595
4026 1952 740222.8853008368 4980527.761221317
1098 2074 710938.5718486727 4979310.68567464
5856 2074 758517.5725165955 4979302.836748058
6710 2074 767056.5421296521 4979304.0813113935
1830 2196 718256.2787330819 4978083.240653233
1952 2196 719478.5612691817 4978088.211986549
2684 2196 726802.3841410322 4978084.913337966
3050 2196 730460.5088418734 4978083.230994719
3538 2196 735338.3716324624 4978083.780083941
3904 2318 739002.6512846778 4976868.489245066
4514 2318 745102.598433138 4976866.596407297
5734 2318 757299.2384432916 4976864.744230583
1830 2440 718257.0307261433 4975650.381664338
5002 2440 749976.8924032345 4975643.978037274
6588 2440 765841.4793849647 4975644.362418024
610 2562 706055.0430022177 4974430.180435024
2074 2562 720697.8368833131 4974426.24722451
2562 2562 725577.9628826277 4974432.1122223055
2684 2562 726798.6351725989 4974424.061606229
3172 2562 731683.1948729511 4974424.218734843
3782 2562 737782.4076587361 4974427.017149383
4148 2562 741440.8289509229 4974427.4221860245
4880 2562 748756.6677628511 4974423.875254784
5490 2562 754860.7530783367 4974427.006200066
244 2684 702396.6105603406 4973204.859893937
2196 2684 721918.7285387658 4973204.704178501
3782 2684 737778.7926469899 4973211.800574598
3904 2684 738999.0064416686 4973204.44584246
4392 2684 743880.1021801853 4973210.128366711
4880 2684 748757.7696879769 4973203.290866426
5734 2684 757299.0838956954 4973202.790458597
2196 2806 721917.8370791859 4971984.828589237
2806 2806 728017.442487874 4971983.319807043
4026 2806 740221.1460026568 4971986.089316213
4880 2806 748759.9209929528 4971989.92855202
610 2928 706059.1316583672 4970767.469565539
4636 2928 746317.7407295574 4970768.088235604
5612 2928 756081.2723948479 4970763.334655657
5734 2928 757300.2927780859 4970762.29017829
6710 2928 767058.905639151 4970768.318159803
122 3050 701177.2729488068 4969547.130965
244 3050 702400.0989988283 4969550.138087567
488 3050 704838.453958196 4969546.66621683
3416 3050 734117.1872945416 4969544.458186088
3904 3050 739001.4813506146 4969548.530768
5246 3050 752420.0762686493 4969549.916107112
5612 3050 756078.0097621997 4969542.821046178
5856 3050 758522.5188610033 4969542.27499045
2806 3172 728022.9237681195 4968324.8265964845
4636 3172 746322.6839917662 4968326.4276671605
5734 3172 757297.356498743 4968322.30664958
122 3294 701177.7874775773 4967104.992605114
366 3294 703618.8944951494 4967106.985909748
610 3294 706056.4843035865 4967101.8785745865
2074 3294 720700.695770212 4967105.600732575
3904 3294 738998.5939164428 4967103.650417217
4270 3294 742658.9124509316 4967102.340156788
488 3416 704838.2722634654 4965885.006899933
2562 3416 725579.8312988456 4965879.794372906
488 3538 704835.6395579735 4964664.801923431
1220 3538 712157.0614312087 4964663.658926143
3782 3538 737775.1641026326 4964664.626178936
4514 3538 745101.5555407595 4964663.552085353
5124 3538 751198.4484407159 4964663.5362724215
1830 3660 718257.137131271 4963447.691573638
1952 3660 719477.0948498301 4963444.240718033
2684 3660 726799.5256407106 4963441.763730295
2928 3660 729239.2219564142 4963444.176939869
3050 3660 730457.776550681 4963447.670963647
5246 3660 752418.5411783967 4963438.059114419
1220 3782 712160.2496097516 4962230.229291059
2196 3782 721918.3140064966 4962223.78336122
5368 3782 753641.50882631 4962226.802339584
5490 3782 754859.7308265171 4962221.259812783
3904 3904 738996.5009235552 4961007.29062885
4148 3904 741442.7366024256 4961004.888635908
1098 4026 710940.2469357067 4959791.648474705
3782 4026 737777.4831493987 4959787.773435368
244 4148 702398.1131765909 4958572.4840129865
122 4270 701178.3909982421 4957344.6783756185
732 4270 707281.1572006213 4957350.8531051185
976 4270 709715.5921099369 4957344.478427053
1952 4270 719482.6732166676 4957344.51163622
2684 4270 726798.7564574885 4957341.399893947
5124 4270 751198.4169952227 4957344.784507171
5368 4270 753642.6767274151 4957343.9916138705
610 4392 706056.1192927082 4956123.658236456
854 4392 708500.8195282401 4956131.729098864
1342 4392 713380.3893890973 4956124.966734392
1586 4392 715818.2447345159 4956120.943256231
2074 4392 720698.548188196 4956131.944455664
2806 4392 728016.2642004832 4956124.612169645
488 4514 704841.1654476371 4954908.437954685
1464 4514 714602.3759740449 4954907.138220766
1830 4514 718260.1988129903 4954904.930113409
2562 4514 725578.3377401647 4954907.6774443295
2684 4514 726801.136105607 4954906.390123415
4148 4514 741441.2348467389 4954902.459051424
5612 4514 756077.9591382862 4954904.558589123
610 4636 706058.3867255596 4953690.547375161
5612 4636 756080.8664240981 4953682.954745763
2318 4758 723141.1917987381 4952468.664028182
2684 4758 726801.4653451756 4952468.6305234125
3050 4758 730456.4411352007 4952461.963272642
5612 4880 756076.235463113 4951244.812163248
2684 5002 726798.1166330252 4950027.391759741
5002 5002 749982.4140430043 4950024.447870386
5124 5002 751201.5909374169 4950022.516408949
5246 5002 752421.3186633352 4950021.504353523
1952 5246 719481.4162686043 4947582.273385369
2562 5246 725582.4171145022 4947590.24327938
3538 5246 735338.1249749135 4947582.484710961
4026 5246 740222.7810392632 4947583.727029446
244 5368 702398.8092003844 4946371.820066284
2440 5368 724359.9251342715 4946364.893547169
122 5490 701178.2572881035 4945143.508738705
488 5490 704836.4268868053 4945145.844851759
2562 5490 725577.872423146 4945143.9132268755
3660 5490 736561.2889775181 4945150.923365818
244 5612 702395.2032668141 4943924.814359019
1220 5612 712161.9570035335 4943923.656646691
2440 5612 724363.4997933995 4943923.73714551
3904 5612 738998.3567957312 4943926.395172427
5978 5612 759741.4022027927 4943924.512184461
854 5734 708502.0245344611 4942703.5139916325
1098 5734 710941.1527460802 4942707.127613288
4026 5734 740221.9100761858 4942701.961943275
3416 5856 734121.7177080923 4941485.30533172
4514 5856 745101.7283635809 4941481.673808797
122 5978 701175.2872835835 4940264.91760233
366 5978 703618.958606159 4940267.248157014
1098 5978 710940.2711945839 4940269.727199116
1708 5978 717036.5325083171 4940263.256478883
2806 5978 728016.1825405554 4940264.842270121
3416 5978 734123.0903768463 4940263.772371856
4148 5978 741442.5484880442 4940267.6116445325
4636 5978 746317.9965166533 4940266.293808075
5490 5978 754859.9943212756 4940259.987622096
1342 6100 713377.4975656443 4939044.096828482
4514 6100 745102.3018612019 4939044.587827231
3660 6222 736557.4127497264 4937827.715019579
3782 6222 737782.3253443247 4937824.99752877
3904 6222 738998.2044441426 4937821.879134923
1464 6344 714602.2088157181 4936604.199850845
1952 6344 719476.5280589723 4936600.971389538
3294 6344 732897.324775471 4936605.178740001
5978 6344 759736.806018768 4936604.71311544
2684 6466 726796.1600921984 4935384.923417265
3050 6466 730457.7865351127 4935384.945314399
2684 6588 726797.3388695078 4934163.394381997
3660 6588 736558.0722508318 4934157.967342456
3904 6588 739001.2134429653 4934164.0720478995
4636 6588 746317.2674768203 4934164.5276904665
1464 6710 714597.0172625498 4932946.031673476
3050 6710 730461.0833003275 4932944.792128324
2684 6832 726802.1987518003 4931723.075709941
4392 6832 743882.2556204404 4931722.830897746
5612 6832 756084.5114019811 4931722.82020071
2074 6954 720698.4533458891 4930504.359849275
2440 6954 724362.4723808782 4930503.7632057695
3050 6954 730462.8526572429 4930504.7635786105
976 7076 709720.0945016135 4929285.055393861
1952 7076 719477.4896252331 4929284.46641094
4514 7076 745097.4527097049 4929284.698717415
5124 7076 751197.2932466184 4929284.978779242
2806 7198 728023.4339455015 4928064.585673994
3050 7198 730456.7919180421 4928064.481207944
3538 7198 735342.1054686616 4928066.981742979
3904 7198 738997.3504421252 4928067.646928588
4392 7198 743878.8438061967 4928066.931254488
2806 7320 728019.6623948362 4926847.934738396
3050 7320 730457.2557876771 4926844.321118249
3294 7320 732902.0386355532 4926846.689183079
3660 7320 736560.7740407453 4926844.116056069
3782 7320 737777.751075089 4926844.612081902
4148 7320 741436.5542212486 4926844.802649054
2074 7442 720696.1875525827 4925625.946453928
2806 7442 728018.5381198836 4925623.833331426
4636 7442 746317.0956417244 4925624.932119648
4880 7442 748759.0558031822 4925623.517793115
1586 7564 715816.6424795941 4924403.850932409
2074 7564 720698.7976969612 4924404.095174317
3050 7564 730457.1884357759 4924404.28141807
3782 7564 737781.4362148509 4924404.782930066
3904 7564 739001.352693417 4924404.920554213
5368 7564 753642.1491348986 4924407.332596624
2562 7686 725578.8455851041 4923184.047257834
2928 7686 729236.8165159782 4923184.335508421
3416 7686 734121.3780377248 4923184.020481865
3538 7686 735337.4715809708 4923184.989236651
4392 7686 743882.9223900613 4923184.506081391
4514 7686 745097.4888428289 4923184.870912551
5490 7686 754861.5110686332 4923184.859904499
1220 7808 712158.649495479 4921964.864280466
2806 7808 728021.1512316641 4921967.64716163
2928 7808 729242.7070786807 4921964.655159807
3660 7808 736562.4281463542 4921966.86655544
5856 7808 758516.9435637709 4921966.919982883
6100 7808 760960.6025323706 4921958.288381485
6222 7808 762183.086766393 4921964.085657469
1952 7930 719482.6464679415 4920744.856413126
5124 7930 751201.8107776474 4920748.777259038
244 8052 702402.1964301488 4919524.190931148
610 8052 706057.1030027823 4919524.910129041
2318 8052 723136.8003530719 4919524.482705651
2806 8052 728018.2559333203 4919523.532756183
3538 8052 735337.8678974921 4919524.7612710735
4270 8052 742657.6625446457 4919524.365832597
244 8174 702398.9698966343 4918303.6898437925
366 8174 703620.8750944008 4918303.884191872
2074 8174 720698.2147334621 4918304.088433922
2684 8174 726802.6341965945 4918304.902740879
2806 8174 728016.199488036 4918304.620086629
3050 8174 730458.7547118989 4918304.463755113
6100 8174 760963.4411088545 4918303.812900281
122 8296 701176.8610665796 4917084.6692750845
244 8296 702400.9310578227 4917082.79918689
488 8296 704840.9966186857 4917083.951322666
1830 8296 718262.7914966643 4917084.388104566
2684 8296 726801.2962373834 4917084.895894845
2806 8296 728017.0303902789 4917084.692293455
2928 8296 729242.0666759625 4917084.518246007
3172 8296 731678.4847165166 4917083.9801584985
3660 8296 736558.657108648 4917086.736287691
4270 8296 742657.1616718442 4917084.98099604
5856 8296 758516.9221186389 4917083.711905578
6100 8296 760961.5439945746 4917084.921238247
488 8418 704837.692627625 4915864.115511332
732 8418 707281.156253394 4915863.61196243
854 8418 708498.2643667223 4915863.914369006
1098 8418 710941.6208355773 4915863.15839233
1220 8418 712161.5228118619 4915864.036938553
1464 8418 714598.7376385769 4915872.548699828
1586 8418 715819.0280153528 4915866.6874401225
1952 8418 719477.371219943 4915864.28670298
2318 8418 723138.2137131621 4915864.0439252155
2440 8418 724361.6717338393 4915864.728413564
3050 8418 730457.7535667743 4915864.967714787
3416 8418 734117.7087709679 4915868.342533654
5978 8418 759740.8500607068 4915867.1674700305
6100 8418 760958.1777986232 4915863.183870966
6222 8418 762177.1356152385 4915863.14202361
6466 8418 764617.6156971877 4915864.221807841
854 8540 708498.1712453021 4914644.091778301
1098 8540 710939.0670925417 4914644.466645245
1220 8540 712162.298508933 4914643.27478367
1708 8540 717040.2348374644 4914649.054664025
2074 8540 720698.0340793815 4914644.317540933
3172 8540 731677.6864047719 4914644.936347085
3294 8540 732897.9012687207 4914644.34896869
4270 8540 742662.4866921343 4914646.357883448
4392 8540 743877.0210212783 4914644.800601321
1098 8662 710941.3796101103 4913424.52094585
1220 8662 712158.0417781809 4913424.0652516065
1464 8662 714597.9608252208 4913427.671716711
1952 8662 719477.5346243982 4913423.47661192
2074 8662 720698.4301657774 4913425.966651701
2562 8662 725577.7178503156 4913424.317409455
3050 8662 730457.9969994153 4913424.539433076
4514 8662 745097.0504717018 4913426.9393727
6588 8662 765837.9953797912 4913425.066786673
122 8784 701177.3839664435 4912204.738987639
488 8784 704836.8978212078 4912202.536536442
1708 8784 717038.558428576 4912203.447462848
2562 8784 725577.9047955709 4912211.5231959885
2928 8784 729237.6364623369 4912204.536580082
5124 8784 751198.7206538931 4912204.782670077
1464 8906 714602.0831059052 4910986.278400358
1586 8906 715817.7145976241 4910984.92727299
1708 8906 717036.7761104498 4910984.853115388
2074 8906 720703.3691336135 4910984.805855268
2196 8906 721922.2033560562 4910984.84480757
2806 8906 728018.3781613962 4910984.450933262
3660 8906 736561.221360531 4910984.972467152
4026 8906 740217.4461610666 4910986.075257373
122 9028 701178.7875790426 4909763.709725605
3050 9028 730461.8925900869 4909765.650995304
3660 9028 736560.2798865199 4909770.119319419
3904 9028 738994.5263495683 4909765.279963664
4026 9028 740223.0223605386 4909764.124542922
6588 9028 765836.3351844846 4909764.144521012
122 9150 701176.4161280979 4908547.353913255
366 9150 703618.6975241032 4908551.731874312
1586 9150 715817.5875947617 4908544.256885766
1830 9150 718262.3594453612 4908544.202652757
2074 9150 720699.3527775912 4908544.66223709
2196 9150 721918.1926144081 4908544.583260624
2684 9150 726798.457443046 4908544.902222478
3538 9150 735343.2181006692 4908544.448293943
4514 9150 745097.231570175 4908544.980705282
4636 9150 746321.2287142678 4908544.989832175
5246 9150 752417.4571501748 4908549.7391388435
366 9272 703617.7588537815 4907327.908003307
1098 9272 710938.4943077994 4907329.173444672
1830 9272 718262.3351854301 4907324.234003523
1952 9272 719478.2326655397 4907324.960334777
2806 9272 728018.2760353286 4907327.089792543
3294 9272 732896.2639132426 4907324.026408501
3416 9272 734118.2307030521 4907324.246996591
4880 9272 748758.277840151 4907327.024028499
5612 9272 756081.2345749908 4907326.943171753
6344 9272 763397.3647463256 4907324.285676136
6710 9272 767059.6916383698 4907327.776316986
122 9394 701177.8796057769 4906107.077328685
1464 9394 714597.2268090958 4906104.542557391
2318 9394 723137.7308122459 4906103.920404106
2562 9394 725577.6714176175 4906104.585081712
2684 9394 726797.9836666449 4906104.145571687
3050 9394 730458.9813599079 4906104.455144718
3538 9394 735338.1566196476 4906106.290189891
5856 9394 758515.915462046 4906104.659382239
1220 9516 712157.4472122212 4904887.381646141
1830 9516 718260.2755987442 4904884.232536931
3416 9516 734123.0839218667 4904886.444349296
3904 9516 739001.7122345838 4904887.271782427
4026 9516 740215.6221357292 4904884.7448138455
4148 9516 741443.7296167018 4904883.593956375
4636 9516 746323.1671472775 4904884.556421584
6832 9516 768281.2171419159 4904887.160305692
244 9638 702397.7589418511 4903664.332247133
488 9638 704838.4513333439 4903664.479145498
1220 9638 712158.2363735015 4903663.868491421
1464 9638 714600.6521017073 4903664.578271881
2318 9638 723138.6153845298 4903667.634715183
3782 9638 737781.9638617721 4903667.853186525
4026 9638 740220.4654097342 4903663.921859385
4636 9638 746315.8697562644 4903664.617431111
5002 9638 749978.1490109328 4903663.552140356
976 9760 709718.204774122 4902442.086797121
1098 9760 710939.1724615241 4902443.798602255
2074 9760 720696.4787479697 4902448.754607105
2318 9760 723136.6392488526 4902451.922933498
6344 9760 763400.4888611718 4902447.139742913
6710 9760 767061.7070037139 4902442.031939994
854 9882 708498.9291360856 4901223.0789543735
1586 9882 715821.6804969442 4901224.747005043
1708 9882 717038.2897846508 4901223.875643155
2074 9882 720701.1010321472 4901224.960427721
2562 9882 725580.1458694813 4901220.275069374
3172 9882 731678.5668497764 4901223.060655114
3416 9882 734118.1476290319 4901224.597322726
3538 9882 735342.5964659303 4901224.458098692
4880 9882 748757.3555775544 4901224.91985537
366 10004 703618.0550265398 4900003.996340738
732 10004 707277.8504400614 4900003.91866886
854 10004 708501.8182802317 4900002.123117964
1464 10004 714601.2557902883 4900003.607967312
1952 10004 719481.6204101607 4900004.430869872
2318 10004 723137.7519560374 4900004.520473064
2562 10004 725579.7015389903 4900004.020920071
2928 10004 729241.3666583325 4900003.702646778
3172 10004 731678.4175824437 4900002.490761406
3538 10004 735337.4980203953 4900004.3222041195
4758 10004 747542.0047290929 4900007.144180068
6100 10004 760956.4840957586 4900007.661840967
6710 10004 767062.3523285763 4900006.774632718
122 10126 701179.0658524362 4898784.146792154
1708 10126 717039.6018337974 4898783.550676194
1830 10126 718259.0437554839 4898784.848793562
2196 10126 721923.6039825651 4898784.3140090415
4270 10126 742659.6262705477 4898790.089415209
5856 10126 758518.8775067995 4898784.34945655
6344 10126 763398.1552087641 4898784.773011339
6466 10126 764616.9366539043 4898787.959805534
6710 10126 767057.2426897876 4898784.560082279
7076 10126 770718.3917648739 4898783.8281426225
610 10248 706061.7879215089 4897564.982374112
1586 10248 715819.2067975288 4897563.800002218
1708 10248 717037.5550329904 4897567.867431036
3050 10248 730459.1303755515 4897570.840939677
4026 10248 740221.302448394 4897564.662241368
4148 10248 741441.5869006237 4897566.6311050905
5002 10248 749978.4318205402 4897564.936887084
5368 10248 753640.1797567169 4897569.832753185
5734 10248 757297.9164765021 4897566.2823401345
5856 10248 758522.8806921762 4897563.672693075
7320 10248 773159.0704095516 4897564.067506067
1342 10370 713378.0980450978 4896344.902171721
1586 10370 715817.1932623519 4896344.237663213
2928 10370 729241.9724572764 4896344.812534951
3416 10370 734117.334754837 4896344.850169326
5246 10370 752416.5297248787 4896344.714226493
5734 10370 757297.0076618459 4896347.17508859
7442 10370 774382.9766821322 4896346.942998818
1464 10492 714600.3727024618 4895124.327053886
2440 10492 724359.1311590427 4895124.665501401
2928 10492 729237.3735356317 4895128.430617901
3172 10492 731677.7887010162 4895124.101822813
3782 10492 737778.1605523318 4895124.502843529
5612 10492 756078.0319577 4895124.578563472
6100 10492 760956.3806032861 4895126.518654782
976 10614 709716.8818365327 4893903.5992103815
1220 10614 712155.779543802 4893903.133474323
1342 10614 713377.1683686542 4893905.884629605
2318 10614 723137.7459519603 4893904.924348869
2928 10614 729238.0806302578 4893904.276570007
4270 10614 742660.9383392306 4893904.402233865
4880 10614 748762.2812289408 4893907.2241411265
5368 10614 753640.4121185702 4893904.384493414
6588 10614 765840.9670554755 4893904.291285039
6710 10614 767059.286218981 4893905.789100846
7198 10614 771935.585336342 4893904.866497718
7686 10614 776817.7228044859 4893904.497615216
1220 10736 712157.081216423 4892684.693540631
1464 10736 714598.4976527878 4892684.809377342
1586 10736 715822.4612082437 4892683.8455850035
3782 10736 737777.7627338066 4892682.785732736
4026 10736 740218.1809882374 4892683.205976797
2562 10858 725578.8573547439 4891462.825376557
4148 10858 741442.6237033085 4891462.8619845575
5612 10858 756083.2907740521 4891463.961410691
5978 10858 759739.0788801055 4891468.3089637505
6222 10858 762182.6323880658 4891464.028236687
7808 10858 778037.6229938886 4891465.122685017
4514 10980 745099.5965366045 4890245.003141764
