6832 6710 768283.9346593035 4432896.766567454
6954 7076 769497.5065844796 4429235.072124676
6588 7198 765837.0884034284 4428017.552643145
6954 7320 769496.7429717592 4426796.257690045
7076 7686 770716.5250179387 4423136.31136353
6710 7930 767057.5069096732 4420694.377402434
6832 7930 768277.6797377097 4420695.071635803
8174 8296 781701.8070578641 4417033.474896293
8174 8418 781698.0178420073 4415814.1117280545
8052 8540 780481.5061917378 4414594.045967521
8418 8662 784142.5495475713 4413373.493323541
8784 8662 787804.9970574483 4413375.744028725
8540 8784 785363.5658135983 4412152.334899335
8662 8784 786583.3226259477 4412155.750346657
8784 8784 787803.4411237005 4412155.936326772
8906 8784 789024.7127332536 4412155.08301987
