4758 4087 795118.0212569442 5118282.927898055
4758 4148 795121.612528432 5117063.1448212005
4697 4209 793902.2541924987 5115844.572790576
4758 4270 795118.4074713399 5114624.659255291
4697 4392 793899.0522085356 5112182.131566652
4392 4453 787801.7512173131 5110964.039936605
3843 4514 776821.4519733121 5109744.021493494
4392 4514 787798.2786882733 5109742.905813684
4453 4514 789021.3054662629 5109743.959606428
3721 4575 774381.498530271 5108526.3740924625
4270 4575 785359.8932707701 5108523.7709379615
4392 4575 787800.8578711358 5108522.3542081285
4453 4575 789020.9564367192 5108523.941101799
4453 4636 789018.249948951 5107302.895638196
3721 4697 774383.2972426697 5106084.419499593
3782 4697 775601.8745626034 5106084.35410489
3843 4697 776820.917403301 5106083.150534167
3782 4758 775597.8111628594 5104864.9868922075
3904 4758 778038.5049536574 5104863.856734043
4453 4758 789021.5124215452 5104863.324547133
3599 4819 771937.7870378474 5103643.199946406
3660 4819 773161.4249719811 5103643.604100349
3721 4819 774381.4061713691 5103644.349937892
3782 4819 775601.9425290931 5103644.00194878
3843 4819 776820.4338759502 5103644.84876348
3721 4880 774379.4345783903 5102424.186925802
3538 4941 770717.9961176107 5101204.312067082
3599 4941 771940.9726222643 5101204.1460954
3660 4941 773163.2525056028 5101203.273303798
3721 4941 774380.4867752774 5101203.3429979365
3843 4941 776821.2356298777 5101203.366414113
3599 5002 771942.3829256819 5099984.209338761
3660 5002 773163.5149723004 5099983.215171264
3904 5002 778038.278920551 5099983.118004684
3538 5063 770721.2271925589 5098763.339825386
3599 5063 771942.0494347749 5098763.254319051
3477 5124 769501.8034315233 5097543.318338695
3538 5124 770722.3268819329 5097544.511601056
3660 5124 773163.2122591604 5097543.186127652
3721 5124 774381.8882971045 5097544.906192993
3477 5185 769500.8802524805 5096324.93118675
3599 5185 771941.5857617182 5096323.841776297
3599 5246 771942.9350630245 5095104.1279155
3660 5246 773161.4668709217 5095103.113170059
3904 5246 778037.9756727202 5095103.524180512
3965 5246 779261.268130303 5095102.405247089
3477 5307 769498.8880407717 5093884.392253
3538 5307 770722.553237559 5093885.81482675
3660 5307 773162.3331568324 5093884.367727138
4026 5307 780481.6061066005 5093884.165721483
3477 5368 769501.5317328591 5092664.882376436
3538 5368 770721.0705179956 5092663.908722262
3660 5368 773159.2430973181 5092663.476514086
3782 5368 775601.5981593877 5092663.762668878
3538 5429 770721.7963107204 5091444.544772756
3721 5429 774378.9280346321 5091443.838010106
3782 5429 775601.5263958802 5091444.532520553
3904 5429 778041.8590224318 5091444.708549043
3477 5490 769500.778849996 5090224.224829146
3721 5490 774381.8851106125 5090224.099751866
3843 5490 776818.5974093174 5090224.26910751
