7442 1952 774377.5187701407 4480483.552992887
7564 1952 775598.1267052102 4480483.77982884
7442 2074 774378.0698571168 4479264.364388218
7564 2074 775597.8303633874 4479264.138975761
7442 2196 774377.5251205498 4478043.996707603
7564 2196 775597.6780797987 4478043.958608901
7808 2196 778037.8265702155 4478042.645533274
7442 2318 774377.6099592939 4476823.941753417
7564 2318 775597.3058636796 4476824.183688626
7686 2318 776817.3700125524 4476824.6192214
7808 2318 778037.6594974376 4476823.682799598
7320 2440 773157.9800797619 4475602.47527342
7442 2440 774377.336217438 4475604.131471649
7564 2440 775597.5893256294 4475603.755754001
7808 2440 778037.9432839102 4475603.7495113555
7442 2562 774376.9170735227 4474384.301445897
7564 2562 775596.9268517009 4474384.342649953
7686 2562 776817.4797922452 4474383.6126904925
7808 2562 778037.6285323071 4474383.908557171
7930 2562 779257.8638187047 4474383.954894679
8052 2562 780476.6543836544 4474384.415948668
7320 2684 773157.5150263687 4473164.2209217455
7564 2684 775596.8214241489 4473164.148608518
7686 2684 776817.5635350274 4473163.452311947
7808 2684 778040.2379676918 4473163.1904062545
7930 2684 779258.0385072628 4473164.110491563
8052 2684 780477.332118671 4473163.881793257
8174 2684 781697.0540970231 4473163.7975624325
7320 2806 773157.4426581684 4471944.194553975
7564 2806 775597.8581484866 4471943.763974607
7686 2806 776820.0545614678 4471944.77481442
7808 2806 778038.5112715589 4471944.161231262
7930 2806 779257.7209873575 4471943.278896056
8296 2806 782917.2198267111 4471943.733505432
7564 2928 775598.0802776086 4470724.191939193
7686 2928 776817.7624405163 4470723.99392604
7808 2928 778037.2228120617 4470723.785779141
7930 2928 779258.4040723102 4470724.27673408
8052 2928 780477.5029581897 4470724.34605286
8296 2928 782916.9199634625 4470724.144679234
7442 3050 774376.3258401213 4469504.324358379
7564 3050 775597.4551439999 4469504.618848863
7686 3050 776817.3047572866 4469504.142518792
7808 3050 778037.4551447186 4469503.065612703
7930 3050 779257.2092114921 4469503.779005978
8296 3050 782917.2697626578 4469504.414932571
8418 3050 784137.6970554251 4469503.807328959
8540 3050 785357.2989127284 4469504.307079099
8662 3050 786576.4230574227 4469505.318184958
7198 3172 771938.0029955925 4468283.625908719
7320 3172 773157.9434622464 4468282.9695311375
7442 3172 774377.795802562 4468284.15894858
7564 3172 775598.4446539062 4468283.718256092
7686 3172 776817.7970035785 4468283.61260433
7808 3172 778037.5831786832 4468284.316207299
7930 3172 779257.9051337927 4468284.59787791
8052 3172 780481.0754647484 4468284.260913449
8174 3172 781697.4002003345 4468284.276002762
8296 3172 782917.6728180855 4468283.947179579
8418 3172 784137.3236422624 4468284.306463106
8540 3172 785357.6829732441 4468284.166230945
8662 3172 786577.429873809 4468284.544175479
7564 3294 775597.8169252366 4467063.85649477
7686 3294 776817.4468573349 4467063.147069032
7808 3294 778037.1531054128 4467063.754604237
7930 3294 779258.2128882426 4467063.749087358
8174 3294 781697.3486261845 4467064.565717128
8296 3294 782917.2739913668 4467064.288187792
8418 3294 784137.861739138 4467064.036710193
8540 3294 785358.2644735898 4467063.861993283
8662 3294 786578.072981053 4467064.277368878
8784 3294 787797.5542510456 4467064.21213757
7198 3416 771937.8373590651 4465843.367055724
7320 3416 773157.8954897875 4465843.32532438
7442 3416 774378.0197679567 4465843.8214671
7564 3416 775598.011661956 4465844.023782893
7686 3416 776817.5600441821 4465843.880653802
7808 3416 778038.9521119952 4465843.67222887
7930 3416 779257.9848293853 4465843.832428325
8174 3416 781697.0004362365 4465843.97228449
8296 3416 782917.411539097 4465843.962962963
8418 3416 784138.3641813572 4465843.692851842
8540 3416 785357.2010692408 4465843.951610128
8662 3416 786577.1057847703 4465844.171756005
8784 3416 787797.671036631 4465844.253165277
8906 3416 789017.4856514973 4465844.481380501
9028 3416 790238.2972962344 4465843.572049003
7198 3538 771937.903838485 4464622.97944858
7320 3538 773157.3965344218 4464623.758461029
7442 3538 774377.5594312982 4464623.596856726
7564 3538 775598.0134717738 4464623.665172403
7686 3538 776817.0597575998 4464624.256789727
7808 3538 778037.5472947587 4464624.10858226
7930 3538 779257.9650267785 4464623.345260794
8174 3538 781698.1589597395 4464624.439013235
8418 3538 784137.8838276435 4464623.921460165
8540 3538 785357.1903396935 4464623.940040178
8662 3538 786577.7677294541 4464624.001701969
8784 3538 787797.7428711137 4464624.071605049
8906 3538 789016.8565336516 4464624.089900741
9028 3538 790238.7320763709 4464623.101953283
9150 3538 791458.3487168684 4464624.96411777
7198 3660 771937.4117859933 4463403.517295031
7320 3660 773158.047848135 4463403.415400112
7442 3660 774377.2334208561 4463403.50755562
7564 3660 775597.0902216701 4463403.54124499
7930 3660 779256.9686235443 4463403.806696496
8052 3660 780477.2173422893 4463404.67767902
8296 3660 782917.7398361793 4463404.070267362
8540 3660 785357.6529516833 4463403.552171247
8662 3660 786577.7428818049 4463404.384317646
8784 3660 787797.2326645609 4463404.119694455
8906 3660 789017.8007397507 4463403.924417797
9028 3660 790241.555518426 4463404.649807505
7198 3782 771938.0175191425 4462183.647869415
7320 3782 773158.2819049947 4462183.3107508365
7442 3782 774377.1319269009 4462184.157595223
7686 3782 776818.0551196284 4462183.534305877
7808 3782 778037.5695109259 4462184.336932988
7930 3782 779258.0800739141 4462183.871923298
8052 3782 780477.1110114873 4462184.529478419
8296 3782 782917.8446085356 4462184.232799055
8418 3782 784137.346387736 4462184.149413016
8540 3782 785357.4946484085 4462184.276484578
8662 3782 786577.9158651808 4462183.463640113
8784 3782 787801.5201551648 4462183.852738358
8906 3782 789017.0058346937 4462183.711754101
9028 3782 790237.3163227927 4462183.929833477
7076 3904 770717.6591187669 4460964.046344861
7198 3904 771937.4705453676 4460963.868566564
7320 3904 773157.4669614674 4460964.104960632
7442 3904 774378.1372297723 4460963.529133811
7808 3904 778037.8852515768 4460963.633285442
8052 3904 780476.9579558476 4460964.184589405
8174 3904 781697.3575422943 4460963.969535297
8296 3904 782917.4444654204 4460963.820801257
8418 3904 784137.5653983925 4460964.387745037
8540 3904 785357.3783333675 4460963.837770994
8662 3904 786576.9769195579 4460964.367471625
8784 3904 787796.9331170442 4460963.707430955
8906 3904 789017.0013542898 4460964.545076023
9028 3904 790240.8333377386 4460964.419859054
7076 4026 770718.1176680234 4459744.118517806
7198 4026 771937.2200121321 4459743.851927071
7320 4026 773158.4371041274 4459743.588982178
7442 4026 774378.7455100049 4459744.264645426
7564 4026 775598.2044822784 4459743.546565725
8052 4026 780476.8236786914 4459743.5153444465
8174 4026 781697.4783883815 4459743.272892983
8296 4026 782917.5732775389 4459743.577198744
8418 4026 784137.9088413563 4459744.32371204
8540 4026 785357.9402051503 4459743.953112101
8662 4026 786577.8890844936 4459743.6181351775
8906 4026 789018.0774984811 4459743.642229938
9028 4026 790237.1742355468 4459743.830676143
9150 4026 791457.5577691706 4459744.087557179
9272 4026 792677.7614418518 4459743.959857672
9394 4026 793897.0037288999 4459744.574969956
7076 4148 770717.3157275105 4458523.866966051
7198 4148 771938.2416702226 4458523.437038119
7320 4148 773159.1599946363 4458523.423481093
7442 4148 774377.0670409367 4458523.709423205
7564 4148 775597.4691917046 4458524.367158418
8052 4148 780477.4805676762 4458524.035362778
8174 4148 781697.6465501012 4458523.650264445
8418 4148 784138.3831419359 4458523.948398771
8662 4148 786577.5843350852 4458523.844787541
8784 4148 787798.6682950326 4458523.7001195485
9028 4148 790238.3178038574 4458523.5723889535
9150 4148 791457.2154177468 4458524.303795931
9272 4148 792680.0565108368 4458524.9929056
7076 4270 770718.4616127912 4457304.683939156
7198 4270 771938.2634760113 4457303.989529343
7320 4270 773157.2560252168 4457302.419945223
7564 4270 775598.2418272699 4457303.889141064
7686 4270 776817.4312607022 4457303.160704276
7808 4270 778037.4774914201 4457303.645307718
7930 4270 779256.942646453 4457304.873465711
8052 4270 780478.9666785795 4457304.547661228
8174 4270 781698.4133584996 4457304.032922665
8296 4270 782917.58992496 4457303.59354426
8418 4270 784137.5156567142 4457304.321251425
8540 4270 785357.7496594265 4457303.808220706
8662 4270 786577.5021132143 4457304.146931916
8784 4270 787798.0854240793 4457304.504409745
8906 4270 789020.3981092965 4457304.537549859
9028 4270 790237.9072867448 4457303.834133516
9150 4270 791458.3589502199 4457304.332613249
7076 4392 770716.9726579421 4456083.814193864
7320 4392 773159.3825450417 4456083.077442339
7442 4392 774378.5644676686 4456083.966423971
7686 4392 776817.3429550879 4456083.916852572
7930 4392 779256.2934762513 4456084.267436662
8052 4392 780477.846523253 4456083.234808281
8296 4392 782917.9073075823 4456084.094922583
8418 4392 784137.6914247535 4456082.966019263
8540 4392 785357.4813532465 4456084.6721462235
8662 4392 786577.6856479979 4456084.488628753
8784 4392 787797.6611529212 4456084.413836021
8906 4392 789016.9144999651 4456084.347294439
9028 4392 790237.3335141124 4456084.522140943
7076 4514 770718.8157447048 4454864.156681066
7198 4514 771937.3569039655 4454863.862633281
7320 4514 773158.2898388413 4454863.714572055
7686 4514 776817.6796597433 4454864.623140493
7808 4514 778037.7639552217 4454864.386868462
8296 4514 782918.3771843857 4454863.987300175
8540 4514 785357.7083039022 4454864.1810859945
8662 4514 786578.296091377 4454864.322404759
8784 4514 787797.243469383 4454864.02737087
8906 4514 789017.5656509591 4454864.037817496
9028 4514 790237.6084627392 4454864.2327682115
9150 4514 791458.5213585071 4454864.028024719
9272 4514 792677.9041389422 4454864.395500776
9394 4514 793898.3758280999 4454863.693497457
7076 4636 770716.2658836428 4453643.981894862
7198 4636 771937.6552662742 4453644.954224511
7442 4636 774378.2474340617 4453644.501126104
7564 4636 775598.0538870088 4453644.1976678055
8174 4636 781698.2116119493 4453644.422921249
8296 4636 782918.1189903262 4453644.19840733
8418 4636 784138.0380845299 4453644.537160012
8540 4636 785357.7122087155 4453644.186632825
8662 4636 786577.8169256756 4453644.108991359
8784 4636 787798.258914694 4453644.094153802
8906 4636 789017.8053834306 4453644.249199891
9028 4636 790237.2608718929 4453644.190307837
9150 4636 791458.1497250403 4453644.466383057
9272 4636 792681.6054949673 4453644.126870823
9516 4636 795117.9241001505 4453644.70343068
7076 4758 770717.3229910414 4452424.125581598
7320 4758 773157.389522177 4452423.862978677
7442 4758 774377.1529530938 4452423.8875506325
7564 4758 775598.4830775065 4452423.990561662
7930 4758 779257.1021142082 4452424.344901984
8174 4758 781698.838164133 4452424.041032753
8418 4758 784138.6350949802 4452423.775082953
8540 4758 785358.0144371324 4452424.210555079
8662 4758 786576.5868571837 4452424.3319329955
8784 4758 787797.0229403911 4452424.193838342
8906 4758 789017.6656832866 4452423.424202997
9028 4758 790237.7828620826 4452424.584093742
9150 4758 791458.4185831301 4452424.793997994
9272 4758 792678.5209218134 4452424.851181924
9516 4758 795118.1206583394 4452427.160932384
6954 4880 769497.8789561933 4451203.6900144415
7076 4880 770718.9440824434 4451205.278626126
7320 4880 773157.4708082873 4451204.148433297
7442 4880 774376.6308765607 4451204.306858326
7564 4880 775596.8233254883 4451203.966322845
8052 4880 780477.466838185 4451203.924884
8174 4880 781701.8660999868 4451204.505006404
8296 4880 782918.2056262844 4451203.8116197325
8418 4880 784138.4223598281 4451204.435599319
8540 4880 785358.0755204059 4451204.076043222
8662 4880 786578.2346723318 4451204.41033344
8784 4880 787797.5290658226 4451204.250787453
8906 4880 789021.1990948718 4451204.149675616
9028 4880 790237.0697182002 4451203.583096312
9150 4880 791457.4324312123 4451204.003742769
9272 4880 792677.4677162969 4451204.0927733965
9394 4880 793898.1030489764 4451204.392944462
9516 4880 795118.6636865595 4451204.074897315
6832 5002 768278.3483592307 4449983.856138076
6954 5002 769497.2272973052 4449984.03106244
7076 5002 770718.2521389249 4449984.061042566
7198 5002 771940.0702763365 4449984.868143004
7320 5002 773156.9800157376 4449984.414635514
8052 5002 780477.8067126842 4449984.613695329
8296 5002 782917.8720320017 4449984.054792669
8418 5002 784137.7254106727 4449984.60314961
8662 5002 786576.7735099201 4449984.2450700775
8784 5002 787797.5200761468 4449984.226388195
8906 5002 789017.9282404658 4449984.177908528
9150 5002 791457.0518093033 4449984.478240924
9272 5002 792677.3909566147 4449984.148351595
9394 5002 793897.7536689192 4449984.347680599
9516 5002 795117.5893007908 4449986.321455121
6954 5124 769497.7791143717 4448763.799219046
7320 5124 773157.8113680386 4448764.291570394
7564 5124 775597.8601782981 4448763.749268448
7808 5124 778036.4187119276 4448763.992035456
7930 5124 779258.7314211616 4448763.6344532035
8174 5124 781701.3878810892 4448764.056592647
8418 5124 784138.4159812109 4448763.481293994
8540 5124 785356.7875494641 4448764.313397397
8662 5124 786577.2344083713 4448764.800361258
8784 5124 787798.1543580325 4448763.962878568
9028 5124 790237.7649119064 4448764.3059442965
9150 5124 791457.7430254499 4448764.235710412
9272 5124 792682.0020201034 4448764.273154479
9394 5124 793898.0934327986 4448763.636642002
9638 5124 796337.5498624648 4448764.836829019
9882 5124 798778.6585467277 4448763.400375482
6954 5246 769498.4719769524 4447544.062765691
7564 5246 775597.4128968323 4447544.067450927
7686 5246 776818.0634545257 4447545.1174937105
7808 5246 778038.2094089736 4447543.847711003
7930 5246 779258.361388639 4447543.750357641
8296 5246 782918.0745531936 4447543.635863386
8418 5246 784138.5374602627 4447544.234554485
8540 5246 785357.2081766292 4447543.908526576
8662 5246 786578.5517019415 4447543.875514928
8906 5246 789017.8392054902 4447544.620330853
9028 5246 790238.0146212024 4447543.67015706
9150 5246 791461.2017095574 4447544.610805543
9394 5246 793898.7374767675 4447544.11729189
9638 5246 796338.1224843283 4447544.492163655
6832 5368 768277.8665680257 4446324.217382536
7076 5368 770718.7810721819 4446323.272613386
7198 5368 771937.9797900878 4446323.828509034
7442 5368 774378.168043391 4446323.962155024
7930 5368 779257.9376037534 4446324.035421837
8296 5368 782917.8478658537 4446324.279759118
8418 5368 784138.3249218882 4446324.4368099
8540 5368 785358.7647016399 4446324.126443604
8906 5368 789018.2531060287 4446324.839384196
9150 5368 791457.0600452583 4446324.279724199
9516 5368 795117.7603974825 4446324.804543132
9638 5368 796337.8816745286 4446324.317675954
9882 5368 798780.1063817071 4446324.493414843
6954 5490 769498.0999811373 4445103.997604669
7198 5490 771940.8144813239 4445103.973610961
7320 5490 773157.276866031 4445102.912813163
7686 5490 776817.5461655078 4445104.944538329
7808 5490 778036.6559908114 4445104.823717524
7930 5490 779258.190390032 4445103.621330543
8174 5490 781697.1986043182 4445104.0739504555
8296 5490 782918.5202665186 4445104.179636508
8662 5490 786577.0869386772 4445104.631814983
9028 5490 790238.6874557561 4445104.015932696
9150 5490 791457.4725510183 4445103.67647042
9272 5490 792678.9135778876 4445104.148156324
9638 5490 796338.4452646935 4445103.928215668
9760 5490 797558.8105980784 4445104.915002244
9882 5490 798778.1600770666 4445104.278334656
6954 5612 769498.0764215807 4443884.419414224
7198 5612 771938.3589229848 4443883.564542735
7320 5612 773158.6809656679 4443883.581663906
7442 5612 774377.9123704701 4443884.064878975
7564 5612 775597.1436502587 4443883.8146505235
7686 5612 776816.7958653057 4443884.690431989
7808 5612 778037.7220994865 4443884.350443589
7930 5612 779258.0344810211 4443883.761325705
8418 5612 784138.2556236375 4443884.159170015
8540 5612 785357.8981086152 4443884.306170297
8784 5612 787801.5842589191 4443884.599511068
9028 5612 790242.6457231328 4443884.962897416
9150 5612 791458.6944819634 4443884.531221466
9272 5612 792678.9509601198 4443884.3427259335
9516 5612 795118.9584497573 4443883.691483085
9638 5612 796340.8013789948 4443883.28888743
9760 5612 797558.8088341025 4443883.522180774
6710 5734 767057.5455005624 4442663.58825416
7076 5734 770717.3207323248 4442663.848364515
7564 5734 775597.5799407695 4442664.269782481
7808 5734 778038.419065462 4442663.951672708
8296 5734 782917.8302043336 4442663.283661235
8418 5734 784142.0290783251 4442664.497813496
8662 5734 786581.363035094 4442664.489481027
8906 5734 789017.367994847 4442664.097149856
9150 5734 791457.6949808163 4442664.422613014
9394 5734 793897.6377401933 4442664.076693456
9516 5734 795119.0101114906 4442664.515321875
6710 5856 767058.0835524885 4441444.536369858
7198 5856 771937.7800572604 4441444.281005556
7320 5856 773157.3347297913 4441444.252102004
7442 5856 774377.4968057019 4441443.219357636
7564 5856 775598.2590050423 4441443.502500358
7686 5856 776817.9877181078 4441443.534850426
7808 5856 778038.6249761202 4441443.825402689
7930 5856 779258.7714495758 4441443.542116496
8174 5856 781698.1752450565 4441445.670945579
8418 5856 784138.2399804568 4441443.685443986
8540 5856 785358.0609906284 4441443.405701781
8662 5856 786577.4440284914 4441444.339839825
8784 5856 787798.770968839 4441445.585130008
9028 5856 790239.3983753626 4441443.116454929
9150 5856 791457.9005976719 4441443.881650577
9516 5856 795118.54982187 4441444.181427903
6710 5978 767058.0477014494 4440223.798122048
6832 5978 768277.4220856979 4440223.911726131
7076 5978 770717.8560492411 4440224.0682288185
7442 5978 774376.5875592382 4440224.474164612
7930 5978 779257.0592078224 4440223.462852675
8052 5978 780477.8587079862 4440223.58619013
8174 5978 781701.2485725923 4440224.760847565
8540 5978 785360.5212819068 4440223.213369719
8662 5978 786577.6704846888 4440224.671933348
8784 5978 787799.3906200869 4440224.897455665
9028 5978 790241.7440933941 4440222.614628723
9394 5978 793898.0678359667 4440224.291127131
9516 5978 795118.1984135527 4440223.892535861
9638 5978 796340.7259514035 4440223.78214684
6710 6100 767057.7373490325 4439004.109534977
6832 6100 768277.835688711 4439004.09757796
6954 6100 769498.2668481098 4439004.541604608
7076 6100 770717.1664306779 4439004.535443831
7198 6100 771937.5819537069 4439004.009971248
7320 6100 773159.5843863949 4439004.027673311
7442 6100 774378.6537309759 4439002.345573507
7564 6100 775596.6337214746 4439004.4717678465
8174 6100 781697.5380782608 4439003.9377001645
8540 6100 785357.8833186768 4439004.224767554
8784 6100 787802.9129775272 4439004.043560737
9150 6100 791458.4066106892 4439004.05961921
9394 6100 793901.3026486831 4439003.789570766
9516 6100 795119.0069983269 4439003.834406984
6832 6222 768279.7698780795 4437779.796231134
6954 6222 769497.3311915407 4437784.271028268
7076 6222 770717.8683510869 4437783.8960890025
7198 6222 771937.3367928948 4437784.350725746
7320 6222 773157.6169060955 4437784.509047816
7442 6222 774378.0170389876 4437783.099696226
7564 6222 775597.9830807535 4437782.257727188
7686 6222 776817.0532563889 4437783.709534179
8174 6222 781697.2640965478 4437784.66803815
8296 6222 782921.6144609376 4437784.196165846
8540 6222 785361.2307678004 4437784.349185601
8662 6222 786578.5177282877 4437783.801989703
8906 6222 789018.3959758043 4437784.056845399
9394 6222 793898.135194998 4437784.045438554
6832 6344 768277.491194961 4436564.048402686
7320 6344 773157.451747582 4436564.572795909
7442 6344 774378.0402700393 4436563.939520534
8052 6344 780477.4536125185 4436562.063006895
8418 6344 784137.7763591731 4436562.859519016
8662 6344 786581.0320648694 4436564.716411344
8906 6344 789021.4646926811 4436565.1540745525
9028 6344 790237.6182725045 4436564.838680164
9272 6344 792678.1650476701 4436564.449798811
6832 6466 768277.9280050462 4435344.073100918
7198 6466 771937.8799705538 4435343.922246647
7320 6466 773157.2125697233 4435344.242713502
7442 6466 774377.133285923 4435343.287313895
7564 6466 775597.4215941014 4435343.63153277
7686 6466 776818.0752171378 4435343.908789039
8174 6466 781697.59018137 4435343.013170798
8296 6466 782917.613470778 4435344.273002477
8418 6466 784142.4950895614 4435344.977067362
8540 6466 785357.8552041837 4435345.44740031
8906 6466 789018.4907088217 4435343.922772686
6710 6588 767056.6860608504 4434123.53232897
7320 6588 773157.0835414877 4434124.471476079
7442 6588 774377.2241848801 4434124.109571927
7564 6588 775597.621826989 4434123.549115639
7808 6588 778038.1241683096 4434122.845183153
7930 6588 779257.7213112039 4434123.610024418
8174 6588 781697.2389837388 4434123.976285747
8296 6588 782918.8152356723 4434123.494477188
8418 6588 784138.6804084748 4434124.511921879
8540 6588 785357.2298065319 4434124.064879089
8662 6588 786578.3932420857 4434124.528278156
8784 6588 787797.2871437961 4434123.867443844
9028 6588 790237.81053268 4434123.6535680955
9150 6588 791457.587076791 4434124.238971853
9272 6588 792678.5772190844 4434124.02938653
7198 6710 771937.238934761 4432904.170392223
7320 6710 773157.3083998477 4432904.689633042
7442 6710 774376.9664726278 4432904.1513504805
7686 6710 776818.6368825121 4432903.753333775
7808 6710 778037.5407800295 4432904.010508662
8052 6710 780481.9967763001 4432904.683299776
8174 6710 781697.0300513097 4432903.51752461
8296 6710 782922.3452555747 4432902.823978644
8662 6710 786582.1811758379 4432904.414433687
8906 6710 789018.7211715245 4432904.448545639
9028 6710 790240.9666434744 4432903.295406581
9150 6710 791459.0709157975 4432903.10261035
6710 6832 767057.8127448946 4431684.461443665
6832 6832 768278.6450099698 4431684.599380663
6954 6832 769501.5868016846 4431683.940051587
7198 6832 771937.7096120326 4431684.028973644
7320 6832 773156.9953012995 4431684.0141302105
7442 6832 774377.817996547 4431683.827247304
7686 6832 776817.6940581398 4431684.401689566
7930 6832 779257.2575703708 4431683.648590448
8052 6832 780478.0170426538 4431683.909257099
8418 6832 784141.186092257 4431684.057477392
8540 6832 785361.175536945 4431684.302573522
8662 6832 786577.7420914165 4431684.297722117
8784 6832 787798.6286675073 4431684.469624394
9028 6832 790240.7468567614 4431683.703490975
6710 6954 767058.308434628 4430464.38556844
6832 6954 768278.611504713 4430464.18695557
6954 6954 769498.7322457324 4430462.597661863
7076 6954 770717.9088014448 4430463.472880712
7320 6954 773157.2429223886 4430462.976926083
7564 6954 775598.3286856909 4430464.096223978
7930 6954 779262.2418801379 4430464.35435185
8052 6954 780481.5139347297 4430463.429968954
8174 6954 781698.2228860257 4430463.9948982
8662 6954 786578.0734550153 4430464.33910894
8784 6954 787798.3878373612 4430464.6501056515
8906 6954 789020.7876830045 4430464.474773396
9028 6954 790238.1785477208 4430463.542278405
6466 7076 764617.4902895513 4429243.441089567
6954 7076 769501.7479705008 4429243.8277392415
7076 7076 770717.4192625313 4429244.246288971
7320 7076 773157.2439708578 4429244.412518347
7564 7076 775597.1265446676 4429244.051320605
7686 7076 776817.5034765619 4429244.041703012
7930 7076 779257.3144097797 4429244.079137088
8052 7076 780478.0242533118 4429243.472525403
8418 7076 784138.21824395 4429244.102106033
8540 7076 785359.0307866377 4429244.19207732
8784 7076 787797.7922897309 4429244.065811573
8906 7076 789018.3640913754 4429244.192143449
9028 7076 790238.352739724 4429244.511955812
6710 7198 767057.9646295578 4428024.133619972
6954 7198 769497.3279205735 4428023.951057006
7076 7198 770717.8964322795 4428024.38015392
7198 7198 771941.4272385205 4428024.731654301
7320 7198 773157.7143143337 4428024.19487649
7442 7198 774379.5744640111 4428020.536170955
7564 7198 775599.4100316793 4428024.844125195
7686 7198 776817.7595808599 4428024.534596541
7808 7198 778038.0399171137 4428023.987223569
7930 7198 779257.7403520931 4428023.653638673
8052 7198 780477.5798690147 4428023.597962682
8296 7198 782922.0054959777 4428024.493067261
8540 7198 785361.4693597931 4428023.448778984
8662 7198 786578.0463338944 4428024.383949617
8784 7198 787798.6051121834 4428024.531448942
8906 7198 789018.5041416101 4428024.2492475975
9028 7198 790239.0587376639 4428024.623930625
6710 7320 767060.9849319074 4426803.962192233
6832 7320 768277.2873856211 4426803.878785983
6954 7320 769498.6161902968 4426803.214702714
7686 7320 776817.7002851228 4426804.6212032745
7930 7320 779257.9069718814 4426804.404821728
8052 7320 780481.361486285 4426804.311599601
8296 7320 782918.0079300915 4426804.6848474415
8418 7320 784138.6462537951 4426804.057927288
8540 7320 785357.8038309934 4426804.173952492
8662 7320 786582.295050385 4426804.772375382
8784 7320 787798.4634211113 4426804.179607599
8906 7320 789017.9028790744 4426803.357235279
9028 7320 790238.0535815259 4426803.428202277
6466 7442 764617.8736880788 4425584.273795211
6710 7442 767057.8546729435 4425584.093250726
7198 7442 771937.7705399361 4425584.493197068
7442 7442 774378.4415314012 4425583.607564936
7686 7442 776817.7877949686 4425583.465816012
7808 7442 778037.6090921146 4425584.285941794
8174 7442 781700.2276439042 4425584.977757545
8296 7442 782918.0355125379 4425584.223552053
8540 7442 785358.8278548094 4425584.145071889
8906 7442 789018.4309510054 4425584.354549678
6466 7564 764618.040715986 4424363.303239313
6710 7564 767058.1547974397 4424363.775902496
7198 7564 771937.9399099781 4424363.432029374
7320 7564 773157.0654159592 4424362.981865804
7442 7564 774378.2702216893 4424363.765938461
7564 7564 775598.1709633423 4424363.78466668
7686 7564 776818.1930768404 4424363.944499143
7930 7564 779258.4335477673 4424363.812181699
8174 7564 781697.9521205983 4424364.450024688
8784 7564 787798.1645859019 4424364.436324809
8906 7564 789018.4517571382 4424364.020704096
6344 7686 763398.1209938022 4423144.148903992
6466 7686 764618.2109323611 4423143.918981008
6588 7686 765837.7181412384 4423143.774995161
6832 7686 768277.579997854 4423143.803688812
7076 7686 770717.0061812991 4423143.391570314
7442 7686 774377.4882914044 4423144.099867786
8174 7686 781701.5340042525 4423143.813460274
8296 7686 782918.7662004693 4423143.801137367
8418 7686 784139.0908617938 4423145.355330114
8540 7686 785358.5745977978 4423144.78107408
8662 7686 786578.5758229019 4423144.253126853
8784 7686 787798.0249393716 4423144.337514359
8906 7686 789018.2821124918 4423143.844002778
6344 7808 763397.2425463934 4421923.149586324
6466 7808 764617.8382432642 4421923.824677428
6710 7808 767057.4974749583 4421923.882683855
6832 7808 768277.6350478114 4421923.072065788
7320 7808 773158.2317938955 4421923.52123597
7442 7808 774377.8907582427 4421923.713110761
7564 7808 775597.7987545922 4421924.887556879
7686 7808 776818.7714514626 4421923.372414194
8052 7808 780477.830578522 4421923.862075687
8174 7808 781701.466311241 4421924.4676782815
8662 7808 786578.2480073964 4421923.678150233
8906 7808 789018.2199794182 4421924.902434291
6588 7930 765839.0409178418 4420704.562297271
6710 7930 767057.7107667782 4420704.067417568
6832 7930 768277.6470903931 4420703.891863581
6954 7930 769498.0620549609 4420704.142356956
7076 7930 770717.4760759403 4420703.862814795
7320 7930 773157.9067342422 4420704.729458048
7442 7930 774381.5064818347 4420704.124244153
7564 7930 775598.0839738048 4420703.953409678
7686 7930 776818.318701006 4420704.9900833545
7808 7930 778041.6790178856 4420704.838046421
8052 7930 780478.2360278411 4420703.8701140825
8174 7930 781697.8220396896 4420704.519123091
8906 7930 789018.5836187295 4420704.473467826
9028 7930 790239.013078674 4420703.9392783595
7320 8052 773157.77100673 4419484.435057585
7442 8052 774378.2536584502 4419484.409443627
7564 8052 775597.728170269 4419482.956551699
7686 8052 776817.848646976 4419484.220525327
7808 8052 778038.6005386933 4419484.405342428
7930 8052 779261.69188455 4419484.601267167
8174 8052 781700.0560663408 4419484.987962984
8296 8052 782918.3555421521 4419483.991208749
8540 8052 785357.8571882547 4419484.862878515
8662 8052 786579.2291371354 4419483.964646579
8784 8052 787798.269051776 4419486.149992316
7564 8174 775597.4397782382 4418263.673539878
7686 8174 776821.2466405882 4418263.7576809935
7808 8174 778037.8309840573 4418264.670931863
8174 8174 781698.0668724071 4418265.173881939
8296 8174 782921.241148223 4418264.466048016
8540 8174 785358.4433105089 4418263.969101779
8662 8174 786579.6032304193 4418264.934246475
7076 8296 770717.9699026378 4417043.988370117
7198 8296 771937.8160947318 4417044.053341094
7442 8296 774377.8108947106 4417044.190790983
7564 8296 775598.4188990598 4417044.2073240895
7686 8296 776817.6470233315 4417044.407735922
7808 8296 778038.0522024124 4417044.09537694
7930 8296 779257.8921530523 4417044.415004856
8052 8296 780478.1628600346 4417044.085829095
8174 8296 781698.6340256573 4417044.261271262
8296 8296 782918.6949787313 4417044.940510974
8418 8296 784138.4052175232 4417044.226974979
8540 8296 785361.280667599 4417043.106187763
8662 8296 786578.7944475206 4417044.291253457
8784 8296 787798.3381577446 4417043.257201591
8906 8296 789018.2426592653 4417044.029928396
7320 8418 773159.1953348661 4415823.711780236
7442 8418 774378.4413920048 4415824.546239801
7564 8418 775598.3742375115 4415823.879791668
7686 8418 776818.2412535179 4415823.8433176465
7808 8418 778038.4300371152 4415824.229944217
7930 8418 779257.7441395017 4415824.535541647
8052 8418 780477.8496155503 4415824.374432754
8174 8418 781698.0663015852 4415824.128725234
8540 8418 785361.3255831227 4415825.712213068
8662 8418 786580.793156 4415824.693940465
8052 8540 780477.7948489735 4414604.730658183
8174 8540 781697.9090726634 4414604.482099483
8296 8540 782918.4023080934 4414604.710304821
8418 8540 784138.0603828524 4414604.947955085
8662 8540 786581.3915852236 4414606.038354231
8296 8662 782918.0330455495 4413384.607611997
8418 8662 784137.9325044462 4413384.525372347
8540 8662 785358.5455345616 4413384.323968526
8662 8662 786579.8098142045 4413384.970328308
8784 8662 787798.2774196265 4413383.736480154
8906 8662 789019.0365360571 4413384.858806462
8540 8784 785358.0398957758 4412164.232086751
8662 8784 786578.0465607474 4412164.112557772
8906 8784 789019.1025470308 4412164.449303618
8540 8906 785362.4078613695 4410943.9662349885
8662 8906 786578.1325009364 4410944.591032922
8784 8906 787800.168142945 4410945.117242864
