2562 1281 551216.5209436002 4974420.162352493
2440 1403 548777.2911931137 4971978.613702715
2501 1525 549997.6813720962 4969542.635380086
2684 1525 553657.4492830724 4969543.178777579
2318 1586 546338.1990495896 4968321.673957556
2379 1586 547556.1831030499 4968320.841686233
2867 1586 557317.1133614803 4968322.4196472615
2928 1586 558536.2596471491 4968322.402022985
2379 1647 547557.358392797 4967102.194776364
2501 1647 549997.3286037592 4967102.385029595
2562 1647 551218.0738875929 4967102.616929329
2623 1647 552437.0559878646 4967101.907904854
2867 1647 557318.486696535 4967102.196977397
2928 1647 558536.2358681902 4967101.19555167
2989 1647 559756.9678707493 4967101.308590211
2501 1708 549997.8835675911 4965878.729301054
2562 1708 551216.9958878221 4965881.596680099
2684 1708 553656.6187408022 4965883.039486249
3172 1708 563416.5688151276 4965878.495059634
2501 1769 549996.560258911 4964661.671358717
2684 1769 553657.4410528927 4964661.39604797
2745 1769 554877.9090369814 4964662.812152417
2806 1769 556097.3811952007 4964662.905317857
3172 1769 563416.9971096956 4964661.682436601
2379 1830 547557.1579582039 4963441.240707522
2501 1830 549997.1692038493 4963442.235969019
2684 1830 553657.151837182 4963441.673157689
2745 1830 554876.7379943363 4963442.487552125
2867 1830 557317.3179987629 4963441.716266151
2989 1830 559756.8063937144 4963439.080952962
3111 1830 562196.6654038879 4963441.968852622
2318 1891 546337.1812688356 4962221.797591459
2501 1891 549998.1510319043 4962222.053395035
2562 1891 551216.35899496 4962221.952563817
2623 1891 552436.7449617995 4962222.581258235
2684 1891 553656.5303169475 4962221.59647348
2745 1891 554876.6192962006 4962222.424909761
2867 1891 557318.137944319 4962222.122251392
3050 1891 560976.3808888448 4962218.788747464
3111 1891 562197.5594288191 4962222.621401579
3294 1891 565856.5554415379 4962221.815987244
2257 1952 545117.2597134811 4961002.092130371
2318 1952 546338.4818286567 4961002.316439844
2440 1952 548777.112229898 4961001.887337154
2562 1952 551216.4975092033 4961001.697698347
2623 1952 552437.4317138407 4961001.831991831
2806 1952 556096.3613718098 4961002.674827116
2867 1952 557316.557300421 4961001.999064791
2928 1952 558536.2769203491 4961002.235617246
3111 1952 562195.9926468362 4961000.994365666
3294 1952 565856.8022637737 4961002.221451692
2318 2013 546337.9302758346 4959782.582109575
2440 2013 548777.3393132439 4959782.395648504
2501 2013 549996.7242065731 4959783.03122877
2623 2013 552437.1720075554 4959781.637606251
2684 2013 553657.4762655447 4959782.822673709
2867 2013 557316.997791385 4959782.806266166
3233 2013 564636.4509755657 4959781.331214725
3294 2013 565856.7634364066 4959782.182928793
2440 2074 548777.378553692 4958561.459866142
2501 2074 549997.7092536329 4958561.336551416
2623 2074 552437.0775690812 4958561.852703767
2745 2074 554876.7114374542 4958561.373553054
2928 2074 558536.437535014 4958562.370013278
2989 2074 559757.3529802499 4958562.358745667
3111 2074 562196.7333578886 4958562.61145939
3172 2074 563415.6718099618 4958558.932102088
3233 2074 564636.482520493 4958561.337272518
3416 2074 568296.7023457489 4958561.08375086
2440 2135 548776.6998223595 4957342.040353146
2501 2135 549997.5585578377 4957342.371377469
3477 2135 569515.3905785885 4957338.639564374
2928 2196 558536.8850975027 4956122.494506829
3050 2196 560976.4241231433 4956121.523149559
2379 2257 547558.3527665178 4954901.035339044
2867 2257 557317.4840580038 4954901.425477242
2196 2318 543897.3939221377 4953681.654225452
2196 2379 543896.6742233671 4952458.6341735935
3233 2379 564636.259602291 4952460.669339634
3294 2379 565856.7422324283 4952462.016466422
3355 2379 567077.5868774286 4952459.1864304235
3477 2379 569517.1552639971 4952461.553693983
2318 2440 546336.6405370717 4951242.076637244
2135 2501 542677.1481067929 4950022.274397254
2196 2501 543897.8493319058 4950022.463450906
3050 2501 560975.8549815345 4950022.175054302
3477 2501 569517.1065746604 4950021.864863246
3538 2501 570737.3796333103 4950021.73627247
2135 2562 542675.8573739167 4948802.019438866
2318 2562 546336.9395188426 4948801.464965292
2928 2562 558536.0679831998 4948800.964898512
3599 2562 571957.7844416653 4948798.64775601
2196 2623 543896.9696694589 4947582.494132125
2318 2623 546336.9037233132 4947581.311892727
2501 2623 549995.5220388551 4947582.557264657
2928 2623 558536.175910475 4947582.431353806
3538 2623 570738.0728490071 4947579.653611137
3660 2623 573178.0233381416 4947581.841570063
2074 2684 541456.4951091633 4946358.674662071
2196 2684 543897.3970899421 4946361.534040437
2318 2684 546337.5012527166 4946361.064821822
2562 2684 551217.5824327476 4946361.582975084
2867 2684 557316.4053316771 4946359.07880154
2928 2684 558536.1739115379 4946361.236920345
3477 2684 569517.1243459443 4946360.9919631565
3599 2684 571957.5634570983 4946357.948751843
3660 2684 573177.3611641522 4946361.179045605
2257 2745 545118.3309261722 4945142.062317602
3050 2745 560976.9215234553 4945141.204210025
3111 2745 562197.1528019437 4945140.953230352
3172 2745 563417.6226718301 4945138.683844877
3233 2745 564635.9927665856 4945143.0224413825
3294 2745 565856.1712123394 4945141.347811293
3660 2745 573176.778136135 4945138.119696126
2135 2806 542676.80467221 4943918.57454921
2684 2806 553656.6399672357 4943922.719268034
3050 2806 560976.80185638 4943922.014590467
3294 2806 565856.5912099101 4943921.651907005
3355 2806 567075.5529366361 4943922.533541273
2135 2867 542677.5969623878 4942702.112456879
2623 2867 552436.3588520798 4942702.378754951
2684 2867 553656.1167461302 4942703.434821029
2745 2867 554876.7291645061 4942702.379321472
2806 2867 556096.3089873634 4942701.804946986
2867 2867 557317.1512638185 4942702.60651001
3111 2867 562195.9944893764 4942701.143422791
3355 2867 567076.7415169466 4942700.819429918
3416 2867 568297.3757159284 4942698.856398309
2867 2928 557316.9893046108 4941481.63928945
2928 2928 558537.7100814022 4941482.794565505
3172 2928 563416.7715909055 4941481.180678563
3477 2928 569516.5690081397 4941477.698697318
3599 2928 571956.7688606563 4941477.541607172
3721 2928 574397.1189886811 4941481.351914383
2562 2989 551215.7332223395 4940258.855173681
2684 2989 553656.2789265255 4940261.857297298
2806 2989 556099.6841939206 4940260.698288113
2928 2989 558536.4109068891 4940258.501856789
2989 2989 559755.422739062 4940262.606923924
3477 2989 569517.1541398531 4940257.829867017
3843 2989 576837.2592439109 4940261.601377017
2623 3050 552435.85125317 4939038.6200836925
2684 3050 553656.72866438 4939041.565910087
3538 3050 570736.6283118402 4939042.688132684
3599 3050 571956.0305524177 4939041.281736058
3782 3050 575617.5950084869 4939038.785513365
3904 3050 578056.486585022 4939038.756766791
4148 3050 582935.6997405163 4939038.117748674
2501 3111 549996.5270293977 4937821.512487146
2562 3111 551216.9253932345 4937821.966669668
2684 3111 553656.3000420108 4937822.920393452
2989 3111 559756.8920404965 4937821.4121167315
3050 3111 560976.1117626354 4937818.794072416
3355 3111 567076.968137031 4937821.856516477
3599 3111 571956.9557780139 4937818.599057431
3660 3111 573176.3588467115 4937821.50547465
3721 3111 574396.872137872 4937822.568140169
3843 3111 576836.7560707873 4937819.014719208
4026 3111 580496.9794351789 4937822.91293149
2135 3172 542676.4188528755 4936602.876564333
2196 3172 543896.6626038 4936602.789494294
2623 3172 552436.7205643887 4936603.954782174
2989 3172 559756.8924689451 4936601.856387189
3355 3172 567077.1619205619 4936601.5806137975
3599 3172 571956.6571709173 4936601.305219209
3782 3172 575616.986549485 4936601.7290757075
3843 3172 576837.0537226619 4936602.480430014
3904 3172 578056.7112688569 4936601.610979582
3965 3172 579275.953374245 4936601.673056283
4026 3172 580495.7198362409 4936600.909397702
2684 3233 553657.1138526947 4935381.604095891
3111 3233 562195.4528802794 4935382.421577427
3172 3233 563415.0024705295 4935381.499984231
3416 3233 568297.1731115645 4935382.445704035
3477 3233 569517.7045437035 4935381.324506866
3599 3233 571956.9094706401 4935377.7407870395
3660 3233 573176.1998373197 4935381.903818673
3843 3233 576837.830715152 4935381.537348877
3965 3233 579276.973502818 4935381.749642386
4026 3233 580497.7224786845 4935377.713631315
2623 3294 552435.8726945303 4934162.663750755
3416 3294 568297.127256386 4934162.138550857
3477 3294 569516.9718980505 4934162.643351611
3538 3294 570737.0731203388 4934162.941495024
3660 3294 573177.0011698466 4934161.255324334
2135 3355 542675.9426420042 4932941.895835218
2318 3355 546336.0550278751 4932938.8354430515
2623 3355 552436.0222013417 4932941.974899955
3355 3355 567076.1481187369 4932941.998140695
3477 3355 569517.2234885059 4932942.593030376
3538 3355 570737.3538683951 4932942.568060486
3599 3355 571956.5857276154 4932943.306668596
3660 3355 573176.7746052518 4932941.937486153
3721 3355 574396.8583005053 4932938.360295901
2135 3416 542677.164216799 4931722.2389114285
2196 3416 543896.9016397526 4931722.1117738085
2318 3416 546337.2909733069 4931722.819189798
2623 3416 552435.5068815867 4931722.473691572
2684 3416 553656.4277229835 4931722.333222279
3172 3416 563416.4190288922 4931721.25193131
3233 3416 564635.2254055303 4931723.182055433
3294 3416 565857.4304354363 4931721.965300585
3355 3416 567075.6367211251 4931722.010350573
3416 3416 568296.7366343511 4931722.415505715
3660 3416 573177.2503405968 4931721.634044278
3782 3416 575616.0077044952 4931721.980073602
2196 3477 543897.3235287764 4930501.963168075
2745 3477 554876.0079519544 4930502.225536611
2867 3477 557316.8240374184 4930499.106003712
3111 3477 562196.9978681027 4930498.070234785
3294 3477 565857.3364909834 4930502.237785702
3355 3477 567077.7122672903 4930501.472597967
3477 3477 569517.2117447197 4930498.543422795
3721 3477 574397.127845119 4930501.388527611
3843 3477 576837.5329922093 4930500.8789490815
2318 3538 546337.3265868644 4929281.060004854
2562 3538 551217.6525016034 4929281.792476474
2684 3538 553656.400500844 4929282.567302116
2867 3538 557316.4418549574 4929282.458160587
3172 3538 563415.745922476 4929278.252805996
3294 3538 565857.7540154853 4929282.163509969
3416 3538 568295.6441231167 4929279.12242837
3721 3538 574397.0445395858 4929281.800390961
2013 3599 540236.3414550945 4928061.708860329
2318 3599 546336.4388430631 4928059.048826739
2684 3599 553657.1681523648 4928059.234936842
2928 3599 558536.9081723448 4928058.790877158
3050 3599 560977.5089727709 4928061.89853047
3416 3599 568297.4224793148 4928058.122319681
3477 3599 569515.5707387099 4928062.383381959
3538 3599 570736.8027411499 4928062.036297378
3599 3599 571957.2172527959 4928062.767310613
3660 3599 573176.7811379391 4928062.245399138
3721 3599 574397.8006466897 4928058.256299099
3782 3599 575617.1007519253 4928061.804491669
4209 3599 584155.3663016479 4928061.710789522
4270 3599 585376.4595884715 4928061.450680207
2257 3660 545116.8514007768 4926842.194598846
2928 3660 558537.5156779424 4926842.924686499
3111 3660 562198.4212621658 4926841.427072588
3233 3660 564637.1319910795 4926841.206496002
3355 3660 567078.0653632786 4926842.664730018
3599 3660 571955.5202113038 4926840.648454213
3721 3660 574395.8547965491 4926838.515906359
4270 3660 585376.5333695216 4926838.3847810635
4331 3660 586596.9079879376 4926840.847031134
2318 3721 546335.0305387978 4925621.594766573
2379 3721 547556.9823965289 4925623.431679602
2501 3721 549997.571518096 4925621.14746522
2928 3721 558536.357582595 4925621.583753194
2989 3721 559757.5570339186 4925622.240530672
4331 3721 586597.2663865029 4925621.691238968
2257 3782 545115.7886526552 4924403.128089492
2501 3782 549996.1846113324 4924402.098170877
2623 3782 552436.0309451884 4924401.429132905
2684 3782 553656.7531034737 4924401.976384055
2745 3782 554876.4683575635 4924401.344951552
2989 3782 559756.7634130374 4924401.890437651
3050 3782 560977.1003285584 4924401.827948279
3172 3782 563416.06214119 4924401.373164233
4209 3782 584158.1637919766 4924397.928384775
4270 3782 585377.1299937458 4924402.153122151
2684 3843 553658.8965544777 4923181.8970135525
2928 3843 558536.9952927217 4923181.984487743
3233 3843 564637.3680303675 4923181.872886711
4087 3843 581716.7991900716 4923178.432738753
4270 3843 585377.3905734953 4923178.839591982
1891 3904 537796.7402229382 4921962.750742393
2074 3904 541455.9351299349 4921962.432253494
2196 3904 543897.4418627203 4921961.929307068
2501 3904 549997.4244492413 4921962.876320385
2562 3904 551216.6884294769 4921962.739237515
2806 3904 556097.0616984379 4921962.776443309
2867 3904 557317.0041577583 4921961.169431031
2928 3904 558536.3924919348 4921962.523069505
3111 3904 562196.4271758401 4921962.177012279
3355 3904 567077.0892977437 4921960.489659787
3599 3904 571958.1662551528 4921962.458274099
3660 3904 573176.5467444747 4921961.451306521
3721 3904 574395.5939534869 4921958.298833379
4026 3904 580496.8455418264 4921960.738747656
1952 3965 539017.0858306427 4920742.512416777
2013 3965 540236.1880995882 4920743.917763854
2135 3965 542677.2619547006 4920742.661039922
2196 3965 543897.9566826725 4920741.9243662665
2745 3965 554875.7078974273 4920741.827418476
2867 3965 557315.5081358564 4920743.181062635
2989 3965 559756.351307284 4920742.064767507
3355 3965 567076.477881437 4920742.027747458
3599 3965 571957.4204471626 4920738.290238728
1769 4026 535358.2450726366 4919522.720692265
1830 4026 536576.8104793108 4919522.296093443
2013 4026 540236.0517238581 4919522.236486193
2135 4026 542675.6262323504 4919520.7596422415
2501 4026 549996.3246124708 4919521.518908993
2684 4026 553656.1307906441 4919523.577835902
2928 4026 558535.8366936035 4919522.192138708
3294 4026 565856.551732222 4919518.652940758
3355 4026 567076.0016653533 4919521.915268553
1830 4087 536577.0861808315 4918302.73206089
1952 4087 539016.3410784162 4918302.782612994
2013 4087 540237.3944523635 4918302.3187769335
2196 4087 543897.3314489517 4918303.375351362
2257 4087 545116.6732782904 4918303.49647963
2318 4087 546335.8189086663 4918303.899821527
2684 4087 553657.3098852378 4918303.021373225
2745 4087 554876.9227421326 4918302.9362499975
2867 4087 557315.6857534578 4918298.95421808
3233 4087 564636.3636176246 4918302.791756941
3538 4087 570737.1565357419 4918298.430688879
3599 4087 571956.8621136768 4918302.952769534
4636 4087 592697.8811601428 4918297.919966257
1891 4148 537797.5263493469 4917083.138224127
2074 4148 541457.7427389857 4917081.541848878
2196 4148 543897.2732827971 4917082.247798676
2257 4148 545117.3351220652 4917083.134672942
2379 4148 547556.8919169285 4917081.452710327
2501 4148 549995.8182534741 4917082.662018894
3355 4148 567076.471871858 4917082.362111497
3416 4148 568296.6413838355 4917082.599126727
3538 4148 570735.3998834981 4917082.919917914
3660 4148 573176.3487380634 4917078.196579301
3782 4148 575616.3670847998 4917081.9491964765
3843 4148 576838.8133429415 4917080.465321189
1952 4209 539016.3585550766 4915862.955120347
2501 4209 549996.4337902571 4915863.244741417
2684 4209 553656.0510476134 4915863.056953561
3172 4209 563416.1146811526 4915858.701795122
3233 4209 564636.6007293873 4915861.608968005
3355 4209 567075.3714317045 4915861.952192249
3599 4209 571957.1920203447 4915862.375241741
3721 4209 574396.9480473292 4915858.807290942
3782 4209 575616.8484266717 4915861.61210989
4697 4209 593917.2662070446 4915857.620670287
2013 4270 540237.470323211 4914642.713756083
2135 4270 542675.923427393 4914642.327865275
2379 4270 547555.9139352329 4914641.239274662
2562 4270 551216.7713562846 4914642.626807544
2623 4270 552436.9005294805 4914643.033253678
3111 4270 562196.279839006 4914642.395114724
3599 4270 571958.2095564904 4914642.646532851
3660 4270 573177.015099396 4914643.187485351
1830 4331 536577.6494033517 4913422.433287814
2013 4331 540237.5654633938 4913422.594627668
2257 4331 545115.2323037888 4913423.48753759
2318 4331 546336.5859646436 4913422.617989646
2379 4331 547556.5336340051 4913422.2751273755
2440 4331 548776.4621244927 4913422.531076855
2562 4331 551216.5672937867 4913423.151171389
3050 4331 560975.2831801969 4913421.796162259
3111 4331 562197.0524130028 4913421.779721256
3416 4331 568298.344253184 4913422.376037796
3721 4331 574397.5691524412 4913422.4776775595
3782 4331 575616.6742771969 4913421.621781412
3843 4331 576836.2974557774 4913422.907855729
3965 4331 579276.8527433396 4913422.716104298
2013 4392 540236.6077988637 4912202.623526155
2074 4392 541456.1901915215 4912203.838127111
2135 4392 542676.6232479396 4912201.903050136
2196 4392 543896.0298219742 4912203.095742723
2257 4392 545116.1363442391 4912202.4313763175
3172 4392 563416.2742813076 4912203.193551175
3477 4392 569516.2480392889 4912202.7630435545
3660 4392 573176.7342859935 4912198.184518392
3721 4392 574397.7148477383 4912201.590164896
3782 4392 575618.4528453085 4912201.832353103
3904 4392 578057.7862734539 4912201.492366992
4026 4392 580495.8717411638 4912202.8249740945
4575 4392 591475.4349370918 4912201.914460259
2074 4453 541456.5985257581 4910984.989057286
2135 4453 542676.7134245388 4910981.915838979
2257 4453 545115.9156689451 4910981.966434161
2318 4453 546336.5265536814 4910982.452703994
2928 4453 558537.8115630384 4910982.066250103
3538 4453 570736.8479645355 4910980.714799104
3965 4453 579276.4322547424 4910982.004226984
5368 4453 607336.157872268 4910981.993531084
2074 4514 541456.6924807859 4909762.340487711
2135 4514 542675.861070029 4909761.337636605
2196 4514 543895.5147588848 4909762.137473219
2318 4514 546336.892283651 4909762.494091498
2379 4514 547558.3626208684 4909762.353726467
3233 4514 564637.3074960902 4909762.475941949
3355 4514 567077.4653003844 4909762.015390429
3416 4514 568295.7713951116 4909761.38120924
3477 4514 569515.4951674228 4909759.232185386
3660 4514 573177.1321122597 4909762.12635037
3965 4514 579276.8530914637 4909762.3203330245
4026 4514 580497.3796852225 4909762.931419804
5185 4514 603676.8210840235 4909762.615165391
2135 4575 542676.2892638659 4908541.882398814
2196 4575 543897.170295757 4908542.149674672
2562 4575 551217.5479973138 4908542.351589385
2928 4575 558536.8816649441 4908542.049460829
2989 4575 559757.2824559284 4908542.808665912
3050 4575 560977.277449446 4908543.157594519
3294 4575 565855.1435435076 4908542.850665247
3843 4575 576837.3399876789 4908538.574903768
4026 4575 580497.1173799273 4908541.557285731
4087 4575 581717.214339911 4908541.394940265
5124 4575 602456.4623719086 4908541.728229247
5185 4575 603677.6858874517 4908541.826157828
5368 4575 607337.1117680664 4908542.1341235805
2135 4636 542676.3258123518 4907321.7447408475
2196 4636 543897.6295301898 4907322.455848984
2501 4636 549997.2717368891 4907320.917142412
2562 4636 551216.4576993331 4907322.0001879195
3111 4636 562196.6826542021 4907322.817777691
3233 4636 564636.3604183856 4907321.827871161
3355 4636 567076.2395445928 4907322.855543622
3416 4636 568297.7299885005 4907321.929074849
3599 4636 571957.3505739924 4907318.460010794
3904 4636 578058.5303214998 4907321.96208971
4026 4636 580497.8150485978 4907321.900588266
4209 4636 584157.1245297198 4907318.465166031
4270 4636 585377.2494812754 4907322.2023099875
5002 4636 600016.9189344898 4907320.377412215
5307 4636 606117.0137714535 4907321.491624071
2257 4697 545116.0624334678 4906102.3888491
2501 4697 549995.5297566324 4906103.397098749
2623 4697 552437.8617906657 4906101.758674154
2684 4697 553656.1006306236 4906103.139669869
3172 4697 563416.3210945958 4906103.671342251
3294 4697 565856.5863444821 4906102.079037463
3355 4697 567077.2839229483 4906102.282985618
3721 4697 574397.5355258482 4906100.99644605
3965 4697 579277.3911070875 4906098.411508048
4026 4697 580498.4225483246 4906102.103687636
4087 4697 581717.1201444904 4906098.330441288
4209 4697 584156.0126476074 4906098.801371116
4270 4697 585377.0700159888 4906102.925805125
4392 4697 587816.909196326 4906102.266591104
4514 4697 590257.204008857 4906101.989306615
4575 4697 591477.841963025 4906103.105916196
4819 4697 596356.6853561385 4906102.951641355
2196 4758 543895.7484713576 4904883.660983256
2257 4758 545115.8329537776 4904883.021504354
2501 4758 549995.2988466767 4904881.841049531
2684 4758 553656.8909156367 4904882.296922273
3538 4758 570736.7776299384 4904881.36573867
3904 4758 578057.57174969 4904881.3267260585
4331 4758 586596.8705473777 4904881.390490014
4758 4758 595136.4044867664 4904881.762886125
1647 4819 532918.2642747166 4903662.257545472
1708 4819 534137.8090868242 4903662.9601558875
2379 4819 547556.393477314 4903663.053866092
2440 4819 548775.4754916327 4903662.269223823
2501 4819 549996.5319271088 4903662.471599726
2623 4819 552436.6719307199 4903663.446688451
2745 4819 554876.434612951 4903662.479880886
2806 4819 556096.8939327532 4903661.88579057
3294 4819 565856.1665927655 4903661.684299807
3355 4819 567075.8579474329 4903664.4824072765
3538 4819 570736.0035321403 4903662.907414311
3599 4819 571957.4988954616 4903661.79903254
3843 4819 576836.7532344209 4903662.264813782
4026 4819 580497.2645398807 4903662.028348776
4148 4819 582937.0774580287 4903658.781627234
4514 4819 590257.0191419572 4903659.032774694
4636 4819 592696.2748189829 4903661.265695754
2013 4880 540236.9703788552 4902442.008128568
2074 4880 541456.3097840785 4902443.137214968
2379 4880 547557.6378944246 4902441.067758245
2440 4880 548776.4708068701 4902442.62009363
2684 4880 553657.5851854635 4902442.807952884
3477 4880 569515.6222850118 4902443.142167952
3599 4880 571956.4450241602 4902442.754831361
3782 4880 575617.0330004457 4902438.746091131
4026 4880 580497.7993793665 4902439.098257249
4392 4880 587816.7899647759 4902441.4204259785
4514 4880 590257.0496881369 4902441.442982065
4575 4880 591476.7532957993 4902442.1353732515
1647 4941 532917.7631337051 4901221.724240086
1952 4941 539016.9270012751 4901223.122789457
2379 4941 547555.9024121042 4901223.089579129
2440 4941 548777.2437290761 4901222.483890319
2562 4941 551216.3566790924 4901223.08537724
2684 4941 553656.6748315033 4901221.870714527
2745 4941 554876.5453940544 4901221.971498671
2806 4941 556096.738366522 4901222.897671496
2867 4941 557317.5229303325 4901222.695479849
2989 4941 559756.1556731921 4901221.89266253
3477 4941 569515.6635311255 4901222.253893333
3538 4941 570737.248343366 4901222.126393794
3599 4941 571956.6576295431 4901222.1390792765
3660 4941 573176.7372413736 4901221.326353562
4087 4941 581717.9627850578 4901221.925425857
4148 4941 582937.3859771702 4901221.872611693
4331 4941 586595.4332377948 4901222.7144175
4453 4941 589037.0925538805 4901222.079029245
4575 4941 591477.4612396881 4901222.058516015
5185 4941 603677.2980582363 4901222.382724733
1769 5002 535358.1436897921 4900003.278717421
1891 5002 537796.9257052693 4900003.205357985
1952 5002 539017.2684713915 4900003.100827615
2501 5002 549996.5498104581 4900002.038296733
2562 5002 551216.5376274639 4900001.831694418
2623 5002 552435.1086487046 4900003.241548384
2684 5002 553657.8934196904 4900003.875915188
2806 5002 556095.1845361816 4900001.976833097
2867 5002 557316.3548776144 4900001.943567349
2989 5002 559756.8458986068 4900002.562913019
3111 5002 562195.871604909 4899998.919235233
3172 5002 563416.9834590941 4900001.334745786
3355 5002 567076.0185653222 4900002.950171057
3599 5002 571957.3286152298 4899998.831570585
4026 5002 580497.2364875572 4900002.339463594
4087 5002 581716.9049009572 4900001.501438591
4148 5002 582938.0573487757 4900001.524588503
4270 5002 585376.5382303294 4900002.306848804
4331 5002 586597.843092776 4899998.523769324
4392 5002 587817.2215004493 4900001.814544836
4514 5002 590257.0710470228 4900002.201660375
4575 5002 591477.3069091276 4900002.421158744
4697 5002 593917.4831610451 4900002.053458854
1830 5063 536577.8469431538 4898782.228538801
1891 5063 537797.521467133 4898782.934683175
2013 5063 540236.2909851465 4898783.062183933
2257 5063 545116.4061733144 4898782.90746014
2623 5063 552436.4049481007 4898783.373130928
2745 5063 554876.3325185725 4898783.041923261
2989 5063 559757.1110802096 4898782.283389968
3050 5063 560976.0833559562 4898782.774360786
3111 5063 562197.3300510002 4898782.767804239
3172 5063 563417.0509805409 4898782.89823052
3233 5063 564636.2149222635 4898782.605317948
3294 5063 565856.675323836 4898782.707460078
3416 5063 568296.9251034209 4898782.067651294
3477 5063 569516.645252917 4898782.328951017
3538 5063 570736.6375978542 4898781.059894029
3660 5063 573176.3638501794 4898783.080294312
3843 5063 576837.1782072692 4898782.501552471
4331 5063 586596.2689989775 4898783.532236649
4453 5063 589035.6083559705 4898782.6921393955
4697 5063 593917.0278778162 4898782.968665529
4758 5063 595136.6605513017 4898783.175705401
4819 5063 596357.5681201196 4898781.133181457
2074 5124 541456.6790954764 4897562.930194163
2135 5124 542676.1933802592 4897562.792752913
2745 5124 554875.5971245132 4897563.372954991
3111 5124 562196.9211393672 4897562.222562557
3172 5124 563417.1153767128 4897562.247653748
3477 5124 569516.6914475748 4897562.559848059
3660 5124 573177.4901877672 4897560.882637797
4026 5124 580497.7145333653 4897558.738433096
4270 5124 585377.664124504 4897562.321200624
4453 5124 589037.962612615 4897561.608405783
4758 5124 595137.1147934813 4897562.880494164
4819 5124 596358.3730947449 4897562.762245671
4880 5124 597576.3936941479 4897562.244646
4941 5124 598796.1813692108 4897562.622799406
5124 5124 602456.8804991331 4897562.306848204
2196 5185 543897.5014441474 4896342.5724292835
2684 5185 553655.3677640059 4896342.393651592
2745 5185 554875.8274809225 4896341.232569346
2806 5185 556095.7705564722 4896341.049906672
2989 5185 559756.4299104908 4896343.542861605
3111 5185 562197.0268966032 4896342.400594392
3172 5185 563416.1017211392 4896342.030362065
3233 5185 564637.0961145678 4896342.409942452
3355 5185 567075.9633405206 4896340.896091271
3416 5185 568296.2690128835 4896343.316523218
3477 5185 569516.1242544355 4896339.698290618
3538 5185 570737.5595660573 4896341.478543115
3599 5185 571956.6695570108 4896341.193283084
3660 5185 573177.3257585776 4896338.815096956
3782 5185 575617.3089762304 4896342.222558861
4575 5185 591477.8270482381 4896343.211511
4819 5185 596358.4685925173 4896342.2734357845
5002 5185 600018.3116960521 4896338.625337493
5124 5185 602455.9075399316 4896341.688769128
5185 5185 603676.8496730548 4896342.090550391
2135 5246 542675.7316043488 4895121.68655397
2257 5246 545116.8594170881 4895122.131701258
2684 5246 553655.1170621569 4895123.000676305
2745 5246 554875.8172566323 4895122.737641291
2806 5246 556096.5206952731 4895122.20534929
2867 5246 557316.3686993839 4895122.699837925
2989 5246 559753.578301659 4895123.078503992
3294 5246 565856.9425177847 4895121.300539512
3355 5246 567076.4149236527 4895122.4524189625
3416 5246 568297.3688291892 4895122.984215301
3599 5246 571956.1264888773 4895123.12152342
3660 5246 573177.399560733 4895121.884722149
3904 5246 578058.2547256353 4895120.400277711
4209 5246 584156.387134797 4895118.417428115
4453 5246 589036.9421146722 4895122.913058509
4636 5246 592697.4525127996 4895122.853529231
4697 5246 593916.9166418344 4895122.560857563
4819 5246 596357.1690494586 4895122.250364888
4880 5246 597576.7980240064 4895121.6012805095
4941 5246 598795.7767979747 4895121.7774017155
5002 5246 600017.3519980066 4895118.48566567
5063 5246 601237.0594715027 4895122.758977716
5185 5246 603676.7227148584 4895120.901406892
2745 5307 554875.4693513513 4893903.426600693
2867 5307 557316.8348080624 4893902.508562284
3111 5307 562197.2165500475 4893902.443055173
3660 5307 573176.363470222 4893902.8238924295
3721 5307 574398.2460151665 4893902.817177431
3843 5307 576836.8802290967 4893902.113099541
3904 5307 578057.5965221819 4893902.38452308
4270 5307 585377.1372469906 4893898.685251781
4392 5307 587817.9928750256 4893898.83335271
4514 5307 590257.3759191749 4893901.576385055
4575 5307 591476.9791805171 4893902.589361335
4636 5307 592697.9453397428 4893903.108742777
4697 5307 593916.6970252347 4893902.407235758
4819 5307 596357.2991705064 4893901.93856187
4941 5307 598797.5486291116 4893901.236095282
2806 5368 556095.1070468595 4892683.42225947
3294 5368 565857.1696521431 4892682.1095487485
3355 5368 567076.6737778778 4892682.021975779
3477 5368 569517.281132234 4892682.26796204
3660 5368 573178.0189677826 4892682.848999731
3965 5368 579278.123081337 4892682.247022093
4575 5368 591477.2568432092 4892682.377014674
4636 5368 592697.4644465423 4892682.606214415
4697 5368 593917.2089271157 4892682.742452437
4819 5368 596355.3518637868 4892682.504078868
4880 5368 597576.5865930957 4892682.455769642
5185 5368 603676.94785786 4892683.139445442
5307 5368 606116.7837699424 4892681.583245493
5368 5368 607336.3604667058 4892678.059307033
2867 5429 557316.6094615534 4891463.205264383
2989 5429 559757.173412376 4891463.004848947
3050 5429 560977.6132412481 4891461.904638125
3416 5429 568296.7301477748 4891461.688507863
3721 5429 574397.8550347288 4891462.650256788
4392 5429 587816.8676544984 4891462.183663702
4514 5429 590257.1100392507 4891462.654591913
4575 5429 591476.4238033551 4891462.766255123
5063 5429 601236.8086338723 4891461.967733456
5124 5429 602455.5747982562 4891462.904323778
5246 5429 604898.3353800382 4891461.061263102
5368 5429 607338.2869915719 4891460.6662288215
5429 5429 608556.8571242812 4891461.153243171
4819 5490 596357.0070698641 4890242.272187238
