671 549 613423.8796660899 4889036.598937653
732 610 614643.8617621055 4887816.891044027
793 671 615862.1087966895 4886596.669892211
488 732 609762.4531369898 4885377.990527902
366 793 607322.3009793865 4884157.841716538
427 793 608542.5662037772 4884158.72604241
610 793 612202.9870831403 4884158.252844713
366 854 607323.2955723413 4882937.841888275
427 854 608542.6051685982 4882938.250397569
488 854 609763.1389050565 4882938.728782202
671 854 613423.2107395579 4882938.1406889185
976 854 619522.8939640195 4882935.402987587
1037 854 620743.3192356444 4882937.480397444
427 915 608543.4032932728 4881717.89207045
488 915 609763.9054958927 4881718.174002118
549 915 610984.0202457511 4881718.620533859
610 915 612203.2659390123 4881718.757546174
671 915 613423.6268874746 4881718.311475733
915 915 618304.4827013192 4881718.208719506
549 976 610984.2354472639 4880497.660294508
610 976 612203.1253491474 4880497.274013149
671 976 613423.804754823 4880498.554079296
732 976 614642.7925370815 4880496.833695699
122 1037 602443.2077167212 4879277.717913326
183 1037 603662.5061233204 4879278.413723039
427 1037 608542.8007319218 4879278.922577714
610 1037 612202.0926220575 4879277.880414621
671 1037 613424.078458652 4879277.824415661
61 1098 601223.0609634699 4878057.958694655
122 1098 602443.4151121494 4878057.745561085
183 1098 603663.7428766759 4878057.429983489
244 1098 604883.0308211405 4878057.340169168
366 1098 607322.5716946439 4878058.015477481
427 1098 608542.8656093759 4878057.80849826
610 1098 612204.1991915093 4878058.331720336
671 1098 613423.7551789894 4878058.967439694
732 1098 614643.775144456 4878057.400246229
1586 1098 631723.8177205999 4878057.958781651
366 1159 607323.2440929082 4876837.577227317
427 1159 608543.1033371432 4876837.345093073
610 1159 612203.2578977615 4876837.497485089
854 1159 617084.1487037925 4876836.531529887
1220 1159 624403.4103377635 4876838.048066974
1342 1159 626843.1987123251 4876838.200038389
366 1220 607322.9770630293 4875617.407247462
427 1220 608542.4809309838 4875617.2657385515
488 1220 609763.1402358437 4875616.595983639
610 1220 612203.9187513168 4875616.312200697
854 1220 617083.2212354331 4875617.285834175
915 1220 618302.8991946051 4875617.492572217
1159 1220 623183.050597692 4875618.971048428
1220 1220 624403.100553547 4875617.639613282
1525 1220 630504.0894110019 4875616.072052694
427 1281 608543.6958068341 4874397.4639805
488 1281 609762.1499714149 4874396.6191101875
549 1281 610982.9841214885 4874397.151406248
610 1281 612203.8118788823 4874396.3471857505
915 1281 618303.2089037456 4874397.7658382105
1281 1281 625623.710166564 4874397.685119518
1403 1281 628063.0382714779 4874398.959515904
1586 1281 631723.5162979573 4874397.521058138
305 1342 606104.2117942512 4873176.515881971
549 1342 610984.1855048597 4873176.65076235
610 1342 612202.6234879218 4873176.47114833
915 1342 618303.991630642 4873177.102138212
976 1342 619524.5033832111 4873177.193237257
1159 1342 623184.0148441747 4873178.725335587
1342 1342 626843.3036219398 4873178.111719162
1464 1342 629283.6220563649 4873177.522497046
1586 1342 631723.5208573244 4873176.06781053
244 1403 604883.6196895717 4871957.317261546
366 1403 607323.294132703 4871957.668049136
976 1403 619524.5948446676 4871956.059919319
1098 1403 621964.0627833395 4871957.276810743
1159 1403 623183.2905725855 4871957.585839931
1281 1403 625623.6493243353 4871957.643777777
1342 1403 626842.7471334549 4871958.737751876
1891 1403 637824.2845573518 4871956.694515524
1952 1403 639043.7630915041 4871957.005244775
183 1464 603663.8004248671 4870737.432858334
305 1464 606103.1450921622 4870737.471051656
366 1464 607322.9958055774 4870738.328617214
427 1464 608543.8550160065 4870737.245100916
488 1464 609764.1435204775 4870737.470695506
732 1464 614644.6862301785 4870737.087083923
793 1464 615863.8371736913 4870738.473400524
1281 1464 625624.7758789464 4870736.052526928
1891 1464 637821.8587718266 4870736.751501187
1952 1464 639043.1052445032 4870736.592451541
122 1525 602443.6853859187 4869517.414900116
183 1525 603664.2300324269 4869517.495600934
1098 1525 621963.3886121373 4869517.679717237
1159 1525 623183.3660029096 4869517.329821193
1281 1525 625622.998600929 4869518.210384676
1525 1525 630503.6173880426 4869516.5200433545
1891 1525 637823.4925430084 4869517.184534397
1952 1525 639043.2983165333 4869516.988068053
61 1586 601223.962065737 4868297.797631949
549 1586 610984.0075904585 4868297.332311542
854 1586 617083.9347592317 4868298.014811185
1159 1586 623184.420552079 4868297.215335175
1525 1586 630502.6510858618 4868295.862005455
1952 1586 639042.4026906402 4868295.689429044
366 1647 607323.5090955563 4867077.901440383
915 1647 618303.4922690939 4867077.271034473
976 1647 619523.4938874275 4867077.236467621
1891 1647 637822.8859315283 4867078.008907739
1952 1647 639043.665167977 4867077.325349765
61 1708 601223.2671750891 4865856.607695055
122 1708 602444.9196052186 4865857.189931757
915 1708 618303.5996736225 4865856.468868563
976 1708 619524.4940994516 4865857.031147683
1891 1708 637822.2803547728 4865857.47836055
915 1769 618303.0481528008 4864636.806555776
976 1769 619522.9806890354 4864637.530054951
1037 1769 620743.368832762 4864637.599777632
61 1830 601224.3181579156 4863418.471598494
366 1830 607322.835226124 4863418.732967976
671 1830 613423.4245378622 4863417.865936446
915 1830 618303.9942697372 4863417.479460277
976 1830 619523.8761708013 4863417.664597704
1708 1830 634163.0402613599 4863418.003070536
1769 1830 635383.7779466478 4863416.860366344
1830 1830 636603.2354108318 4863417.717040151
122 1891 602444.2028578382 4862196.28161519
305 1891 606103.3186925974 4862197.512118134
671 1891 613423.7686463996 4862197.654811149
1830 1891 636603.8732179176 4862197.275032561
1891 1891 637823.412128295 4862198.163453825
427 1952 608544.0766914035 4860977.819455614
549 1952 610983.7250419804 4860978.122730859
915 1952 618303.6157088478 4860979.116604771
1891 1952 637823.7272482654 4860977.436031339
366 2013 607323.9985249686 4859759.023152314
488 2013 609763.4058611428 4859757.867030742
549 2013 610984.574046343 4859757.951067039
122 2074 602444.5022428785 4858538.026154578
305 2074 606103.4450077048 4858538.903836336
427 2074 608543.5791410934 4858538.190018457
488 2074 609763.5839923089 4858537.983465857
549 2074 610984.1300897237 4858537.790512906
2440 2074 648803.6723681993 4858538.055735741
61 2135 601224.1414199701 4857316.657338227
122 2135 602444.0475532389 4857316.920386823
427 2135 608542.915705297 4857318.096108126
488 2135 609763.8305393695 4857318.184054505
549 2135 610982.8896501744 4857318.406012229
610 2135 612203.3740545849 4857318.114637864
732 2135 614643.1886398225 4857318.63866137
793 2135 615863.5086029726 4857319.2494878005
1037 2135 620743.5887263003 4857318.203082102
2379 2135 647583.4969823217 4857318.568292591
2440 2135 648803.6224842701 4857318.237149537
61 2196 601224.8812293847 4856098.183003709
427 2196 608545.164671003 4856097.189655118
488 2196 609763.9664195165 4856098.794542816
549 2196 610984.012539666 4856097.843323552
610 2196 612203.8327758881 4856098.88017347
671 2196 613423.454957036 4856098.237775506
1098 2196 621963.1091089734 4856097.920321724
2440 2196 648803.6222145434 4856098.418102858
61 2257 601222.6390496251 4854878.500030509
427 2257 608543.0914015966 4854878.800659712
549 2257 610983.2921761319 4854878.3224017
793 2257 615863.927789634 4854877.902510073
61 2318 601223.062019808 4853658.137529613
122 2318 602441.5558921958 4853657.266001429
793 2318 615863.4376571485 4853658.635709719
854 2318 617083.2198347226 4853658.647321689
915 2318 618304.0503366604 4853658.27900304
1098 2318 621963.1749176737 4853656.85716374
1281 2318 625623.0082332041 4853656.655228266
2257 2318 645143.8527721429 4853657.410923574
2379 2318 647583.441019866 4853657.987116359
183 2379 603663.0112367818 4852438.368410098
244 2379 604883.0195437355 4852438.178036639
732 2379 614643.9262141149 4852437.021687324
793 2379 615863.0299386831 4852438.259669629
854 2379 617083.380964703 4852439.129208626
915 2379 618303.1274109766 4852437.702527207
1037 2379 620743.5835038841 4852438.020819325
1159 2379 623183.8990333793 4852438.445946745
1342 2379 626844.4346819308 4852437.407089803
1647 2379 632944.450643419 4852436.324380731
2318 2379 646364.1904536884 4852437.703030351
2440 2379 648804.35954525 4852436.130552167
122 2440 602443.7651944458 4851217.794555937
183 2440 603663.0804686067 4851217.617234099
244 2440 604883.437587939 4851218.773773336
793 2440 615863.3455228161 4851217.765483736
854 2440 617082.8626134994 4851218.275827694
915 2440 618303.0855479782 4851218.316816575
1159 2440 623183.6701866484 4851217.378611648
1220 2440 624405.0936629002 4851218.166795792
1403 2440 628063.9243542771 4851217.279609612
1708 2440 634163.9697019539 4851216.942560587
2440 2440 648803.1361771834 4851218.420465713
122 2501 602444.1177496021 4849997.669901948
183 2501 603663.7961634139 4849997.702836411
244 2501 604883.3866701389 4849998.007909004
610 2501 612203.1566080549 4849998.1005474785
793 2501 615863.0304699247 4849997.711650276
854 2501 617083.3849481613 4849998.180256867
915 2501 618303.5404702787 4849998.4614390405
976 2501 619523.6669140836 4849998.320246797
1037 2501 620742.6196961879 4849996.895039296
1159 2501 623182.9095975683 4849998.080038915
1220 2501 624402.8911939347 4849998.491269534
1342 2501 626843.1632723209 4849997.257831209
1403 2501 628063.654021536 4849997.144051387
1708 2501 634163.7616543411 4849997.045476556
2440 2501 648803.8439793459 4849997.923175295
122 2562 602443.0078345229 4848779.170921595
183 2562 603663.5145745691 4848778.500760275
244 2562 604884.0189562495 4848777.738958454
915 2562 618303.1085290272 4848778.986502346
1037 2562 620743.6430948931 4848777.4221271435
1159 2562 623182.3715841306 4848776.644986812
1708 2562 634163.9925882665 4848776.738526536
2196 2562 643922.3993601055 4848777.265765863
122 2623 602443.5227178514 4847558.138245385
305 2623 606102.4997713394 4847558.957671976
366 2623 607323.6051817585 4847558.80640809
427 2623 608543.8981610547 4847556.565806803
976 2623 619524.1159886093 4847557.447502287
1037 2623 620743.1033716792 4847557.1181703815
1098 2623 621963.1424932273 4847556.547846227
1220 2623 624402.6149426379 4847556.58065326
1708 2623 634164.211153633 4847556.362736749
1891 2623 637823.2743461049 4847557.448328623
2135 2623 642703.4257151124 4847556.86398901
2196 2623 643923.6605000286 4847557.020127789
2257 2623 645143.2302664929 4847557.793303885
3050 2623 661003.2326398165 4847557.522679734
183 2684 603662.8612020348 4846338.072936703
732 2684 614643.4493087023 4846338.709269025
1037 2684 620743.6888423028 4846337.046323903
1098 2684 621963.0715079663 4846337.051710743
1159 2684 623182.0228627622 4846338.006310847
1464 2684 629282.8521299991 4846337.653885632
1586 2684 631723.9290779667 4846337.614826179
1708 2684 634163.897875853 4846336.376061834
1769 2684 635383.1120141358 4846337.193056478
1891 2684 637823.7385890052 4846336.711424827
1952 2684 639043.2730579901 4846336.327025419
2013 2684 640263.3125502818 4846337.623926595
2074 2684 641483.4668517001 4846337.486804916
2135 2684 642703.515434391 4846337.1936027
2196 2684 643922.7405284201 4846337.44003819
2928 2684 658563.4918579815 4846337.82586958
3050 2684 661003.7764768929 4846337.979761406
183 2745 603662.5648887639 4845118.722184434
488 2745 609762.9013161192 4845117.957882656
1098 2745 621963.6843380325 4845117.200783929
1159 2745 623183.7346333518 4845117.799873255
1220 2745 624403.8389810254 4845117.180415577
1769 2745 635383.6137951578 4845117.4011444915
1830 2745 636604.0926010993 4845116.7451543845
1891 2745 637823.3973877903 4845117.405492559
1952 2745 639043.9077895036 4845116.328395073
2074 2745 641481.7626748651 4845117.49283009
2135 2745 642703.4246992262 4845117.148191374
2257 2745 645142.3988789204 4845117.488094343
2562 2745 651244.0360665673 4845117.99617406
2623 2745 652463.4994748696 4845118.345775268
3050 2745 661003.0480674255 4845117.951059121
183 2806 603664.2321781757 4843898.376183207
244 2806 604883.927352419 4843897.47745423
305 2806 606104.1978219362 4843898.235826978
366 2806 607324.3244379577 4843897.865355487
427 2806 608544.5054077524 4843897.944291321
732 2806 614644.3990195516 4843898.371352388
1098 2806 621963.8416837157 4843897.440333317
1159 2806 623184.0186161534 4843897.214028687
1220 2806 624402.5650301203 4843898.022682531
1281 2806 625623.8243676759 4843897.203613105
1769 2806 635382.9675963937 4843897.732318875
1830 2806 636603.1891214061 4843896.59841299
1891 2806 637824.003229713 4843896.3441751525
1952 2806 639043.340491836 4843896.863747071
2196 2806 643922.5736164633 4843897.968264227
2501 2806 650022.4365574134 4843898.063589762
2562 2806 651243.8031780436 4843896.659044176
183 2867 603663.9036854762 4842677.871227006
244 2867 604883.7906713774 4842677.471184953
305 2867 606103.4566626961 4842676.446787205
366 2867 607323.6607360076 4842677.902761536
488 2867 609762.8347605164 4842677.66065755
671 2867 613422.1186645594 4842678.684955679
793 2867 615864.0966995996 4842678.096826078
1281 2867 625623.382235369 4842677.195225079
1342 2867 626842.4770618664 4842677.848290763
1708 2867 634162.4536482686 4842676.975688164
1769 2867 635382.8463436357 4842676.717730709
1830 2867 636603.1281529714 4842677.189067698
1891 2867 637822.8468806489 4842676.847626393
1952 2867 639042.6574827669 4842676.94548172
2074 2867 641483.4226466464 4842678.8122140635
2135 2867 642704.2134555803 4842678.452462064
2196 2867 643923.4836893661 4842677.282466803
183 2928 603664.6107329448 4841457.739815741
244 2928 604884.2754221262 4841457.96490567
305 2928 606103.9741348978 4841457.329010665
366 2928 607323.390596339 4841457.571314566
427 2928 608542.4534815106 4841458.158109207
488 2928 609762.3474404064 4841458.503411174
1220 2928 624402.8374825123 4841457.962189326
1342 2928 626843.7188580063 4841457.779484331
1708 2928 634162.5042963313 4841457.239186988
1769 2928 635382.6766770446 4841457.920174726
1830 2928 636602.5565694275 4841457.794626651
1891 2928 637822.8713033248 4841457.513441144
1952 2928 639042.3187120595 4841457.8877501255
2013 2928 640262.3687992921 4841457.5154941855
2135 2928 642702.728023496 4841457.423514141
2501 2928 650022.9692558378 4841458.209027119
2562 2928 651242.5013670219 4841457.848891207
2623 2928 652462.9493236948 4841458.004107117
244 2989 604884.5769175953 4840237.5973159075
305 2989 606104.2918309846 4840237.290070806
366 2989 607323.9600446022 4840237.310123247
427 2989 608543.8771637195 4840238.036063984
854 2989 617084.3105855273 4840238.274046156
1098 2989 621962.6114259518 4840238.790435432
1281 2989 625622.5103593018 4840238.153014677
1342 2989 626843.1296994467 4840238.002711404
1708 2989 634162.6696884676 4840237.954122734
1830 2989 636602.2988304512 4840237.493268727
2196 2989 643923.2600531238 4840236.661596291
2318 2989 646363.3017935174 4840237.433832064
2440 2989 648802.3674069262 4840238.192943209
2806 2989 656122.7744288835 4840238.5257681
2928 2989 658563.2325316636 4840238.754766836
183 3050 603663.5144841928 4839017.819000842
244 3050 604884.6596641593 4839017.374620719
305 3050 606104.1626530567 4839017.046337513
366 3050 607324.5216171818 4839017.126624336
427 3050 608544.1817151861 4839017.577165511
671 3050 613422.3129277021 4839017.038747363
732 3050 614643.5161083282 4839018.985799216
854 3050 617083.7308921622 4839016.795085926
915 3050 618303.2549142435 4839018.55060861
976 3050 619523.0779443487 4839018.388324954
1342 3050 626842.6690558285 4839019.065314475
1647 3050 632943.5650167854 4839017.798356665
1708 3050 634163.4142448659 4839017.50268346
1769 3050 635383.2309432571 4839017.833285135
2257 3050 645143.9272075605 4839017.820387518
2989 3050 659783.4500018773 4839016.969387882
183 3111 603664.2387244004 4837798.257144288
244 3111 604884.5779250617 4837797.747252533
305 3111 606104.349309409 4837797.546854266
732 3111 614643.883891747 4837798.318266962
1769 3111 635383.7383363849 4837797.649138115
1830 3111 636602.8947636008 4837796.932638858
2196 3111 643923.0551083131 4837797.966990802
2318 3111 646362.7910959551 4837798.344583842
2379 3111 647582.8327430342 4837798.264630355
2440 3111 648803.0958311143 4837798.299560369
2501 3111 650022.8092778086 4837798.631689017
183 3172 603664.3228600653 4836577.199674243
366 3172 607324.2965533283 4836577.615633695
427 3172 608544.3458215423 4836576.570704272
488 3172 609763.046422633 4836578.647489478
976 3172 619523.0885566472 4836577.505396471
1220 3172 624403.7242694566 4836579.407517803
1342 3172 626844.0626962059 4836577.473310813
1769 3172 635383.6864677091 4836578.150161938
1891 3172 637823.3596179492 4836577.38291084
1952 3172 639043.3579166214 4836577.414514535
2318 3172 646362.4445625542 4836578.045969184
2440 3172 648802.4543041339 4836578.224977929
2806 3172 656123.9497342526 4836577.462207386
3172 3172 663443.6638833929 4836576.956513534
305 3233 606103.4017449964 4835357.267752774
427 3233 608543.656628016 4835357.339155504
610 3233 612203.085443024 4835357.51567069
1159 3233 623184.1894769522 4835356.41351553
1830 3233 636603.7849909764 4835357.6499072295
1891 3233 637823.0918293294 4835357.754843794
2318 3233 646362.8238433262 4835358.789622427
2440 3233 648803.2449822221 4835358.787129089
2745 3233 654902.3690369204 4835357.1532349475
2806 3233 656123.9331823969 4835357.846238686
3111 3233 662222.6498666803 4835357.78097245
3172 3233 663443.2866752945 4835357.169574416
183 3294 603662.2816144773 4834139.022241518
244 3294 604883.205725734 4834137.705721616
305 3294 606103.2242689946 4834137.572118147
366 3294 607323.7571036898 4834136.358364564
976 3294 619523.3271389584 4834137.95961674
1281 3294 625624.0187464822 4834138.38676251
1830 3294 636602.746141103 4834137.679746755
1952 3294 639042.9304507712 4834138.798478326
2135 3294 642703.6196621646 4834137.408735323
2257 3294 645143.2728630075 4834139.084376982
2379 3294 647582.709857677 4834138.050178676
2440 3294 648803.5382643873 4834137.721560186
3111 3294 662222.6917513465 4834137.412169545
3233 3294 664662.6275236824 4834137.484385385
3660 3294 673204.3453761525 4834137.775050233
244 3355 604884.1542719068 4832917.814671857
305 3355 606104.7180742163 4832917.1203076355
366 3355 607324.0437976025 4832916.154710209
1037 3355 620742.9999631499 4832918.710892336
1708 3355 634163.1770090117 4832918.37443623
2013 3355 640262.3931364756 4832917.866847417
2074 3355 641483.1479358546 4832918.119468631
2135 3355 642703.6388044311 4832917.777721898
2196 3355 643923.7068486563 4832918.161671632
2257 3355 645143.2103534323 4832918.292130459
2440 3355 648802.9465953254 4832919.112578858
2501 3355 650023.0245826532 4832918.388821329
2562 3355 651243.2248367658 4832918.122412725
2684 3355 653682.9565512589 4832917.38281494
2806 3355 656123.2954964805 4832917.3593457695
2989 3355 659783.6164399231 4832916.664824076
3111 3355 662223.5667344726 4832916.927039272
3660 3355 673204.1271540895 4832917.688786622
305 3416 606104.0227452411 4831696.896455371
1037 3416 620742.9451151547 4831698.755710854
1159 3416 623182.2416908555 4831698.629505134
1403 3416 628063.6550206463 4831697.703395665
2013 3416 640262.9679233535 4831697.479179633
2135 3416 642703.193847701 4831698.737834535
2257 3416 645143.3470944297 4831698.083959048
2318 3416 646363.7638643368 4831698.544261463
2379 3416 647583.6496320018 4831697.802697389
2440 3416 648803.5397595267 4831697.778229071
2562 3416 651242.9394246431 4831697.032796961
2623 3416 652462.3850294609 4831697.789748533
2684 3416 653682.8532552634 4831698.547660777
2745 3416 654903.1747350971 4831697.700317748
2806 3416 656123.153540007 4831697.723581699
2867 3416 657343.8330333369 4831697.417275676
2989 3416 659782.9023471592 4831697.0631789975
3050 3416 661003.227967213 4831697.75916667
3660 3416 673203.7069113565 4831697.52013361
244 3477 604884.010326803 4830476.976250452
305 3477 606104.0376589986 4830477.03829739
1159 3477 623185.3153543853 4830477.794549154
1281 3477 625623.3982700474 4830478.50716301
1342 3477 626843.6857597212 4830478.343381906
1952 3477 639043.0623270517 4830478.014089247
2013 3477 640263.2213222913 4830477.856877838
2074 3477 641483.3703756401 4830478.385662371
2135 3477 642703.2724055533 4830478.412057148
2196 3477 643923.4259688744 4830478.234486494
2257 3477 645143.6802383619 4830477.69717201
2318 3477 646363.8563333541 4830478.558579057
2379 3477 647583.9726525476 4830477.499674523
2440 3477 648803.8220022453 4830478.067481925
2501 3477 650023.2395048433 4830477.701733256
2562 3477 651242.8590033323 4830478.471087488
2623 3477 652462.9470339725 4830477.740541656
2684 3477 653683.0888937056 4830478.257914674
2745 3477 654902.702315457 4830477.999621315
2989 3477 659783.7230312467 4830477.478059492
3660 3477 673203.8961712535 4830477.475408073
244 3538 604883.9600590637 4829256.758191456
305 3538 606104.0727669398 4829258.009608331
366 3538 607322.8462029828 4829256.996938976
915 3538 618303.9670160112 4829256.017422033
1281 3538 625623.5245317859 4829258.753699863
1403 3538 628064.0051847553 4829256.190079911
1769 3538 635382.2823074751 4829257.665518251
1952 3538 639042.4148738788 4829257.553324539
2013 3538 640263.2363295263 4829258.502235086
2074 3538 641483.3061722158 4829258.448768716
2196 3538 643923.1200587286 4829258.196862243
2257 3538 645144.3748116553 4829257.949402496
2440 3538 648804.2368026465 4829256.9643193
2501 3538 650024.4083371519 4829256.781777101
2562 3538 651243.984699827 4829256.261322986
2623 3538 652462.8262216444 4829257.466887607
2745 3538 654902.3606933198 4829257.838487943
3538 3538 670763.2677643611 4829257.595321526
3599 3538 671983.615808502 4829257.381201319
366 3599 607322.5759323173 4828039.302917712
1098 3599 621962.6720650455 4828039.287696999
1403 3599 628063.8280350731 4828038.1417791275
1464 3599 629283.8349474266 4828037.957041188
2013 3599 640263.723199482 4828037.823897862
2074 3599 641484.4742026788 4828038.142904254
2135 3599 642704.20926565 4828037.452536267
2318 3599 646364.2055909473 4828037.385346641
2440 3599 648803.9268538686 4828037.567850168
2623 3599 652463.4510003577 4828037.992681128
2928 3599 658562.020445193 4828038.138127303
3477 3599 669542.9666892466 4828036.976251665
3721 3599 674422.9474745926 4828037.383701044
3782 3599 675643.4338153601 4828036.736107765
366 3660 607323.4909155704 4826817.337007267
427 3660 608543.5606788525 4826818.088437399
732 3660 614643.1617965014 4826817.734236448
976 3660 619524.1277962285 4826818.223888629
1098 3660 621962.9066898031 4826818.081792303
1952 3660 639042.9868407928 4826818.876442724
2013 3660 640264.4476428137 4826817.810409443
2074 3660 641483.7141875019 4826817.339291238
2135 3660 642703.8502933008 4826818.066489075
2196 3660 643923.7801171715 4826816.896480554
2257 3660 645143.2691679304 4826816.997002245
2318 3660 646363.5521606981 4826817.2108413465
2379 3660 647583.8772377023 4826817.391002617
2440 3660 648803.3812413078 4826816.541410052
2501 3660 650023.2019633228 4826817.177176438
2745 3660 654902.5625890606 4826817.318817548
2806 3660 656122.764305585 4826817.059713575
3660 3660 673202.7308971214 4826817.737570621
3782 3660 675643.5972746299 4826816.886388735
915 3721 618303.4064654794 4825597.12073859
976 3721 619523.6049184478 4825597.863546261
1464 3721 629283.1615885195 4825597.671045345
1525 3721 630503.2008024787 4825597.854448236
1891 3721 637822.1512405523 4825598.968901835
2013 3721 640262.5818908776 4825599.061619411
2074 3721 641483.6442578591 4825598.1082536625
2257 3721 645144.0635158629 4825597.212141943
2318 3721 646363.706075132 4825597.646071082
2379 3721 647582.8146843947 4825597.962086558
2684 3721 653683.094805956 4825597.270966578
2745 3721 654902.736571984 4825596.95148513
2806 3721 656122.9335799669 4825596.904555367
2928 3721 658562.4725443843 4825597.441800097
3233 3721 664663.6246283073 4825597.117770096
3416 3721 668323.4396796327 4825598.156345453
3477 3721 669543.9991863497 4825597.692152006
3538 3721 670763.5897831225 4825597.805657653
3599 3721 671983.4828791162 4825596.6442213515
305 3782 606103.22443168 4824377.508147615
366 3782 607324.4225442106 4824378.036145308
854 3782 617083.3281542428 4824377.787693583
915 3782 618303.6940074547 4824378.574620822
976 3782 619523.5775658427 4824377.668198532
1952 3782 639043.1006934345 4824378.244073839
2013 3782 640263.7087148265 4824377.965318997
2318 3782 646363.9423090763 4824378.23873447
2379 3782 647583.9154899041 4824377.613116694
2440 3782 648802.964724303 4824376.734898946
2501 3782 650023.0150143573 4824376.916756458
2562 3782 651242.6863858415 4824377.47587891
2684 3782 653682.5394402728 4824377.129360805
2867 3782 657342.5803109325 4824377.767682362
2928 3782 658563.3435478451 4824377.161143306
3111 3782 662223.6642408924 4824378.340524816
3416 3782 668323.2868496542 4824377.631570761
3538 3782 670764.2143518352 4824377.566604618
3599 3782 671983.7802635698 4824377.11585665
3660 3782 673203.8616700761 4824376.997722886
3721 3782 674423.752541791 4824377.081524143
366 3843 607323.1974865572 4823157.393207099
793 3843 615863.5028350136 4823158.166801744
915 3843 618304.0311704837 4823158.119611896
1464 3843 629282.8759592958 4823158.105425429
1525 3843 630502.6146355178 4823158.532644996
2074 3843 641483.2993295963 4823157.537183114
2379 3843 647584.3402334722 4823156.81693674
2501 3843 650022.0441085163 4823157.568652555
2562 3843 651243.5828464649 4823156.644758816
2623 3843 652462.4999329133 4823156.346045993
2684 3843 653682.5483075178 4823157.23568663
2928 3843 658563.4199577597 4823157.947545355
2989 3843 659783.566810107 4823157.84404452
3050 3843 661003.4516859894 4823157.65102011
3111 3843 662223.197953329 4823157.806973711
3294 3843 665881.9200649719 4823157.521487835
3355 3843 667103.6761813817 4823157.348782978
3416 3843 668323.3331763787 4823157.594237408
3477 3843 669543.8249389603 4823157.094418165
3538 3843 670762.1690208422 4823157.38178316
3660 3843 673204.2684224317 4823156.578145601
3721 3843 674423.1596965864 4823157.408086341
366 3904 607322.9639936498 4821937.49699908
915 3904 618303.4019395502 4821938.525301915
1769 3904 635383.6121996986 4821938.616961678
2318 3904 646363.9462349524 4821937.0847804
2379 3904 647583.1257622589 4821937.178106082
2501 3904 650023.7278175631 4821936.9112947015
2623 3904 652463.7057620337 4821936.912837201
2806 3904 656123.3181565156 4821936.544662071
2928 3904 658562.7404796742 4821937.868205101
2989 3904 659783.6432631998 4821938.487414364
3050 3904 661003.8716119644 4821937.906852578
3111 3904 662223.8469661629 4821937.704990577
3172 3904 663443.8536421703 4821936.842738996
3233 3904 664664.6207884442 4821937.364488968
3294 3904 665883.235956911 4821938.086183978
3416 3904 668322.799117034 4821938.151769886
3538 3904 670764.2731171012 4821937.70306875
3599 3904 671984.512830543 4821936.733552253
3660 3904 673203.5529947177 4821936.773458629
3965 3904 679303.8983860485 4821936.400838408
549 3965 610983.0061402998 4820718.58808778
1830 3965 636602.2342124197 4820718.026869143
2318 3965 646362.715860196 4820717.162493382
2379 3965 647582.7881163057 4820718.102121993
2562 3965 651242.922875878 4820717.205373053
2684 3965 653682.5480207553 4820717.651907182
2745 3965 654902.6351071206 4820718.358943688
2806 3965 656122.6088212635 4820718.202874308
2867 3965 657342.4710360076 4820718.065741596
2928 3965 658562.3366762177 4820718.22463316
2989 3965 659782.6178351827 4820718.427031625
3050 3965 661002.8566315139 4820717.659832413
3172 3965 663443.5356052448 4820717.282281962
3233 3965 664662.8078366999 4820717.544907706
3294 3965 665882.9837419697 4820717.888384408
3355 3965 667102.8897367903 4820717.95535003
3477 3965 669543.4183257982 4820717.512032967
3538 3965 670763.3621184545 4820718.079422636
3599 3965 671983.471833993 4820717.85014983
3660 3965 673203.8030203361 4820717.46171896
3904 3965 678083.8813260148 4820716.168040605
854 4026 617083.6780040597 4819498.980778553
1220 4026 624403.3735715243 4819498.829167872
2379 4026 647582.6731919607 4819497.173458108
2440 4026 648802.4642966458 4819497.373873448
2501 4026 650022.0445007249 4819497.722873179
2684 4026 653682.1144461228 4819497.950913056
2745 4026 654902.4975347272 4819497.993577029
2928 4026 658562.9059168374 4819498.012592168
3172 4026 663443.0955284457 4819497.658022847
3233 4026 664663.0692216981 4819497.488044601
3294 4026 665883.0926451222 4819497.331948392
3416 4026 668323.0773763113 4819497.733113267
3477 4026 669542.8306183825 4819498.020636257
3721 4026 674424.7716165023 4819497.17072141
3782 4026 675643.9839414475 4819497.382309236
3843 4026 676863.3232770993 4819498.027443197
366 4087 607323.5718275484 4818276.755811486
976 4087 619523.3345367817 4818278.696174731
1220 4087 624402.6140459508 4818279.117779514
1830 4087 636603.450463764 4818278.2273016665
1891 4087 637822.7163117125 4818277.953598672
1952 4087 639043.3684104265 4818276.13172875
2013 4087 640263.0984782712 4818277.819674919
2196 4087 643922.7758983301 4818277.399487332
2379 4087 647582.7607731803 4818277.861634788
2440 4087 648801.8995295342 4818278.1289053615
2623 4087 652462.3485987218 4818277.506100572
2684 4087 653682.6654336266 4818277.580054006
2806 4087 656121.8767820947 4818278.621769577
2867 4087 657343.2077329971 4818278.632163675
2928 4087 658562.7664724846 4818278.379837419
3233 4087 664661.8917386859 4818277.65397169
3294 4087 665882.7291340748 4818278.890298955
3355 4087 667103.3459666242 4818277.272294226
3416 4087 668322.6641112643 4818277.801789087
3721 4087 674423.82384732 4818277.005243263
366 4148 607323.4785729087 4817058.394373802
427 4148 608543.2342506079 4817058.433088727
1525 4148 630503.006602179 4817057.964270734
1586 4148 631722.7492877421 4817058.015723262
2196 4148 643922.7708450046 4817057.85081986
2501 4148 650022.5496876502 4817058.625225019
2562 4148 651242.5036440417 4817058.188668039
2623 4148 652462.7822656694 4817057.759823502
2867 4148 657343.2687659418 4817058.163177017
3172 4148 663442.7279100588 4817057.404474957
3294 4148 665883.5880619332 4817057.434876548
3416 4148 668323.298234195 4817057.916615518
3477 4148 669543.8740570261 4817057.303263175
3721 4148 674423.0432217992 4817058.219115161
3904 4148 678082.1144291203 4817058.736544067
3965 4148 679304.2547521631 4817056.215125858
4026 4148 680524.2744740837 4817057.639773867
488 4209 609761.6453474116 4815838.104778501
793 4209 615861.7712183272 4815837.960570738
1037 4209 620742.7791049823 4815838.2683297815
1098 4209 621962.1142927931 4815838.128968207
2013 4209 640262.3998326734 4815837.550106695
2135 4209 642703.099787606 4815836.901779612
2196 4209 643922.0981779163 4815837.72900012
2257 4209 645143.0195284366 4815837.398437363
2318 4209 646363.0722466288 4815836.488625112
2562 4209 651242.5531587199 4815837.840581768
2623 4209 652462.8571926181 4815838.278957659
2684 4209 653683.0036985758 4815838.74316113
2745 4209 654903.2400271216 4815838.182176627
2867 4209 657343.3187162917 4815837.297032938
2989 4209 659784.0896110272 4815837.2684008535
3233 4209 664663.531430758 4815837.325559261
3294 4209 665883.1113960136 4815837.121107649
3355 4209 667103.4493835355 4815837.385581397
3477 4209 669544.2634315108 4815836.407333348
3660 4209 673203.3013315259 4815838.571498874
3721 4209 674424.1666709203 4815837.189527514
427 4270 608543.9662299011 4814618.040141056
488 4270 609763.5009739607 4814618.040746016
976 4270 619521.9887906053 4814618.522636874
1037 4270 620741.9878052649 4814618.552472026
2013 4270 640262.8398990436 4814617.367139263
2135 4270 642703.0793506233 4814617.042562561
2196 4270 643923.0441933412 4814618.206385496
2318 4270 646363.7382587853 4814617.179391266
2379 4270 647583.5552784593 4814617.947527578
2623 4270 652462.5962070064 4814618.065935889
2684 4270 653682.1632818107 4814617.916727449
2745 4270 654902.8009161564 4814618.38646437
2867 4270 657343.4998332238 4814618.1545564355
2928 4270 658563.4560382846 4814617.912875144
3172 4270 663443.8133916745 4814617.517924577
3233 4270 664664.0912687609 4814617.122206735
3416 4270 668323.3343079115 4814616.387814137
3477 4270 669543.8378999447 4814616.789280933
3599 4270 671983.8828663268 4814616.394589801
3660 4270 673204.771028157 4814616.193010336
2013 4331 640263.4243477121 4813396.828085959
2074 4331 641482.9176601308 4813397.145691999
2135 4331 642703.3090049083 4813397.5938516045
2196 4331 643922.514836331 4813397.290427116
2257 4331 645142.91312364 4813397.806714303
2501 4331 650023.6793522678 4813397.677621446
2562 4331 651243.0833563961 4813398.012560697
2623 4331 652463.1517033796 4813397.649776955
2684 4331 653683.1985401624 4813397.835076223
2745 4331 654902.4489161804 4813398.407589456
2806 4331 656122.0395513207 4813398.519943735
2867 4331 657342.4899654248 4813398.411053432
2928 4331 658562.3931795274 4813398.468514434
3172 4331 663443.2169054503 4813398.298041485
3233 4331 664663.4895032654 4813397.9085213
3416 4331 668323.8355749173 4813396.948519727
3477 4331 669544.0124729481 4813396.07584138
3660 4331 673203.5501266827 4813396.661815355
3721 4331 674423.1900591144 4813397.161277732
915 4392 618302.4067013817 4812178.525863755
1342 4392 626843.3312301709 4812178.543331664
1586 4392 631723.6888802185 4812177.5076030865
1952 4392 639042.957397669 4812177.931772982
2074 4392 641482.3659955179 4812177.399821271
2135 4392 642702.70554929 4812178.339850158
2196 4392 643923.1611213036 4812178.346753186
2318 4392 646362.3368557994 4812178.136041926
2379 4392 647582.6227589123 4812178.635182748
2440 4392 648802.3651684703 4812178.101686241
2562 4392 651242.5156335923 4812178.592452502
2623 4392 652462.4565972756 4812178.079113678
2684 4392 653683.028777313 4812178.074220641
2745 4392 654902.2037281975 4812177.997433491
2806 4392 656122.1952429226 4812177.474343265
2867 4392 657343.24446938 4812177.9396221815
2928 4392 658562.927116838 4812178.033264733
3050 4392 661002.804811465 4812177.964287887
3172 4392 663444.055884469 4812177.292681859
3294 4392 665884.4334410653 4812176.6012503905
3355 4392 667103.5417897359 4812177.885284489
3416 4392 668324.2724377378 4812176.5529048545
3538 4392 670764.0345023092 4812177.421233327
3599 4392 671983.8852266246 4812177.050910392
3721 4392 674422.829941906 4812177.106844293
1342 4453 626842.5507766189 4810958.264800911
1952 4453 639043.4484799353 4810957.947265532
2013 4453 640263.1878957724 4810957.859970822
2135 4453 642703.169952689 4810958.19011214
2196 4453 643922.7830067328 4810958.411804061
2257 4453 645142.3561701886 4810957.590695788
2318 4453 646362.0801095952 4810958.395478006
2379 4453 647582.4815416312 4810958.627914844
2440 4453 648802.5334105977 4810958.5935634095
2501 4453 650022.6272766431 4810957.79848377
2562 4453 651242.1373434021 4810958.720204934
2684 4453 653683.5329214408 4810957.726933697
2806 4453 656122.8284244625 4810957.880829228
2867 4453 657343.4939662422 4810957.336217808
2928 4453 658563.1501582135 4810957.696641988
3050 4453 661002.626334296 4810958.176962535
3111 4453 662222.7873959861 4810957.853866375
3172 4453 663443.1900221796 4810958.134003851
3294 4453 665884.0830320073 4810957.264276962
3416 4453 668324.0222476332 4810957.019147949
3477 4453 669544.0306019435 4810956.017174291
3538 4453 670764.1792734016 4810956.524978896
3599 4453 671983.3001832265 4810956.383913908
3721 4453 674423.1739684853 4810956.515402909
3782 4453 675643.2624069202 4810956.587778973
3843 4453 676863.2432292441 4810956.914879969
854 4514 617082.6583661832 4809738.742076653
915 4514 618303.0143282781 4809738.7318716
1586 4514 631723.4693311802 4809737.580460414
1952 4514 639042.4961687117 4809738.069535171
2013 4514 640263.4742203846 4809738.153923134
2257 4514 645142.369893968 4809737.606635104
2318 4514 646362.2890722164 4809739.2444802895
2379 4514 647582.1244057635 4809737.186422734
2562 4514 651243.496739988 4809737.603740786
2684 4514 653683.2801203774 4809738.164161624
2806 4514 656123.7041689816 4809737.581959088
2867 4514 657343.0622288659 4809737.57764923
2928 4514 658562.8367320913 4809737.887740222
2989 4514 659783.1862107102 4809737.413090328
3050 4514 661003.3617810927 4809737.136426976
3111 4514 662222.7241623773 4809737.619999897
3172 4514 663442.3661471923 4809738.77006159
3294 4514 665883.5337325744 4809737.08082224
3355 4514 667104.1184825018 4809737.233126483
3416 4514 668324.3747194868 4809736.686775782
3477 4514 669544.0644830875 4809736.545216831
3721 4514 674421.8208303242 4809738.000094206
3782 4514 675643.2733445487 4809736.760269833
3843 4514 676863.1712846636 4809737.504668638
854 4575 617082.9183733289 4808518.523689604
915 4575 618303.3034357924 4808518.437702477
1464 4575 629283.672330384 4808518.531485239
1952 4575 639043.0654212811 4808517.834579419
2013 4575 640263.4199588906 4808518.304329461
2318 4575 646363.3102513945 4808518.475500288
2379 4575 647582.5476315394 4808517.324019001
2623 4575 652463.1517103234 4808518.018735878
2684 4575 653683.279287334 4808517.4923298815
2745 4575 654903.5859512995 4808516.504829428
2806 4575 656123.2380506431 4808517.146384711
2867 4575 657343.0248222095 4808516.826446447
2928 4575 658564.0280272771 4808516.443639788
2989 4575 659783.5715006765 4808516.75003298
3050 4575 661002.379094663 4808517.996915455
3172 4575 663443.5428601702 4808517.13990259
3233 4575 664663.6564132887 4808517.238404732
3355 4575 667103.9919638475 4808517.845474336
3477 4575 669543.8451980961 4808516.88444276
3538 4575 670763.6682313781 4808517.871074707
3782 4575 675644.0503987654 4808518.539202146
3843 4575 676863.1345950103 4808516.86425069
854 4636 617082.9766718867 4807298.171326542
915 4636 618303.5215970966 4807298.275059729
1403 4636 628063.0776260073 4807298.287063779
1830 4636 636602.9491299319 4807298.598445221
1891 4636 637823.4504167741 4807298.108749449
2013 4636 640263.425698606 4807298.2380401725
2074 4636 641483.2118433319 4807297.993176287
2135 4636 642703.9900613712 4807298.209594478
2379 4636 647583.5932211725 4807296.521188886
2562 4636 651243.0950746363 4807297.239002063
2623 4636 652462.8400257096 4807297.660950783
2745 4636 654903.644437316 4807297.93804214
2928 4636 658563.0450808527 4807297.02984407
3111 4636 662224.2576594265 4807297.061512897
3233 4636 664663.7954280471 4807297.647284343
3355 4636 667103.6532679959 4807296.4550309265
3416 4636 668324.0845859287 4807296.343129454
3538 4636 670763.7822199463 4807297.648284012
3599 4636 671983.7170342144 4807296.759418137
3721 4636 674424.0534232582 4807297.504610251
1830 4697 636603.6172025574 4806077.989980976
1891 4697 637823.5688035252 4806078.308523037
1952 4697 639043.5353505986 4806078.61691853
2074 4697 641484.1416464967 4806078.315568801
2135 4697 642703.4794875279 4806076.976290288
2196 4697 643923.295347988 4806077.127671121
2379 4697 647584.3049304434 4806077.397532864
2440 4697 648804.3819172817 4806077.042736403
2501 4697 650023.8586619677 4806076.7625652
2562 4697 651243.272429079 4806077.078338791
2623 4697 652462.8922287946 4806077.677260492
2745 4697 654902.096774321 4806077.942291674
2928 4697 658562.6528203664 4806077.682613059
3050 4697 661002.6657232727 4806077.5100854365
3111 4697 662223.6022863464 4806076.693342366
3172 4697 663443.629046926 4806077.686499178
3233 4697 664663.4184057345 4806077.330401479
3294 4697 665883.7787553611 4806077.319569385
3416 4697 668324.2556706606 4806076.466992554
3477 4697 669543.6306110861 4806076.9119369285
3538 4697 670763.6292004414 4806076.589688596
3599 4697 671983.4681953428 4806077.163402567
3660 4697 673202.8885733809 4806077.003850747
3721 4697 674423.5676087566 4806077.138306093
915 4758 618303.3635303064 4804857.413765028
1342 4758 626843.4400730189 4804858.370587375
1586 4758 631723.6017506013 4804857.319697445
1647 4758 632942.5437167576 4804858.041649119
1708 4758 634162.5168965564 4804857.439548629
1769 4758 635383.3373203346 4804857.820916209
1830 4758 636603.7638646631 4804857.666628648
1891 4758 637823.4646177784 4804857.433756105
2013 4758 640263.7663372372 4804857.828574789
2074 4758 641483.1857632353 4804858.337091569
2135 4758 642703.0583495641 4804858.326274072
2196 4758 643923.1710749158 4804858.204062702
2379 4758 647583.9509400787 4804857.0400997205
2440 4758 648802.6070497156 4804857.254645003
2501 4758 650023.2446709729 4804857.040975918
2684 4758 653682.9692861112 4804857.068065817
2745 4758 654902.3955889207 4804858.155414035
2867 4758 657343.0024001198 4804857.262926107
2928 4758 658561.8559075752 4804857.334971126
2989 4758 659782.9835106847 4804856.888775772
3050 4758 661003.236625047 4804856.743842613
3111 4758 662223.5015903229 4804856.412794904
3294 4758 665883.1559952557 4804856.574331792
3355 4758 667103.5212193007 4804856.846597459
3416 4758 668323.4334310225 4804856.847491397
3477 4758 669543.3806210168 4804857.241862027
3538 4758 670764.2022020188 4804856.480554317
3721 4758 674423.2335410663 4804856.390418511
3782 4758 675642.6421210029 4804856.745295267
4148 4758 682962.310627099 4804856.960120541
1586 4819 631723.3328247538 4803638.187491723
1647 4819 632942.2866641848 4803638.247092649
1708 4819 634163.287064418 4803637.954620405
1769 4819 635383.3286299536 4803638.151255995
1830 4819 636603.1773062341 4803638.3047023425
1891 4819 637823.49367135 4803637.4923775615
2013 4819 640263.4071121302 4803638.210966387
2074 4819 641483.1687664095 4803638.141185016
2135 4819 642702.6382267516 4803638.344892414
2379 4819 647583.069004881 4803637.475547824
2562 4819 651242.5618080328 4803637.623660785
2684 4819 653682.4803204992 4803638.156628889
2745 4819 654901.8823125941 4803638.150398658
2806 4819 656122.9866893502 4803637.861472633
2867 4819 657342.6465705541 4803637.956868539
2928 4819 658562.8425350059 4803637.8641314795
3050 4819 661003.9998070202 4803636.728763953
3172 4819 663443.6524477878 4803636.713011349
3233 4819 664663.1859929762 4803637.052809817
3294 4819 665882.7108129907 4803637.690411311
3416 4819 668322.5286142937 4803637.113544382
3477 4819 669542.9398758896 4803637.018217464
3599 4819 671982.6174349089 4803637.606253426
3660 4819 673202.791148873 4803637.464534717
3721 4819 674422.6753994668 4803637.222533451
3965 4819 679301.7093719004 4803637.9165405305
4026 4819 680522.3616198982 4803635.897520308
4087 4819 681741.6745014611 4803636.985754182
4148 4819 682962.8946057736 4803637.760817255
915 4880 618302.7500304059 4802417.278903136
976 4880 619523.3606345905 4802417.58979714
1464 4880 629283.6846195974 4802416.694309536
1647 4880 632943.2062120367 4802418.806296428
1708 4880 634163.8802627344 4802418.199001879
1769 4880 635382.6352705404 4802417.927020084
1891 4880 637824.9697219965 4802417.131819912
1952 4880 639043.71982982 4802417.681271121
2013 4880 640262.9290652308 4802418.261063797
2074 4880 641482.8656673627 4802417.863476752
2135 4880 642702.8727092819 4802418.599142546
2745 4880 654903.1599839348 4802417.667638204
2806 4880 656123.2651093535 4802417.1668244535
2867 4880 657343.2157616736 4802418.02248215
2928 4880 658563.8759447489 4802417.388721479
2989 4880 659783.189366066 4802417.220229445
3050 4880 661003.6844317786 4802417.213927901
3111 4880 662223.3819365428 4802417.189839502
3172 4880 663443.968366051 4802416.841703086
3294 4880 665883.4303555057 4802416.7795922365
3355 4880 667103.4716799561 4802416.724978178
3416 4880 668322.1919827361 4802417.519147011
3477 4880 669542.7224255762 4802416.779496139
3538 4880 670762.7051224621 4802417.7089602025
3660 4880 673202.1499814801 4802417.037868281
3721 4880 674422.822747759 4802417.980214935
3782 4880 675642.1933344903 4802417.000291318
3904 4880 678082.2529561422 4802417.067697642
3965 4880 679301.9340828146 4802416.941532652
4026 4880 680522.0451805771 4802417.906343149
976 4941 619523.6935466395 4801199.004827818
1281 4941 625624.2492709087 4801197.10449009
1342 4941 626843.9948170257 4801197.157524882
1464 4941 629283.2005620115 4801197.286409164
1525 4941 630503.6620275303 4801198.0993206315
1586 4941 631723.9479480172 4801197.964018535
1708 4941 634162.9096131795 4801198.463448008
1769 4941 635382.8264480138 4801197.968249142
1830 4941 636603.5542555951 4801198.076933944
1891 4941 637822.5849773204 4801198.072607399
1952 4941 639043.5770258162 4801197.652316953
2013 4941 640263.7777140803 4801197.598508682
2074 4941 641483.2078909627 4801197.439674562
2135 4941 642703.327083275 4801197.5420239335
2318 4941 646362.6002099391 4801197.139348123
2806 4941 656123.8994961048 4801196.192178593
2867 4941 657343.4512187811 4801196.818382411
3050 4941 661002.9617417076 4801197.273994608
3111 4941 662222.6658989511 4801197.233155315
3172 4941 663442.659720549 4801197.015572087
3355 4941 667103.8748703167 4801196.646074453
3416 4941 668323.7141741351 4801196.760307212
3477 4941 669543.4186843244 4801196.739320978
3538 4941 670762.7662743627 4801196.934900537
3599 4941 671982.9904395518 4801196.917688313
3660 4941 673202.9356386228 4801197.805933572
3721 4941 674422.8590821316 4801197.386488604
3782 4941 675643.5197738259 4801197.777454913
3843 4941 676863.3673905765 4801196.970514071
3904 4941 678083.2243226166 4801196.619130388
4026 4941 680523.5676866305 4801197.251772105
915 5002 618303.165115607 4799977.477382888
1342 5002 626842.0696255642 4799978.632962484
1586 5002 631723.97614677 4799976.44576987
1647 5002 632943.0110219079 4799977.710316456
1769 5002 635383.6687943848 4799978.256238522
1891 5002 637823.5458033632 4799977.960827352
2196 5002 643923.2154425787 4799978.440356298
2257 5002 645142.8278637276 4799978.462790404
2318 5002 646362.2440655322 4799978.708345228
2745 5002 654903.5499586861 4799976.570612475
2806 5002 656124.0851296445 4799976.4442502195
2867 5002 657344.600303169 4799976.30076872
2928 5002 658563.5094081251 4799976.926065105
3050 5002 661002.7041396708 4799977.004282104
3111 5002 662222.9395995886 4799976.732397454
3172 5002 663441.8912335997 4799977.917833249
3233 5002 664662.7054288697 4799978.013538445
3294 5002 665882.6079702141 4799977.530655758
3355 5002 667103.0026046429 4799977.440566371
3416 5002 668323.3118833255 4799976.901374398
3477 5002 669543.492557116 4799977.895771679
3538 5002 670763.360638468 4799977.04000987
3599 5002 671983.5510807643 4799976.8242328875
3660 5002 673203.2311864096 4799977.287633794
3721 5002 674422.9948933488 4799976.304354598
3782 5002 675642.8009669787 4799976.568425884
3843 5002 676863.0102462005 4799977.38449737
3904 5002 678083.0026318114 4799976.557954672
3965 5002 679303.3918772069 4799977.221572532
4026 5002 680523.1678086465 4799976.92967182
4209 5002 684183.4503176404 4799977.500168255
4270 5002 685403.721107078 4799976.791529494
4392 5002 687844.9411604903 4799977.311236079
1403 5063 628063.3582868245 4798756.983928093
1586 5063 631724.0017744598 4798757.143940054
1708 5063 634163.536316519 4798758.644531954
2135 5063 642703.0617001832 4798758.025367458
2196 5063 643923.5275596777 4798758.026222988
2257 5063 645143.0698810819 4798757.58686969
2318 5063 646362.8891280877 4798758.4437242765
2623 5063 652463.7558580047 4798757.028386805
2745 5063 654903.6249674985 4798757.50482902
2806 5063 656123.2739995394 4798757.092820766
2867 5063 657343.4213844772 4798756.859260709
2989 5063 659784.262233746 4798756.425151262
3172 5063 663444.1353334114 4798757.241447457
3233 5063 664662.4655906983 4798757.049620743
3294 5063 665883.0179346683 4798756.842922767
3355 5063 667103.0457949647 4798757.356437457
3416 5063 668321.9962170281 4798757.981877471
3477 5063 669542.5889344707 4798757.95168114
3538 5063 670762.9951450049 4798757.430614965
3599 5063 671983.2417209893 4798757.283558386
3660 5063 673203.6435691682 4798756.875926758
3721 5063 674423.1507920851 4798756.053535818
3782 5063 675643.2057118979 4798755.964503775
3843 5063 676863.1151020578 4798757.438736114
3904 5063 678082.4770684202 4798757.677672186
3965 5063 679303.4242062249 4798757.824867499
4270 5063 685403.1294180818 4798757.490949576
4392 5063 687844.0056476428 4798757.488026866
4453 5063 689063.4760609542 4798757.042470056
1342 5124 626843.8151968115 4797535.946336041
1464 5124 629283.6813843058 4797537.250312049
1525 5124 630502.2078545458 4797538.019266004
1647 5124 632943.0724903957 4797537.832588994
1830 5124 636603.2747102781 4797538.1007504305
2196 5124 643922.9003568148 4797537.291456671
2379 5124 647582.9421328276 4797537.847200466
2562 5124 651243.1431689281 4797537.3860723125
2623 5124 652463.2636348122 4797537.501509704
2745 5124 654903.4293925748 4797537.366955565
2806 5124 656123.4875418984 4797537.343258642
2928 5124 658562.8454576428 4797537.64562729
2989 5124 659782.7497727582 4797536.423845434
3050 5124 661003.2805014723 4797537.104937775
3111 5124 662223.6135535163 4797536.725184226
3233 5124 664663.2854800893 4797536.941170249
3294 5124 665883.6917932432 4797536.966219587
3355 5124 667104.4478102234 4797536.611082204
3416 5124 668323.9259240115 4797536.416866673
3477 5124 669542.8010146149 4797537.309364339
3599 5124 671983.2284559741 4797537.324466669
3660 5124 673203.2713179206 4797537.190106308
3721 5124 674423.709562727 4797537.243600513
3782 5124 675643.3029789218 4797536.835176045
3843 5124 676863.5185101512 4797536.68146608
3904 5124 678083.0491557703 4797536.905575069
3965 5124 679302.1126000134 4797537.599231998
4026 5124 680522.1040926869 4797537.474442932
4087 5124 681743.1320659772 4797537.249361581
1403 5185 628063.284317194 4796316.292219012
1769 5185 635383.8505211147 4796318.0341788065
1830 5185 636604.0120425848 4796317.878006304
1891 5185 637823.6820164978 4796318.255246739
2074 5185 641483.4807783981 4796317.5392644415
2135 5185 642703.8852868084 4796318.011156062
2623 5185 652462.4403679112 4796317.901281218
2684 5185 653683.1499818959 4796317.377687216
2745 5185 654903.3773405524 4796317.228355573
2806 5185 656124.0275130289 4796317.425006339
2989 5185 659783.013747022 4796317.364623616
3111 5185 662222.7182713476 4796317.289621156
3172 5185 663443.4032046124 4796316.659948188
3233 5185 664662.7866519076 4796317.58683503
3355 5185 667103.3847892849 4796316.7767954245
3477 5185 669543.0168172952 4796316.958690499
3599 5185 671983.8515352336 4796316.354015251
3660 5185 673203.5915215736 4796316.4790747715
3721 5185 674423.03819319 4796318.058607785
3782 5185 675643.6355503439 4796316.963165081
3843 5185 676863.3006324245 4796316.845822451
3904 5185 678083.3464174625 4796317.347665547
3965 5185 679303.3512553603 4796317.438334812
4026 5185 680523.2570222584 4796317.420360397
4087 5185 681743.0129496416 4796317.228414693
1403 5246 628062.9711824495 4795097.980388963
1830 5246 636603.4346478097 4795098.027564855
1891 5246 637822.7930370779 4795097.928028894
2135 5246 642703.1241608739 4795097.576625795
2379 5246 647582.8891091765 4795098.708606683
2562 5246 651242.1888414299 4795098.574749964
2684 5246 653682.7274249981 4795097.590156301
2745 5246 654903.3796103699 4795097.28890155
2989 5246 659783.558128009 4795096.727182276
3050 5246 661003.3803335022 4795096.663969167
3172 5246 663442.9177602493 4795097.6431296775
3233 5246 664663.1668232047 4795097.103573956
3355 5246 667103.3598939193 4795096.955999377
3416 5246 668323.387350117 4795097.0076868385
3477 5246 669543.4079592016 4795097.063770998
3538 5246 670763.1263832375 4795096.991684026
3599 5246 671983.4230369879 4795097.459274061
3721 5246 674422.467294392 4795096.975089526
3904 5246 678083.6758723315 4795096.641502177
4087 5246 681743.5684544048 4795097.392360537
4270 5246 685403.9861210256 4795096.790694329
4392 5246 687843.8439938612 4795097.853388826
1342 5307 626843.6270564788 4793876.8532288335
1403 5307 628063.3390388073 4793877.49375066
1647 5307 632943.096318898 4793876.86306031
2074 5307 641482.5723098314 4793877.561430568
2135 5307 642702.3361308483 4793878.001662902
2440 5307 648803.1220805779 4793878.642967878
2684 5307 653683.3388214668 4793877.176281293
2745 5307 654903.1067966103 4793877.8678355375
2806 5307 656123.4435087406 4793877.228418124
2989 5307 659782.4220853139 4793877.297366172
3172 5307 663442.8167817416 4793876.0328820655
3233 5307 664662.7848772354 4793877.367087445
3416 5307 668323.5547399415 4793876.4020887185
3477 5307 669542.7547967673 4793876.879776216
3538 5307 670762.796939513 4793876.865480933
3599 5307 671983.1969229692 4793876.911986145
3660 5307 673202.9419010252 4793877.0448310375
3721 5307 674422.6333251944 4793877.138666957
1342 5368 626842.2279648513 4792657.654422013
1403 5368 628061.831717655 4792657.684929221
1525 5368 630503.7443116269 4792658.354954783
2074 5368 641483.1225506815 4792658.006537963
3294 5368 665882.6446592887 4792657.98251662
3416 5368 668322.4180875082 4792656.575936665
3477 5368 669542.8333406694 4792657.012330333
3538 5368 670763.6793798895 4792656.48614968
3660 5368 673203.3909761946 4792656.540593254
3721 5368 674422.8267220432 4792658.149002742
3782 5368 675644.1755720361 4792657.430788809
1342 5429 626843.0431051835 4791437.965189701
1403 5429 628063.5101511604 4791436.789270788
1525 5429 630503.0472685716 4791436.768694599
1586 5429 631723.2378101327 4791439.123226072
1708 5429 634162.8807278306 4791437.685226267
2013 5429 640262.4192116869 4791438.343421089
2867 5429 657342.2027972456 4791437.082835458
2928 5429 658562.9397571781 4791437.180383197
3172 5429 663442.8583187129 4791438.00613703
3294 5429 665882.7298396742 4791437.88296224
3355 5429 667102.685185044 4791438.29894424
3477 5429 669543.5883074335 4791437.135697106
3538 5429 670763.0206659402 4791437.0975601785
3599 5429 671983.1776874367 4791437.596514109
3660 5429 673202.1986809013 4791437.667761569
3721 5429 674422.9286678252 4791437.911614874
1769 5490 635384.2741847824 4790216.35669223
1891 5490 637822.6771165733 4790218.480730545
2013 5490 640262.3408693033 4790219.111679886
3233 5490 664662.8141951443 4790217.029287639
3355 5490 667102.4970762971 4790218.343867516
3416 5490 668322.5635709672 4790217.554861222
3599 5490 671983.0481114761 4790218.3293795595
3721 5490 674423.4237845092 4790217.784901118
