2501 3538 350022.6651296058 4229272.99451377
2562 3538 351242.5117607379 4229272.236180773
2623 3538 352461.65199855505 4229273.20997989
1708 3599 334162.1515259663 4228052.1435027225
2318 3599 346362.195795807 4228052.831168804
2684 3599 353681.43519922264 4228053.27257091
2806 3599 356122.1478164698 4228052.69922619
61 3660 301222.766004069 4226832.0241327975
122 3660 302441.06964884826 4226829.198782225
1708 3660 334162.02189102984 4226832.48787256
1769 3660 335383.0661850805 4226831.909255191
1891 3660 337821.8388194773 4226832.942663372
2379 3660 347582.4744677383 4226832.651424564
2501 3660 350022.2756012911 4226832.914516452
2562 3660 351242.2489744102 4226832.144966851
2684 3660 353681.96120891767 4226833.217483678
61 3721 301222.53670556744 4225610.934126967
122 3721 302443.30310073076 4225612.314649698
183 3721 303662.2632274296 4225611.972215737
1647 3721 332942.42917072785 4225612.150515714
1708 3721 334159.1591620449 4225611.730486514
1830 3721 336602.80443032715 4225612.555640371
1891 3721 337822.21702571196 4225612.681385679
1952 3721 339042.5861080776 4225613.18237592
2074 3721 341482.275191353 4225612.124525937
2135 3721 342702.8158387938 4225612.778802029
2196 3721 343921.65480015776 4225611.402893962
2440 3721 348803.59273259906 4225612.703697356
2501 3721 350022.0943475146 4225611.836449734
122 3782 302442.2718456264 4224388.180965308
183 3782 303662.9808094918 4224392.339496904
1586 3782 331721.8127706294 4224392.127830981
1647 3782 332942.2113424082 4224392.340699818
1708 3782 334162.45331774914 4224391.956711575
1830 3782 336603.40901438484 4224392.46340412
1891 3782 337822.5765247009 4224391.527079084
2013 3782 340261.91733433935 4224392.29595725
2074 3782 341481.9547063968 4224392.621901386
2257 3782 345142.2913645513 4224392.5211839145
2501 3782 350021.4753379557 4224392.93064198
2623 3782 352462.7908406984 4224392.80946146
2745 3782 354901.58994238236 4224393.167211715
122 3843 302442.30076289485 4223171.065606671
1525 3843 330502.2219833486 4223172.212395662
1586 3843 331721.71056342183 4223171.94248487
1708 3843 334163.46693966794 4223172.494701732
1769 3843 335383.53517249296 4223171.975265761
1891 3843 337822.8412241365 4223172.565418979
1952 3843 339042.26578460704 4223172.335355364
2013 3843 340262.783265527 4223172.61184014
2135 3843 342702.4932084265 4223172.423654972
2196 3843 343922.63536936877 4223173.108052044
2501 3843 350023.77199968253 4223171.536398545
2562 3843 351242.07373064995 4223171.999728686
2684 3843 353681.83347137546 4223175.115216556
61 3904 301222.0838875507 4221952.874064502
122 3904 302443.2888776572 4221951.889676906
244 3904 304881.4137772002 4221948.18571549
1525 3904 330501.82283589814 4221952.469688742
1708 3904 334162.0964399117 4221951.59903673
1769 3904 335381.48117258307 4221952.418801421
1830 3904 336602.43434209365 4221952.659130107
1891 3904 337823.6873425114 4221952.311177864
1952 3904 339041.63527668297 4221952.7660547495
2013 3904 340261.53797726013 4221952.658717844
2074 3904 341482.4076856284 4221953.1976550445
2135 3904 342702.9405407632 4221952.421634809
2196 3904 343923.04576813336 4221951.828566421
2440 3904 348802.5919609908 4221952.674601685
61 3965 301221.88689334673 4220728.362782581
183 3965 303661.5377683536 4220731.672925626
1586 3965 331722.05769722146 4220732.229882922
1647 3965 332941.75665002223 4220731.777354659
1708 3965 334163.2090190035 4220732.578395306
1769 3965 335382.24803469353 4220732.214993964
1830 3965 336602.7265203136 4220732.274250278
1891 3965 337822.4302943647 4220733.151097073
1952 3965 339042.34981695877 4220731.805746174
2013 3965 340262.82674739615 4220732.154522206
2074 3965 341483.29120210145 4220732.870131201
2135 3965 342701.4471986444 4220732.868943947
2440 3965 348802.82194619783 4220732.600686901
2623 3965 352461.82340822474 4220732.690697025
61 4026 301222.3351049354 4219511.228989919
122 4026 302441.9895317794 4219511.812234825
305 4026 306103.720257004 4219512.14369453
1586 4026 331722.598133728 4219511.987764555
1708 4026 334161.45545241697 4219511.9788604295
1769 4026 335382.9276466964 4219513.152560915
1830 4026 336601.80983374163 4219512.555841052
2440 4026 348802.0887392122 4219512.357344163
2501 4026 350023.33285428665 4219512.204436088
2562 4026 351242.7089610187 4219512.359992334
2623 4026 352459.51307453733 4219513.339262881
2806 4026 356122.2994085363 4219512.623641264
122 4087 302442.6459692203 4218292.491695937
183 4087 303662.367592672 4218291.160078531
1586 4087 331722.2164860104 4218292.228202646
1647 4087 332943.18262546527 4218293.026610777
1708 4087 334162.3393658979 4218292.121695293
1769 4087 335381.95670708193 4218292.066795712
2440 4087 348802.9760636775 4218293.529417009
2501 4087 350024.4490380557 4218292.880165211
2562 4087 351242.3245018693 4218293.828091209
61 4148 301223.0441316353 4217071.804671362
183 4148 303661.5100610837 4217071.821781118
366 4148 307322.7543401267 4217071.803924708
1586 4148 331722.50812343863 4217071.336640395
1647 4148 332942.29121194634 4217072.4161828365
1708 4148 334162.90853885567 4217071.070045828
1769 4148 335381.71386975894 4217071.81405434
2379 4148 347582.6104471535 4217072.23009723
2440 4148 348803.5510156786 4217071.886712453
2501 4148 350022.5788395304 4217073.274884536
2562 4148 351242.82781515917 4217071.993018347
2623 4148 352462.45701378956 4217072.507121122
2684 4148 353681.63041762466 4217072.513781054
61 4209 301221.9736717002 4215851.707253782
122 4209 302440.87818597804 4215851.9002665095
366 4209 307322.5425534737 4215851.40309582
427 4209 308542.4772808302 4215852.751604973
1525 4209 330501.1102430241 4215852.555512376
1586 4209 331721.4794353359 4215851.991522488
1647 4209 332941.7853113054 4215851.70391486
1708 4209 334162.43702520436 4215851.492521162
1952 4209 339042.24831559754 4215852.315743352
2318 4209 346362.6107944371 4215851.723716946
2379 4209 347582.3098069297 4215852.905299389
2440 4209 348802.1909188949 4215853.77001689
2562 4209 351242.13063234574 4215853.00217451
2623 4209 352461.5157968796 4215852.843459797
2684 4209 353682.210447159 4215852.292807483
2745 4209 354902.34005119104 4215852.680830346
2806 4209 356122.8510714014 4215852.767299704
2867 4209 357342.224334044 4215852.144269853
2928 4209 358562.50326269167 4215852.994687439
2989 4209 359781.63873450534 4215852.45812923
3050 4209 361001.7661113953 4215852.624078071
0 4270 300001.54573073535 4214632.09855585
122 4270 302442.17381473264 4214631.698767379
183 4270 303662.3951561319 4214632.415530991
244 4270 304881.6853836317 4214628.681308611
366 4270 307323.3185470195 4214631.841613689
427 4270 308541.3047139978 4214631.4005886745
488 4270 309762.1769990046 4214631.395812155
1403 4270 328061.552620182 4214632.304863674
1525 4270 330502.0553031711 4214631.919333451
1586 4270 331721.4652570453 4214631.627152544
1647 4270 332942.691786283 4214631.762052978
1708 4270 334162.79355781147 4214633.0683146715
1769 4270 335381.7011203666 4214632.710060172
1830 4270 336603.13962887315 4214632.6333533935
1891 4270 337821.9641278669 4214633.07936341
2013 4270 340263.02121688536 4214632.987865026
2074 4270 341482.7111020728 4214632.475294056
2318 4270 346363.29862882156 4214632.026661408
2379 4270 347583.22902484407 4214631.64450444
2440 4270 348802.6851832825 4214633.170697653
2501 4270 350022.30563006684 4214633.098758138
2562 4270 351241.56978826167 4214633.151185691
2623 4270 352462.6455296937 4214633.206528288
2684 4270 353682.61641601514 4214631.896469606
2745 4270 354903.2996212589 4214631.7993665375
2867 4270 357343.92824159295 4214634.95470393
2989 4270 359781.9869032066 4214632.756895345
3050 4270 361002.6889186877 4214632.703092397
122 4331 302442.6060062698 4213411.326274722
183 4331 303662.1637600698 4213412.73749293
244 4331 304882.32046749594 4213412.0278965
366 4331 307322.43104257574 4213411.392552935
488 4331 309761.87680702296 4213411.860086907
549 4331 310981.86816054204 4213410.569181364
1342 4331 326841.6888536903 4213412.505412792
1525 4331 330501.8613535329 4213411.947716978
1586 4331 331721.5648175738 4213411.53953497
1647 4331 332938.90790898434 4213413.032426412
1708 4331 334162.1171084576 4213412.303355409
1769 4331 335382.5068355155 4213412.7644103635
1830 4331 336602.9008101144 4213411.740408084
1891 4331 337823.4483745884 4213411.383258141
1952 4331 339042.27308928163 4213413.296734691
2013 4331 340262.59275879955 4213412.749890325
2135 4331 342702.37611375796 4213412.473775147
2257 4331 345140.6188286531 4213412.1050491575
2318 4331 346361.4366474977 4213412.63241196
2379 4331 347583.19780111604 4213412.834015052
2440 4331 348803.06727257895 4213411.78051178
2501 4331 350024.20839446265 4213413.514608566
2562 4331 351242.75054573844 4213413.33564056
2623 4331 352462.9600704784 4213412.509941604
2684 4331 353682.8125787908 4213412.003061731
2745 4331 354901.8713749255 4213411.11824601
2806 4331 356122.74831669644 4213411.64703249
2928 4331 358562.6368752141 4213412.9013791755
122 4392 302441.94037323346 4212191.335523071
366 4392 307321.59201968485 4212191.833014371
427 4392 308541.5205137874 4212192.289228658
488 4392 309762.386176458 4212191.542488659
610 4392 312202.703200912 4212190.711477536
1159 4392 323182.61418625497 4212191.595103169
1220 4392 324402.1908462487 4212192.031121216
1281 4392 325621.6737193931 4212191.663175324
1342 4392 326842.527823884 4212192.6430672575
1403 4392 328062.4377536046 4212191.51804055
1464 4392 329282.85319915105 4212192.29600039
1525 4392 330502.0095896196 4212192.184562959
1647 4392 332941.47729198355 4212190.914527285
1708 4392 334162.5816324798 4212192.020251743
1830 4392 336602.4851874188 4212192.135835902
1891 4392 337822.0507296677 4212193.150276707
1952 4392 339043.2978473307 4212192.094527723
2013 4392 340262.8464804069 4212192.14751196
2074 4392 341482.0498457056 4212192.806038433
2135 4392 342702.91228868376 4212192.40360361
2196 4392 343922.6826185851 4212192.395165274
2257 4392 345142.8796039715 4212192.813693102
2318 4392 346362.8162361653 4212192.303615465
2379 4392 347582.54941189976 4212192.882141133
2440 4392 348802.8140756605 4212192.924727635
2501 4392 350022.7183335336 4212191.929277212
2562 4392 351241.8590203265 4212192.740831763
2623 4392 352463.5970881457 4212192.153069083
2745 4392 354903.2604589825 4212191.80452595
2806 4392 356122.56972116814 4212192.54305445
2867 4392 357343.0173285196 4212191.904762318
2928 4392 358562.33008427714 4212193.046265603
2989 4392 359783.00326970726 4212193.007153823
183 4453 303661.4229366677 4210972.638821648
305 4453 306102.1460040429 4210972.092778302
366 4453 307321.6159378451 4210971.388903008
427 4453 308543.22044161457 4210971.3359665675
610 4453 312202.5932126893 4210971.100061368
671 4453 313422.7543065047 4210971.80762015
976 4453 319522.5393222003 4210971.954329945
1037 4453 320741.50328211556 4210972.441266191
1098 4453 321962.6667822416 4210971.9035607735
1159 4453 323182.20485078887 4210972.192388623
1281 4453 325622.09013657167 4210971.516470434
1464 4453 329281.75896683946 4210971.982452804
1525 4453 330502.67286654195 4210972.777032957
1586 4453 331722.53314031847 4210971.783805534
1708 4453 334161.70346861903 4210971.564824785
1769 4453 335382.4522604819 4210972.153546641
1891 4453 337823.03452741716 4210971.670893411
1952 4453 339042.7001655226 4210972.409778372
2013 4453 340262.29714508774 4210973.046177387
2074 4453 341482.93198523496 4210971.995307909
2135 4453 342702.9926300549 4210972.500232715
2196 4453 343922.69370171917 4210972.598221038
2257 4453 345143.18980323756 4210971.831799216
2318 4453 346362.234565321 4210972.119249853
2379 4453 347582.4680405866 4210972.065007804
2440 4453 348802.2750278436 4210971.976414276
2562 4453 351241.59078797686 4210972.047933993
2623 4453 352463.5853312638 4210972.37006998
2684 4453 353682.2092509816 4210971.341000187
2867 4453 357342.40052709286 4210972.59909972
2928 4453 358561.85786095256 4210971.7483235225
2989 4453 359783.66834994603 4210972.159888003
183 4514 303662.2660114855 4209750.854219418
244 4514 304882.3036676113 4209749.263376442
366 4514 307323.37354778463 4209750.947188987
427 4514 308541.62430803454 4209752.13256773
488 4514 309762.99497191893 4209751.537937014
793 4514 315861.4495859613 4209751.351639035
854 4514 317081.6388189617 4209752.284037823
915 4514 318301.949845572 4209752.675066405
976 4514 319522.09433150315 4209752.667485544
1037 4514 320741.7726528449 4209751.647607575
1098 4514 321962.28369373427 4209751.917156731
1159 4514 323182.2487632799 4209753.425718632
1281 4514 325621.6485576332 4209751.783958873
1342 4514 326841.6829151889 4209751.836269838
1403 4514 328061.3251649062 4209751.97398521
1525 4514 330501.6783902249 4209752.854154103
1708 4514 334162.1826178731 4209751.692419166
1769 4514 335383.22179821215 4209751.924976359
1830 4514 336603.45929662534 4209752.111797074
1891 4514 337822.486771092 4209751.6645024875
1952 4514 339042.8925428197 4209752.796940178
2074 4514 341482.58002718695 4209752.417553211
2135 4514 342702.62160991976 4209751.7926899865
2196 4514 343922.78858131747 4209752.229316525
2257 4514 345143.3597960195 4209752.466860791
2318 4514 346361.95213847817 4209751.989740037
2440 4514 348802.4738827857 4209752.773093098
2501 4514 350021.722784492 4209752.796927783
2562 4514 351242.0990152284 4209752.407697636
2623 4514 352461.7588888141 4209752.465466269
2928 4514 358561.73496895604 4209752.559096593
183 4575 303662.66636568116 4208532.251848127
244 4575 304881.98464359646 4208530.419143163
427 4575 308542.1046068547 4208531.229577469
488 4575 309763.3883105795 4208531.869217045
549 4575 310981.9224434427 4208532.03598028
671 4575 313422.01064489473 4208531.442347391
732 4575 314642.3647634791 4208532.068163732
793 4575 315861.7937118719 4208531.993102176
854 4575 317081.7917060524 4208532.41957804
915 4575 318302.16565081093 4208531.777346095
1037 4575 320741.78308517113 4208531.395506917
1220 4575 324402.54193321196 4208532.416444033
1281 4575 325622.890097268 4208531.567581828
1342 4575 326842.4545111704 4208532.3985675275
1464 4575 329282.56137100613 4208532.2520329775
1525 4575 330501.5217377505 4208532.541281401
1586 4575 331722.6000137364 4208531.23185128
1647 4575 332942.907879554 4208532.337933843
1769 4575 335382.13440055394 4208532.608579369
1952 4575 339042.24676334497 4208531.917405853
2135 4575 342703.3088888502 4208532.147727774
2196 4575 343918.72561478673 4208532.924255409
2257 4575 345142.5830428107 4208532.3510821555
2318 4575 346362.5482972883 4208532.372604424
2440 4575 348801.83896753966 4208532.979421122
2501 4575 350022.9701520042 4208532.198554183
2562 4575 351241.8837927032 4208532.33548741
183 4636 303661.4290504298 4207312.005517194
366 4636 307321.5575650444 4207311.7709659925
488 4636 309761.59636362694 4207311.952252681
549 4636 310982.2499898779 4207312.13144754
610 4636 312202.0274348006 4207311.21709317
671 4636 313418.45611812506 4207311.823687159
732 4636 314641.4590689391 4207311.71802123
793 4636 315862.65973931376 4207313.174866094
915 4636 318302.03207896225 4207311.196242745
1037 4636 320741.19817037595 4207311.964497487
1281 4636 325621.49515756965 4207311.729376955
1342 4636 326842.0956102425 4207312.17201521
1464 4636 329281.68071710883 4207311.6699417345
1830 4636 336602.596571635 4207313.008394816
1891 4636 337822.682482339 4207312.793505417
1952 4636 339041.6701978867 4207312.832741323
2013 4636 340263.07652253285 4207313.4454913335
2074 4636 341481.7773273585 4207312.695192422
2196 4636 343923.01727282064 4207312.414527708
2440 4636 348803.1112345721 4207312.87863149
366 4697 307322.1092585485 4206091.61275219
549 4697 310978.45849172823 4206091.769428445
610 4697 312202.4376562097 4206090.924170442
671 4697 313422.3399493477 4206092.535776739
793 4697 315861.72587562486 4206093.145680459
854 4697 317081.2136813653 4206090.63338717
915 4697 318302.17739049153 4206093.06155472
1037 4697 320741.9334259492 4206092.2016738085
1098 4697 321961.8388735677 4206093.15522859
1281 4697 325621.8663640862 4206092.063471362
1342 4697 326842.0797986198 4206090.964712285
1403 4697 328062.1987233833 4206091.735783344
1464 4697 329281.15310726094 4206092.52891652
1525 4697 330501.7246336284 4206092.114198038
1769 4697 335383.7342269401 4206092.824591267
1830 4697 336603.01197547885 4206093.250151393
2196 4697 343922.26692011463 4206092.6998967985
2257 4697 345142.25686390954 4206092.753457651
2928 4697 358560.44134613534 4206092.039542325
366 4758 307319.59782345267 4204871.36025005
549 4758 310981.2427333651 4204871.184584167
671 4758 313421.31411768333 4204871.869226492
732 4758 314640.16906354664 4204871.17982214
1098 4758 321962.47684585996 4204872.586883291
1342 4758 326842.37954059977 4204871.642195577
1403 4758 328061.66538020165 4204871.860541057
1891 4758 337822.41891302366 4204872.798053996
2135 4758 342701.83398459514 4204871.821017635
183 4819 303661.82842728164 4203651.746763663
427 4819 308540.67666000774 4203649.255461443
671 4819 313421.7629325003 4203652.413545221
793 4819 315861.7191190517 4203651.822859302
976 4819 319521.31049375766 4203651.941698267
1037 4819 320742.8626653542 4203651.456799625
1098 4819 321962.09880765167 4203651.7379767895
1159 4819 323178.70052513544 4203652.279466906
1220 4819 324402.406710289 4203651.420054545
1281 4819 325622.94607340114 4203652.891031202
1464 4819 329282.18307806575 4203651.8378405
1525 4819 330501.2447451816 4203651.357093629
1647 4819 332942.88870032807 4203651.5808373215
1769 4819 335378.2208023126 4203652.2283899365
1830 4819 336602.7053244366 4203652.664503425
2013 4819 340262.5363159184 4203651.8463421995
2257 4819 345141.1811964298 4203653.680577015
2806 4819 356118.7243135305 4203653.787500621
549 4880 310982.82753438805 4202432.641041926
610 4880 312201.9062129482 4202431.750836558
671 4880 313422.0834533002 4202432.121397571
732 4880 314643.14525548206 4202432.086840835
976 4880 319523.1354163705 4202431.389674532
1037 4880 320741.71205042704 4202431.5129927695
1098 4880 321962.88853831956 4202432.140612477
1159 4880 323182.8071521586 4202431.850566716
1220 4880 324401.079200421 4202431.93620865
1647 4880 332943.14170060836 4202433.799045407
1708 4880 334163.27496733255 4202433.523463994
1830 4880 336602.52659884933 4202432.275543303
1952 4880 339041.86692000413 4202433.1876414735
2013 4880 340261.7974832541 4202432.486333745
2501 4880 350021.1556128473 4202432.941179516
427 4941 308541.23023942846 4201212.675338291
488 4941 309762.5543692658 4201211.602585377
549 4941 310980.4911730216 4201210.845816943
610 4941 312198.78372743377 4201211.603706417
732 4941 314641.0551825865 4201212.823013876
854 4941 317082.2477160426 4201210.943207645
976 4941 319521.6091135955 4201211.764339672
1098 4941 321963.13155605644 4201211.986722105
1159 4941 323182.14491345134 4201212.819407064
1220 4941 324398.35811522056 4201212.047375633
1342 4941 326841.89318977215 4201212.352254416
1464 4941 329283.68007862085 4201211.634237818
1586 4941 331723.2286534479 4201211.921079809
1647 4941 332941.86869792495 4201212.751885583
1708 4941 334161.8116358155 4201212.395761996
1891 4941 337822.3398289381 4201212.477748089
1952 4941 339041.5750303095 4201213.196705834
488 5002 309758.2150551517 4199991.846162599
549 5002 310982.0937002957 4199990.332668271
610 5002 312201.30663508445 4199992.422002745
732 5002 314642.3917802986 4199992.5285722995
793 5002 315863.2515138967 4199991.746113872
1098 5002 321958.5565109094 4199991.543543954
1159 5002 323181.1800800409 4199992.14926104
1220 5002 324401.6326315335 4199991.218204354
1342 5002 326841.60938367096 4199991.364767474
1464 5002 329282.8485006804 4199991.357193597
1525 5002 330503.1647252579 4199994.0271042595
1769 5002 335382.8878218831 4199993.043942205
2318 5002 346363.56650466507 4199992.278259177
61 5063 301221.19422026095 4198771.343917127
488 5063 309761.54033757566 4198771.922152373
549 5063 310982.2908287827 4198772.918667591
610 5063 312201.7751815239 4198771.96586005
671 5063 313421.3348381687 4198772.370244019
732 5063 314641.430068898 4198771.91803571
854 5063 317082.81802620535 4198773.172377897
1281 5063 325622.43834922265 4198772.539365312
2196 5063 343922.7851603445 4198773.316038384
122 5124 302442.0776521297 4197551.062412205
366 5124 307321.73216333106 4197552.1067833435
427 5124 308541.9729093723 4197551.76132678
488 5124 309761.29244298796 4197551.483950263
610 5124 312202.0843303258 4197552.726192429
671 5124 313418.3172544432 4197552.222297316
1220 5124 324402.33164522605 4197552.337138604
1342 5124 326843.0375121924 4197552.3235202385
1403 5124 328062.2343329315 4197552.882368057
1525 5124 330503.5016099183 4197551.468175507
1586 5124 331722.7061584643 4197552.03411068
1647 5124 332942.909610577 4197553.499213824
2806 5124 356122.2339387497 4197553.826975193
61 5185 301222.1962503265 4196332.192263776
549 5185 310981.8962953636 4196331.855667601
671 5185 313421.4006948233 4196331.554761777
915 5185 318303.44112734694 4196332.421368412
1403 5185 328062.59225413733 4196330.929651431
1525 5185 330503.7568620096 4196332.207597854
1586 5185 331722.1420399438 4196332.2881793585
1708 5185 334162.7514815008 4196332.621510029
1769 5185 335378.38086438883 4196333.163644753
1952 5185 339041.4586522318 4196332.141686009
2074 5185 341481.95066663425 4196332.466170115
2623 5185 352462.5841098088 4196331.005830759
2684 5185 353681.96411011013 4196331.459176672
122 5246 302437.9159542075 4195111.267298639
183 5246 303661.7875435714 4195112.362833007
427 5246 308541.32744406734 4195111.891101313
488 5246 309762.15226874413 4195108.517178619
549 5246 310982.80073738465 4195112.765536358
610 5246 312201.51799920446 4195112.709023908
671 5246 313421.78825133306 4195112.40637281
854 5246 317079.1593924832 4195111.839357413
976 5246 319522.662977956 4195111.985138864
1220 5246 324403.29687719775 4195112.24279789
1464 5246 329282.06530838617 4195112.854170038
1647 5246 332941.91778184194 4195112.148593384
1830 5246 336601.1503030608 4195111.184882749
1952 5246 339042.4730422681 4195113.23521116
122 5307 302442.7101441673 4193891.16170845
183 5307 303662.10221149115 4193891.6652259957
488 5307 309760.7318675958 4193891.4153890917
549 5307 310981.94471117726 4193891.361688343
610 5307 312201.83208195015 4193891.521029027
1708 5307 334162.72541156213 4193891.8050622884
2745 5307 354902.80132112146 4193893.3663795404
61 5368 301218.5087788799 4192670.758261961
183 5368 303661.54624900984 4192670.9596595997
549 5368 310981.3924994868 4192671.510812345
671 5368 313422.53681112 4192672.510993815
793 5368 315862.6164104905 4192671.721155268
1037 5368 320741.74694772344 4192669.662157542
1159 5368 323182.09199870244 4192671.1240883293
2257 5368 345141.65506566793 4192672.8789928863
2623 5368 352462.2029346303 4192672.0062069474
2745 5368 354902.7513539982 4192672.5429743845
183 5429 303658.3364402225 4191452.220780392
549 5429 310981.6656385237 4191453.145303134
671 5429 313421.1574683092 4191451.9256759156
732 5429 314641.65830042993 4191452.733775406
976 5429 319522.23593802535 4191452.0808317764
1647 5429 332941.2983639887 4191452.182134578
1769 5429 335382.0137703415 4191452.182459782
2074 5429 341482.9709246732 4191451.909224595
2623 5429 352462.0005313686 4191455.7805946004
2684 5429 353681.56275004585 4191452.9255483514
