671 3599 413383.9216737165 4728019.374922464
305 3660 406066.9568457372 4726803.455138793
549 3721 410944.9716913226 4725578.054615323
793 3721 415827.22078966483 4725578.765348661
915 3721 418267.3854742663 4725582.782927572
610 3782 412166.8113393719 4724358.328075284
732 3782 414606.39967594965 4724362.908555769
793 3782 415824.8762443982 4724358.843749984
854 3782 417047.52123705804 4724361.980377296
427 3843 408507.15130998153 4723143.111573039
793 3843 415826.9241240186 4723142.916806892
305 3904 406066.2496282526 4721917.719299043
427 3904 408504.8977211275 4721918.961834607
488 3904 409723.71486979706 4721919.08622812
549 3904 410944.22582417005 4721924.522350832
61 3965 401187.22852360964 4720697.330834094
427 3965 408506.7045935267 4720701.008684552
671 3965 413384.9535424125 4720701.941908278
366 4026 407284.99792535993 4719482.067831707
793 4026 415824.5193205063 4719481.030826885
1037 4087 420706.600276263 4718262.718060327
1098 4087 421926.18064833124 4718263.437175593
61 4148 401186.1179149281 4717042.755425928
427 4148 408502.41625666776 4717043.01144873
1159 4270 423148.18091931497 4714602.008738434
671 4331 413386.8855150944 4713378.186353254
793 4331 415824.8419714881 4713379.359679996
1037 4331 420707.11095971626 4713381.494938781
793 4392 415822.7220253834 4712158.890887546
854 4392 417044.9953652107 4712161.395391474
1098 4392 421926.47098241374 4712163.534895584
1342 4392 426806.72613740567 4712162.5651357705
244 4453 404848.0886985049 4710941.741572686
854 4453 417042.37457006954 4710942.972538937
915 4453 418265.41041299887 4710942.558329737
976 4453 419484.4550449297 4710941.973152913
1220 4453 424368.1294244461 4710939.87599392
1281 4453 425587.79505108035 4710937.259657606
1220 4514 424367.1712591072 4709722.75868829
610 4636 412163.09110886557 4707283.552919799
1159 4636 423147.33570920915 4707281.46471962
915 4697 418266.465791952 4706062.777291244
1342 4697 426807.38550007605 4706061.198942523
610 4758 412164.3373285149 4704838.941555913
1220 4758 424367.2869481731 4704837.138757383
1281 4819 425583.88184733747 4703617.517779099
1403 4819 428026.5051321782 4703618.166342981
1525 4819 430463.52760797285 4703623.0259439275
122 4880 402404.3466767648 4702397.632324198
610 4880 412164.6801828967 4702401.106472163
1037 4880 420708.014333568 4702396.884278107
427 4941 408504.86609883996 4701178.05597564
1159 4941 423144.92494894704 4701178.302245062
488 5002 409720.68088282004 4699959.874321859
854 5002 417047.1312913498 4699963.120001594
1281 5002 425580.8240937843 4699961.3253561715
1342 5002 426805.6450790254 4699963.556985191
366 5063 407284.4742709965 4698738.570120896
976 5063 419487.7380496128 4698742.354270404
1647 5063 432901.68945591786 4698736.811309304
427 5124 408504.8734812168 4697520.393385748
732 5124 414600.3502835686 4697520.210574514
793 5124 415826.43843281694 4697522.604052431
854 5124 417047.09499819676 4697522.154923766
1159 5124 423144.92355924536 4697520.217262484
1464 5124 429247.58940202656 4697518.440488177
1586 5124 431683.8168006088 4697522.943199728
671 5185 413388.1510245855 4696298.002784767
732 5246 414606.87666256505 4695081.566032741
1403 5246 428024.93930785655 4695081.843534247
1891 5246 437787.4659994782 4695081.983471105
2135 5246 442666.9330057476 4695082.723410663
244 5307 404845.9338768923 4693863.14006512
305 5307 406067.2745526933 4693862.264329946
793 5307 415824.91973062744 4693857.538868355
976 5307 419486.1106858789 4693856.350317702
1037 5307 420706.933173397 4693862.091412161
1098 5307 421926.4584915052 4693861.512666277
1403 5307 428024.8107638132 4693855.47693646
1525 5307 430462.3201903291 4693858.1226659585
2135 5307 442664.7054717397 4693862.1357459
671 5368 413384.9999123858 4692637.089876512
732 5368 414606.89759605145 4692639.515999449
1891 5368 437784.0615896923 4692642.001206402
61 5429 401184.0905487405 4691422.384532797
183 5429 403626.3241532289 4691418.64543427
854 5429 417044.3328702449 4691416.676536838
1525 5429 430466.73147249606 4691422.880723853
2440 5490 448762.99467335705 4690198.009443384
