2318 0 423136.66083592287 4700023.470893648
3416 0 434117.88937688054 4700022.559933727
366 122 403616.318661617 4698800.563051296
488 122 404837.5911441697 4698801.25594451
1098 122 410937.56046731747 4698800.566536144
1342 122 413375.05598796427 4698798.121280301
2196 122 421917.05184554606 4698801.841736896
2806 122 428016.34747667017 4698802.370269465
3416 122 434117.5310760147 4698802.8475441355
3660 122 436557.8234004378 4698802.421460107
3782 122 437777.4247905252 4698802.3927174695
488 244 404836.0899375644 4697578.198936473
1464 244 414599.5327379492 4697580.298155359
1830 244 418256.87765690434 4697578.507693762
3050 244 430456.9851733117 4697578.551578445
3782 244 437778.0320408006 4697581.818738983
488 366 404837.75784139964 4696362.204206212
610 366 406056.4164867177 4696358.850586577
732 366 407275.45542094164 4696357.263485411
1342 366 413376.2200652542 4696356.301904164
1586 366 415815.44888759474 4696363.286830352
2074 366 420696.13368940115 4696362.387979732
3294 366 432897.9504520878 4696358.286735891
244 488 402395.84229831176 4695138.328881022
366 488 403616.04436751985 4695138.206141223
488 488 404836.6098582399 4695142.195676084
732 488 407276.91805782844 4695141.2690310655
1220 488 412155.72877163265 4695137.347738967
1586 488 415817.9644620624 4695143.168143902
1952 488 419478.0038881435 4695142.156815755
3294 488 432897.15012441546 4695143.192783616
3660 488 436561.60868887685 4695142.222304974
244 610 402397.0695433318 4693921.411114742
366 610 403616.3615527415 4693919.144033376
488 610 404833.749989735 4693918.819976817
732 610 407274.5741017288 4693917.1413297765
854 610 408496.65988298034 4693920.58087795
1220 610 412156.44058337185 4693922.338677342
2074 610 420695.8577850428 4693921.963698117
3294 610 432897.2798972493 4693923.009750722
3416 610 434117.8812591315 4693921.881458831
3660 610 436556.8914199731 4693924.418402691
4514 610 445100.16485132324 4693922.902813713
366 732 403617.8730169374 4692698.342591826
488 732 404836.288702398 4692699.467887257
610 732 406054.7386944613 4692698.961407079
732 732 407278.9669460551 4692700.985834929
3172 732 431678.01676248206 4692702.597136686
3294 732 432898.0281869086 4692706.5478416085
3538 732 435338.0267835547 4692701.829315516
366 854 403613.0868313058 4691477.705044956
488 854 404836.1583081079 4691478.9660731815
854 854 408495.9916471339 4691478.000459393
2562 854 425575.95166225685 4691482.016443527
3172 854 431678.25154222734 4691479.193539245
4392 854 443882.33449879714 4691483.155594817
4514 854 445102.8675840468 4691484.7127441075
366 976 403613.83030066744 4690259.004743011
488 976 404833.2632029016 4690259.2527490435
610 976 406055.297481157 4690259.495746349
732 976 407275.6203923725 4690258.182665453
976 976 409717.81740895193 4690261.200946757
2318 976 423136.0538792015 4690262.992093258
3050 976 430458.7031934326 4690261.791631523
3538 976 435336.629323179 4690262.302649601
4758 976 447536.93577922886 4690264.17646069
366 1098 403615.1991404505 4689038.916611539
488 1098 404833.1689662761 4689039.388759691
1098 1098 410936.7243840638 4689041.015996274
2196 1098 421916.98977309716 4689042.984706598
2928 1098 429236.5895705447 4689043.440137917
3416 1098 434117.7273822478 4689042.293942178
3538 1098 435337.16693584673 4689042.728211578
3660 1098 436557.91319678666 4689041.517889539
4514 1098 445101.1049090217 4689044.22859504
4758 1098 447537.8373555942 4689043.694466643
5002 1098 449980.2532929854 4689047.541723512
366 1220 403617.39314319566 4687819.158704836
488 1220 404836.6636643835 4687818.278606674
2318 1220 423135.0836125733 4687823.331330643
2562 1220 425575.94687522284 4687824.667591883
3294 1220 432897.03318772494 4687823.185608162
3416 1220 434116.7532133023 4687822.18512521
3538 1220 435337.78228708566 4687822.233666813
4392 1220 443878.75421331584 4687823.483921849
4514 1220 445103.5600478709 4687824.814698098
5002 1220 449981.3910510665 4687826.984913794
488 1342 404836.5637265581 4686598.340591915
1342 1342 413373.6326185354 4686601.467676466
3416 1342 434116.5611476045 4686603.933564542
3904 1342 439000.77317595773 4686598.552934683
4026 1342 440218.1394424156 4686601.346385723
4392 1342 443877.7717825581 4686603.211373968
4758 1342 447538.4541185532 4686603.379913532
4880 1342 448757.3781514323 4686603.490809102
5124 1342 451196.44435302715 4686604.069075835
122 1464 401176.2119388893 4685379.26684664
488 1464 404835.0086566904 4685381.637843545
610 1464 406055.2678172009 4685380.708027919
2074 1464 420697.0322108012 4685378.675671455
2928 1464 429237.34986023814 4685382.9198967805
3904 1464 438996.99724166363 4685383.3770451145
4270 1464 442658.3757072086 4685383.150824304
4880 1464 448762.7909402776 4685386.566721408
366 1586 403616.12401407585 4684157.409500854
488 1586 404836.2462471088 4684158.276785171
732 1586 407274.089165712 4684158.960484981
1220 1586 412154.6097162744 4684162.976418169
2318 1586 423138.13832153723 4684165.472425951
2806 1586 428019.70172195585 4684162.522364839
3172 1586 431678.259834131 4684162.069571413
3294 1586 432898.5685303422 4684163.291080671
4514 1586 445097.8753694222 4684163.094841914
4636 1586 446317.4068778381 4684163.181483922
4758 1586 447538.9315507119 4684165.29053176
5002 1586 449976.5199677442 4684163.48965019
5246 1586 452415.6649355471 4684163.60183242
5368 1586 453636.1050349369 4684168.1225885125
244 1708 402395.36851397296 4682938.003016874
366 1708 403613.8397197053 4682941.18534717
488 1708 404836.1390762956 4682942.381389093
610 1708 406057.3192059396 4682942.058380832
976 1708 409716.0044113241 4682936.404432487
1098 1708 410936.1316971713 4682941.878271358
1464 1708 414596.10557909927 4682942.408205475
1708 1708 417037.25164870545 4682941.204359878
2196 1708 421916.38880720176 4682942.98330269
3660 1708 436556.58780932 4682943.306762292
3904 1708 438997.8996568369 4682942.393414226
5246 1708 452416.1809741916 4682947.7360831965
122 1830 401175.5623129347 4681721.56461594
1220 1830 412155.5751032742 4681720.9273914965
1708 1830 417036.5949938353 4681722.273528897
1830 1830 418256.87035659346 4681721.608135096
2074 1830 420697.2055591868 4681721.174907031
2806 1830 428017.7522462832 4681721.439344944
4148 1830 441439.03150137607 4681725.680158248
4392 1830 443878.01683196734 4681725.442563414
4636 1830 446317.36790965684 4681724.26821323
4758 1830 447542.1233641339 4681723.677439957
5612 1830 456081.1099402284 4681727.335884035
366 1952 403616.598599103 4680497.938344062
732 1952 407276.4109734042 4680501.06373086
1220 1952 412152.84339294245 4680499.608846723
1708 1952 417035.67409316025 4680502.150768897
1830 1952 418255.2438677108 4680502.938845458
1952 1952 419477.7724028318 4680499.111861275
2196 1952 421915.0742803249 4680500.358855302
3050 1952 430457.55795027013 4680502.7552963
3172 1952 431681.67476214067 4680502.748057433
3538 1952 435336.7748181161 4680503.042068993
4392 1952 443877.23540641327 4680505.188556612
4758 1952 447536.2914556398 4680504.699623504
5002 1952 449976.57727563666 4680506.842331011
5490 1952 454857.62820110016 4680506.787000381
732 2074 407274.05058497225 4679281.17765984
1342 2074 413377.78300348547 4679279.040952396
2440 2074 424361.6134103257 4679282.237200231
2562 2074 425576.77896123356 4679281.205547004
2806 2074 428018.90715358476 4679281.211564167
3050 2074 430456.6237871847 4679283.23906071
3294 2074 432901.28965017584 4679278.977814645
3660 2074 436561.1185032265 4679282.709001675
4270 2074 442658.9628786728 4679283.979563811
4636 2074 446323.96021303424 4679286.596949547
5246 2074 452418.02117578714 4679286.716102293
5368 2074 453637.8708655939 4679288.541840528
5490 2074 454857.74477901467 4679288.0124814715
5856 2074 458518.56901319284 4679287.335422866
122 2196 401177.25390040205 4678058.911170447
732 2196 407275.2404293673 4678061.103523072
976 2196 409715.93144234765 4678057.788980298
1342 2196 413374.89447382506 4678060.5575605985
1830 2196 418262.08164412685 4678062.081201375
2440 2196 424358.4476537888 4678062.6647802815
2562 2196 425581.7793066847 4678063.1961916275
2684 2196 426801.9904965518 4678058.985943227
2806 2196 428021.11154600384 4678059.180498473
2928 2196 429237.39512189897 4678062.493177517
3172 2196 431679.1679537392 4678062.848608255
3416 2196 434118.0324861545 4678061.861999156
3538 2196 435338.22575054376 4678062.937306081
4026 2196 440218.607845231 4678062.807779074
5002 2196 449978.12626346364 4678067.047870287
5246 2196 452415.83226511383 4678064.95957152
5612 2196 456077.450051857 4678067.370224389
5856 2196 458517.8309271928 4678067.308956715
122 2318 401175.442341102 4676842.690627102
610 2318 406056.2510630572 4676842.452490358
976 2318 409716.12453209684 4676841.562600468
1098 2318 410935.83593492943 4676842.300153756
1220 2318 412155.5954076022 4676842.172485503
1464 2318 414595.550464571 4676841.608089648
1708 2318 417036.90059741953 4676841.139529182
2196 2318 421917.6432415894 4676843.046165037
2318 2318 423136.4286100204 4676844.084968207
2440 2318 424358.79784543155 4676843.099599021
2684 2318 426797.6992025914 4676842.82248036
2806 2318 428017.7506087329 4676842.326268184
3294 2318 432897.1875150132 4676841.403640864
3782 2318 437778.2902576653 4676843.290303862
5002 2318 449978.09372563433 4676846.636334202
5246 2318 452418.188779771 4676847.21633239
5490 2318 454856.0241542996 4676846.23226742
5612 2318 456077.06022841774 4676846.961159874
122 2440 401176.1788664475 4675617.788860925
366 2440 403616.0774737436 4675621.16063327
488 2440 404836.0202157456 4675618.984838759
732 2440 407277.6207856601 4675622.361647923
854 2440 408496.2579521812 4675621.407187747
976 2440 409715.3174584087 4675617.789923984
1464 2440 414596.57704255526 4675621.803844166
1586 2440 415815.8317019595 4675621.920806755
1708 2440 417036.1994330369 4675621.8275482915
1830 2440 418255.8596279686 4675621.911622904
2074 2440 420695.6950234607 4675623.437673219
2196 2440 421917.68334176275 4675621.96536777
2440 2440 424357.4449327643 4675623.842100175
2562 2440 425578.8789462658 4675622.759256701
2806 2440 428018.0816899747 4675622.906491504
2928 2440 429238.71721642045 4675622.760040965
3294 2440 432901.58332899096 4675622.659764045
3416 2440 434117.1582740402 4675622.802415635
3538 2440 435336.9587800588 4675622.928438923
3660 2440 436560.983558213 4675623.413287954
3782 2440 437777.94448389026 4675623.008714392
5368 2440 453637.6777164861 4675627.011782323
366 2562 403617.86789499683 4674401.63205937
488 2562 404835.76736494136 4674398.909379265
610 2562 406055.96534559026 4674399.366334775
732 2562 407276.94197700184 4674401.431820498
854 2562 408495.95662401826 4674398.810842372
1098 2562 410933.08945791726 4674400.769774782
1464 2562 414596.14312552544 4674402.594474297
1708 2562 417036.91315900366 4674400.960896215
1830 2562 418257.4890427855 4674400.777821615
1952 2562 419476.273145346 4674402.215453748
2074 2562 420695.95822768094 4674403.30772218
2562 2562 425582.4550934496 4674402.158788279
2684 2562 426797.0288791468 4674402.055245747
3782 2562 437781.3390336313 4674402.991615792
4148 2562 441438.29717264377 4674403.564175999
4636 2562 446321.4983048976 4674403.495994395
4880 2562 448757.22762548993 4674405.777271183
5002 2562 449977.61909265176 4674407.742236349
5368 2562 453642.5665094416 4674407.218340209
6344 2562 463397.5166845512 4674406.404465045
122 2684 401176.63296955946 4673182.3349225195
244 2684 402395.168574601 4673181.892919988
366 2684 403616.6236403048 4673177.7374514835
488 2684 404836.7327291482 4673182.259867265
610 2684 406053.1943329811 4673181.8055457445
732 2684 407274.181803227 4673180.58092025
854 2684 408492.88721300726 4673177.929605801
1220 2684 412154.67420461966 4673176.989351038
1464 2684 414596.3017725571 4673181.252594111
1952 2684 419476.6414829121 4673178.983579329
2074 2684 420697.32486268174 4673182.069089355
2318 2684 423136.9809430575 4673183.799489802
3050 2684 430458.1246653303 4673183.28660504
3172 2684 431682.5575190071 4673183.126873384
3294 2684 432898.86797341454 4673183.119806178
3538 2684 435337.81742007594 4673182.663993977
3660 2684 436557.75324462104 4673184.374141673
4148 2684 441442.00838208356 4673182.788034364
5124 2684 451198.3160724951 4673187.967121834
5246 2684 452417.4302800897 4673187.161654289
5490 2684 454856.2137223126 4673186.1408710405
6100 2684 460955.2905516459 4673187.789358849
0 2806 399956.8886604284 4671957.335145455
122 2806 401176.86472332693 4671958.755549968
244 2806 402393.3775738919 4671961.523554715
610 2806 406057.7247906618 4671961.780933581
732 2806 407278.08423548477 4671961.506856956
854 2806 408501.77825727663 4671958.804339782
976 2806 409716.18846256007 4671958.1156007685
1098 2806 410935.6852895153 4671962.108658668
1342 2806 413375.5641979034 4671961.439086652
1464 2806 414596.72956061317 4671962.935516736
1830 2806 418256.9136151764 4671962.241375784
1952 2806 419476.6803695228 4671961.7626632415
2684 2806 426798.8056191166 4671957.426387667
2806 2806 428016.5485644367 4671963.765064632
3172 2806 431677.33443663194 4671963.094639468
3294 2806 432897.43633015576 4671962.088641397
3416 2806 434120.42214416544 4671963.808951597
3660 2806 436561.96613684273 4671962.390925326
4392 2806 443878.15762202785 4671963.54773701
4880 2806 448756.74139322294 4671966.819270909
0 2928 399956.1078128775 4670742.549466616
244 2928 402396.81466967973 4670737.863766478
366 2928 403613.3663971605 4670740.222447458
488 2928 404835.4221739819 4670741.351418695
732 2928 407276.6199053156 4670737.58852161
854 2928 408496.15917950514 4670738.521178609
1098 2928 410935.85864496505 4670742.522808653
1220 2928 412156.3724289967 4670741.691150101
1464 2928 414595.73599347967 4670742.217538579
1586 2928 415816.9902975717 4670742.526995488
1708 2928 417041.79333026806 4670739.581071004
1830 2928 418256.6587690381 4670742.327163394
3172 2928 431677.9327807905 4670743.762414811
3782 2928 437777.7090638095 4670743.3202627245
4758 2928 447536.58906448673 4670743.116203085
6222 2928 462176.64774259104 4670748.023635465
6466 2928 464621.9240429249 4670751.825706677
0 3050 399956.4299004385 4669519.04026612
122 3050 401175.95878179476 4669518.45494967
366 3050 403614.1128958193 4669521.775694609
488 3050 404833.7934885997 4669521.515147819
610 3050 406055.54670267703 4669518.486618735
854 3050 408499.00284713676 4669522.259200432
1098 3050 410936.4704823447 4669523.185235503
1220 3050 412156.741531573 4669522.137358114
1464 3050 414597.84750544396 4669521.083003894
1708 3050 417036.5974044729 4669521.188412844
1952 3050 419475.8875137143 4669522.479481367
2440 3050 424356.04713261744 4669523.837168506
2684 3050 426798.738687717 4669522.762426004
3172 3050 431676.940852369 4669523.212139581
3294 3050 432897.04816384544 4669523.0717830025
3416 3050 434119.35936671763 4669522.7992777815
3538 3050 435339.20153129974 4669523.370772594
3782 3050 437778.09868734016 4669522.961412585
6222 3050 462175.9783957972 4669527.801496622
6710 3050 467057.4379561446 4669531.397936836
122 3172 401174.1150959842 4668301.404275827
366 3172 403617.2755343883 4668298.425212094
488 3172 404833.73723718384 4668301.195255483
610 3172 406052.1982676878 4668299.454133728
854 3172 408495.77794048307 4668302.301570558
1098 3172 410936.2102088322 4668301.806614665
1220 3172 412155.322745081 4668303.286725947
1342 3172 413375.3374834241 4668302.429848175
1464 3172 414596.58295087743 4668301.344398203
1586 3172 415816.9314005096 4668301.922411422
1708 3172 417036.6294094404 4668302.086318065
1830 3172 418256.40589474095 4668301.860773238
2074 3172 420695.8329525282 4668302.281793901
2196 3172 421917.1712822147 4668303.184385907
2684 3172 426802.9710681737 4668302.649994387
3172 3172 431678.17562879034 4668303.290920988
3416 3172 434118.15872266795 4668303.111412093
3538 3172 435338.0121354964 4668304.306162903
4148 3172 441437.6151163248 4668302.220872861
6100 3172 460957.82572947483 4668308.498842785
6710 3172 467057.60158743896 4668311.811942256
7564 3172 475603.48521627893 4668311.26466752
122 3294 401175.302953388 4667081.920575266
366 3294 403616.6613967697 4667082.646236372
488 3294 404836.30745062925 4667080.857122273
610 3294 406052.66316066403 4667080.8566593025
732 3294 407276.23195591546 4667081.49737196
854 3294 408498.0034460844 4667079.520854138
1098 3294 410935.49714377266 4667082.276960953
1220 3294 412158.33165908325 4667081.991814687
1342 3294 413377.95745531894 4667079.389518456
1464 3294 414597.25836613134 4667081.179427206
1586 3294 415817.39064011874 4667079.34450236
1708 3294 417036.2646789781 4667082.872918841
1830 3294 418256.4844699063 4667083.0464948835
2074 3294 420698.4825951437 4667081.707557204
2196 3294 421918.40345975885 4667081.943387187
2318 3294 423136.80745270214 4667081.919578746
2440 3294 424357.02360510983 4667082.4225660805
3172 3294 431677.9876845513 4667081.443417513
3294 3294 432897.2226543668 4667083.756481082
3416 3294 434118.08681345003 4667082.957715171
3538 3294 435338.87243055046 4667083.379821779
6710 3294 467057.7397716821 4667088.033049468
122 3416 401175.6535331223 4665860.943278228
610 3416 406055.34025427676 4665863.018264837
732 3416 407275.66037386644 4665861.602327335
854 3416 408496.36589965376 4665861.873056658
976 3416 409713.73871884245 4665858.118507175
1220 3416 412157.0353393115 4665858.691385266
1342 3416 413377.3981145335 4665858.035571383
1586 3416 415815.972384564 4665862.828492826
1708 3416 417036.80861775664 4665861.764019486
2684 3416 426797.7716155676 4665862.198434922
2806 3416 428017.513894468 4665862.386691018
2928 3416 429238.3565551223 4665861.034157159
3050 3416 430458.6475468282 4665862.41832374
3294 3416 432901.50224970415 4665862.581479377
3416 3416 434118.7911861864 4665863.708953353
3538 3416 435341.5241200553 4665862.317602486
3660 3416 436559.51248534955 4665863.959814257
6344 3416 463397.9326414269 4665869.126718843
7198 3416 471942.03059365327 4665869.000302979
7442 3416 474380.9523879625 4665868.098014024
7564 3416 475601.4831523577 4665868.716371132
0 3538 399955.5867076073 4664641.345201577
122 3538 401173.2104853958 4664641.774413191
244 3538 402395.9105386069 4664641.254287303
366 3538 403616.76129689196 4664643.065165979
610 3538 406055.658213572 4664638.218256376
854 3538 408492.89904529974 4664641.9592520995
976 3538 409712.61783637694 4664641.463176838
1586 3538 415817.0968231659 4664641.967371755
1708 3538 417035.5639906317 4664642.355830238
1830 3538 418255.420620148 4664642.677020784
1952 3538 419475.74978289806 4664642.970076483
2196 3538 421919.1016055455 4664640.978217436
2440 3538 424357.1820525822 4664638.446677158
2562 3538 425576.7490271359 4664642.072451895
2928 3538 429238.026138532 4664642.118783684
3050 3538 430462.5129000177 4664642.794812443
3172 3538 431679.0393788007 4664642.0541500915
3294 3538 432898.265063573 4664642.582611541
3416 3538 434119.3261913637 4664642.5582055515
3538 3538 435338.7155764518 4664642.234076698
3782 3538 437779.50209161383 4664642.313508386
4148 3538 441438.77295376273 4664643.510735035
4270 3538 442658.7865534203 4664641.901782381
6222 3538 462183.1848781501 4664648.924059503
7198 3538 471941.2725442 4664652.134776567
7442 3538 474381.2527018523 4664651.467083644
0 3660 399956.3755118544 4663421.211263064
122 3660 401172.7968438688 4663421.375128297
244 3660 402395.4495775897 4663421.592101564
366 3660 403616.7904319109 4663420.82297155
854 3660 408495.73838521645 4663421.756922585
976 3660 409713.8787842666 4663421.850982275
1098 3660 410935.24757525267 4663422.667406085
1586 3660 415816.69749857427 4663422.16967064
1708 3660 417036.34414760245 4663423.3472363325
1830 3660 418256.2936656951 4663424.043308439
1952 3660 419476.49146492645 4663421.840359359
2074 3660 420699.3584244865 4663418.40404372
2318 3660 423137.97694153106 4663421.552915437
2562 3660 425581.4200305018 4663421.583607286
3050 3660 430458.3623150304 4663422.731436071
3172 3660 431679.0729596584 4663422.3628821075
3416 3660 434118.4764479943 4663423.590339066
3538 3660 435340.367315221 4663421.262381045
3660 3660 436558.5352394702 4663423.888326064
4026 3660 440218.0543974116 4663423.317418593
4514 3660 445101.3676184415 4663427.038716012
5246 3660 452417.37913403334 4663427.759355151
7320 3660 473162.3569222348 4663432.9078524355
7442 3660 474381.65044209216 4663427.6563907
7686 3660 476819.45039141446 4663427.427819804
244 3782 402395.35940817936 4662198.00120652
976 3782 409716.2683003955 4662202.279243322
1220 3782 412156.95536611264 4662202.118118772
1342 3782 413373.8117093655 4662202.636534365
1830 3782 418256.62919956434 4662202.208704487
2074 3782 420697.61935803894 4662203.065635805
3294 3782 432897.48065326054 4662202.489064459
3416 3782 434117.00438195566 4662203.587935716
3538 3782 435338.1609350855 4662202.669856917
3660 3782 436558.209627441 4662202.13186531
3904 3782 438997.45094515855 4662201.665194617
4758 3782 447537.61007767974 4662206.962589226
5002 3782 449977.7301233651 4662207.956219957
5124 3782 451197.9949653001 4662206.494999574
6588 3782 465837.9201140956 4662208.591657914
976 3904 409712.4747305037 4660979.7330205245
1220 3904 412157.08568274387 4660982.389545284
1464 3904 414597.6892565824 4660982.508058071
1708 3904 417036.84878403466 4660982.738854677
1830 3904 418256.3824181461 4660982.769619613
3050 3904 430458.1770740132 4660983.279244646
3172 3904 431677.2119334516 4660982.1512702005
3294 3904 432902.1542342219 4660982.530524133
3538 3904 435337.4109080741 4660983.829089217
3904 3904 439000.98540307157 4660983.80256913
4392 3904 443876.70701298205 4660984.31101729
4514 3904 445096.91559421696 4660984.62253471
6222 3904 462177.73805708066 4660988.136043296
7320 3904 473157.58922649856 4660991.635664279
7564 3904 475601.73302576516 4660991.509924433
122 4026 401175.359975169 4659761.852613638
854 4026 408497.5687797105 4659762.181919539
1220 4026 412155.91830499086 4659762.013666758
1464 4026 414596.5254904279 4659762.311937873
2806 4026 428016.92026998417 4659762.429802288
2928 4026 429235.6925189989 4659762.904542815
3050 4026 430456.98591820884 4659762.744859419
3172 4026 431676.285884245 4659763.31181719
3416 4026 434119.32433751266 4659762.680256566
3538 4026 435338.3036429428 4659763.278218139
3660 4026 436557.9335239439 4659763.258054325
4026 4026 440221.03825606586 4659766.364218812
4270 4026 442659.62942010036 4659765.280438943
4392 4026 443878.8969817819 4659763.256213848
4514 4026 445096.43770523154 4659764.04362948
4636 4026 446317.2201584558 4659765.939823019
4758 4026 447537.98711645405 4659766.825447237
4880 4026 448758.16438178346 4659766.742289598
5124 4026 451198.2931620935 4659766.699418201
5246 4026 452416.8096434724 4659766.360333776
7686 4026 476821.1961688142 4659768.219051878
122 4148 401175.96576663543 4658541.445231941
976 4148 409713.53645010013 4658538.622042566
1220 4148 412153.97848326 4658538.350204489
1342 4148 413375.1666186806 4658543.251603378
1464 4148 414595.1294408351 4658539.108047628
1586 4148 415816.2713132457 4658543.006314578
1708 4148 417036.2823485453 4658542.049571229
1830 4148 418256.6914606324 4658542.535368184
2318 4148 423136.9361153296 4658543.415709167
2928 4148 429238.12335576495 4658542.174044371
3050 4148 430458.3653201795 4658542.046527685
3172 4148 431682.1641323922 4658541.8346089395
3294 4148 432897.3513508742 4658543.0530135315
3416 4148 434116.75281297805 4658542.661015475
3538 4148 435337.1397097101 4658543.489075116
3660 4148 436557.9414789085 4658543.241568769
4636 4148 446317.43237513525 4658547.445035234
5856 4148 458522.83064160944 4658550.590087919
6710 4148 467056.64986977127 4658548.455565073
7320 4148 473162.2504863271 4658547.563798716
122 4270 401175.2696297198 4657319.519714384
244 4270 402396.64194525866 4657322.153096454
366 4270 403617.2215119685 4657321.457994594
976 4270 409716.1875646767 4657322.373452708
1464 4270 414595.0083294231 4657317.163440593
1586 4270 415813.7792265045 4657323.119509315
1708 4270 417035.20711563993 4657323.008110945
2318 4270 423138.4870482502 4657323.563600476
3050 4270 430461.884319215 4657321.570855741
3172 4270 431677.3365225184 4657323.020534435
3294 4270 432896.57518944197 4657323.591509122
3416 4270 434117.8347769308 4657322.932290286
4148 4270 441439.25073365396 4657323.130639498
4392 4270 443877.2203491816 4657327.6430059895
4514 4270 445095.91186412465 4657325.413743345
4636 4270 446315.19844974746 4657326.100776752
4758 4270 447537.105616265 4657326.214090415
5246 4270 452415.33727032365 4657326.823210252
5368 4270 453637.5921462045 4657327.110579411
7320 4270 473161.7180250892 4657327.412238644
122 4392 401176.9706000688 4656101.000524404
244 4392 402397.52770150034 4656101.147207233
366 4392 403616.5820952612 4656100.943158072
1098 4392 410936.26696073054 4656102.199059649
1708 4392 417035.18138633226 4656102.721584117
1830 4392 418256.68269104336 4656104.587747879
1952 4392 419477.5333485327 4656102.848536159
3050 4392 430456.90131346654 4656103.500241287
3172 4392 431677.18390960176 4656103.695690116
3294 4392 432898.4397564534 4656103.520125229
3416 4392 434117.8695545705 4656103.152709942
3660 4392 436557.8611988502 4656103.135806196
4636 4392 446317.3719183714 4656106.861167978
4758 4392 447537.810838794 4656107.978892425
4880 4392 448756.95728519175 4656106.511683297
5002 4392 449977.632381917 4656107.850528467
7198 4392 471937.7733388839 4656108.491647118
7320 4392 473161.1991598449 4656107.595505668
122 4514 401175.61146652704 4654878.467822297
244 4514 402396.3233066325 4654878.752611013
366 4514 403615.31591685326 4654882.7986659175
488 4514 404835.85618012596 4654883.329619717
1586 4514 415815.240373551 4654882.850705295
1708 4514 417033.15625771054 4654882.849409209
1952 4514 419477.1716155766 4654883.556450347
2196 4514 421918.6322777039 4654882.155827974
2928 4514 429236.6160320383 4654882.715282643
3050 4514 430458.1754613494 4654881.928946757
3172 4514 431677.12292836857 4654883.158304903
3294 4514 432897.60813554993 4654883.386558671
3416 4514 434117.563864384 4654883.852691714
3538 4514 435338.3153350756 4654883.158459807
4026 4514 440217.75151425827 4654884.577618714
4758 4514 447537.2273351722 4654887.194200392
4880 4514 448756.26754917443 4654886.54641197
5002 4514 449977.88947565446 4654887.964114578
5612 4514 456083.0166743937 4654887.663913463
122 4636 401175.93853113824 4653662.130431267
244 4636 402396.08664608473 4653662.018094623
366 4636 403616.0355349277 4653662.563299232
1464 4636 414597.01554950385 4653662.732501408
1586 4636 415817.9600072248 4653662.055816896
1708 4636 417038.6448830715 4653661.028570837
1830 4636 418257.49700758874 4653662.487859459
2318 4636 423139.16571463307 4653663.71630599
2928 4636 429237.8474846012 4653663.540588379
3050 4636 430455.3663154409 4653664.971589236
3172 4636 431676.31591323327 4653663.9401197685
3416 4636 434118.4831510831 4653664.1941253105
3660 4636 436557.6415638296 4653663.034841456
3782 4636 437777.3236235648 4653664.5282491185
4148 4636 441439.00348244235 4653663.73437117
4758 4636 447536.13854867226 4653667.812658094
4880 4636 448756.65970792226 4653668.062086243
5002 4636 449978.063973205 4653668.4332858035
5124 4636 451196.75019889855 4653667.3434097115
5734 4636 457297.5919232175 4653668.173227029
5856 4636 458515.4512398581 4653666.393712843
122 4758 401172.650621032 4652441.888388316
244 4758 402393.74646406353 4652441.774529189
366 4758 403613.68013377266 4652441.362824509
488 4758 404835.9746056828 4652441.81912306
610 4758 406057.0598211239 4652440.853666726
1342 4758 413377.71914131846 4652442.498488896
1464 4758 414596.5365126916 4652442.824394318
1586 4758 415815.584089475 4652442.90861881
1708 4758 417041.7027054024 4652443.209218517
1830 4758 418258.34456441744 4652443.158674764
2196 4758 421917.7442295687 4652442.160122137
2318 4758 423138.335892416 4652443.096888261
2562 4758 425577.67279101996 4652442.50702496
2684 4758 426797.3530635064 4652443.815640345
2806 4758 428017.9415357635 4652442.943723077
2928 4758 429242.17894463695 4652443.069322655
3050 4758 430457.68236973183 4652443.231029688
3172 4758 431677.24527670635 4652443.921884108
3294 4758 432898.9923413132 4652443.178082719
3416 4758 434118.6716153295 4652443.799896153
3904 4758 439001.32201954216 4652444.11065447
4392 4758 443877.26295851613 4652446.453588357
4636 4758 446321.12154669233 4652443.460201765
4758 4758 447537.3185630658 4652446.876629975
4880 4758 448757.4264754386 4652447.36722924
5002 4758 449977.1005882677 4652446.84659641
5124 4758 451196.20657110406 4652446.627396793
6222 4758 462177.4372685927 4652447.85968622
6588 4758 465836.9366023786 4652447.732468893
122 4880 401175.3942712833 4651221.65972552
366 4880 403616.7995222727 4651221.5704177
488 4880 404836.7941578063 4651222.663724454
854 4880 408497.4921099188 4651222.503706776
1098 4880 410936.0613548544 4651223.5385482125
1464 4880 414597.5239490177 4651222.926974222
1586 4880 415817.54637610575 4651221.846071032
1708 4880 417037.74852058373 4651222.766721785
1830 4880 418258.1515873801 4651222.177601439
1952 4880 419478.9680190746 4651223.085029638
2074 4880 420698.26577635424 4651222.985976674
2196 4880 421918.31932573934 4651223.456758111
2318 4880 423137.9894553902 4651222.912693394
2440 4880 424357.12126640213 4651221.475886636
2806 4880 428018.29295758397 4651224.014653949
2928 4880 429236.9841817714 4651223.937888281
3050 4880 430457.9376017759 4651222.913908557
3172 4880 431678.76556698966 4651222.426205229
3294 4880 432897.4989857289 4651223.51743098
3416 4880 434118.47135242634 4651223.196572009
3660 4880 436561.4943663454 4651223.305900292
4270 4880 442657.0827768416 4651227.536101867
4880 4880 448757.00067484815 4651227.164937856
5612 4880 456077.7577310966 4651228.423718194
5734 4880 457300.52365121583 4651226.776689788
5978 4880 459738.55169462104 4651227.916528854
6100 4880 460957.3676065595 4651227.74914365
9394 4880 493901.6258184369 4651232.928352408
122 5002 401176.6579625287 4650002.193005532
366 5002 403617.3098991219 4650002.648072591
488 5002 404836.6174336603 4650001.811168966
732 5002 407277.01084494224 4650003.517470579
854 5002 408496.5573365428 4649998.255602545
1098 5002 410935.86286968476 4650003.664080767
1220 5002 412155.9762105876 4650003.418331319
1464 5002 414595.69452496263 4650003.871517808
1586 5002 415816.83621385903 4650002.454910347
1708 5002 417038.41821144643 4649998.317031685
1830 5002 418260.4473738847 4650001.670466235
1952 5002 419482.04658840236 4650002.917404359
2074 5002 420698.1058223695 4650003.515008286
2196 5002 421920.8139046185 4650002.181947135
2318 5002 423141.7888073934 4650002.070552184
2440 5002 424357.8241453969 4650003.16134631
2562 5002 425577.815065405 4650003.587024719
2684 5002 426797.5080125769 4650003.273201668
2806 5002 428017.73256107303 4650003.468759223
2928 5002 429237.3874156432 4650003.557493374
3172 5002 431677.3383287802 4650003.97738733
3538 5002 435339.40764596924 4650004.019243027
3660 5002 436558.9609110149 4650002.16304885
4270 5002 442657.56968727376 4650005.505360041
4514 5002 445097.0301846877 4650006.490068374
4880 5002 448757.39213793253 4650005.732112927
5612 5002 456078.06522296555 4650007.963071193
5856 5002 458516.8973247778 4650006.918404895
6100 5002 460957.7736292096 4650008.308203041
6222 5002 462178.3502530734 4650007.947380029
6832 5002 468278.8506600201 4650008.390705293
6954 5002 469501.3739409748 4650008.24041244
9150 5002 491461.1443133173 4650010.943764014
9394 5002 493897.8123667938 4650012.320835813
9760 5002 497563.1881149262 4650015.444756319
0 5124 399957.8458803615 4648778.591461874
122 5124 401176.0831259543 4648781.510389595
244 5124 402397.34914007015 4648777.929502499
976 5124 409717.146228513 4648781.69545926
1098 5124 410937.21847760084 4648781.4152877135
1220 5124 412156.87554061774 4648782.559446841
1464 5124 414596.93462961836 4648782.391211235
1586 5124 415818.0936761404 4648781.504412658
1952 5124 419480.77978109266 4648782.779483727
2196 5124 421918.566668195 4648783.143806905
2318 5124 423138.73836378934 4648783.057010208
2562 5124 425577.8005348096 4648782.777722884
3050 5124 430458.9719136483 4648782.851731318
3294 5124 432898.61558126693 4648783.312240721
3660 5124 436561.61600198684 4648783.805731006
3782 5124 437777.8175465535 4648783.965486051
3904 5124 438998.1308692156 4648785.771510242
4514 5124 445098.7574564129 4648787.062601119
4636 5124 446318.396413106 4648786.408803909
4880 5124 448759.2230470702 4648786.623600156
5002 5124 449978.12899813056 4648787.47517816
5124 5124 451197.8779081289 4648786.153784321
5246 5124 452417.4013102266 4648787.975987071
5612 5124 456077.3326100414 4648786.9136603195
5734 5124 457297.13497257937 4648787.51291553
5856 5124 458517.449459114 4648786.118356858
6100 5124 460962.60510602646 4648787.702357278
6466 5124 464616.85213766684 4648789.069037351
6710 5124 467063.517584946 4648788.691949346
6954 5124 469502.61067144375 4648787.05139348
9760 5124 497557.85040791665 4648792.670257324
9882 5124 498778.12280767807 4648792.547475529
122 5246 401177.100657012 4647561.228971061
244 5246 402396.7790557146 4647561.615070116
732 5246 407278.2899520648 4647561.4026624905
976 5246 409716.9331911529 4647563.4183078725
1098 5246 410934.00456621946 4647561.68566178
1342 5246 413377.2409884978 4647558.485659565
1586 5246 415819.8412016028 4647562.259985595
1830 5246 418259.34237866674 4647562.224563964
2074 5246 420702.0134638194 4647562.070200352
2318 5246 423142.2632664602 4647562.472864534
2440 5246 424358.58163144294 4647563.641910855
2562 5246 425578.4914861915 4647562.811526375
2684 5246 426802.2893903563 4647564.120176404
3050 5246 430458.3226419769 4647563.87583711
3416 5246 434121.5018589799 4647563.533881123
3660 5246 436561.08856400626 4647568.164511798
4514 5246 445098.06849407457 4647565.7462922465
5612 5246 456076.5154261895 4647566.05909773
5978 5246 459742.974285472 4647567.078782899
6100 5246 460957.75125420693 4647569.003831971
6344 5246 463397.4021962467 4647567.348193946
6466 5246 464618.2090558878 4647567.765370374
6954 5246 469503.02746932424 4647567.850176474
7076 5246 470719.5117868912 4647569.037376168
7320 5246 473162.8571795374 4647567.445638792
7930 5246 479259.0791839451 4647568.545684688
9516 5246 495118.4830181528 4647573.17396022
122 5368 401178.3125553281 4646338.896019054
244 5368 402396.5561174451 4646340.48152924
488 5368 404835.3141901801 4646342.55666601
610 5368 406053.9845099432 4646342.279625989
1220 5368 412158.27574158827 4646341.831748784
1342 5368 413378.84880359226 4646342.132341148
1464 5368 414597.8398099955 4646338.560186683
1586 5368 415819.361745762 4646341.558628666
2318 5368 423142.10285756737 4646342.803427954
2562 5368 425578.23748929275 4646343.0677687805
2684 5368 426797.34321261547 4646343.383795917
2806 5368 428018.48240750347 4646343.650256059
2928 5368 429241.02296403906 4646340.982258785
3172 5368 431678.25437721197 4646342.646999188
3294 5368 432901.77704725653 4646343.308213516
4392 5368 443877.15429769974 4646343.359156989
4514 5368 445096.47291204956 4646346.724353373
4880 5368 448758.5578475189 4646346.804928266
5124 5368 451196.6484927911 4646346.390418198
5612 5368 456078.129372949 4646347.936717846
6222 5368 462176.4834370678 4646351.094767188
6588 5368 465837.90944386466 4646348.450675708
6954 5368 469501.51150121447 4646351.427160278
7198 5368 471941.43910392415 4646350.805902448
7320 5368 473162.76921989105 4646353.040781934
8418 5368 484142.93751524086 4646350.831141456
9516 5368 495117.24514717975 4646351.8309728615
9760 5368 497560.3342528769 4646353.814664272
10248 5368 502440.50966440135 4646355.593136044
122 5490 401176.63270900387 4645119.233675404
244 5490 402397.2422821322 4645121.138077171
488 5490 404836.29855643585 4645120.721487764
610 5490 406055.5744033514 4645122.250710533
1342 5490 413376.05670547805 4645123.072967599
1586 5490 415821.7666671604 4645121.669676787
1708 5490 417041.9967865612 4645121.166070391
2440 5490 424359.3078604667 4645121.377763727
3660 5490 436557.1247494346 4645122.740902648
3904 5490 439001.2402127521 4645126.571917086
4758 5490 447536.04335617064 4645122.973283541
4880 5490 448757.968252381 4645126.909697709
5002 5490 449977.9064184515 4645128.233936939
5124 5490 451197.6174221898 4645126.597787116
5246 5490 452418.89097231755 4645126.135229209
5734 5490 457295.5114494244 4645126.303140345
5856 5490 458517.3337012352 4645127.549829384
5978 5490 459738.3576734136 4645129.021707231
6344 5490 463397.7402565152 4645128.593493919
6466 5490 464618.06368737493 4645127.706708766
6588 5490 465837.98531620135 4645128.716962981
6710 5490 467061.1625467652 4645127.212389888
6832 5490 468282.1099256146 4645127.833126158
7198 5490 471941.252467645 4645130.97026956
8174 5490 481702.1342557321 4645129.8329674695
9516 5490 495122.37566307664 4645135.031155931
9882 5490 498782.8750989326 4645132.34301272
10126 5490 501217.7755392863 4645132.301958029
10248 5490 502437.67335645505 4645132.5274205785
122 5612 401176.60954319703 4643900.646324291
244 5612 402396.1613020992 4643898.475771074
488 5612 404836.7999778435 4643901.702834653
610 5612 406056.30833963316 4643899.654482054
1464 5612 414598.0349577348 4643898.385457345
1586 5612 415821.6119734355 4643901.948808944
2074 5612 420697.682633331 4643901.4361625565
2196 5612 421918.3423217403 4643902.6812320165
2806 5612 428022.03324539145 4643903.592189381
2928 5612 429242.6942215897 4643902.644555899
3050 5612 430462.0220469215 4643902.11920291
4270 5612 442657.69992488966 4643903.358492452
4392 5612 443875.98470626667 4643907.132153016
4758 5612 447537.4778585372 4643906.294284027
4880 5612 448761.416268207 4643906.606668337
5002 5612 449977.54854974564 4643904.544982088
5246 5612 452417.78435792157 4643907.107172857
5368 5612 453637.4081801129 4643908.0822102185
5490 5612 454857.7863973774 4643906.896583574
5612 5612 456077.266236891 4643906.053657604
6344 5612 463397.7437481265 4643908.948400389
6954 5612 469502.4550750734 4643908.578141786
7320 5612 473162.7165044038 4643908.94589181
10126 5612 501218.60331523704 4643916.488132329
122 5734 401177.4777220213 4642679.341926004
244 5734 402397.42868190526 4642679.388849231
366 5734 403617.93980776455 4642680.956992553
488 5734 404837.67189333355 4642681.158087205
610 5734 406057.36019290733 4642681.214739918
732 5734 407276.3873726003 4642681.73796397
1342 5734 413376.0737781197 4642677.073918693
1464 5734 414597.11556345987 4642681.92144644
1586 5734 415821.3110228102 4642682.458886102
2196 5734 421917.97695860703 4642682.374103372
2318 5734 423137.55731583154 4642682.76925684
3416 5734 434118.4478405755 4642684.7324478915
3538 5734 435337.17121975636 4642684.233857533
4026 5734 440216.94213748834 4642684.422320839
4148 5734 441436.10817346355 4642685.802277136
4392 5734 443877.0875389496 4642685.695929183
4514 5734 445096.1432909897 4642686.7998473765
4636 5734 446316.59466277243 4642687.546475642
4880 5734 448758.98714961146 4642688.7588099
5002 5734 449977.17304068134 4642686.339211687
5124 5734 451198.60525475536 4642688.273120828
5246 5734 452418.9213848975 4642687.059548197
5368 5734 453637.5195377284 4642688.244910168
5490 5734 454857.2437165027 4642691.151945009
6100 5734 460957.73078800563 4642687.275018499
6466 5734 464617.41442449216 4642691.675074673
6588 5734 465842.2119632917 4642686.819331552
6710 5734 467062.4631310097 4642687.02413419
7320 5734 473160.603820612 4642691.43757071
7686 5734 476822.23484369874 4642687.250514805
9516 5734 495118.62415066897 4642695.351538878
10248 5734 502437.93065782404 4642695.193786205
10614 5734 506097.7103757077 4642694.798532685
732 5856 407273.77156820043 4641461.882931045
1342 5856 413376.0876219547 4641463.692487528
1708 5856 417037.9101032021 4641462.634623142
2318 5856 423141.57887668273 4641462.863551128
2562 5856 425578.00033075263 4641463.409708744
2806 5856 428017.4465834731 4641464.168637991
3782 5856 437781.8537258101 4641464.586062591
4026 5856 440216.95631247316 4641466.000996912
4148 5856 441435.7892984544 4641467.2385527
4392 5856 443881.62658305885 4641463.33022892
4636 5856 446322.2569069239 4641466.0652205935
4758 5856 447538.0370532374 4641465.680205984
4880 5856 448761.1616379341 4641467.71955385
5124 5856 451198.5546663572 4641466.817673806
5368 5856 453636.78300650604 4641466.798826317
5490 5856 454861.37338763766 4641466.788067323
5612 5856 456078.19261663064 4641466.725925629
5734 5856 457298.43527500855 4641466.884416734
5856 5856 458517.11916007503 4641468.061351774
5978 5856 459737.2071415089 4641468.0204625055
6100 5856 460957.2974301655 4641467.523856939
6710 5856 467061.8402993196 4641468.34320954
6832 5856 468281.4907699521 4641466.441356299
6954 5856 469501.4163190429 4641467.566963634
7076 5856 470721.80434532755 4641467.337503464
7442 5856 474381.1358342191 4641469.340477737
8906 5856 489022.9332126305 4641468.938680968
9638 5856 496339.5777187813 4641472.888063976
10004 5856 500003.9178781079 4641473.079263372
122 5978 401173.68287526886 4640241.435091903
366 5978 403617.57575967256 4640239.194521095
488 5978 404835.2344394173 4640242.4032164635
610 5978 406058.53382864466 4640240.900596505
1342 5978 413377.03412649635 4640242.57405465
1708 5978 417038.80402010464 4640241.623526029
1830 5978 418257.9465850504 4640243.451266053
1952 5978 419481.7640908678 4640242.399137472
2196 5978 421917.9879827421 4640241.825557894
2318 5978 423137.9703054196 4640243.609389105
3538 5978 435337.674651374 4640244.847773623
3660 5978 436562.693656669 4640245.696055908
4514 5978 445097.12793435814 4640246.548835214
4758 5978 447538.02525366127 4640247.1191202365
5002 5978 449977.0257332972 4640247.927961208
5246 5978 452417.3347289997 4640247.341388287
5612 5978 456077.98305482155 4640247.468411541
5734 5978 457298.53115207294 4640248.156353249
5856 5978 458518.0696841303 4640252.277162209
5978 5978 459738.64594908035 4640248.965222318
6100 5978 460956.7093860961 4640248.616486699
6222 5978 462175.9805880898 4640246.193032932
6344 5978 463396.6571405694 4640247.282879204
6588 5978 465837.1399064693 4640252.60670199
6954 5978 469501.5975416849 4640246.977672663
7076 5978 470718.68236359657 4640247.877261005
7686 5978 476821.8666962575 4640248.404925459
8540 5978 485358.41439439106 4640250.944268608
10004 5978 499997.8083233655 4640253.520448539
488 6100 404838.0148092706 4639021.904031834
732 6100 407278.0515089827 4639021.69806952
854 6100 408497.3340431664 4639022.860992514
976 6100 409717.34984446794 4639022.5382453995
1342 6100 413376.51124669064 4639023.045678273
1464 6100 414597.9130348614 4639022.813314694
1952 6100 419477.2280372368 4639022.809853656
2074 6100 420700.19159228157 4639020.84747353
3294 6100 432897.52101441834 4639026.38066172
3416 6100 434117.5413069447 4639024.675462564
3660 6100 436562.2724288223 4639024.179483193
3904 6100 439001.57976065134 4639026.852948872
4148 6100 441438.66123646975 4639026.944422644
4636 6100 446322.33151486074 4639026.429754516
4880 6100 448760.87050435756 4639023.134341672
5002 6100 449978.99006738374 4639025.773376127
5124 6100 451197.7495638151 4639026.874764086
5246 6100 452418.40203216055 4639027.296457222
5612 6100 456076.48815862363 4639031.308991032
5856 6100 458518.40095778735 4639031.763347121
5978 6100 459737.3163694761 4639028.030778444
6222 6100 462176.33136469394 4639028.664031158
6954 6100 469501.31639213476 4639028.076068503
7198 6100 471943.21552300616 4639027.146755273
7320 6100 473161.98437604116 4639028.492755693
7442 6100 474382.0961336132 4639028.563855365
7564 6100 475601.81600934383 4639028.05592366
8662 6100 486581.53066469793 4639030.76527949
9272 6100 492682.3515033494 4639033.173400486
10248 6100 502441.54754461936 4639035.06016556
10614 6100 506097.5379881299 4639033.7217445215
10858 6100 508542.94638716243 4639035.661376782
488 6222 404836.7087510441 4637802.687208082
2074 6222 420698.2087607905 4637803.015794267
2196 6222 421921.50566730776 4637803.965326584
2318 6222 423141.50262317795 4637804.012091377
2440 6222 424358.65809390054 4637801.813373478
2928 6222 429235.84000130906 4637802.998937274
3416 6222 434121.152291462 4637805.51140746
4148 6222 441440.35532711336 4637807.441019682
5002 6222 449977.83763711096 4637807.2348831305
5124 6222 451202.0358488369 4637805.142051173
5246 6222 452417.04931069573 4637807.879903501
5368 6222 453637.88922911114 4637808.145599214
5612 6222 456076.4793206404 4637808.294847487
5734 6222 457296.34067394806 4637808.073766406
5856 6222 458517.7765826047 4637807.961980001
6100 6222 460961.33546597563 4637808.287816913
6344 6222 463398.5512026451 4637807.95143043
7076 6222 470722.5339070498 4637808.254556787
7198 6222 471940.64187405043 4637808.034698507
7320 6222 473160.2260089148 4637807.116667851
7442 6222 474382.0978509761 4637808.612025579
8052 6222 480481.47267726035 4637808.027089033
8662 6222 486582.56572248763 4637811.440368142
9272 6222 492677.4903182369 4637811.213330848
10858 6222 508538.7456426145 4637815.151768799
732 6344 407276.008335222 4636583.752435423
1098 6344 410936.58973332925 4636578.283839654
1952 6344 419476.93609582284 4636581.184136637
2318 6344 423141.02913283143 4636581.132986209
3294 6344 432896.600111824 4636583.832727999
3416 6344 434118.2161682938 4636584.47394913
3660 6344 436562.23983709805 4636586.191087976
4148 6344 441438.2172628352 4636587.433998335
4270 6344 442660.31494624686 4636586.765287602
4392 6344 443877.6445477429 4636587.549039908
5002 6344 449977.30445577094 4636587.404965083
5246 6344 452416.63479757577 4636588.414046927
5612 6344 456077.0902462721 4636586.44253195
5734 6344 457297.19316443766 4636587.22100782
5856 6344 458517.8002283619 4636588.589863236
6100 6344 460958.4149710205 4636587.779571398
6222 6344 462177.0798698411 4636592.027307667
6344 6344 463396.8310365556 4636588.060069495
6588 6344 465841.0312068914 4636588.557866489
6832 6344 468277.55760285864 4636586.443747963
7076 6344 470719.3341038341 4636588.7325158715
7198 6344 471938.33498187794 4636586.828951096
7320 6344 473161.64471416874 4636588.839483475
8052 6344 480482.32683219423 4636588.871087836
8174 6344 481698.47910922876 4636591.807560946
9394 6344 493898.2480004572 4636592.190341829
10126 6344 501223.48658943886 4636592.352062147
10858 6344 508538.46853798995 4636592.231066003
1098 6466 410934.3265686628 4635363.001699033
3416 6466 434121.3704539681 4635363.161416303
3660 6466 436558.35929019685 4635365.702551805
5002 6466 449981.9543495639 4635367.401503008
5246 6466 452417.3935034553 4635367.163776708
5612 6466 456078.4154267803 4635368.908462971
5734 6466 457297.9101448199 4635368.152541272
5856 6466 458516.9541394024 4635368.547090206
6588 6466 465841.00141418306 4635367.393447192
7686 6466 476821.28616814816 4635368.24971669
8784 6466 487799.693690452 4635370.596999528
9394 6466 493901.66458637844 4635375.308313794
9882 6466 498778.22905648814 4635371.74492574
10614 6466 506101.3201909509 4635375.197922513
732 6588 407276.46147666057 4634140.565694705
854 6588 408497.3639081905 4634141.6737067755
1098 6588 410935.4872728202 4634142.4070336195
1220 6588 412157.2786969264 4634138.81345596
1586 6588 415817.8536850177 4634143.856843601
1708 6588 417040.6689438944 4634142.163906519
1952 6588 419481.21349401434 4634143.009592176
2806 6588 428021.25442603504 4634143.440491554
2928 6588 429240.567623533 4634144.33255904
3050 6588 430456.3761784668 4634144.008924905
3294 6588 432898.49756131443 4634144.466393385
3416 6588 434118.1461742942 4634144.386121628
3538 6588 435338.1775256622 4634143.88987857
5002 6588 449978.27583946043 4634147.978832631
5246 6588 452417.4832542572 4634148.06643485
5368 6588 453637.84908677515 4634147.28556797
5734 6588 457296.2384736731 4634148.912377113
5978 6588 459737.6557317279 4634147.870448277
6100 6588 460957.0907527165 4634151.107406183
6222 6588 462177.60618051037 4634148.379401329
6344 6588 463401.2361102964 4634152.642680659
6466 6588 464621.68931950146 4634148.819469318
6588 6588 465841.89238450635 4634146.626838198
7076 6588 470722.2779842178 4634147.5617929315
7320 6588 473161.7729328823 4634147.905665038
9272 6588 492677.0751541905 4634150.711685153
9638 6588 496340.6711589154 4634151.122408196
10614 6588 506102.3851761379 4634155.1912471
10858 6588 508538.6375105972 4634155.347125525
854 6710 408496.05275979586 4632921.884126627
1098 6710 410935.5281630425 4632921.966750667
1708 6710 417041.34503331734 4632922.216624583
1830 6710 418257.0172574833 4632922.888086262
3172 6710 431677.2243208934 4632924.198368882
3416 6710 434118.0676303501 4632922.412148554
3538 6710 435337.6960270965 4632922.929194287
4270 6710 442662.4843344634 4632925.478564107
5002 6710 449978.1006361833 4632928.160711987
5124 6710 451198.3042958995 4632926.8803761015
5246 6710 452417.86125781917 4632927.519711671
5368 6710 453640.83281495987 4632928.2454480715
5490 6710 454859.0913941342 4632927.781452782
5856 6710 458516.9960690592 4632926.941295262
6222 6710 462181.84961990936 4632928.701392084
6466 6710 464621.33554377704 4632927.791148512
6832 6710 468282.52267065377 4632928.601291545
7198 6710 471942.6268300523 4632927.659282747
7442 6710 474381.80558510433 4632927.521680253
7564 6710 475602.3744168292 4632931.082318926
8174 6710 481697.13867766946 4632929.041586607
10126 6710 501217.6505620514 4632935.013670837
10858 6710 508538.11712069315 4632935.2289110115
976 6832 409716.40678095754 4631702.006607261
1098 6832 410936.9540141574 4631701.142788523
1220 6832 412157.97960088035 4631702.056884672
1708 6832 417041.65375806537 4631702.378134142
1830 6832 418261.7973368939 4631702.021439009
1952 6832 419478.7923877193 4631701.277612107
2074 6832 420700.9176775933 4631702.191541317
2196 6832 421917.8572180452 4631698.631820535
2684 6832 426802.22410769796 4631702.166959364
2928 6832 429238.00131997536 4631703.5563619
3050 6832 430458.45796157664 4631704.31107852
3416 6832 434120.5793865616 4631703.482892166
3538 6832 435342.5367843712 4631705.439004449
3660 6832 436561.80949557916 4631706.209726872
5368 6832 453636.6537175216 4631706.267516367
5490 6832 454857.96196425334 4631708.334460667
5612 6832 456081.0867656875 4631706.664314946
5856 6832 458516.6774223543 4631707.654020294
5978 6832 459738.10687429557 4631707.714967116
6222 6832 462176.5133562482 4631706.171644792
6344 6832 463401.701406149 4631711.861491462
6466 6832 464621.21657564194 4631706.315845938
6588 6832 465841.43878538796 4631708.239592926
6710 6832 467063.05425359216 4631706.832678986
6954 6832 469498.4345869396 4631707.488750819
7320 6832 473161.1286499121 4631707.397528744
7564 6832 475600.3357568805 4631709.413831486
7686 6832 476822.12239930214 4631708.967607405
7930 6832 479262.9294751424 4631708.168259947
10004 6832 500000.48321800475 4631711.193109179
10248 6832 502437.9070655178 4631712.369069226
10614 6832 506104.06396284077 4631715.814642196
10858 6832 508537.4138300161 4631715.360063579
1952 6954 419479.7898329086 4630483.294262423
2074 6954 420698.86925654934 4630481.493422154
2196 6954 421918.2155796526 4630481.308973034
2440 6954 424361.83350456815 4630484.004789298
2562 6954 425578.46715590905 4630483.040082132
2684 6954 426798.2387700211 4630485.93356206
2806 6954 428017.72958084784 4630483.064075155
2928 6954 429237.5846990251 4630483.823909379
3050 6954 430457.6445945609 4630485.108681398
3172 6954 431677.9359634528 4630485.205520112
3660 6954 436558.1306984596 4630486.585864169
3782 6954 437775.776152702 4630486.188807313
4148 6954 441437.3293576038 4630483.917041959
4270 6954 442657.6172892809 4630487.248812757
5124 6954 451195.44100667496 4630486.430048939
5368 6954 453636.70606067486 4630487.399588642
5612 6954 456077.08965508325 4630486.951141553
5734 6954 457297.3499186814 4630487.378293636
5978 6954 459737.3038417174 4630487.67096672
6100 6954 460957.04058525345 4630486.616246825
6222 6954 462180.8430801997 4630487.849995073
6710 6954 467062.0153916207 4630487.021869511
6832 6954 468281.64936802804 4630488.657028005
7442 6954 474381.636026815 4630487.827885674
7564 6954 475602.6057822247 4630488.26160777
7930 6954 479262.9230630221 4630495.450641641
8540 6954 485362.954620997 4630491.574366466
9882 6954 498778.493070899 4630497.00240738
2074 7076 420698.54942947434 4629263.836076353
2562 7076 425581.8491721018 4629263.731377622
2684 7076 426798.4618593732 4629262.508688935
2806 7076 428017.5669473819 4629263.867479479
2928 7076 429237.92770489823 4629262.009049425
3050 7076 430457.2666014625 4629266.119802861
3538 7076 435336.894846706 4629263.719365726
3904 7076 438997.1654659625 4629266.477103642
4270 7076 442655.91658048856 4629266.14756313
4636 7076 446315.85559158045 4629266.69035789
5002 7076 449977.5078178519 4629266.62681423
5124 7076 451197.58053882304 4629268.428543811
5246 7076 452417.51722749736 4629266.867159154
5368 7076 453636.62731778336 4629266.986361777
5490 7076 454857.04578198364 4629267.5179106
5612 7076 456077.2320885934 4629267.884214328
5734 7076 457297.7892165176 4629268.023298877
5856 7076 458516.61564336484 4629267.239202462
5978 7076 459737.3636286951 4629268.746184821
6100 7076 460957.2181113733 4629268.862790134
6222 7076 462180.5482071364 4629267.611077872
6588 7076 465840.8604750751 4629267.5494634025
6710 7076 467062.32288066373 4629266.734278847
6832 7076 468282.4648230813 4629267.710206189
7808 7076 478041.7318091546 4629268.252720697
8296 7076 482922.36622543645 4629269.010966434
9272 7076 492677.7012711314 4629274.127090988
2196 7198 421917.67198628274 4628042.667983515
2318 7198 423137.35844718426 4628044.544311951
2440 7198 424357.28896913596 4628043.593048155
2562 7198 425576.6037569131 4628043.379550659
2684 7198 426796.8844322549 4628043.377307224
3172 7198 431678.38972853485 4628046.596371219
4392 7198 443881.81414091453 4628046.028625724
4758 7198 447538.97505387804 4628047.514150679
4880 7198 448757.2326880861 4628049.875763867
5124 7198 451197.23753802443 4628047.05127378
5246 7198 452417.75801527355 4628047.26899251
5368 7198 453641.77264868905 4628047.9109268
5490 7198 454857.54638858576 4628048.221830492
5612 7198 456077.2186910348 4628047.5253125625
5734 7198 457297.76996555825 4628047.4762029275
5856 7198 458518.66859436175 4628048.881370054
5978 7198 459738.09760525724 4628048.113980475
6100 7198 460958.0200545021 4628047.889743517
6222 7198 462181.99986966886 4628048.555814936
6466 7198 464621.27824070083 4628048.042433192
6588 7198 465842.1619590667 4628047.793360088
6832 7198 468281.5419538357 4628047.510902998
6954 7198 469501.1582593212 4628047.367390287
7808 7198 478041.27572284144 4628049.107740525
7930 7198 479259.1043046457 4628051.150860836
8174 7198 481700.8896504734 4628051.479581616
8296 7198 482921.393332387 4628049.010418179
9394 7198 493897.96865261445 4628052.176586216
9882 7198 498776.7684612704 4628055.516186388
2806 7320 428022.0409696984 4626824.076961215
4148 7320 441435.38271277153 4626826.220995583
4270 7320 442656.91176155425 4626827.277009815
4880 7320 448756.3237773361 4626828.475303616
5124 7320 451197.2123741039 4626827.8884624075
5490 7320 454857.3234992507 4626827.701374052
5612 7320 456078.3426426033 4626827.570447907
5734 7320 457298.53573865676 4626828.56418006
5856 7320 458517.4080368236 4626827.776218601
5978 7320 459737.56073049514 4626828.208253077
6100 7320 460957.96568626113 4626828.493355318
6466 7320 464618.2558214627 4626827.101159422
7076 7320 470721.9646263016 4626832.044809519
7930 7320 479261.83472839 4626828.830072264
8052 7320 480481.60380858165 4626831.488795732
8174 7320 481702.50543599797 4626828.83734814
10736 7320 507318.9540774346 4626835.32942757
2074 7442 420697.0308580242 4625603.0965593355
2318 7442 423136.4879761728 4625603.071656096
2684 7442 426797.75104489137 4625603.268503911
3050 7442 430461.8166763334 4625604.346168062
3172 7442 431677.24938840914 4625604.615451054
3538 7442 435337.42941502354 4625603.067141369
4514 7442 445102.0975936718 4625607.106569494
4758 7442 447537.57211036363 4625608.94618292
5124 7442 451198.90472708695 4625608.564876703
5490 7442 454858.66861375247 4625611.194058495
5612 7442 456078.5554378665 4625608.684154949
5734 7442 457301.33219559095 4625608.568810284
5856 7442 458518.4419682892 4625607.344804487
6588 7442 465839.1156932156 4625608.611952598
6954 7442 469501.6759022706 4625607.530200826
7442 7442 474382.0405106843 4625608.921606681
7808 7442 478042.51218321786 4625607.708691824
7930 7442 479261.5401026419 4625607.985781601
8052 7442 480482.4825145833 4625611.389279627
8418 7442 484141.8178875905 4625610.923869174
8540 7442 485363.1077669877 4625611.463758166
8662 7442 486577.92418701964 4625608.973876262
8906 7442 489017.5687986386 4625612.399171583
9272 7442 492681.8291948945 4625615.741159618
2684 7564 426801.9752831796 4624382.586635292
2806 7564 428017.237777313 4624384.367077507
3050 7564 430457.32706031814 4624384.047936057
3660 7564 436556.58120876935 4624384.21547529
4270 7564 442658.42770039523 4624388.709728744
4514 7564 445098.1839451779 4624386.444086974
4758 7564 447541.7113462888 4624386.943553093
4880 7564 448760.68307119753 4624388.085371271
5002 7564 449977.46033306123 4624389.631662659
5124 7564 451198.39496081695 4624388.097303524
5246 7564 452418.37436973944 4624388.965235725
5490 7564 454858.1131836707 4624388.127876969
5734 7564 457298.04892001825 4624387.237880288
5978 7564 459737.50976283394 4624387.285917466
6954 7564 469500.9015605804 4624387.808379743
7564 7564 475602.50171772187 4624391.829173801
7686 7564 476821.06376799167 4624390.6219919715
8174 7564 481702.13325282274 4624389.45292622
8784 7564 487797.7029369144 4624389.00046048
8906 7564 489023.6931846456 4624391.935680733
2684 7686 426798.14864799014 4623163.662929668
3782 7686 437781.06534236274 4623162.2863022685
4392 7686 443881.7606597166 4623167.706949333
4758 7686 447538.5864146932 4623167.212560548
5002 7686 449977.66872481944 4623168.409150744
5124 7686 451198.19050787715 4623167.965342268
5246 7686 452417.94669995306 4623166.587339202
5856 7686 458517.19402959413 4623169.4852056885
6100 7686 460964.0158233732 4623168.6505262805
6832 7686 468282.3491898748 4623168.95101645
7808 7686 478041.9204052355 4623169.057154806
7930 7686 479262.9927062019 4623171.260231292
8052 7686 480481.78381572734 4623169.947613265
8174 7686 481701.21544388204 4623169.222231504
8784 7686 487798.30079359154 4623171.20210378
10614 7686 506097.97520866315 4623176.680602876
2684 7808 426801.4979334379 4621943.039576482
3050 7808 430458.2459376594 4621943.086027575
3782 7808 437782.3758247016 4621944.976328851
4392 7808 443877.3052185492 4621945.939718884
4636 7808 446316.90625943174 4621947.020273316
4758 7808 447539.01027793204 4621947.142384233
4880 7808 448758.7695985569 4621947.5533378525
5002 7808 449978.3763909606 4621948.41990665
5246 7808 452418.0271913124 4621947.456951149
5612 7808 456076.85075149237 4621946.815088598
5734 7808 457298.15863966354 4621946.980107251
5978 7808 459736.7601525741 4621951.709204701
6832 7808 468279.02325002576 4621947.874908885
7564 7808 475602.0129003613 4621951.476311886
8174 7808 481701.06295676867 4621947.784448615
8662 7808 486582.5410842368 4621951.635187123
9028 7808 490242.5586248094 4621951.180996218
9272 7808 492677.8692321199 4621952.24895702
9394 7808 493900.83508231665 4621951.82025246
10004 7808 499998.0862056787 4621953.264267068
10126 7808 501217.1783711052 4621955.355969322
10736 7808 507319.076284703 4621952.607181748
2806 7930 428017.83907479746 4620723.499341245
2928 7930 429238.33579794155 4620723.147904048
3050 7930 430460.7502952804 4620722.597611872
3172 7930 431682.0789318261 4620723.425935108
3660 7930 436557.3821112902 4620726.42289396
3782 7930 437782.3436331677 4620725.988054511
4026 7930 440216.77842806536 4620727.008034675
4270 7930 442657.28725235333 4620725.493452741
4514 7930 445097.8606173036 4620725.567282749
4880 7930 448762.56581231573 4620727.434082158
5002 7930 449977.30223288975 4620728.686231699
5246 7930 452419.0829821968 4620726.900234377
5368 7930 453637.2037671506 4620726.236246487
5490 7930 454858.3783395243 4620726.717861941
5612 7930 456076.27370964125 4620726.750530219
6222 7930 462183.59587076074 4620727.021106218
7442 7930 474381.1835823626 4620728.87747617
8418 7930 484141.6012297639 4620730.578301823
8784 7930 487797.95115025353 4620731.610374928
9150 7930 491458.79705730267 4620732.8305719
9638 7930 496339.1740277766 4620731.7263346715
10492 7930 504882.3025797764 4620736.764902405
2318 8052 423137.897051963 4619502.599082015
2440 8052 424361.67130716995 4619503.098566392
2562 8052 425581.7018083254 4619502.9803139
2684 8052 426802.0938194674 4619503.56499036
2806 8052 428021.43406763795 4619504.108042871
3050 8052 430461.69833535334 4619503.198218733
3172 8052 431678.78292899363 4619503.892720883
4148 8052 441437.63900848076 4619506.239832921
4758 8052 447538.5623672618 4619506.623226885
5002 8052 449978.4256647138 4619510.949999511
5124 8052 451202.7223657316 4619507.418851837
5368 8052 453641.79843321943 4619506.256801288
5490 8052 454857.265225762 4619507.257391659
5612 8052 456076.7872567277 4619512.574626358
6344 8052 463401.5105417462 4619508.099868327
6588 8052 465842.144898761 4619508.273723909
6832 8052 468283.60611227906 4619507.667860164
6954 8052 469502.3417193083 4619510.61971854
7076 8052 470721.4414823561 4619511.407847942
7198 8052 471941.5865006638 4619508.469125903
7320 8052 473161.1998185207 4619508.337801063
7442 8052 474383.0836610196 4619508.448910364
9516 8052 495118.4809553492 4619513.001121381
10004 8052 500002.44743267907 4619516.117394353
10126 8052 501219.11003157607 4619515.013483076
10736 8052 507321.3058545127 4619512.872521422
2684 8174 426798.92777017225 4618283.854139273
2806 8174 428020.71471687855 4618284.414996328
3050 8174 430461.44923287805 4618283.746309653
4026 8174 440215.56061852624 4618285.847558608
4148 8174 441436.9192211755 4618287.152149321
4392 8174 443877.7077436688 4618287.28885078
5002 8174 449976.3689876288 4618286.567346934
5368 8174 453637.5253713266 4618287.448992494
5734 8174 457296.73589132656 4618291.721098876
7442 8174 474383.2126313762 4618288.203119465
7686 8174 476821.4033176274 4618288.576767614
8052 8174 480478.10801056743 4618290.701625466
8540 8174 485357.5758742173 4618292.1489114575
9272 8174 492683.44534707814 4618295.20500545
2806 8296 428021.90493429534 4617062.612848352
2928 8296 429242.1006312861 4617063.923813925
3294 8296 432900.4075530954 4617064.353539357
3416 8296 434117.9093337057 4617066.774070928
4026 8296 440217.56403499073 4617067.576781069
5002 8296 449977.74296264746 4617068.062158425
5246 8296 452417.6613587797 4617071.483692572
5368 8296 453637.0590040855 4617067.854338734
5490 8296 454857.32183929725 4617068.495378244
5856 8296 458516.07513332955 4617067.787268091
6832 8296 468278.1948457543 4617069.001888478
7198 8296 471941.8079761593 4617067.827696663
7320 8296 473162.4270201318 4617069.482219639
7442 8296 474381.7235256227 4617068.559145298
7686 8296 476820.8942478839 4617069.542152762
7930 8296 479261.58492887515 4617069.059467256
8418 8296 484138.7351133366 4617068.765885266
3050 8418 430461.86414350703 4615843.853426765
3172 8418 431679.7843123118 4615845.587822344
3416 8418 434117.0498777741 4615845.354933738
4026 8418 440218.8751677617 4615846.014417299
4758 8418 447536.6109164098 4615846.29352056
4880 8418 448758.0427392398 4615847.474928786
5002 8418 449978.04209577496 4615846.89141999
5124 8418 451197.69440689543 4615847.607041474
5246 8418 452418.3437184601 4615847.744988965
5368 8418 453638.19826577196 4615847.430150344
7076 8418 470722.32092391537 4615848.137401629
7198 8418 471943.3215889224 4615848.603490152
7808 8418 478041.76241681183 4615849.141816719
7930 8418 479258.5961513174 4615850.4995662635
8052 8418 480482.262868335 4615849.508278938
9394 8418 493901.16875307163 4615855.877708146
10248 8418 502441.06043238303 4615853.284976005
10614 8418 506097.18751887995 4615855.369432527
4270 8540 442659.6150826153 4614623.785259518
4880 8540 448757.7841166068 4614626.930212803
5002 8540 449977.7120925416 4614628.768628278
5124 8540 451197.49855556374 4614626.87788091
5246 8540 452418.41646918387 4614628.424606143
5368 8540 453638.36280436546 4614626.82601883
5978 8540 459739.22803386964 4614627.478745811
6100 8540 460961.57513048657 4614627.206292722
6466 8540 464621.8496328819 4614626.573811302
7808 8540 478041.92347398476 4614629.244601346
7930 8540 479261.3524549141 4614631.751689751
8052 8540 480477.73478930927 4614631.566837936
8174 8540 481701.90075543406 4614628.982989388
8540 8540 485358.4584331602 4614632.860119574
9638 8540 496340.58461740304 4614635.594206237
10736 8540 507318.7793640613 4614636.535372351
10858 8540 508542.8046207872 4614635.87722964
2074 8662 420701.0419908877 4613403.030011473
3050 8662 430457.6267949101 4613403.704665367
3294 8662 432893.76944333327 4613403.673923858
5124 8662 451197.7144997187 4613412.233597318
5246 8662 452417.7654413629 4613407.932506956
5734 8662 457297.38082859915 4613412.509437543
6222 8662 462181.8105541697 4613408.295005807
6344 8662 463400.67441140075 4613410.638225317
7930 8662 479261.09595016757 4613409.180889985
8418 8662 484138.1539443084 4613412.413440536
8906 8662 489020.7767799187 4613415.705865193
9272 8662 492680.72123168467 4613415.070735828
9638 8662 496342.02975466015 4613415.061133569
9760 8662 497563.16407833784 4613412.35554519
9882 8662 498777.89253041963 4613412.994903312
10858 8662 508543.16475264565 4613415.57116588
1952 8784 419480.7515905879 4612183.615179868
2074 8784 420698.26629007596 4612182.885317214
2196 8784 421918.49795696256 4612182.484978378
2318 8784 423138.24682600686 4612183.14646314
5124 8784 451197.2484336696 4612188.117719145
5246 8784 452416.08505711105 4612188.604050023
5734 8784 457297.2371202651 4612186.340194927
6344 8784 463402.2914684639 4612188.04359437
7320 8784 473161.7009020638 4612188.196128353
7808 8784 478040.9077229346 4612191.976553774
9638 8784 496337.6353794429 4612192.442147879
9760 8784 497561.70254938817 4612192.71260943
10492 8784 504876.91917228687 4612195.494132271
1952 8906 419477.8873008699 4610963.185367277
3660 8906 436558.11504966713 4610966.64655691
5124 8906 451195.56485998636 4610966.429427083
5368 8906 453636.42585656594 4610967.46794328
5490 8906 454857.0355779049 4610967.392935085
7442 8906 474381.9496605352 4610968.497377074
8052 8906 480482.5080681249 4610975.079319688
8418 8906 484137.88135988126 4610971.271917014
10614 8906 506101.1535992407 4610975.931329055
1952 9028 419477.78801623045 4609743.287748014
2196 9028 421918.5832229895 4609743.101354695
3172 9028 431677.248781706 4609743.845836675
5124 9028 451196.66124902666 4609747.585688069
5368 9028 453637.41296282917 4609748.356438463
5490 9028 454857.004822388 4609748.348887489
5612 9028 456078.46732948424 4609751.79739509
6222 9028 462182.29417782574 4609748.339416916
7076 9028 470722.7826006943 4609751.856543702
9394 9028 493902.61223423 4609756.323432487
9760 9028 497560.31148142414 4609755.730347105
10248 9028 502440.92473864625 4609753.710290184
10492 9028 504877.4926974819 4609755.873699733
5002 9150 449976.1861351262 4608527.290478259
5124 9150 451196.7005795954 4608527.829005214
5612 9150 456081.2079833229 4608527.982292597
6466 9150 464617.4865338127 4608526.754443638
7198 9150 471941.92699307663 4608529.096149963
8540 9150 485357.40957488137 4608532.654781505
8662 9150 486582.20495523105 4608535.727571714
9272 9150 492681.81665382383 4608532.125030718
9516 9150 495122.1356069505 4608537.150544229
9638 9150 496338.2533239585 4608533.012068192
10004 9150 499999.3472401424 4608535.527625819
10492 9150 504878.67161846906 4608535.855390727
10858 9150 508537.3359665397 4608535.7150321
1952 9272 419478.9813348781 4607303.441286483
2196 9272 421920.5202209074 4607302.537308424
2318 9272 423138.29392690386 4607303.071092318
2440 9272 424359.08449587907 4607302.3181709405
5734 9272 457298.4926542241 4607309.080810659
6344 9272 463401.6093267795 4607307.7578886
6466 9272 464622.8355310151 4607311.21624738
7320 9272 473161.65693693806 4607307.701325008
8174 9272 481698.9549162995 4607312.543376598
8662 9272 486581.6208166811 4607316.273844427
9272 9272 492681.620508558 4607312.55583075
10248 9272 502441.2135963142 4607312.634065761
10492 9272 504882.1510966268 4607315.610464595
10614 9272 506102.273456402 4607316.082421529
2318 9394 423141.47164359345 4606082.454354532
5612 9394 456081.9230832259 4606088.782391227
5734 9394 457302.0052381915 4606091.541275468
6344 9394 463400.79142302304 4606089.84603484
6832 9394 468281.00292070606 4606088.935872665
8540 9394 485357.4566902262 4606091.653859548
8906 9394 489021.84185490024 4606093.263739495
9516 9394 495124.5737173689 4606095.543535471
10126 9394 501221.24974999385 4606095.861619775
10248 9394 502438.0198911641 4606095.566411313
1708 9516 417039.01269105164 4604862.396788343
1830 9516 418260.9087632533 4604864.199171882
4270 9516 442657.42180503596 4604866.95331293
5246 9516 452418.1048048243 4604866.874627372
5734 9516 457301.03125468426 4604868.043094057
5856 9516 458522.5855033041 4604867.855125543
6100 9516 460961.5174037802 4604872.542661783
6466 9516 464619.01423445845 4604868.072093644
6710 9516 467061.623073349 4604867.535190288
7076 9516 470722.86179797456 4604867.599497284
10126 9516 501221.76145049016 4604875.596478689
10370 9516 503662.78955007636 4604876.478756464
10492 9516 504879.5360466302 4604877.337001899
2196 9638 421916.23717768287 4603643.964678283
2684 9638 426801.1684644475 4603643.488916745
5246 9638 452415.8944850523 4603647.321803533
5978 9638 459741.74047764397 4603646.977859059
6100 9638 460962.04075444996 4603648.503764633
6466 9638 464621.8657057025 4603647.739132025
6710 9638 467061.50542590057 4603650.938015726
7564 9638 475602.3107153824 4603650.89507292
8052 9638 480475.8829959747 4603652.707199679
8174 9638 481702.635947693 4603655.472340922
8296 9638 482921.4153133409 4603653.439225589
8540 9638 485358.27333861595 4603653.462386121
9272 9638 492679.64550472976 4603655.274941255
9394 9638 493901.9241635529 4603655.237228892
9760 9638 497558.2225178871 4603652.82860196
9882 9638 498781.19521741755 4603655.618984877
10126 9638 501221.6366762018 4603655.672474802
10248 9638 502439.1543296762 4603652.636914499
2562 9760 425578.93531394977 4602425.541508944
4392 9760 443876.8027690157 4602427.04312644
4514 9760 445097.32854027336 4602427.1786675425
6100 9760 460962.5770654317 4602428.476860459
6588 9760 465842.296797212 4602428.232729955
6710 9760 467062.13493785757 4602428.965336774
6954 9760 469501.7780781918 4602429.513520285
7320 9760 473158.2796727773 4602431.12307588
7930 9760 479263.43751392164 4602429.553342702
8296 9760 482920.73737126216 4602432.030995508
8418 9760 484137.7074409312 4602431.733490722
9760 9760 497558.7906296893 4602435.631066203
9882 9760 498778.7339463239 4602435.555207015
10004 9760 499999.26989540976 4602436.014814793
10126 9760 501217.909521332 4602435.654933887
10248 9760 502437.3497594745 4602435.660180203
10614 9760 506102.25014820945 4602435.769124313
610 9882 406057.5289775139 4601202.7983105965
2440 9882 424361.1113997168 4601205.51865993
4270 9882 442657.47707166866 4601206.918807267
4392 9882 443877.4160159464 4601206.97794302
4514 9882 445097.2127601379 4601207.50321293
5734 9882 457300.895370468 4601208.39554075
6466 9882 464622.8861613605 4601208.119233373
6588 9882 465841.9623494767 4601209.533150277
6710 9882 467059.15488841734 4601208.727243376
7320 9882 473162.2959365298 4601210.136532693
7930 9882 479261.93143989216 4601208.091529034
8540 9882 485357.84954423015 4601211.847389256
8662 9882 486577.9873593612 4601212.127655849
9028 9882 490237.7038478087 4601212.446720376
9882 9882 498781.2077829617 4601215.48586879
10248 9882 502438.95085980115 4601216.366235565
10370 9882 503657.837817041 4601215.196218698
10492 9882 504884.3452221523 4601215.785565182
732 10004 407279.70719356864 4599981.87524382
1708 10004 417040.4192623278 4599982.295694943
2684 10004 426800.2910717599 4599983.40433318
3782 10004 437776.80400564655 4599986.611055349
3904 10004 438997.22163700825 4599986.251072337
4514 10004 445097.36458818323 4599988.037852392
4636 10004 446316.9404222794 4599988.164345191
4758 10004 447536.8681048938 4599987.0441406155
5246 10004 452417.2422033285 4599991.573505399
5612 10004 456077.4271696795 4599983.781025892
6344 10004 463402.4502353989 4599987.635466904
6588 10004 465843.4000316535 4599987.687350383
6832 10004 468282.04619180533 4599989.000876418
6954 10004 469501.76175809465 4599990.949939945
7686 10004 476822.9943635515 4599991.6653647665
8540 10004 485358.81539582234 4599989.373381697
9882 10004 498777.4139490875 4599995.143015081
10126 10004 501217.1227507516 4599995.508556907
10248 10004 502436.9205747225 4599995.472816169
10370 10004 503661.22763097094 4599995.575467741
10492 10004 504882.1798865692 4599995.82067861
10736 10004 507317.4209694541 4599994.672593243
10858 10004 508542.60320553114 4599995.006848452
732 10126 407278.0398597642 4598762.432503146
1586 10126 415817.7035275944 4598762.793242794
1952 10126 419477.19646854023 4598763.0666047605
2318 10126 423137.6028730794 4598761.857920801
4758 10126 447541.14098247583 4598767.723070633
5124 10126 451198.2944699884 4598768.785444074
5490 10126 454860.96767540975 4598766.99748585
5734 10126 457298.2393969817 4598767.4390638275
8540 10126 485358.66655136796 4598775.155990512
8784 10126 487797.3772641334 4598772.732054241
8906 10126 489021.11288213386 4598775.455365159
9760 10126 497558.08949472435 4598772.816299867
9882 10126 498777.08975471335 4598772.638913285
10248 10126 502441.35090506513 4598772.306630851
10370 10126 503659.2415970296 4598772.1979190605
0 10248 399957.04071234755 4597542.074010484
122 10248 401175.28807015275 4597538.636406806
610 10248 406059.1719163567 4597542.340069215
854 10248 408497.6610780193 4597542.881239364
976 10248 409718.43376712664 4597543.800737804
1708 10248 417037.8922947412 4597543.219577739
2196 10248 421917.78473481163 4597544.132696931
3660 10248 436558.3050727685 4597547.014334979
3904 10248 438998.0495953918 4597546.791565713
4026 10248 440216.77185358095 4597547.011465448
4148 10248 441436.48857085034 4597547.617773569
4636 10248 446316.61358186265 4597547.174657117
6222 10248 462182.31252411136 4597547.7070970945
6344 10248 463402.72186375456 4597548.18856892
7198 10248 471941.8582387724 4597548.988781391
8418 10248 484137.31041465874 4597553.447249504
8540 10248 485357.60146986233 4597553.167365044
8662 10248 486578.87184534565 4597552.665428159
8906 10248 489021.63806900964 4597553.560280765
9394 10248 493898.2013096423 4597553.209162034
9638 10248 496343.95798071026 4597553.204153755
9760 10248 497556.93037708045 4597555.1823188625
10126 10248 501218.4005066433 4597555.627350731
10492 10248 504882.69041734043 4597557.513799422
10736 10248 507323.29133500543 4597555.600940173
122 10370 401176.44906871184 4596321.748438724
244 10370 402397.6970995344 4596321.727006492
610 10370 406057.17602415965 4596323.2701762365
732 10370 407278.27712784277 4596322.809244442
976 10370 409718.905339295 4596323.179485873
1220 10370 412157.5535050319 4596323.5339228045
1830 10370 418258.7309234811 4596324.4271631725
2440 10370 424356.84266429365 4596323.496162786
2684 10370 426798.2772259918 4596323.952234757
4636 10370 446316.86571660015 4596328.03553912
4758 10370 447537.3780001411 4596328.066018295
4880 10370 448761.1550290136 4596328.553559954
5002 10370 449977.8608628034 4596327.570682476
5856 10370 458517.64994782314 4596327.106705239
7198 10370 471941.70853307325 4596333.428970016
7930 10370 479257.9964738254 4596332.622995314
8296 10370 482922.80671315547 4596335.332729323
8418 10370 484137.85439061996 4596333.31601736
8906 10370 489017.1730372282 4596335.024910948
9028 10370 490241.1438178731 4596335.523132957
9760 10370 497561.317144801 4596335.495222721
10126 10370 501221.30341120565 4596335.719055448
10248 10370 502441.8143328467 4596335.1780889295
10492 10370 504878.4179145342 4596334.595370473
10614 10370 506102.8924344927 4596335.219891601
10736 10370 507321.9705313518 4596336.125396918
10858 10370 508542.6315296001 4596335.212246733
0 10492 399956.1587948047 4595102.211270236
122 10492 401176.3956677687 4595101.7477286495
366 10492 403617.2422603435 4595102.043602811
732 10492 407277.7329176973 4595103.293778497
854 10492 408499.06101973477 4595102.895082093
976 10492 409718.9410136001 4595102.513103823
1098 10492 410937.67339207104 4595103.437098714
1220 10492 412158.7933423881 4595102.103849297
1342 10492 413378.5044475939 4595102.821686656
1586 10492 415817.9740789771 4595103.2170819575
1830 10492 418256.3273028086 4595103.552678587
4636 10492 446317.557958084 4595107.419941033
6100 10492 460961.8525328759 4595107.684650407
6344 10492 463401.43521972717 4595107.7007894255
6588 10492 465842.79048515245 4595107.92042914
7076 10492 470722.58981342474 4595112.21818482
8784 10492 487800.3351657671 4595116.0391918905
8906 10492 489017.57785802346 4595113.105181381
9028 10492 490238.4509757226 4595112.767851992
9150 10492 491457.5194859509 4595113.056800088
9272 10492 492676.0801728251 4595113.638807111
9394 10492 493897.8034548015 4595115.378021749
9638 10492 496339.01062451815 4595113.456993975
10126 10492 501218.3992026532 4595116.131766387
10248 10492 502439.9494941435 4595115.087927661
10736 10492 507324.55683175276 4595115.0903900545
10858 10492 508544.6014531803 4595115.101374641
122 10614 401176.5555356916 4593883.415258725
488 10614 404838.768586205 4593882.173649357
610 10614 406058.45137497544 4593881.195379645
732 10614 407279.6056827346 4593882.514258558
854 10614 408497.9769815627 4593882.519210181
976 10614 409718.85097396496 4593882.787177638
1098 10614 410937.3472536076 4593882.593745689
1220 10614 412156.39832595055 4593883.444696271
1586 10614 415818.0541610091 4593883.808290877
4514 10614 445096.92331538163 4593887.080173364
4636 10614 446317.0438741073 4593891.974435179
4758 10614 447537.4344764493 4593887.992138498
5002 10614 449975.57203062176 4593890.909875097
5124 10614 451197.2251501753 4593889.097187678
5734 10614 457301.883797632 4593888.167480753
6588 10614 465840.61356160167 4593890.632676521
7198 10614 471943.07477750996 4593888.37501919
7930 10614 479257.8462488735 4593888.265637343
8296 10614 482916.8974638171 4593890.998659484
8906 10614 489016.6593752476 4593892.028103367
9028 10614 490242.0431099935 4593895.051532487
9150 10614 491458.4605240159 4593893.373089777
9638 10614 496342.7321177616 4593895.102472789
10248 10614 502437.1543772239 4593896.273352243
10370 10614 503663.18043362064 4593895.19116176
10492 10614 504883.10037254 4593895.233586943
10858 10614 508542.7495585609 4593895.421932047
610 10736 406058.51945685147 4592661.852341706
732 10736 407278.25877739437 4592661.847169245
854 10736 408498.4719505142 4592662.077361704
1098 10736 410936.74343559187 4592662.827546099
1220 10736 412157.7599107331 4592662.925247286
1342 10736 413377.9500455638 4592662.779720424
1464 10736 414597.74998013297 4592664.024010768
1586 10736 415817.4893135876 4592663.840013136
4758 10736 447538.6911502178 4592668.605951489
5124 10736 451197.62564981973 4592669.005265904
5246 10736 452418.0619343984 4592669.005980278
5368 10736 453642.42686750146 4592670.257269694
5490 10736 454862.8395157493 4592668.205152999
5734 10736 457300.6927925909 4592667.806396706
6100 10736 460962.67312829656 4592670.855129937
6588 10736 465841.3971948309 4592670.411614942
6832 10736 468280.3079499034 4592671.3689126
6954 10736 469499.3144702267 4592669.385830191
8662 10736 486578.3471049442 4592672.152120453
9028 10736 490237.2446150934 4592672.6455391
9516 10736 495117.72152112995 4592675.100779992
9638 10736 496337.7522721012 4592672.715117353
10492 10736 504876.98468852695 4592676.477284946
10858 10736 508541.31481710373 4592672.735774024
610 10858 406058.24719540396 4591442.380197155
976 10858 409718.6440567959 4591441.827024259
1098 10858 410938.60721394105 4591443.416667319
1220 10858 412160.5176118815 4591441.087538233
1586 10858 415818.15972600423 4591443.030537797
1708 10858 417037.8335479686 4591443.84133608
5246 10858 452422.33251851035 4591447.135471714
5368 10858 453641.78103864606 4591447.387298261
5490 10858 454862.07909330627 4591448.202405183
5612 10858 456082.7039248907 4591447.797618765
5856 10858 458522.27732615214 4591448.640537684
5978 10858 459742.3556725512 4591447.560909473
6222 10858 462182.4260947832 4591448.362666769
6588 10858 465836.50325274543 4591447.908249494
6954 10858 469498.446733487 4591448.768206337
7930 10858 479258.09776646976 4591452.035254124
9272 10858 492677.8108073512 4591452.60750698
9516 10858 495118.61364364205 4591452.2237660745
9638 10858 496338.1183970421 4591453.332177143
10858 10858 508541.3776011422 4591453.809953738
10980 10858 509761.15709509177 4591453.338794704
1098 10980 410938.4066157586 4590222.615090197
1342 10980 413378.3284812444 4590223.5301021915
1586 10980 415818.7134115417 4590222.909307839
1708 10980 417038.1436227843 4590222.560545761
6588 10980 465841.98973373836 4590231.506531384
