3172 8662 731682.0912014272 5213423.816672612
2806 8906 728021.8977065656 5210981.877302177
2562 9028 725581.8370442189 5209758.363058424
2684 9028 726802.3610808875 5209761.334429271
2196 9150 721918.1036550506 5208543.103156471
2440 9150 724362.1488591215 5208538.724065029
2074 9394 720698.2051766175 5206101.895856914
2440 10126 724360.8770717945 5198778.791141074
2684 10248 726797.9784142892 5197562.131368562
2684 10370 726801.4795415633 5196342.187223947
2562 10614 725581.4527094794 5193900.9870001795
2196 10858 721921.7724146162 5191461.905188428
2318 10858 723141.3888278567 5191462.951734686
