10370 4636 503658.0081356796 4553662.490888545
10126 4758 501218.00585015037 4552442.424994137
10370 4758 503659.1230660585 4552441.687050462
10492 4758 504878.4124806396 4552441.5046927035
10126 4880 501218.1855328132 4551221.740987111
10004 5002 499998.626758052 4550001.809278195
10126 5002 501218.32227425487 4550002.196799896
10004 5124 499998.0181551009 4548782.295360402
10126 5124 501217.80779637414 4548781.574915546
9882 5246 498778.444635395 4547561.588192714
9760 5368 497558.08184077905 4546342.301668659
