7564 6222 475603.58112426795 4337824.741459236
7808 6222 478042.88717528863 4337824.728463089
7320 6344 473162.2987359993 4336606.555073874
7442 6344 474381.5045376889 4336604.4847800005
7564 6344 475602.1958565499 4336607.01384864
7686 6344 476821.53758281324 4336604.610175527
7442 6466 474381.7221550018 4335384.485151827
7564 6466 475601.61783954164 4335384.553079323
7686 6466 476821.893472347 4335384.315506881
7808 6466 478041.9217187016 4335384.247731383
6344 6588 463402.35911860026 4334163.531513582
6466 6588 464622.68700062553 4334164.778846322
7198 6588 471941.6656781438 4334164.5960346535
7320 6588 473162.0218670235 4334163.880457622
7442 6588 474382.6937549932 4334164.25772607
7564 6588 475601.2888531088 4334164.891613888
7686 6588 476821.1845751115 4334166.591330918
7808 6588 478043.43427096005 4334166.3290359145
7930 6588 479263.16807865794 4334164.399902156
6466 6710 464622.9412673065 4332944.59949661
6832 6710 468282.1294354482 4332944.306246659
6954 6710 469502.8243928892 4332946.343869529
7320 6710 473162.9592891418 4332944.610094835
7442 6710 474382.2019889072 4332943.966504414
7564 6710 475602.71002122835 4332944.759987017
7686 6710 476822.49416868 4332944.801670562
7808 6710 478042.054053033 4332946.4740616
6344 6832 463402.97680133116 4331724.784569056
6588 6832 465843.1162800399 4331724.436402955
6710 6832 467061.85057155334 4331724.121192597
6832 6832 468282.4446114645 4331724.889307877
6954 6832 469502.75235651084 4331724.612642794
7320 6832 473162.79781563085 4331724.547951081
7442 6832 474383.04551805375 4331724.449249431
7564 6832 475602.6414896828 4331726.140045299
7686 6832 476822.7830393703 4331724.922848136
7808 6832 478042.9506379494 4331724.609175623
6344 6954 463402.5772292158 4330504.514773098
6710 6954 467063.23672336934 4330504.485837291
6832 6954 468282.9156238401 4330506.179456077
6954 6954 469502.4145344146 4330504.918732258
7076 6954 470722.61671634944 4330506.6838641
7198 6954 471942.6786077174 4330504.443682785
7320 6954 473162.57296436967 4330503.497679291
7442 6954 474382.2820227566 4330506.7993696835
7686 6954 476822.2620341087 4330504.660035032
7808 6954 478041.6611088881 4330506.174701518
6100 7076 460962.2890173205 4329284.075970671
6222 7076 462183.04702119564 4329284.622321031
6710 7076 467063.21564468736 4329284.9554748405
6832 7076 468283.0315692975 4329284.626658148
6954 7076 469503.1205339796 4329284.301775851
7076 7076 470722.65348336456 4329284.906826315
7198 7076 471941.7469738076 4329286.023584404
7686 7076 476822.7330984951 4329284.790372682
7808 7076 478043.6227947647 4329284.391656694
5978 7198 459742.50785746373 4328064.701114306
6466 7198 464622.4262908211 4328064.257522847
6710 7198 467062.5121486068 4328064.445135172
6832 7198 468283.164986266 4328064.706079741
6954 7198 469502.6537489852 4328064.549272842
7198 7198 471942.5639895748 4328067.031128632
7320 7198 473162.2515742913 4328066.0608924255
7564 7198 475602.23422848014 4328064.861695277
7686 7198 476822.7362431865 4328064.806395592
5734 7320 457302.5236119481 4326843.670375309
6100 7320 460961.88575642445 4326844.373749472
6222 7320 462182.12490291486 4326843.402236678
6344 7320 463402.59543248126 4326844.359597308
6954 7320 469502.5580800942 4326844.905511376
7076 7320 470721.9598956862 4326844.681449559
7198 7320 471942.9378181133 4326844.444209054
7320 7320 473163.14327414415 4326844.796141666
7686 7320 476822.97044928983 4326844.435848356
5978 7442 459739.36762623576 4325624.7375821965
6344 7442 463402.48925253167 4325624.706923267
6466 7442 464622.9967718153 4325624.31552471
6588 7442 465842.57395501126 4325624.7179444665
6832 7442 468282.71793150867 4325624.745736388
7198 7442 471942.04298881284 4325624.3923399765
7320 7442 473162.13821639976 4325624.58301525
7442 7442 474381.9620396937 4325624.254245778
7564 7442 475602.8338586449 4325624.77317776
7686 7442 476823.63072445133 4325624.9674560325
6222 7564 462182.8981004737 4324404.777135933
6344 7564 463403.2433099127 4324404.879109963
6466 7564 464622.624995263 4324404.746414542
6710 7564 467062.1928390642 4324406.3040163
6832 7564 468282.449608285 4324406.149746903
6954 7564 469503.00870540144 4324404.6629424775
7076 7564 470722.8549403248 4324404.294744975
7198 7564 471943.01275334356 4324404.2612338085
7320 7564 473162.8261719398 4324404.705995332
7442 7564 474382.588566289 4324406.087996515
7564 7564 475602.2862027589 4324404.049862908
6466 7686 464622.3635472125 4323184.157455511
6588 7686 465843.00394078065 4323184.6550298575
6710 7686 467063.04965708224 4323184.712035998
6832 7686 468281.8105275568 4323184.838749053
6954 7686 469503.3197447966 4323184.7264233455
7076 7686 470722.45548043377 4323184.7859024275
7198 7686 471942.92260489933 4323184.488539141
7320 7686 473162.831790544 4323184.532412657
7442 7686 474382.8146621846 4323184.830460431
7564 7686 475603.8855390645 4323184.751561535
6344 7808 463402.80176313495 4321962.536891982
6466 7808 464621.6535784298 4321963.99158808
6588 7808 465843.1335593733 4321963.146215953
6954 7808 469502.78020500956 4321966.411427432
7076 7808 470723.3529462487 4321964.957278254
7198 7808 471942.33887450676 4321963.27787557
7320 7808 473163.12486838317 4321964.2671239935
7442 7808 474382.78571213444 4321964.398435283
7564 7808 475603.32546258764 4321964.8512224145
6466 7930 464621.4708808549 4320746.077037697
6710 7930 467062.20513302315 4320744.790340086
6954 7930 469503.0560659793 4320744.590872757
7076 7930 470723.23768504994 4320744.863822295
7198 7930 471943.56040708954 4320744.431869883
7320 7930 473162.93944686523 4320744.913143608
7442 7930 474381.672482697 4320744.475970859
7564 7930 475602.74172227917 4320743.784707234
6588 8052 465843.46863752784 4319524.715403518
6710 8052 467063.4463923821 4319524.348573435
6954 8052 469502.8663494716 4319524.683704885
7076 8052 470723.17341861833 4319524.619376773
7320 8052 473162.918151909 4319524.476218323
7442 8052 474382.81076160504 4319524.51799189
6344 8174 463403.09055086604 4318302.772351904
6710 8174 467062.61859578994 4318304.850927177
6954 8174 469503.23928515316 4318303.545035129
7076 8174 470722.5268916306 4318306.3885359485
7198 8174 471943.27420580405 4318304.6605881825
7320 8174 473163.13948789367 4318304.957691324
7442 8174 474382.649417752 4318304.9308969835
6344 8296 463403.26409846364 4317084.849874433
6466 8296 464623.40586430253 4317084.040893483
6832 8296 468282.2135805682 4317084.68517483
7076 8296 470723.287790309 4317084.743832576
7198 8296 471943.2304515696 4317084.196206827
7320 8296 473163.74429492094 4317084.567804014
7442 8296 474382.71958776633 4317084.675657692
6344 8418 463403.5093534365 4315864.583483509
6466 8418 464622.6389387602 4315864.698163138
6832 8418 468282.759117036 4315864.928052849
6954 8418 469502.84395871486 4315864.85646039
7076 8418 470722.1165399564 4315866.41374302
7198 8418 471942.1664661703 4315864.353848455
7320 8418 473161.65842949186 4315863.803984892
7442 8418 474383.7928288328 4315863.9860200975
6710 8540 467062.2915817237 4314644.957069212
6832 8540 468283.5312430194 4314644.906952368
6954 8540 469502.37590589566 4314644.649468643
7076 8540 470722.0786443191 4314644.490704134
7198 8540 471941.93283912906 4314644.591198134
7320 8540 473161.95853275876 4314644.864932732
6954 8662 469502.76391226024 4313424.734201482
7076 8662 470722.2264729403 4313424.026317427
7198 8662 471942.50478882104 4313426.2043495
7320 8662 473162.52086368116 4313424.83770895
6832 8906 468281.46911560476 4310983.387794107
6832 9028 468282.9804785887 4309764.370046261
6832 9150 468282.21975015645 4308545.664364004
6710 9272 467062.20025196247 4307324.083496794
6954 9272 469504.18930899334 4307324.698786631
6710 9394 467062.6893878893 4306104.815529674
6832 9394 468282.5767849813 4306106.279393663
6954 9394 469502.77136707277 4306104.5140731875
