122 5490 501196.7631499701 4645138.485480179
244 5490 502417.7502234258 4645138.835724521
122 5612 501197.42288092326 4643918.762548016
8784 5612 587817.3815223846 4643918.533655525
366 5734 503638.1419002086 4642697.706535543
488 5734 504858.2530371571 4642698.187649871
7808 5734 578058.5659459946 4642698.564053807
8052 5734 580498.2575417235 4642698.100033811
8296 5734 582938.4618998503 4642697.720977977
8784 5734 587819.2500605972 4642698.419752276
8906 5734 589038.082237634 4642697.895203699
9028 5734 590258.9363863701 4642699.132677821
610 5856 506079.0666604009 4641478.499431342
732 5856 507297.49149953405 4641477.900645041
5246 5856 552437.9897088367 4641476.840099436
7076 5856 570737.8696042671 4641478.896941384
7320 5856 573179.0273999737 4641478.298712596
7564 5856 575617.9878490337 4641478.230423098
7686 5856 576837.8811570746 4641478.651488499
7808 5856 578058.2858191631 4641478.225012294
7930 5856 579278.4901806855 4641478.8880955195
8052 5856 580500.9105282619 4641478.730485935
8296 5856 582938.6785260816 4641478.969109904
8540 5856 585377.7594250785 4641477.841848818
8662 5856 586598.7552352808 4641477.710814834
8784 5856 587818.7908583093 4641478.016858065
8906 5856 589037.9326830383 4641478.514534144
9028 5856 590258.3427099073 4641477.514284192
122 5978 501198.02132159204 4640257.807920825
732 5978 507298.12978727353 4640256.963624712
854 5978 508517.77708347316 4640258.39806928
1098 5978 510957.9986584875 4640258.916680075
1342 5978 513397.84585044405 4640257.883107671
1830 5978 518278.80949290335 4640258.956676517
1952 5978 519498.57557246543 4640258.114306712
2074 5978 520718.79457841255 4640258.281679862
2440 5978 524378.6461925202 4640259.1629401995
2562 5978 525598.7009737252 4640257.942338841
5002 5978 549997.4991425716 4640257.852211934
5124 5978 551216.8607513679 4640257.950833657
5246 5978 552437.115494707 4640257.629435073
5368 5978 553657.7861208976 4640258.404062715
6100 5978 560977.0555801014 4640256.777332401
6466 5978 564637.1863299856 4640257.959428641
6710 5978 567076.8416581802 4640260.229325132
7320 5978 573178.2641750483 4640257.562655389
7442 5978 574397.7694601316 4640259.013084714
7564 5978 575618.2093661637 4640258.050679602
7686 5978 576840.7334440916 4640258.393045978
7808 5978 578058.8753478185 4640257.857900364
7930 5978 579279.1889662376 4640258.588447291
8174 5978 581718.158484366 4640257.987753284
8662 5978 586598.5827843248 4640258.568962184
8906 5978 589038.1562805907 4640257.154007948
9272 5978 592698.1310320019 4640258.771725656
366 6100 503637.2416177674 4639037.695362885
610 6100 506077.7839627511 4639037.74514624
854 6100 508518.60982734564 4639039.213662656
976 6100 509738.1313289145 4639037.9701217
1220 6100 512177.75070334756 4639036.585866245
1342 6100 513397.0157879803 4639037.638878674
1830 6100 518278.65501624177 4639038.24857711
2196 6100 521938.9406675433 4639037.684844107
2318 6100 523157.7554832603 4639040.991857243
2806 6100 528037.7519763894 4639038.241078068
2928 6100 529259.1209303857 4639038.177874596
3782 6100 537797.2489126953 4639038.592135619
4758 6100 547559.9477353264 4639039.951695078
5124 6100 551218.2526700938 4639037.869612483
5246 6100 552437.6787445312 4639037.239190225
5490 6100 554876.8646443805 4639037.816165394
5612 6100 556098.2757935963 4639040.723270879
6954 6100 569517.6112519203 4639037.896506591
7198 6100 571956.8991334767 4639035.798638518
7320 6100 573177.8699415781 4639037.42085193
7442 6100 574398.6476420149 4639037.56575342
7564 6100 575618.0446114002 4639037.665681998
7686 6100 576838.2014070695 4639036.618498463
8052 6100 580498.3878556617 4639038.7383801835
8174 6100 581720.6125707952 4639038.20577631
8418 6100 584157.7749789165 4639037.429594424
8662 6100 586597.3024019642 4639037.97851882
8784 6100 587817.710855555 4639038.596427726
9150 6100 591478.0233987123 4639037.879977261
122 6222 501197.8616827155 4637818.5887683295
244 6222 502417.65715028474 4637820.772180177
366 6222 503637.9484796244 4637819.416715863
488 6222 504858.4474103954 4637818.573721771
854 6222 508517.55925153336 4637818.905662064
1342 6222 513397.5512920765 4637817.067541471
1464 6222 514617.39012515673 4637816.697848517
3538 6222 535359.4134189294 4637816.620463349
4514 6222 545119.1076784017 4637819.7829222875
5124 6222 551217.9110984947 4637818.017847325
5246 6222 552437.3799569859 4637817.932535959
5368 6222 553658.0154270898 4637816.778450082
5490 6222 554878.4006234898 4637818.503052354
5612 6222 556097.7283998281 4637818.277184062
6710 6222 567078.5748962776 4637818.055948365
6832 6222 568298.5090544947 4637817.40279952
6954 6222 569517.6409157573 4637817.449211461
7198 6222 571958.6703362991 4637816.974419747
7320 6222 573178.5218526714 4637817.480159427
7442 6222 574397.7874023684 4637817.561108472
7564 6222 575617.3825739136 4637818.0767244175
7686 6222 576837.3548541265 4637817.2459021285
8052 6222 580501.2214630515 4637817.625236815
8174 6222 581718.4814218949 4637817.370648038
8296 6222 582937.4802600419 4637818.344106509
8662 6222 586598.9348403715 4637817.912127327
9028 6222 590257.3671868367 4637818.785391458
9150 6222 591477.2502154551 4637817.852310389
9272 6222 592698.1008907547 4637818.204219006
244 6344 502417.5905459434 4636598.944379427
1098 6344 510957.6837381521 4636597.724266479
1220 6344 512176.07198306697 4636596.050081818
1586 6344 515838.27576646936 4636598.705738085
1708 6344 517059.1904841551 4636597.812071025
2196 6344 521937.1906593416 4636599.114637692
4148 6344 541458.1078579223 4636597.521369231
4514 6344 545118.2377893385 4636601.063911236
4880 6344 548777.3584236614 4636598.59279608
5124 6344 551217.5803999659 4636597.636330825
5246 6344 552437.8564211933 4636597.451309487
5368 6344 553657.508656034 4636597.14744484
5490 6344 554878.2269774638 4636597.924772925
6832 6344 568300.53117468 4636597.624621486
7076 6344 570738.3460858173 4636598.067248679
7198 6344 571957.8816457293 4636597.903769088
7320 6344 573177.538638838 4636597.899285101
7442 6344 574397.7052173004 4636597.350118774
7564 6344 575617.3604857211 4636597.551523966
7686 6344 576838.1882898271 4636597.624231575
7930 6344 579277.4717749762 4636597.630336823
8174 6344 581717.229911373 4636598.799483682
8296 6344 582937.9900923329 4636597.618406823
8662 6344 586596.870622112 4636597.210691636
8784 6344 587817.7228994353 4636597.194215933
8906 6344 589037.566292335 4636598.057381059
9028 6344 590257.973694412 4636598.531807434
9150 6344 591478.8762341059 4636599.279638593
9394 6344 593917.8142293573 4636599.723949369
9516 6344 595137.6253737432 4636598.430804985
488 6466 504857.14490429626 4635379.001212098
610 6466 506078.20900836465 4635378.501701909
1098 6466 510957.4532819495 4635380.8969967505
1342 6466 513398.37321960693 4635378.557280426
1464 6466 514617.301804829 4635377.513580751
1708 6466 517057.2457617774 4635377.678515794
1830 6466 518278.2701106056 4635377.084467081
2196 6466 521937.87044738216 4635378.635004226
2806 6466 528037.6101493242 4635377.748782555
4270 6466 542677.4791956306 4635377.877015017
4392 6466 543897.9520292319 4635377.590794618
4514 6466 545117.7882952438 4635378.1035192795
4636 6466 546337.3899957016 4635377.466453605
4758 6466 547557.3538682549 4635375.96606608
5002 6466 549998.1423773158 4635377.995486844
5124 6466 551218.961428922 4635377.920308598
5246 6466 552437.9718813561 4635378.087656944
5612 6466 556097.5870115624 4635377.9168407675
6710 6466 567077.0291088012 4635380.723713847
6832 6466 568299.3757144054 4635378.398663571
7076 6466 570738.6906742689 4635377.702787332
7198 6466 571960.7987526284 4635377.733799701
7320 6466 573178.3449620829 4635377.901919244
7686 6466 576836.8782293847 4635377.755882496
8052 6466 580497.8068755071 4635377.777234533
8174 6466 581718.9588698945 4635377.516986805
8296 6466 582937.6007093611 4635377.676474989
8540 6466 585376.423552826 4635377.839853857
8784 6466 587820.4664085549 4635378.197309439
8906 6466 589038.2839006605 4635378.714316316
9028 6466 590258.5242960125 4635378.667190144
122 6588 501198.35719820147 4634158.747377394
244 6588 502418.31992999726 4634158.36323642
610 6588 506078.8282201713 4634156.827415719
1220 6588 512176.4184443001 4634158.205081294
1342 6588 513397.50326570484 4634160.171999719
1464 6588 514617.58955920034 4634157.188918622
1830 6588 518278.19206973026 4634156.726227187
2196 6588 521937.3399422759 4634159.561778725
3904 6588 539018.846963733 4634157.154016475
4026 6588 540238.2608279781 4634157.203980899
4148 6588 541457.6963313704 4634157.284758478
4270 6588 542677.9715949707 4634158.146002099
4392 6588 543897.4813686816 4634157.540532716
4514 6588 545118.210574006 4634158.07837769
4636 6588 546338.0455152976 4634158.006644297
4758 6588 547557.6102712872 4634157.34786294
5002 6588 549997.9491491427 4634158.056795738
5124 6588 551218.02077734 4634158.479888826
5246 6588 552437.7244992838 4634158.12020992
5368 6588 553657.9621307985 4634157.694766049
5490 6588 554878.3306441316 4634157.336785196
5612 6588 556099.1130392199 4634157.6536959885
5734 6588 557318.2440817408 4634157.731576713
6710 6588 567078.1506705012 4634158.381980339
6954 6588 569518.4935054239 4634157.537738488
7076 6588 570738.4497925634 4634157.996897848
7686 6588 576837.6922645748 4634157.760407895
7808 6588 578057.8031554895 4634157.965712982
8052 6588 580497.5623458188 4634158.270228357
8174 6588 581716.85859971 4634157.901714998
8296 6588 582937.3719293417 4634156.366602124
8540 6588 585378.2667996492 4634157.387130962
8784 6588 587817.8863397103 4634158.119651901
8906 6588 589038.4388050978 4634158.157937672
9028 6588 590258.7539234974 4634158.468045392
9150 6588 591478.1801059342 4634158.12111386
9272 6588 592698.8619102724 4634158.219593103
9394 6588 593921.0463194135 4634158.888181897
122 6710 501198.00829897413 4632937.575911134
1220 6710 512177.9755542026 4632937.292595851
1342 6710 513398.01763113687 4632938.746899323
1464 6710 514617.73139316624 4632938.115190849
2074 6710 520717.87871230755 4632938.066907653
2196 6710 521938.17550210224 4632938.30813584
3904 6710 539017.7569927324 4632937.8460722715
4026 6710 540237.0415152226 4632937.7169408
4148 6710 541458.0012583167 4632937.475598818
4270 6710 542678.6932889395 4632937.233123119
4392 6710 543898.4587749497 4632937.412627086
4514 6710 545118.1980163681 4632937.405994204
4880 6710 548778.1896703984 4632938.026810289
5002 6710 549997.719876772 4632938.059608687
5124 6710 551217.4985619942 4632937.961296521
5246 6710 552437.4045611564 4632937.969758481
5368 6710 553658.0710078632 4632937.841499733
5490 6710 554877.702095113 4632937.562784001
5612 6710 556097.1473143578 4632937.328848037
5734 6710 557318.3060216372 4632937.896067462
5856 6710 558538.778747719 4632937.8296379
5978 6710 559758.1353353241 4632937.798397701
6100 6710 560978.1982622107 4632937.754320223
6344 6710 563418.174454442 4632938.213357645
6466 6710 564637.3881326976 4632938.621324668
6710 6710 567077.3308500573 4632938.16273256
7320 6710 573177.8146618928 4632937.720426039
7442 6710 574398.384552886 4632936.718652983
7564 6710 575620.8180003632 4632937.190101049
7930 6710 579280.9739233244 4632937.733996065
8052 6710 580498.0055307325 4632937.286062287
8174 6710 581718.2793237463 4632937.661841464
8418 6710 584158.1069345234 4632937.528904162
8662 6710 586597.6254636338 4632936.682773033
8784 6710 587818.0739240452 4632937.160186685
8906 6710 589036.9676503411 4632937.142361128
9150 6710 591477.6080879837 4632938.355931286
9272 6710 592698.530742273 4632938.172191087
9394 6710 593918.5147393579 4632937.873357026
9516 6710 595138.7984390878 4632941.44219324
9638 6710 596358.644716953 4632938.586641454
122 6832 501198.12188228016 4631717.848104064
244 6832 502417.1726191117 4631718.081813357
366 6832 503637.23870949965 4631719.690260524
854 6832 508516.47579043533 4631718.949467218
1098 6832 510957.8490818251 4631717.093105321
1342 6832 513398.60588613164 4631718.654667387
1586 6832 515838.4077506915 4631717.956208819
3416 6832 534137.4242939054 4631717.219756087
3782 6832 537797.4307243873 4631718.292291989
3904 6832 539017.7750939785 4631717.709636208
4148 6832 541457.6183298682 4631717.573755279
4270 6832 542677.8964433661 4631718.04482063
4392 6832 543897.1981465436 4631717.874929539
4514 6832 545117.0193404882 4631717.650984478
4880 6832 548778.0701029823 4631717.984507724
5002 6832 549997.7114238656 4631717.091195231
5124 6832 551217.12360413 4631717.1310006725
5246 6832 552437.1761478048 4631717.36728472
5368 6832 553658.2168739804 4631718.3887539515
5490 6832 554878.025029892 4631717.624794523
5612 6832 556097.5982577378 4631717.432656665
5734 6832 557317.1865688751 4631717.463462225
5856 6832 558537.6736841018 4631717.933810232
5978 6832 559757.786937054 4631717.411502495
6100 6832 560977.348645821 4631717.47687956
6588 6832 565857.1512695919 4631717.816090856
6710 6832 567076.597748522 4631717.643500515
6832 6832 568296.6698663811 4631717.992474227
6954 6832 569517.0454760648 4631717.014468324
7076 6832 570737.5758015777 4631717.055472029
7198 6832 571957.742261964 4631717.032522626
7320 6832 573177.4443844471 4631717.083314608
7442 6832 574397.5541406994 4631717.262544412
7564 6832 575616.7151363683 4631717.545978632
7930 6832 579278.1004001398 4631717.429528164
8296 6832 582937.8726561927 4631717.70126686
8540 6832 585377.7440456105 4631717.235323685
8906 6832 589038.1778699595 4631717.529696766
9028 6832 590258.3312759486 4631717.919544
9150 6832 591477.7039613114 4631717.762499802
9394 6832 593917.2215681722 4631718.181877053
9516 6832 595137.8061148669 4631718.078966565
9638 6832 596357.9873940456 4631718.008287661
9760 6832 597578.4179150874 4631721.05598421
366 6954 503637.99601699517 4630498.22212879
610 6954 506078.3332306556 4630498.503991344
1342 6954 513397.25385045 4630498.481262615
1830 6954 518276.7700243331 4630498.2214129055
2074 6954 520717.276051963 4630498.04100576
2440 6954 524377.5765516851 4630498.258585232
3782 6954 537798.1619172001 4630498.047808939
3904 6954 539017.696167374 4630498.476863835
4026 6954 540237.8739219368 4630498.336245818
4270 6954 542677.8745789689 4630497.740128106
4392 6954 543898.5101163399 4630497.881648925
4636 6954 546337.3194618593 4630497.148746241
4758 6954 547557.8928959304 4630498.064515491
4880 6954 548777.3214385769 4630497.64210381
5002 6954 549997.1776082551 4630497.221089267
5124 6954 551217.2402173735 4630497.112517194
5246 6954 552437.6949194092 4630497.134981062
5368 6954 553658.5742492476 4630497.763932848
5490 6954 554878.0199961241 4630497.604410188
5612 6954 556097.429483951 4630498.43399831
5734 6954 557317.5423840069 4630498.252693413
5856 6954 558537.8925576229 4630497.9688957995
5978 6954 559758.2878957605 4630497.774980932
6100 6954 560977.4835883139 4630497.469318768
6222 6954 562197.715133806 4630498.973577105
6466 6954 564639.0188380949 4630499.2367277155
6588 6954 565859.1263356926 4630498.790638226
6710 6954 567077.9250668031 4630498.870154009
6832 6954 568297.9003264788 4630498.186663465
6954 6954 569517.5617131765 4630498.474615205
7076 6954 570736.9988877197 4630497.772411794
7198 6954 571957.5757480252 4630497.152564311
7320 6954 573177.413287161 4630497.326609617
7564 6954 575618.3913219275 4630497.433626975
7930 6954 579277.1328052189 4630497.22441493
8174 6954 581717.8542817512 4630497.468859256
8540 6954 585377.909126563 4630497.077274761
8784 6954 587817.1600744675 4630496.933770583
8906 6954 589037.2542058524 4630496.310658224
9028 6954 590256.8445342432 4630497.073653336
9150 6954 591477.3282445886 4630497.577138684
9272 6954 592697.1926055022 4630498.380048952
9394 6954 593917.9001584392 4630498.05108149
9516 6954 595138.5297246743 4630498.075406152
9638 6954 596358.4389871798 4630497.555869747
244 7076 502418.34711975296 4629279.480011604
1342 7076 513397.5397874631 4629277.575657327
1464 7076 514618.52698576025 4629278.885140033
1830 7076 518277.67681195436 4629278.233119841
2562 7076 525598.470879416 4629278.732161853
2928 7076 529256.5555222894 4629277.79671269
3904 7076 539017.4011864925 4629278.841372989
4026 7076 540237.3272995576 4629278.360447133
4270 7076 542676.9474024809 4629277.99496716
4392 7076 543897.8111411638 4629278.066038166
4514 7076 545118.5011884761 4629278.092657659
4636 7076 546337.899941152 4629277.857423252
4758 7076 547557.9058303904 4629277.681188641
4880 7076 548777.8538185433 4629277.656095409
5002 7076 549998.0898314383 4629277.743007853
5124 7076 551217.8231871563 4629277.997952651
5246 7076 552438.4765584623 4629277.854096885
5490 7076 554877.3963203719 4629277.43286108
5612 7076 556097.3873863189 4629277.029888004
5734 7076 557317.4114543323 4629277.926752224
5856 7076 558538.1992683676 4629278.067062024
5978 7076 559757.781531249 4629276.861363154
6100 7076 560978.8184783562 4629278.486452848
6222 7076 562198.66696296 4629278.916259073
6344 7076 563418.1840263489 4629278.211750656
6588 7076 565858.6025962685 4629278.006523343
6710 7076 567078.6319890486 4629278.727231971
6954 7076 569518.9988902782 4629278.288706607
7076 7076 570739.0208392823 4629278.340258005
7198 7076 571957.7372935212 4629278.648134219
7320 7076 573177.5488417795 4629278.64151466
7442 7076 574397.1488297061 4629278.295857518
7564 7076 575617.4623348196 4629277.778280109
7686 7076 576837.8179603749 4629277.856293927
7930 7076 579277.1584342949 4629277.4102135245
8906 7076 589036.6555688321 4629277.192402706
9150 7076 591476.91781021 4629277.281038512
9272 7076 592697.6431822208 4629277.917439674
9394 7076 593917.855040719 4629277.960463854
9638 7076 596356.8479989379 4629277.821041865
9760 7076 597577.4877407982 4629277.987175464
9882 7076 598797.897931631 4629278.452910315
366 7198 503638.63531373587 4628056.539994031
488 7198 504858.08725331863 4628060.803584931
610 7198 506078.40694692876 4628059.349580743
854 7198 508517.77945202455 4628058.694423629
1220 7198 512177.23757827765 4628057.865933246
1342 7198 513398.2320325284 4628058.604484101
1464 7198 514618.00075430813 4628058.534442398
2074 7198 520718.8183881456 4628057.323215723
2440 7198 524378.1275143473 4628060.973232376
2684 7198 526819.0378129148 4628056.584109602
3050 7198 530479.0410730895 4628057.874439239
3172 7198 531697.4903959467 4628056.800220563
3416 7198 534137.2653868273 4628060.609366045
3660 7198 536578.6405125643 4628058.422682645
4026 7198 540238.0353262203 4628058.812826499
4148 7198 541457.965102754 4628058.490480047
4270 7198 542677.8070765941 4628057.897051056
4392 7198 543897.5377821454 4628057.759304692
4514 7198 545117.235408799 4628057.914243764
4758 7198 547557.122785962 4628057.50481559
4880 7198 548777.9891200996 4628057.613179981
5002 7198 549998.2471590234 4628057.9526374
5124 7198 551218.1167877292 4628057.99438008
5246 7198 552437.7528157966 4628057.217648167
5368 7198 553657.4569664896 4628057.703343308
5734 7198 557317.9155092958 4628057.761565849
5856 7198 558537.6583480863 4628058.372688509
5978 7198 559757.1953686646 4628057.335068009
6100 7198 560977.2723577303 4628058.4487426765
6222 7198 562198.9745464403 4628058.072411563
6344 7198 563418.5143546731 4628058.054737346
6588 7198 565858.0027346197 4628057.903959648
6710 7198 567078.2936817064 4628057.597268818
6832 7198 568298.3553005693 4628058.356257227
6954 7198 569518.6354141897 4628058.429142013
7076 7198 570738.3807288642 4628057.6000847835
7198 7198 571958.9995613126 4628058.468679489
7320 7198 573178.4377521577 4628058.6422667075
7442 7198 574398.4714710598 4628058.800826218
7564 7198 575618.9413439007 4628059.122376983
7686 7198 576838.0309831048 4628058.8937446335
7808 7198 578057.7612158749 4628057.915283847
9028 7198 590258.1977402606 4628057.403434373
9150 7198 591478.0025160515 4628057.608222559
9394 7198 593917.2704441648 4628057.753356036
9516 7198 595138.3116451467 4628057.481033407
9638 7198 596357.5727191493 4628058.005641734
9760 7198 597578.0381296307 4628058.075669609
9882 7198 598798.2661164547 4628058.109056383
244 7320 502417.89834178134 4626838.3213949585
488 7320 504858.45633481216 4626838.454304796
854 7320 508517.3383495049 4626838.601009907
1220 7320 512178.87128028704 4626837.662648078
1342 7320 513398.4526951052 4626837.06725245
1830 7320 518278.9526213585 4626838.063122752
2196 7320 521938.1683741081 4626839.543279342
3416 7320 534138.4153020259 4626838.397644929
4148 7320 541458.2559216033 4626838.204981944
4270 7320 542678.3266322259 4626838.28093896
4392 7320 543897.5172681275 4626837.803388251
4514 7320 545117.7592035832 4626838.102283766
4636 7320 546338.2491265463 4626838.673613123
4880 7320 548777.0138697666 4626838.098665626
5124 7320 551217.2620794466 4626837.763224447
5246 7320 552437.837428434 4626837.29211108
5368 7320 553657.8949927548 4626837.655942862
5490 7320 554877.7064770323 4626837.90187994
5734 7320 557317.6113629111 4626837.404660533
5856 7320 558537.8532500626 4626838.109765803
5978 7320 559757.4109078804 4626837.705357862
6100 7320 560978.3849319699 4626839.059654533
6222 7320 562198.8832242095 4626838.636048117
6344 7320 563418.7783974886 4626838.844154484
6832 7320 568298.8396590487 4626838.158611743
6954 7320 569518.3947007151 4626838.437954252
7076 7320 570737.8252751313 4626838.000395529
7320 7320 573178.2882440023 4626838.317643717
7442 7320 574397.9273797035 4626838.373375077
7564 7320 575618.2308874341 4626838.005775444
7686 7320 576839.0862373887 4626838.043091524
7930 7320 579278.3666323675 4626838.631178119
8174 7320 581718.3389748875 4626838.853436034
8906 7320 589037.2932579704 4626836.443616672
9150 7320 591477.3439251982 4626837.552218913
9272 7320 592697.755706701 4626837.675532283
9516 7320 595138.3214584286 4626837.950165923
9638 7320 596357.176588195 4626838.551441841
9760 7320 597577.3324868875 4626837.67135068
244 7442 502418.3599555858 4625618.633760414
1830 7442 518277.90655158873 4625618.27532366
1952 7442 519498.6071016728 4625617.939118691
3416 7442 534137.5462183552 4625621.078634518
4148 7442 541457.7533165134 4625618.461369736
4270 7442 542677.7237942596 4625618.56303804
4514 7442 545117.9333297405 4625618.389728277
4636 7442 546337.7386274405 4625618.214195779
4758 7442 547557.7023687834 4625617.9631574815
4880 7442 548777.8392701761 4625617.763817074
5002 7442 549997.3068593501 4625618.4338805685
5124 7442 551217.7353357002 4625618.017426784
5368 7442 553657.4080394448 4625617.65455229
5978 7442 559757.5990302438 4625618.019445982
6100 7442 560978.2076040088 4625618.747696736
6222 7442 562198.7812538346 4625618.408972197
6344 7442 563418.5895808737 4625618.439523724
6466 7442 564641.0700632974 4625618.169215682
6832 7442 568299.3474432593 4625618.168039998
6954 7442 569519.1136638211 4625618.763202354
7198 7442 571958.8521805019 4625618.33465901
7442 7442 574397.9314430591 4625617.996728908
7564 7442 575618.5993964961 4625617.617941357
7808 7442 578058.6597751409 4625617.920388456
8174 7442 581718.9375587667 4625618.008059822
8784 7442 587818.3168465716 4625617.861625452
8906 7442 589037.9623897448 4625618.354956056
9028 7442 590257.6513116211 4625617.812433742
9150 7442 591477.3450542348 4625617.562903542
9272 7442 592697.6737435627 4625617.6376266135
9394 7442 593917.8636077335 4625617.401287527
9516 7442 595138.1379255143 4625618.365254551
9638 7442 596357.3689417779 4625618.317212453
9760 7442 597578.0956341599 4625618.185826184
122 7564 501197.9954700916 4624398.317725833
610 7564 506078.0489590978 4624398.450533208
976 7564 509737.45957548957 4624396.839421401
1220 7564 512176.80459553195 4624397.423182441
1708 7564 517057.8492330494 4624397.367130976
1830 7564 518277.8200971894 4624397.808701285
2074 7564 520717.0747796829 4624397.600125047
2318 7564 523156.8727825749 4624397.190942365
2684 7564 526818.3152414297 4624398.377724324
3904 7564 539018.5251578987 4624400.236022786
4148 7564 541458.8179392673 4624399.096263563
4270 7564 542678.3969336421 4624398.729023324
4392 7564 543898.229547784 4624398.454291196
4514 7564 545117.9753454488 4624398.383395714
4636 7564 546337.3422578827 4624398.2859699465
4758 7564 547557.984566163 4624398.317113432
5490 7564 554877.9095330841 4624398.240877476
5978 7564 559758.0955005365 4624398.461613193
6100 7564 560977.860128573 4624398.225462375
6222 7564 562197.6475715365 4624398.204452211
6344 7564 563418.1228882342 4624398.507073208
6466 7564 564637.5824455537 4624398.554510711
6832 7564 568298.8454405075 4624398.407084797
6954 7564 569518.4759486573 4624398.119280857
7198 7564 571958.340758306 4624398.0239793155
7686 7564 576840.7650311614 4624397.276074847
8662 7564 586597.566623921 4624398.03011478
8784 7564 587818.6243239739 4624398.387523657
8906 7564 589037.2667589383 4624397.265794618
9028 7564 590257.1345425018 4624397.412091234
9150 7564 591477.7619210384 4624397.933719086
9272 7564 592697.5753552928 4624398.270622981
9394 7564 593917.562954746 4624398.17299506
9516 7564 595137.1797693763 4624397.80382556
9638 7564 596357.0988420633 4624397.841715362
122 7686 501197.4828129253 4623178.208324802
366 7686 503638.2432865142 4623180.368589284
854 7686 508516.27748456516 4623177.658134414
1586 7686 515837.50081714615 4623177.109661961
1952 7686 519497.906318183 4623178.4240960935
2074 7686 520718.0013365992 4623178.578843365
2318 7686 523157.22271919297 4623178.083401149
4148 7686 541458.7073301568 4623179.107606483
4270 7686 542677.8012719526 4623178.862845468
4392 7686 543897.5306858341 4623178.442680154
4514 7686 545117.6511208408 4623178.435759057
4758 7686 547558.180029794 4623178.386520008
4880 7686 548778.4833038917 4623178.166851571
5002 7686 549997.8989132014 4623178.158849444
5124 7686 551217.357903844 4623178.084973324
5246 7686 552437.29032465 4623178.371645126
6222 7686 562198.7119121912 4623177.843139998
6710 7686 567077.7350822345 4623178.2022181265
6832 7686 568297.8715338502 4623177.840633683
7076 7686 570738.3642145051 4623177.838861177
8662 7686 586597.6119672789 4623177.807946904
8784 7686 587818.1223202499 4623177.959047141
9028 7686 590257.2793165343 4623177.78874157
9150 7686 591478.0451835474 4623178.300192818
9272 7686 592697.9299974509 4623177.544311054
9394 7686 593917.3803479276 4623177.339203407
9516 7686 595137.1177501145 4623177.944542883
244 7808 502417.29255716957 4621958.807449106
1098 7808 510956.8104442973 4621958.144529913
1342 7808 513398.83348869445 4621957.720223466
1586 7808 515838.99133166147 4621958.465551954
1708 7808 517058.65390476154 4621959.317194119
1952 7808 519497.37776879355 4621957.6350068655
2196 7808 521937.4584307568 4621959.146718432
2318 7808 523156.67106666707 4621958.27125231
2440 7808 524378.2562640953 4621958.290283311
2928 7808 529257.1375509771 4621957.719296213
3294 7808 532916.6220883838 4621956.936579162
4392 7808 543897.7664648774 4621958.765870794
4514 7808 545117.6334524124 4621958.95219246
4636 7808 546338.1503414817 4621958.517322425
4758 7808 547557.5155109139 4621958.273763202
5002 7808 549997.6597386634 4621957.940806765
5124 7808 551218.7670269285 4621958.094332054
5246 7808 552438.8360040942 4621958.257157337
6832 7808 568297.6468488171 4621957.410865738
6954 7808 569517.9350010754 4621958.03232873
7076 7808 570737.8479083001 4621957.53798012
8418 7808 584158.5787977409 4621958.014256233
8540 7808 585378.4092303144 4621958.061848801
8662 7808 586598.4593478979 4621957.971685451
8784 7808 587818.0745745964 4621957.737295545
8906 7808 589037.5049481371 4621957.145693646
9150 7808 591477.2131098087 4621958.267242773
9272 7808 592698.2409208732 4621957.883387249
9394 7808 593917.6449146136 4621957.566652724
122 7930 501197.5489617532 4620736.844873472
244 7930 502417.1137799672 4620737.597247741
366 7930 503636.71582280204 4620737.4758232385
1098 7930 510957.8780619321 4620737.132563445
1342 7930 513397.0802690017 4620736.814997287
1464 7930 514618.4640004186 4620737.226672741
2562 7930 525597.3848576793 4620738.869723777
2928 7930 529258.197526125 4620740.837115603
3172 7930 531696.2150874157 4620737.311939771
3660 7930 536576.5446490658 4620737.090459246
4514 7930 545117.7374281745 4620741.227732617
4636 7930 546338.2529409183 4620738.392284572
4758 7930 547558.1205166191 4620738.586178868
4880 7930 548777.8963306491 4620738.547902628
5002 7930 549997.8245841365 4620738.267483027
5124 7930 551218.3555669726 4620738.196904404
5368 7930 553657.3607183844 4620738.159275382
6954 7930 569518.6116244532 4620738.136510475
8418 7930 584158.4852782063 4620738.033518935
8540 7930 585377.4523864768 4620738.007074778
8662 7930 586597.4270190161 4620737.570033849
8906 7930 589038.7286126798 4620737.926245649
9028 7930 590258.3991739941 4620738.270872924
9150 7930 591478.0067416538 4620738.227050305
9272 7930 592698.0733058464 4620737.632746273
122 8052 501198.2300858449 4619518.102910871
244 8052 502417.95601287443 4619518.289942914
488 8052 504858.86197716114 4619517.329071495
732 8052 507297.26868545613 4619518.082019464
976 8052 509737.1952220234 4619519.290443069
1342 8052 513396.9786649467 4619516.56304858
1464 8052 514617.42093536514 4619517.169923994
2196 8052 521937.43893200904 4619518.267123875
2440 8052 524377.2573979078 4619521.2062449055
2562 8052 525598.6700691935 4619518.519501848
2684 8052 526819.3531583666 4619517.666102916
3050 8052 530477.9957130952 4619518.083328039
3660 8052 536577.7402235984 4619517.569155104
4636 8052 546338.4396605841 4619518.256990483
4758 8052 547558.9799272709 4619518.459829339
4880 8052 548778.0572006521 4619518.741133199
5246 8052 552438.6367542874 4619518.406888218
5368 8052 553658.1786755649 4619518.721925777
8540 8052 585378.3356986225 4619518.006104755
8662 8052 586597.6479325076 4619518.199749306
8784 8052 587817.8841800196 4619517.775828375
1220 8174 512178.4872032649 4618299.247550158
1342 8174 513398.1980738107 4618298.66518143
1830 8174 518277.30996805645 4618298.346932973
1952 8174 519497.74932755687 4618299.101395347
2074 8174 520717.6969805597 4618298.769914111
2196 8174 521937.9033415318 4618297.139547102
2440 8174 524379.3365845638 4618297.870517222
3050 8174 530478.6757141834 4618297.169026809
3172 8174 531698.5164294888 4618297.376468185
3904 8174 539017.4215998009 4618300.620340821
4148 8174 541457.6449384919 4618298.157490189
4636 8174 546337.7417258301 4618299.210233852
4758 8174 547558.7615430313 4618298.956364392
5490 8174 554877.5852214129 4618298.602566251
5612 8174 556097.7605114271 4618298.556346957
5734 8174 557318.6549978999 4618298.522151113
6222 8174 562198.8049373984 4618298.8036868125
6832 8174 568298.4030540963 4618298.4291665405
7076 8174 570736.9590757213 4618297.831777958
7198 8174 571957.4412465671 4618298.0946626365
7320 8174 573178.0891305812 4618298.231778788
7442 8174 574398.4832079592 4618298.302963277
7564 8174 575618.3771580042 4618301.352035939
8174 8174 581718.376561924 4618298.048702914
8296 8174 582937.8481651021 4618297.522523463
8418 8174 584157.7995981249 4618298.081028264
8540 8174 585378.0228000418 4618298.188161873
8662 8174 586598.346581813 4618298.100371444
122 8296 501197.93010139803 4617078.1898494335
366 8296 503638.32252877613 4617076.644560542
488 8296 504858.6273759491 4617077.442269497
610 8296 506079.0637281755 4617078.060454834
1098 8296 510958.22908519296 4617077.514041507
1952 8296 519497.7240225275 4617077.482194244
2074 8296 520717.02723975654 4617077.703537579
2196 8296 521937.7209999883 4617077.594470722
2318 8296 523158.2018572573 4617078.234301309
2440 8296 524377.7956411717 4617077.854948088
2684 8296 526817.5119679155 4617077.593626541
3294 8296 532918.178488173 4617078.477684312
4270 8296 542677.8663305538 4617078.932601798
4392 8296 543897.136099258 4617078.201836325
4514 8296 545117.8376408967 4617077.768406521
4636 8296 546338.9823883085 4617077.960657465
4758 8296 547557.3822702807 4617078.183674058
5246 8296 552437.7526340864 4617078.596308353
5368 8296 553657.9797935281 4617080.981903845
5490 8296 554878.0491376291 4617078.772944353
5612 8296 556098.5240274274 4617078.426658984
6466 8296 564639.267208616 4617078.704706433
6588 8296 565858.7160182691 4617079.02862108
7198 8296 571958.9946034729 4617078.330830249
7320 8296 573178.1263602984 4617077.892100431
7442 8296 574397.3977749684 4617077.532224279
7564 8296 575616.8141581046 4617077.53691781
7930 8296 579278.4886429767 4617078.8265532255
8174 8296 581718.1627141121 4617078.629994427
8296 8296 582938.5607302715 4617078.321620901
244 8418 502417.7709381075 4615857.912869245
610 8418 506078.01141410647 4615858.063825103
976 8418 509737.34458213445 4615858.280708458
1098 8418 510957.7595086184 4615858.317939915
1952 8418 519497.2987669189 4615856.4885607725
2074 8418 520717.97676008445 4615856.311118979
2196 8418 521938.32369599765 4615857.093494054
3416 8418 534138.4008773258 4615858.557826975
3782 8418 537799.0534349396 4615857.879303573
4514 8418 545117.446076769 4615858.42964501
4636 8418 546337.8244789856 4615858.109092834
4758 8418 547557.4710885552 4615857.932334987
4880 8418 548777.6579729035 4615858.394679264
5002 8418 549997.7083259262 4615857.894727406
5124 8418 551217.954579852 4615857.811131107
5246 8418 552437.4175812637 4615858.767754967
5368 8418 553658.1573547996 4615858.860827921
5490 8418 554879.4964991051 4615858.439203244
5612 8418 556098.0943129254 4615858.317677318
5734 8418 557318.4648993716 4615858.606072803
5856 8418 558537.6967984672 4615858.811775732
6222 8418 562198.0959915647 4615858.46597972
6344 8418 563418.7546954465 4615858.620443331
6710 8418 567078.52374366 4615858.353333296
6832 8418 568298.1518520971 4615858.437717072
6954 8418 569518.6696976436 4615858.125540554
7076 8418 570738.2733711087 4615859.344578613
7198 8418 571958.4565477227 4615858.8599246135
7320 8418 573178.7114372357 4615858.489340874
7564 8418 575618.3426991618 4615858.288751647
7686 8418 576838.506299067 4615858.175710632
7808 8418 578058.2215512225 4615857.888581797
7930 8418 579278.3158341448 4615857.887513771
8052 8418 580497.2464054914 4615857.573017518
8174 8418 581717.3363840261 4615857.790995289
8296 8418 582938.6379748362 4615858.232124509
8418 8418 584157.8628197507 4615858.691719233
8662 8418 586597.2267115726 4615858.631451369
244 8540 502416.3397959651 4614637.548620363
610 8540 506077.93858070165 4614637.935499146
732 8540 507297.5301003722 4614638.565786787
854 8540 508517.06495003717 4614637.780634185
976 8540 509736.0679279132 4614637.138534251
1098 8540 510957.856840221 4614637.57440283
1342 8540 513397.7971046118 4614638.044955619
1464 8540 514618.089518986 4614637.585217043
1586 8540 515838.885506778 4614638.127401903
1708 8540 517058.1987685379 4614636.070054558
2074 8540 520717.786235297 4614637.782034683
2196 8540 521937.2610894251 4614636.225763724
2562 8540 525595.6223058351 4614637.698178849
2684 8540 526817.2405127856 4614637.334356343
2806 8540 528039.3064820063 4614637.12061066
3050 8540 530477.0103308794 4614637.286117252
3538 8540 535357.9559167037 4614638.648161784
3660 8540 536577.1570232421 4614638.139650707
4636 8540 546338.3077430801 4614638.333724649
5002 8540 549997.5019936875 4614638.249104188
5124 8540 551217.7834870544 4614637.632331097
5246 8540 552437.6491946847 4614637.8133920925
5368 8540 553657.520773002 4614638.028635356
5490 8540 554877.8706870654 4614638.118346272
5612 8540 556097.7438340266 4614637.947334191
5734 8540 557317.7627794264 4614640.969146055
5856 8540 558537.5214472706 4614638.371669278
6100 8540 560978.5163616077 4614637.904893884
6222 8540 562197.5650014477 4614638.341765975
6344 8540 563417.617386441 4614638.4734532125
6466 8540 564638.0882962332 4614638.636730889
6588 8540 565858.3240883818 4614638.305711461
6710 8540 567078.347047936 4614638.535015028
6832 8540 568298.7363809322 4614638.979992481
6954 8540 569518.4561462617 4614641.151008582
7076 8540 570737.5591849852 4614638.221209379
7320 8540 573178.8846821827 4614638.372711183
7442 8540 574398.8112621566 4614638.795022406
7564 8540 575618.5170659912 4614639.42329319
7808 8540 578057.9963023372 4614641.435459324
7930 8540 579277.8088646787 4614641.352129135
8052 8540 580498.6661843196 4614638.445358394
8418 8540 584157.5518609951 4614638.405425628
122 8662 501198.24617483816 4613419.071063925
1342 8662 513399.0426302515 4613418.425652973
1708 8662 517058.2142492364 4613416.746762547
1830 8662 518276.7338546603 4613417.314540558
2318 8662 523157.45879712945 4613418.6145250015
2440 8662 524378.6574417044 4613417.54689433
2684 8662 526817.7550500013 4613417.725775163
2806 8662 528037.5482149979 4613418.815279444
3904 8662 539017.341783677 4613418.179058984
4026 8662 540236.9451835664 4613418.143162526
4880 8662 548778.5063353452 4613418.197790993
5002 8662 549998.5788001241 4613418.542020956
5124 8662 551217.9772980255 4613418.037412077
5368 8662 553656.9946257132 4613418.219603724
5490 8662 554877.8124486038 4613417.942279884
5612 8662 556097.9023708848 4613418.221894105
5734 8662 557318.1500421739 4613418.991216016
6100 8662 560977.666388449 4613417.295658625
6222 8662 562196.8362680139 4613417.543932707
6344 8662 563417.3318140812 4613417.598499916
6466 8662 564637.5875760919 4613418.376349469
6710 8662 567077.4878052485 4613418.452251245
6954 8662 569517.7363240882 4613418.987130716
7076 8662 570738.4808239057 4613419.078384469
7198 8662 571958.9541607748 4613418.950271848
7442 8662 574397.5329262023 4613418.872433124
7564 8662 575617.8017313399 4613419.010702384
7686 8662 576838.8101951438 4613418.909351951
7808 8662 578058.9239496527 4613419.149912574
8052 8662 580498.3788701767 4613420.956248053
8174 8662 581718.4086535332 4613418.809517666
8296 8662 582939.350443903 4613418.417892552
122 8784 501198.08848724706 4612198.735966728
488 8784 504856.2518854692 4612200.872812235
610 8784 506077.46598424716 4612198.47668177
732 8784 507297.45528946037 4612198.021305286
1586 8784 515837.3968352196 4612198.075281
2074 8784 520719.10638932086 4612199.013772475
2196 8784 521939.4713920842 4612197.58427228
2684 8784 526817.9309521825 4612198.332278063
2806 8784 528038.8215323795 4612198.023785113
2928 8784 529257.3031515358 4612199.021638029
3172 8784 531696.5078653835 4612197.413987181
3660 8784 536579.5858300715 4612198.700709403
4392 8784 543898.445351206 4612197.385992267
4514 8784 545117.9313802567 4612199.00153141
5002 8784 549997.7097144054 4612198.460835826
5124 8784 551217.2314434563 4612198.0341987
5246 8784 552438.8319157066 4612198.329957524
5368 8784 553658.6506665448 4612198.213761011
5734 8784 557318.2758512972 4612197.804232484
5856 8784 558537.2705495064 4612196.97101044
6100 8784 560978.8588839744 4612198.880024108
6588 8784 565857.2090278364 4612197.185063667
6832 8784 568296.9258303824 4612198.139030626
6954 8784 569517.0726284375 4612198.650115712
7442 8784 574399.0743957865 4612198.004909148
7564 8784 575619.0581992555 4612199.283206524
7808 8784 578057.7248138238 4612198.233956546
8052 8784 580498.4581763447 4612197.798294701
610 8906 506077.81598009606 4610979.1031760005
854 8906 508517.3425095394 4610977.635387035
976 8906 509737.05299026956 4610977.149793577
1586 8906 515838.189864827 4610978.94693521
1708 8906 517057.6265428874 4610977.874734279
1952 8906 519497.8182790195 4610978.441670273
2196 8906 521936.90907726967 4610977.437862506
2318 8906 523157.18406691536 4610977.596051549
2440 8906 524377.1950206326 4610977.368411637
2562 8906 525598.7940641304 4610976.687751881
2806 8906 528037.3831446224 4610977.839520474
3172 8906 531697.5956396034 4610978.114252466
3538 8906 535358.4703896444 4610978.554528418
3904 8906 539018.5754222028 4610977.848362928
5124 8906 551218.1365555226 4610978.732660632
5246 8906 552438.409607957 4610978.450656967
5368 8906 553658.7098242354 4610978.861567807
5856 8906 558539.1176194426 4610978.00128565
5978 8906 559759.3656644537 4610978.244272828
6344 8906 563416.9799906672 4610977.339920839
6466 8906 564636.9346835592 4610977.999033944
6588 8906 565860.9919045926 4610978.00328573
6710 8906 567078.2392843121 4610978.462669798
6954 8906 569517.7391155104 4610977.073516535
7076 8906 570737.5562826616 4610981.0883307
7564 8906 575617.7394581871 4610977.835547397
7808 8906 578058.3595246895 4610977.813078319
244 9028 502418.16341141914 4609758.055155691
854 9028 508518.0267936927 4609757.419679146
2196 9028 521937.8936534269 4609757.944791779
2318 9028 523157.4309740224 4609756.138632847
2440 9028 524377.2658825375 4609756.423119278
2562 9028 525597.3180526948 4609757.394129194
2684 9028 526815.4452403587 4609757.055896297
3294 9028 532917.347461504 4609756.697636143
3538 9028 535357.6066625912 4609756.719403653
3660 9028 536577.713881715 4609757.914785947
5368 9028 553658.4901453864 4609761.286864235
5490 9028 554878.1693086822 4609759.174530639
5612 9028 556097.8993096309 4609758.878727781
6100 9028 560978.6309724879 4609758.361192808
7198 9028 571960.8719143594 4609758.044510095
244 9150 502418.8298436312 4608539.421119941
488 9150 504857.24278120307 4608537.366152767
610 9150 506077.0308126231 4608538.46415537
1098 9150 510956.88680254656 4608537.554060761
1464 9150 514618.41579884896 4608536.697707151
2196 9150 521938.2453567931 4608538.222230511
2318 9150 523157.1612677105 4608537.76331451
2684 9150 526817.0898342682 4608537.940876444
2928 9150 529257.6279712257 4608540.895500877
3538 9150 535357.2834013745 4608536.331400568
5490 9150 554878.5674606445 4608538.167049829
5612 9150 556097.2634880492 4608538.821495986
6100 9150 560977.8986870872 4608537.5700146565
6344 9150 563418.2429920505 4608537.743288764
6466 9150 564637.9768261916 4608537.350937639
6710 9150 567078.1705694115 4608538.3054117365
6832 9150 568298.3871120757 4608537.811242937
6954 9150 569518.0397661966 4608538.347412242
7198 9150 571957.0595055597 4608538.625777083
7320 9150 573177.4717840005 4608537.127533746
122 9272 501198.66952319286 4607317.849314617
244 9272 502418.7620079228 4607318.405603151
366 9272 503638.2534667001 4607318.604097025
1464 9272 514617.25724654057 4607318.2240198385
1952 9272 519497.3672432942 4607316.764510172
2318 9272 523158.4676913191 4607318.30578758
2440 9272 524376.3295078271 4607316.110877416
2562 9272 525600.4431849935 4607318.005690444
2684 9272 526818.9544379363 4607317.355191029
4880 9272 548776.6312722128 4607318.286483556
5734 9272 557318.4993093448 4607318.049067044
5856 9272 558538.5643801233 4607317.738837241
5978 9272 559757.5994186179 4607317.3742585005
6100 9272 560978.216921712 4607317.461080303
6466 9272 564640.8451055614 4607319.78533997
7076 9272 570737.4515547683 4607318.738076344
7198 9272 571957.9983683752 4607321.365247462
7320 9272 573178.9054777068 4607318.240846843
122 9394 501198.0726536168 4606098.439301418
244 9394 502417.571157439 4606097.268695444
366 9394 503636.4200330356 4606097.067827023
732 9394 507297.55600326206 4606098.083562009
854 9394 508518.45473458053 4606099.062684232
3904 9394 539018.0404347361 4606097.84505933
4880 9394 548778.2374626335 4606097.784107337
5856 9394 558538.0821090213 4606097.788856394
6100 9394 560980.7314483334 4606097.829898422
6344 9394 563418.8972756963 4606097.907347037
7198 9394 571961.0405310796 4606098.586809943
366 9516 503637.8940370058 4604879.290720343
488 9516 504858.6148459479 4604880.304546309
610 9516 506077.6196863817 4604878.581540346
732 9516 507297.39800460235 4604877.785195302
854 9516 508517.92647694965 4604878.226719204
2928 9516 529256.9105753948 4604877.950964088
4270 9516 542678.0520167301 4604881.245083175
5490 9516 554878.8648431154 4604878.980580609
5612 9516 556098.0806693358 4604878.300245541
5978 9516 559758.0731372996 4604876.645047011
6588 9516 565859.4201935503 4604876.08543539
6710 9516 567077.9235074092 4604877.100771608
6832 9516 568296.9866974504 4604878.432377071
7076 9516 570738.4144400675 4604881.201392387
7198 9516 571957.1079664553 4604878.714876695
122 9638 501199.21516177536 4603658.417346081
244 9638 502418.67910492304 4603658.780921763
366 9638 503638.1171701941 4603658.012131944
732 9638 507297.72645222576 4603658.025215801
976 9638 509737.6362337083 4603656.848713605
1830 9638 518277.3877670567 4603659.322717462
4880 9638 548777.4147746047 4603658.622069876
5368 9638 553656.3931605672 4603661.0858026575
5734 9638 557319.5050773527 4603657.47191841
6222 9638 562196.9480453269 4603657.4384813225
6466 9638 564637.8518330083 4603657.756250884
7076 9638 570737.9692177628 4603657.650893021
7198 9638 571958.2404330185 4603658.103476895
122 9760 501199.0572759823 4602438.694959421
244 9760 502418.9832668206 4602439.083865064
366 9760 503638.7836526582 4602438.574701994
610 9760 506077.56190456485 4602438.015604249
732 9760 507297.59453634097 4602438.483315553
976 9760 509737.57700004557 4602438.14748975
1098 9760 510959.0097150203 4602437.685885897
1220 9760 512177.6631275841 4602438.284893062
1342 9760 513396.72276984324 4602437.153833318
1464 9760 514617.3617844268 4602437.074047228
3294 9760 532918.259958927 4602439.000057944
4026 9760 540236.8168672565 4602438.202310047
4148 9760 541457.2428949182 4602441.475670131
4392 9760 543896.446615366 4602440.739347049
5978 9760 559758.6880054389 4602438.382620931
6588 9760 565856.7052328745 4602439.13849367
6710 9760 567078.2241911533 4602438.664206711
6832 9760 568297.0330095318 4602438.01305531
6954 9760 569517.4877476173 4602437.603830182
7198 9760 571958.3939524728 4602438.691440014
7320 9760 573180.333931847 4602439.7497336175
122 9882 501197.5162894401 4601217.320172652
244 9882 502417.8316647702 4601217.868752598
488 9882 504858.87010045134 4601218.378643693
610 9882 506077.92017548595 4601218.92365636
854 9882 508516.97980777506 4601217.557284395
976 9882 509737.89569626225 4601217.76332243
1098 9882 510957.5888864809 4601218.517333714
1220 9882 512177.2021339673 4601218.479369739
2806 9882 528037.1486337397 4601221.070082147
2928 9882 529257.7291602537 4601217.586495058
4148 9882 541456.4182993055 4601220.848772712
5002 9882 549998.8206985497 4601217.749473371
5978 9882 559757.7978163771 4601217.054953716
6100 9882 560977.4285101355 4601216.803710796
6466 9882 564638.3011663975 4601217.756836085
122 10004 501197.5889922792 4599997.311753592
244 10004 502416.845754419 4599996.499783342
366 10004 503637.01927314413 4599996.39010608
488 10004 504857.5893374886 4599998.176042663
610 10004 506078.11841537524 4599998.166504916
732 10004 507299.3130781184 4599997.413123408
976 10004 509738.56920830364 4599997.983531767
1220 10004 512177.85505352257 4599998.4144633
2562 10004 525596.2273643485 4599996.381025544
3660 10004 536578.723843821 4599997.60737287
5002 10004 549996.3367439283 4599998.168715363
5734 10004 557317.0161620277 4599997.18835805
7076 10004 570739.9980931291 4600000.00274001
7198 10004 571959.9963800095 4599999.993343728
7442 10004 574400.0508027922 4599999.965157609
122 10126 501197.8158959687 4598779.439147565
244 10126 502418.67392144934 4598781.094358466
366 10126 503638.76110462786 4598777.821426456
488 10126 504857.6227242962 4598777.805983825
732 10126 507297.9641425405 4598777.23247348
854 10126 508517.7970125664 4598777.536046627
1098 10126 510956.6557471363 4598777.870142706
1464 10126 514617.0224891258 4598777.953283624
2562 10126 525597.1642474867 4598777.811277094
2684 10126 526818.0281823208 4598777.522430484
2928 10126 529257.0860690981 4598777.118024273
3416 10126 534137.9151190353 4598776.217995442
5490 10126 554878.8226786166 4598778.569554988
6100 10126 560976.6495920719 4598777.082163903
6222 10126 562197.7881015353 4598777.670344003
122 10248 501198.29051682376 4597557.587677697
366 10248 503637.2746673931 4597557.603005278
854 10248 508517.709631771 4597557.288415027
976 10248 509737.64142637106 4597557.417771699
1464 10248 514617.14863651607 4597558.81912588
1586 10248 515836.5655522499 4597557.309136636
2562 10248 525597.3968249289 4597557.439735197
4026 10248 540237.4096272762 4597558.187870729
5002 10248 549997.6670055222 4597558.030216403
5368 10248 553657.2241769489 4597560.815945379
5856 10248 558537.2964486699 4597557.618309681
7442 10248 574398.0448275959 4597561.611493254
122 10370 501197.88043095457 4596338.209388471
244 10370 502417.5254887261 4596337.878951217
488 10370 504857.5947401723 4596338.3112004595
610 10370 506078.30464541 4596338.057638523
732 10370 507297.9467038744 4596337.090820557
854 10370 508518.8824996301 4596337.903561372
976 10370 509737.5019114415 4596337.169718557
1220 10370 512176.1606946915 4596335.960628465
1586 10370 515836.20135015337 4596336.531997052
2562 10370 525596.6821656927 4596337.401867442
2684 10370 526818.0470966497 4596337.208985156
3782 10370 537797.9909416176 4596338.897490696
5002 10370 549997.7826708903 4596337.369233664
5978 10370 559758.5563788564 4596337.740226019
6222 10370 562197.3825256232 4596337.614135084
7320 10370 573177.975404402 4596340.98874408
7564 10370 575617.7254501638 4596337.366927408
122 10492 501198.2692120603 4595119.045600039
244 10492 502418.0862636501 4595118.409791373
366 10492 503638.13999384706 4595118.2018424105
488 10492 504857.37548730656 4595117.414719822
610 10492 506077.4766918258 4595117.238877678
732 10492 507297.8823003423 4595118.224996706
854 10492 508518.8972715809 4595118.10656201
2318 10492 523158.15065689886 4595117.403711328
2440 10492 524378.922916539 4595116.375237305
3050 10492 530479.0657010761 4595117.512486891
3416 10492 534136.3579648214 4595121.031401122
3538 10492 535357.9258057352 4595121.661567247
5368 10492 553660.642491956 4595118.324964889
5856 10492 558537.446927095 4595121.632208465
6344 10492 563417.5302507519 4595119.148081331
6466 10492 564637.3929939254 4595118.645837939
7320 10492 573178.0568133174 4595118.428530992
122 10614 501197.4127770115 4593897.866704424
366 10614 503637.8081970805 4593898.720878526
488 10614 504858.0811211061 4593897.965856439
610 10614 506077.580137369 4593897.338011002
732 10614 507298.00936616247 4593897.450074194
854 10614 508517.97069393256 4593897.381902715
976 10614 509737.27597878897 4593898.294883424
1098 10614 510958.29314081406 4593897.527854992
1342 10614 513397.5500582285 4593897.107744781
2196 10614 521938.28387454664 4593897.44811438
4636 10614 546338.2774896383 4593900.773193813
6710 10614 567076.6817406421 4593897.470199877
7076 10614 570737.6315213202 4593897.7723327875
7564 10614 575617.0785804729 4593901.5190826235
122 10736 501197.3407989539 4592678.753655177
244 10736 502417.7675610992 4592677.081489744
366 10736 503637.6984823389 4592678.346209994
610 10736 506077.4352033866 4592677.268269608
732 10736 507298.1475806499 4592677.426978516
854 10736 508518.89677373134 4592677.350520505
976 10736 509738.1384898287 4592677.512894907
1098 10736 510957.7074581628 4592677.698422451
1220 10736 512176.64482543967 4592677.916585791
1464 10736 514618.66546740034 4592677.464155427
1830 10736 518277.9462587735 4592676.983023297
3294 10736 532918.0774191648 4592678.770487282
3416 10736 534137.0958722662 4592676.829783674
3782 10736 537798.6651673642 4592677.500990928
4514 10736 545118.5606977527 4592677.241048211
4758 10736 547556.6756320251 4592680.817466177
6710 10736 567077.6004085419 4592678.335032867
122 10858 501197.7924338832 4591458.058038919
610 10858 506077.4131196847 4591457.595867381
976 10858 509737.7609961472 4591457.81781874
1098 10858 510957.2633834365 4591458.798152589
1220 10858 512177.42168623745 4591457.650764461
1464 10858 514617.6464696432 4591458.085218217
2196 10858 521938.6498306035 4591457.561450119
2318 10858 523157.6625078964 4591457.64382628
3660 10858 536576.7817763102 4591457.805735492
4636 10858 546337.3453845484 4591457.796487458
5124 10858 551217.5983444997 4591458.774991328
5490 10858 554878.244081588 4591458.647200215
6954 10858 569516.3831949495 4591457.890871368
7808 10858 578058.3948943261 4591459.322057066
1098 10980 510958.202487843 4590237.725427683
