488 2928 509738.6102689317 4641477.8501234315
427 2989 508518.55704287393 4640257.929805159
732 2989 514616.22445024014 4640254.07264494
854 2989 517058.55375687993 4640261.26871626
915 2989 518278.51495695044 4640258.1997239515
976 2989 519497.7713579122 4640257.723962978
1037 2989 520718.1731463059 4640257.8807580955
1098 2989 521937.7935220926 4640256.800895495
1281 2989 525598.5767159683 4640257.285692287
427 3050 508518.0979383527 4639039.124750118
488 3050 509738.3404972105 4639038.592021175
793 3050 515841.4521368522 4639038.516421913
1098 3050 521936.8674944144 4639037.897453329
549 3111 510957.82354900806 4637820.38079802
610 3111 512178.2353819812 4637816.793936288
732 3111 514617.618992681 4637817.436691776
793 3111 515838.0169573417 4637817.987124254
854 3111 517057.83941877645 4637821.994035217
732 3172 514618.11627164466 4636598.083266704
793 3172 515838.4698100291 4636598.730935003
854 3172 517060.6101328312 4636597.503266904
793 3233 515841.70244646264 4635377.440935005
1098 3233 521940.44052082754 4635377.961810686
732 3355 514618.4476741815 4632938.124301824
610 3416 512178.9310215022 4631718.170981518
610 3599 512178.25696229516 4628058.989865452
