5124 5612 451197.59325541893 5143898.388187079
5612 5612 456077.3655401421 5143898.745401077
5246 5734 452418.3444544168 5142678.245288788
5490 5734 454857.45885126636 5142678.376565406
5734 5734 457297.6889552617 5142678.736747021
5368 5978 453637.0544676041 5140241.22583196
5490 5978 454857.84935704485 5140237.861912657
5612 5978 456077.6259005778 5140238.418031124
5734 5978 457296.9486407 5140238.870429653
5490 6222 454857.74305815663 5137797.364512284
5612 6222 456077.061037385 5137797.93855104
5734 6222 457297.5173366822 5137798.349616062
5246 6344 452417.45522663003 5136578.732116941
5490 6344 454857.93397562334 5136577.01946341
4758 6466 447538.3558312053 5135359.031689493
5490 6466 454862.98370813904 5135358.227945434
5856 6466 458518.0192438652 5135358.502860161
5490 6588 454857.0022413111 5134137.495947328
5612 6588 456081.28500104375 5134137.297129033
4514 6710 445097.34798182436 5132921.670009175
4636 6710 446317.9633685587 5132917.835115667
4758 6710 447537.8277448025 5132917.875475687
5124 6710 451202.7839801233 5132918.504145207
5246 6710 452417.40981701063 5132917.792055614
5368 6710 453642.9174126172 5132922.9530494595
5490 6710 454856.0021426406 5132918.791361438
4636 6832 446316.7804888976 5131702.131289658
5124 6832 451197.2631184033 5131698.277280304
5246 6832 452416.78287312336 5131697.529388929
4514 6954 445097.34416688833 5130482.3489543935
4636 6954 446317.54846398043 5130478.082636066
5124 6954 451197.69864365883 5130478.084067363
5246 6954 452416.3688988831 5130478.351749439
5490 6954 454857.8011652046 5130482.158778417
5734 6954 457301.9240677102 5130478.224557784
4270 7076 442657.0280601519 5129261.937539108
4392 7076 443875.90137883136 5129261.950051404
4514 7076 445097.94424414827 5129261.149053765
4636 7076 446317.0469041922 5129261.486488514
4880 7076 448756.55485144496 5129258.717427971
4026 7198 440217.0518720743 5128041.460684299
4148 7198 441436.71882865886 5128041.665304027
4270 7198 442656.5524724783 5128042.025290665
4514 7198 445097.03512198816 5128041.365119741
4636 7198 446318.4682725009 5128038.9640956735
4758 7198 447538.34335107595 5128038.423368015
5002 7198 449983.84654711717 5128037.895871634
5124 7198 451199.17856501375 5128040.169278536
4270 7320 442656.67524524237 5126821.89573784
4514 7320 445103.034276646 5126817.646539431
4758 7320 447537.28649858106 5126821.393542543
5002 7320 449975.93089938036 5126817.54019238
5124 7320 451198.4781641319 5126818.351401244
3660 7442 436557.95153000386 5125598.594556567
4392 7442 443876.51447814767 5125601.606387437
4514 7442 445097.63809882995 5125601.644172796
4636 7442 446318.0979467202 5125597.885324474
5612 7442 456078.66504143545 5125597.800572033
3294 7564 432897.7733857827 5124378.899243125
3416 7564 434117.8252916999 5124378.242833948
3538 7564 435337.2412425276 5124381.492907911
4514 7564 445096.58147139027 5124382.91812502
4636 7564 446317.2019369382 5124378.402127775
4758 7564 447542.4499131728 5124379.098457271
4880 7564 448758.95620280015 5124378.329768449
5490 7564 454858.20900583494 5124377.889093765
3416 7686 434117.5776041032 5123161.57557702
4026 7686 440223.49765924644 5123158.163159399
4758 7686 447536.98824551096 5123158.894021924
3416 7808 434117.14884263446 5121938.51635939
3538 7808 435337.25494537957 5121938.501162354
3904 7808 439001.9184737855 5121938.195979323
4514 7808 445097.0109480037 5121941.875858092
4636 7808 446315.5696301147 5121941.555000036
4758 7808 447538.02554640855 5121937.946553679
5002 7808 449977.35298811644 5121938.478678403
3782 7930 437777.740613243 5120718.065328249
4270 7930 442658.47696483386 5120718.645902483
4514 7930 445103.2888716772 5120718.298570423
5246 7930 452422.1302217146 5120718.241315106
5368 7930 453637.7975491116 5120718.069288739
3782 8052 437777.376644614 5119498.252596351
3904 8052 438996.4022986853 5119498.340490261
4270 8052 442657.59427876276 5119501.495525227
4392 8052 443878.01227013965 5119498.281151233
4514 8052 445103.8521485552 5119501.135252665
4636 8052 446317.4106188136 5119501.122891956
4758 8052 447537.98107903724 5119501.316802975
5246 8052 452422.74449656025 5119499.158796264
3416 8174 434117.7917169767 5118278.871400691
3904 8174 439002.1736198257 5118278.242161723
4026 8174 440217.9111656542 5118278.323942932
4148 8174 441436.74168497755 5118281.591575571
4270 8174 442656.7548233032 5118278.488743839
4636 8174 446315.7867906983 5118281.780255768
5124 8174 451203.0281717304 5118278.244179171
5246 8174 452417.9216915146 5118278.518137035
5978 8174 459741.9601377815 5118278.069839533
4636 8296 446323.04423830484 5117058.786657553
4880 8296 448762.8486592832 5117057.593928866
5246 8296 452422.516156898 5117055.993723561
4514 8418 445097.0979816128 5115838.861208039
4636 8418 446323.051745276 5115837.8273951
5002 8418 449982.1764595523 5115838.429083247
5246 8418 452422.6885589313 5115838.541088805
4026 8540 440217.62145780644 5114622.002487932
5002 8540 449976.81150474964 5114618.732491915
5612 8540 456083.1287792479 5114618.422391931
5856 8540 458523.18583584594 5114619.02283923
6344 8540 463401.4049370128 5114619.487896829
6466 8540 464623.0521800562 5114621.463543836
4392 8662 443884.6922116503 5113397.856001568
4514 8662 445095.341632755 5113397.959028414
5734 8662 457303.2682550716 5113397.871077341
6466 8662 464617.2260099363 5113398.143829135
3782 8784 437778.25434854534 5112179.065143844
4270 8784 442662.0002404522 5112178.649316841
4392 8784 443884.315965611 5112178.114142186
4880 8784 448757.1248159649 5112178.8664056
5002 8784 449982.40834255604 5112178.693501482
6222 8784 462182.94681824604 5112178.881513137
6588 8784 465837.07218991587 5112178.086761193
3660 8906 436561.4764100122 5110958.135454736
3904 8906 439003.0375282007 5110958.567521487
4026 8906 440222.437398288 5110957.871740766
4148 8906 441437.2868155244 5110958.898838743
4270 8906 442657.66312695155 5110958.282322742
4392 8906 443876.27398621885 5110958.187130576
4514 8906 445098.2201496953 5110957.940853545
5246 8906 452416.6837370279 5110958.660086153
5612 8906 456083.6370854749 5110958.727959295
5978 8906 459743.0459292079 5110957.965203927
6222 8906 462182.73872372496 5110958.767472468
6344 8906 463397.2319914198 5110958.565907111
6466 8906 464616.6993415719 5110958.205258654
6588 8906 465835.0964867964 5110961.153243437
6710 8906 467056.77754501876 5110958.651483189
3660 9028 436557.5349084478 5109739.059743091
3904 9028 439004.038474063 5109737.916040423
4026 9028 440217.212647817 5109737.511793391
4148 9028 441442.52239637217 5109738.0855898475
4270 9028 442664.33534896333 5109737.7976331925
4392 9028 443882.66342798783 5109738.059477743
5002 9028 449977.53528133745 5109737.595462724
5124 9028 451197.69333038724 5109738.581029937
5368 9028 453636.86626060854 5109736.783877874
5612 9028 456077.90418016876 5109739.243358217
6100 9028 460956.9986648216 5109741.26405151
6222 9028 462176.97353807074 5109741.500821244
6344 9028 463396.1973007219 5109737.861750745
6466 9028 464615.99393589405 5109738.529884624
3538 9150 435338.5503210488 5108517.786009641
3660 9150 436562.1775221789 5108518.4233617
3782 9150 437778.49899171625 5108517.915704788
3904 9150 439001.6269454041 5108518.579581998
4026 9150 440223.33781337296 5108518.602007651
4392 9150 443878.1430324221 5108518.873054477
4758 9150 447538.3981503175 5108520.914289484
5246 9150 452418.13269214483 5108517.826696854
5368 9150 453638.3102554447 5108519.063566672
5612 9150 456077.9533937694 5108518.160336988
5734 9150 457297.7374225755 5108518.548912439
5978 9150 459737.695142954 5108518.490863844
6710 9150 467056.277281293 5108522.849387064
6954 9150 469497.50118749385 5108521.300408129
3416 9272 434124.87235215463 5107297.337434243
3538 9272 435344.2630225932 5107298.261024959
3660 9272 436563.0359965103 5107297.316729733
4880 9272 448758.4054642334 5107301.094115244
5124 9272 451196.5861848947 5107301.789478335
5368 9272 453637.03216967726 5107302.205429306
5856 9272 458523.55167585774 5107297.454782281
6100 9272 460955.416477992 5107302.884609553
6222 9272 462175.11012800864 5107299.312862422
6344 9272 463396.99114766985 5107298.0364689445
6588 9272 465835.84115312435 5107298.667509634
6832 9272 468276.56432865735 5107301.994877932
7198 9272 471937.54219056776 5107301.425660519
3660 9394 436557.65716220683 5106077.937906274
3904 9394 438997.04390508635 5106078.463223437
4148 9394 441436.3527592606 5106078.371705806
4270 9394 442656.9518687289 5106081.130312907
5856 9394 458518.533469199 5106077.132640616
6222 9394 462177.322243886 5106081.498127081
6344 9394 463397.786624581 5106077.855595856
6954 9394 469496.0531809717 5106081.2792286305
7076 9394 470722.2181681551 5106081.691720178
7320 9394 473156.90545908775 5106082.250422846
3172 9516 431682.43605563696 5104858.5466465
6222 9516 462177.92495984805 5104858.27976368
6344 9516 463395.2900475985 5104861.428973957
6832 9516 468281.58821773593 5104858.304747007
6954 9516 469495.38725527615 5104862.695296669
7564 9516 475597.56997799774 5104862.096912151
3050 9638 430457.56292349985 5103638.069807552
3904 9638 439003.17884933995 5103637.818129114
4148 9638 441443.80733024754 5103637.661944631
4758 9638 447536.8422990402 5103637.667699768
5612 9638 456077.49829011323 5103638.426316202
5978 9638 459743.2923790716 5103638.023589847
6100 9638 460963.45118458825 5103637.822151984
6222 9638 462183.32867647073 5103637.768655743
6344 9638 463395.9576291594 5103640.928010256
6466 9638 464616.6112173224 5103641.400263585
6588 9638 465836.9496347082 5103642.203413057
6710 9638 467057.2429486125 5103642.186567432
6832 9638 468275.950331311 5103642.54028286
7076 9638 470715.40295675985 5103642.162892619
7198 9638 471936.0333172995 5103641.458957231
7442 9638 474375.4340017772 5103642.77132084
3050 9760 430457.84590156726 5102418.439509851
3782 9760 437777.39072693215 5102417.724582038
3904 9760 439003.46054325305 5102418.069905942
4026 9760 440222.649274102 5102417.599882517
4270 9760 442658.84202066535 5102418.976086972
4392 9760 443877.92116608826 5102417.758516592
4636 9760 446324.0118308146 5102417.328284653
4880 9760 448756.3658746519 5102421.932747407
5002 9760 449976.61530073266 5102419.0056763105
5246 9760 452418.51744136825 5102417.227488185
5368 9760 453643.9189646832 5102420.593466303
6466 9760 464616.2050794104 5102417.604863642
6588 9760 465836.92541242734 5102422.101659194
6710 9760 467057.91461863223 5102421.545381267
7076 9760 470716.26719891414 5102422.088461211
7198 9760 471937.3593048486 5102418.410845855
7442 9760 474376.44030796224 5102421.900584741
3050 9882 430458.01301102486 5101198.534054055
3294 9882 432903.2225472859 5101198.056892612
3416 9882 434123.54652869597 5101197.236110395
3538 9882 435342.5128677665 5101198.039531126
3782 9882 437783.7685531704 5101198.323486765
3904 9882 438998.29429600085 5101198.224984046
4026 9882 440223.34762124944 5101198.2867352385
4758 9882 447543.6118960161 5101197.904358849
4880 9882 448764.35707959975 5101197.154035161
5734 9882 457302.93001093675 5101198.377490431
6344 9882 463396.0054324013 5101198.173727882
6832 9882 468275.74334857706 5101198.172047018
7320 9882 473156.6689152984 5101202.438665421
3172 10004 431683.7170278687 5099977.262955565
3782 10004 437782.1771236976 5099978.032677326
3904 10004 439003.6757936627 5099978.794414484
4148 10004 441437.67256841756 5099978.424145138
4636 10004 446322.60351181735 5099977.8718818715
4880 10004 448764.75528858905 5099977.060608071
5002 10004 449977.16033385677 5099977.573694848
5124 10004 451203.6584136901 5099977.37026594
5368 10004 453643.45016862557 5099978.304249145
5978 10004 459743.7826240829 5099978.129921135
6344 10004 463396.3689363831 5099978.633050766
6710 10004 467057.02931837767 5099982.103284111
6832 10004 468276.93036186945 5099982.728377082
6954 10004 469497.8293206289 5099977.994843044
7198 10004 471935.6848190362 5099982.16178465
7320 10004 473156.39093623235 5099982.583338787
7442 10004 474375.11030379985 5099982.990523138
7564 10004 475594.8495439877 5099978.126189786
7686 10004 476816.54000998184 5099978.689471571
4026 10126 440217.50117052393 5098758.57986444
4636 10126 446324.343357064 5098756.229373607
5612 10126 456075.9082501171 5098761.535988936
6100 10126 460955.8021361277 5098758.373198112
6832 10126 468275.5132970423 5098761.940775539
6954 10126 469496.0706727559 5098762.294044439
7076 10126 470715.762107893 5098761.085628794
7198 10126 471937.368065582 5098761.346837425
7442 10126 474378.13411872747 5098761.510964896
3294 10248 432900.8543164476 5097538.674754698
4026 10248 440216.4647915147 5097538.032507417
4636 10248 446324.1575201442 5097536.786509766
4758 10248 447536.93489667727 5097541.698225402
5490 10248 454863.8613346258 5097538.4740237985
5978 10248 459737.0558866955 5097538.713183991
6222 10248 462178.0666132589 5097538.799961607
6710 10248 467056.0174307989 5097542.194041882
6954 10248 469496.15918156 5097539.292127861
7442 10248 474381.34585948987 5097541.143579406
7686 10248 476818.1404705113 5097541.644881408
3538 10370 435342.50747901876 5096318.799301188
4514 10370 445098.06458664243 5096318.641664935
4636 10370 446316.9679664 5096318.272439939
5002 10370 449983.16981429653 5096318.366673354
5490 10370 454855.7416849561 5096321.663281209
5856 10370 458523.47907027777 5096317.987285154
5978 10370 459743.5188869389 5096317.359012617
7076 10370 470715.86623042787 5096322.311382453
7198 10370 471942.2391746897 5096318.162064065
3538 10492 435342.5345438828 5095098.377049425
5246 10492 452416.41272884986 5095098.504660098
5856 10492 458515.562293967 5095098.410239549
5978 10492 459736.4530359731 5095098.518818177
6222 10492 462175.7489236931 5095098.561808222
6710 10492 467053.8789505357 5095098.42603531
6832 10492 468275.8398775734 5095101.543812008
7076 10492 470716.067406328 5095101.192581468
4392 10614 443878.59482968785 5093880.985346857
4880 10614 448759.00703282474 5093877.555532957
5612 10614 456075.0181497141 5093877.130863782
5734 10614 457296.50607288745 5093878.458236866
6466 10614 464616.9782731364 5093881.598046398
6710 10614 467057.2377108143 5093881.246588558
6832 10614 468276.8899078992 5093881.406356984
2562 10736 425582.46592671546 5092658.015874204
4026 10736 440222.2409442386 5092657.91842493
4392 10736 443875.83557321155 5092658.151997084
5124 10736 451198.41480177746 5092658.750367451
5612 10736 456076.6312286726 5092657.951847067
5734 10736 457296.9431103686 5092657.77738749
6222 10736 462177.1336797239 5092658.383369127
6344 10736 463397.64925056836 5092661.635656376
6588 10736 465837.3098254899 5092662.836805018
6954 10736 469496.3298875226 5092661.586860524
7198 10736 471942.17481847503 5092658.987440308
2074 10858 420702.55292857834 5091438.021579268
3538 10858 435337.39092425315 5091439.399689862
4026 10858 440222.49805597094 5091437.707928924
4148 10858 441437.37551727047 5091438.140236398
4270 10858 442663.311831253 5091437.745879682
5246 10858 452416.3205509772 5091441.032199307
5490 10858 454859.4924109077 5091440.64112846
5612 10858 456077.49423107825 5091438.350108483
5734 10858 457297.1388354362 5091438.1583241485
5856 10858 458516.4831490475 5091440.995946164
5978 10858 459743.66553798993 5091437.889141694
6100 10858 460956.71672980237 5091438.005587717
6466 10858 464616.4429904603 5091441.240433442
6710 10858 467055.60154292 5091442.46423501
6954 10858 469498.74734130676 5091440.438394566
7076 10858 470718.53343268845 5091440.844884821
