10736 5856 607338.4169301597 4741443.685858338
10614 5978 606118.4435342269 4740224.7734924145
9394 6100 593918.246366757 4739003.132527695
9516 6100 595138.6459679082 4739004.000674661
9638 6100 596359.2460765599 4739004.601252656
9760 6100 597579.3158532984 4739004.083370277
10248 6100 602458.9048938183 4739002.92662834
10370 6100 603679.316886897 4739003.1584152235
10492 6100 604898.608681065 4739003.4171087565
10614 6100 606117.9308430137 4739004.30648786
10736 6100 607337.8859258308 4739004.819359178
10858 6100 608558.3044890992 4739004.361482007
9150 6222 591478.262589622 4737783.415668504
9272 6222 592698.0945481833 4737783.9527125945
9394 6222 593921.6323773398 4737783.935542714
9516 6222 595138.7000165528 4737784.805401309
9638 6222 596357.4438063805 4737783.924002191
9882 6222 598797.9932182408 4737783.84538514
10248 6222 602458.6433567804 4737783.969663038
10370 6222 603678.6467314163 4737784.04279864
10614 6222 606118.5716143635 4737783.689374794
10736 6222 607338.2939926314 4737783.961432288
10858 6222 608559.1824657172 4737784.043484321
9150 6344 591478.6831602382 4736563.958532555
9272 6344 592701.7842258397 4736563.5274092145
9394 6344 593921.4413317677 4736563.630043035
9516 6344 595137.8822132242 4736564.28627405
9638 6344 596357.7068325949 4736564.731859651
9760 6344 597577.8092293945 4736564.373750832
9882 6344 598798.3046137001 4736563.904491918
10004 6344 600018.8727118764 4736564.718289136
10126 6344 601238.6667607774 4736564.583340982
10248 6344 602460.50070657 4736565.684549555
10492 6344 604898.8702880102 4736563.956302138
10614 6344 606118.7631332411 4736562.890155428
10858 6344 608561.3552653873 4736564.062251473
9150 6466 591478.4586514975 4735344.134970704
9272 6466 592698.197611574 4735343.667301639
9394 6466 593918.4202625195 4735344.152341521
9516 6466 595139.0313550122 4735343.5651589995
9638 6466 596359.0180071888 4735343.564369781
9760 6466 597577.9175330815 4735343.427611136
9882 6466 598798.8734923812 4735344.496558087
10004 6466 600018.8339329078 4735344.592868619
10248 6466 602457.2312047807 4735344.727012866
10370 6466 603678.9134965579 4735344.92380845
10736 6466 607339.35715774 4735344.279488727
9150 6588 591479.7539488942 4734123.357382914
9272 6588 592698.9232091573 4734123.3786984
9394 6588 593921.4059726635 4734123.886031465
9516 6588 595138.2710989502 4734123.912386548
9638 6588 596358.498143469 4734123.8033175925
9760 6588 597578.9167274619 4734123.479460322
9882 6588 598799.0346246191 4734123.656290904
10004 6588 600020.0233343621 4734124.952346829
10248 6588 602459.207551853 4734124.1908085635
10370 6588 603678.2721054013 4734124.518865779
9272 6710 592699.3996447569 4732903.927459779
9394 6710 593918.1249641704 4732904.665223142
9516 6710 595138.7062999718 4732904.210518547
9638 6710 596359.4539113021 4732903.691259011
9760 6710 597579.1941177896 4732903.5674958415
9882 6710 598797.9068684829 4732903.249626506
10004 6710 600017.6094838514 4732903.688712067
10126 6710 601238.0841839584 4732903.364568436
10492 6710 604899.0659436508 4732903.913545386
10004 6832 600021.8686133598 4731683.487622343
10126 6832 601238.7893141999 4731683.029890828
