10492 5856 604903.3519076076 4741447.654789254
10736 5856 607342.828310587 4741447.160982336
10492 5978 604904.3475885757 4740227.088301294
10614 5978 606122.8640980853 4740226.789513358
9272 6100 592702.4590437952 4739006.928408995
9394 6100 593922.0362725331 4739004.663133996
9638 6100 596363.9777841631 4739006.733849916
9760 6100 597583.2093318277 4739007.699728364
10248 6100 602462.0690936842 4739007.66471079
10370 6100 603682.3968659781 4739007.523320565
10492 6100 604902.7884094365 4739007.051373754
10614 6100 606123.2833131558 4739007.51938892
10736 6100 607343.3091143878 4739007.074449669
10858 6100 608558.9085428738 4739008.31582285
9150 6222 591482.1264153982 4737788.022930189
9272 6222 592702.9224406305 4737787.388417722
9394 6222 593922.5958180375 4737786.949827523
9516 6222 595142.8177240859 4737786.381855364
9638 6222 596362.6159691652 4737784.630250822
9760 6222 597582.2833228234 4737787.533419938
9882 6222 598802.4784264826 4737784.921926223
10126 6222 601242.3324702501 4737784.661755622
10248 6222 602462.7889579153 4737787.37278219
10370 6222 603683.3562071612 4737787.012951324
10614 6222 606121.989105868 4737787.34009638
10736 6222 607341.6408454466 4737788.00133082
10858 6222 608562.0967650523 4737787.282157979
10980 6222 609782.8474386916 4737784.51478593
9150 6344 591482.4640953126 4736567.4661322925
9272 6344 592702.2115354794 4736567.192484074
9394 6344 593922.2633104585 4736564.989727559
9516 6344 595141.9989212761 4736564.852730597
9638 6344 596363.0102743385 4736566.92532045
9760 6344 597583.2861543138 4736565.689561531
9882 6344 598801.76340217 4736564.522959294
10004 6344 600023.57877113 4736565.541204889
10126 6344 601243.1982053358 4736567.252633974
10248 6344 602462.7437115231 4736566.903756636
10370 6344 603683.7756695893 4736566.871772487
10492 6344 604902.9935582982 4736566.823267249
10858 6344 608561.7185835935 4736567.22099052
10980 6344 609782.2522326524 4736567.39828171
9150 6466 591482.9015845063 4735346.979737108
9272 6466 592702.4909905964 4735347.514675809
9394 6466 593922.7423074387 4735346.9516159985
9516 6466 595142.8562344853 4735346.818307474
9638 6466 596363.1923199678 4735347.748293983
9760 6466 597582.5366513974 4735344.756179329
9882 6466 598801.9471861264 4735347.26183033
10004 6466 600022.133585593 4735347.33059167
10126 6466 601238.7639915264 4735347.439674348
10248 6466 602463.0637885216 4735347.030361883
10370 6466 603683.5288456273 4735345.490600139
10736 6466 607343.8144398765 4735346.868428546
9150 6588 591483.2890055808 4734126.510544695
9272 6588 592703.7724206974 4734126.454130413
9394 6588 593921.719479154 4734126.97700422
9516 6588 595142.3324390713 4734126.573307114
9638 6588 596361.1646788721 4734127.373826177
9760 6588 597582.0986485335 4734127.118391244
9882 6588 598802.7178026536 4734126.585008661
10004 6588 600021.6294832786 4734127.303393201
10248 6588 602462.4383361167 4734126.98496267
10370 6588 603682.7627444386 4734127.652915797
9272 6710 592702.7811471424 4732906.450523555
9394 6710 593922.7481340617 4732906.027921411
9516 6710 595142.4137370297 4732906.345388149
9638 6710 596362.3052749773 4732906.946124445
9760 6710 597582.0708176177 4732906.686252775
9882 6710 598802.4259698181 4732906.8317254055
10004 6710 600022.4948036871 4732907.730715658
10492 6710 604902.1177370038 4732907.443896324
