2196 3538 443878.09201351274 5129262.081329023
2257 3538 445098.9728223389 5129261.807024105
2196 3599 443877.67046480725 5128041.199111401
2257 3660 445098.83726886066 5126821.481589078
2257 3721 445098.82864003046 5125601.774424079
2318 3721 446317.366354588 5125602.356007624
2257 3782 445098.32448667916 5124382.045168421
2257 3843 445097.1617164182 5123162.814783585
1952 3904 438998.6007757336 5121941.238683975
2013 3904 440218.4889064023 5121943.163948716
2013 3965 440218.43197238096 5120721.918178108
1891 4026 437779.66604962095 5119500.41346239
1952 4026 438998.3607168812 5119501.911977884
2074 4026 441438.36240032635 5119500.938475494
2135 4026 442659.2839630526 5119501.189175952
2135 4087 442658.84515691746 5118281.05510266
2196 4148 443878.9544465241 5117061.157351874
2257 4148 445099.09893659386 5117062.041994632
2257 4209 445098.5993282042 5115841.264445745
2318 4209 446319.0344322132 5115841.893949227
2501 4209 449978.5543796441 5115841.441160484
2501 4270 449978.2244932462 5114621.816660742
2135 4331 442658.31633798475 5113401.556911303
2379 4331 447538.4905870987 5113401.360473237
1952 4453 438998.96594393457 5110962.243287901
2013 4453 440218.4112041299 5110962.085463684
2135 4453 442658.6933487138 5110962.927020692
2196 4453 443878.30804718187 5110962.451914129
1952 4514 438998.08469244 5109743.136534854
2135 4514 442658.4424656892 5109741.724155536
2440 4514 448758.32014180074 5109741.998599962
2501 4514 449978.4246989458 5109741.655483279
2562 4514 451199.22523656505 5109740.885669596
2623 4514 452417.89058237086 5109742.294178465
2684 4514 453637.91719825426 5109742.2593623465
2013 4575 440218.00864646124 5108521.5248954985
2074 4575 441437.968540803 5108522.1843824815
2135 4575 442657.8120353914 5108522.395742056
2196 4575 443877.83103905007 5108521.839151164
2379 4575 447538.776795345 5108521.860072897
2684 4575 453638.8193351383 5108522.003933225
1952 4636 438998.19905930164 5107301.700195341
2379 4636 447538.30769983004 5107301.982807885
2196 4697 443878.6595246796 5106080.739792012
2379 4697 447541.3115725324 5106081.663009692
2318 4758 446321.38428704505 5104861.841346485
2013 4819 440217.677863776 5103640.876830641
2074 4819 441437.5537320498 5103641.573307549
1952 4880 438997.98075618705 5102422.28846016
2074 4880 441438.3329892699 5102421.522445273
1891 4941 437778.12904733134 5101201.821068627
2013 4941 440218.14923079417 5101201.86233553
2318 4941 446317.656471023 5101201.990024074
1952 5002 438998.0291787842 5099982.332018903
2074 5002 441438.4984864202 5099981.726064811
1586 5307 431681.46632445743 5093881.20351695
1403 5368 428019.6175658075 5092660.466645774
