8540 9150 285378.7533675909 4208531.745879608
8906 9150 289037.3963191173 4208531.8982700305
9028 9150 290258.69044201187 4208532.968087934
9028 9272 290259.1297426664 4207310.822566718
8540 9394 285381.42989703524 4206092.547718078
8906 9394 289041.7074173996 4206090.776820483
8296 9516 282941.62123971945 4204873.051525518
8540 9516 285380.9777751926 4204871.918613169
8052 9638 280502.3389094317 4203644.841641514
8296 9638 282939.7810118296 4203651.978036528
9028 9638 290255.3900374381 4203647.444680814
8052 9760 280498.69748882216 4202433.312334071
8540 9760 285378.14180453966 4202431.853467832
8296 9882 282938.9734748611 4201212.841738339
8418 9882 284161.34739370225 4201212.731702601
7808 10004 278058.73635714495 4199993.307531025
8174 10004 281719.41202951805 4199993.459547416
8296 10004 282938.35293844255 4199993.253166316
8662 10004 286599.21935412014 4199995.360530701
7930 10126 279282.43537572224 4198768.051009953
8052 10126 280498.6500725708 4198772.175593004
8418 10126 284159.0364167148 4198772.310277439
7808 10248 278058.58347684145 4197552.474956906
8296 10248 282938.87932133285 4197551.413390023
7808 10370 278057.3829200262 4196332.7910471
7930 10614 279280.94344180374 4193893.125333907
8174 10614 281719.75934227306 4193895.3126172917
