427 61 508522.96027425944 4598796.069120859
549 61 510963.2046378393 4598797.164900823
1464 61 529262.5855186403 4598797.45381905
1708 61 534141.8978669881 4598797.647128936
2623 61 552441.7554298197 4598797.617774129
3050 61 560981.7394106415 4598798.120376568
3477 61 569521.5382976932 4598798.415422594
3721 61 574403.1779297655 4598799.073378342
366 122 507303.46289050067 4597577.93608917
732 122 514622.3842209706 4597577.865423248
2135 122 542682.9946873321 4597576.55469702
427 183 508522.91803092975 4596355.95931854
488 183 509742.33174724155 4596356.800956388
1220 183 524383.9400482035 4596356.082497237
1891 183 537801.9280548985 4596358.6755020255
427 244 508522.6911429654 4595136.846930646
1037 244 520724.30198809475 4595137.802144143
1281 244 525603.7811842186 4595137.278242107
1403 244 528042.8771934467 4595137.074322988
1464 244 529258.9491487896 4595138.161517399
3721 244 574402.9400314759 4595136.329038685
366 305 507302.9989243942 4593917.422791001
427 305 508522.6053852838 4593916.788720621
1098 305 521938.4464906183 4593917.842468084
1403 305 528043.7500833211 4593917.1875779005
1586 305 531703.366096805 4593916.398960622
2135 305 542682.461959867 4593918.436483356
2318 305 546341.4888223119 4593919.27681427
2501 305 550002.3401646307 4593915.8240201995
2562 305 551218.8702013274 4593918.715766166
2684 305 553657.3346238793 4593917.412645136
3294 305 565857.0256640991 4593916.2710737465
305 366 506078.5815063862 4592697.523846687
366 366 507297.16099198523 4592696.973828796
427 366 508522.21187096206 4592697.018208705
793 366 515841.7648920713 4592696.344635708
854 366 517059.0427735261 4592696.407860121
1342 366 526821.9253991641 4592696.353494239
1464 366 529262.525299173 4592695.509683761
1708 366 534141.6992353539 4592698.211335206
2196 366 543904.1744559845 4592696.601513381
2684 366 553662.0997544515 4592697.643577961
2806 366 556103.5336422138 4592698.791169747
3111 366 562201.8277098779 4592697.754898405
427 427 508518.1516513627 4591477.8104124535
488 427 509742.4266741192 4591477.075917622
549 427 510963.620311167 4591475.348537228
610 427 512182.9176965636 4591477.280691844
732 427 514623.5381806192 4591476.783096747
793 427 515843.09545164445 4591476.546036515
915 427 518277.1890001046 4591478.312548349
1464 427 529262.9853315742 4591477.405196054
1830 427 536582.7844442049 4591476.642154053
1952 427 539017.0325029874 4591476.28244281
2257 427 545123.8068136191 4591476.265650766
2318 427 546343.6923575422 4591476.105046603
2562 427 551223.0062833383 4591476.2542204
2623 427 552442.7616107289 4591478.495602759
3233 427 564641.864233793 4591476.854256817
427 488 508522.33690698666 4590256.938696282
488 488 509742.6578345416 4590257.412765537
549 488 510963.07466684066 4590256.463091289
610 488 512182.0116285821 4590255.241747947
671 488 513404.12625163246 4590256.646806521
1220 488 524384.150658435 4590255.880982492
2196 488 543903.1452400414 4590256.606860897
2257 488 545123.431738796 4590256.823992531
2318 488 546342.9009453834 4590255.985779717
2562 488 551217.8742459626 4590255.772511342
2623 488 552441.8148982027 4590257.641002403
366 549 507302.24955049343 4589040.59015049
488 549 509742.81209052197 4589038.622000691
549 549 510963.20589876245 4589039.40201822
1281 549 525602.7783995697 4589037.39902496
1464 549 529261.7050607663 4589038.038352257
1525 549 530481.6447908287 4589036.49588716
1708 549 534143.4460038587 4589038.25768756
2257 549 545123.2761903089 4589035.523345216
2318 549 546343.4175025028 4589035.463733706
2440 549 548781.898005448 4589038.317836085
2623 549 552441.6049184353 4589036.786868664
3111 549 562202.9782339145 4589035.7163625285
244 610 504863.56955862034 4587817.863544633
366 610 507303.447539057 4587819.475131447
488 610 509743.0146041172 4587818.069494982
549 610 510963.6804099626 4587817.254684252
610 610 512182.30747150775 4587818.033083485
61 671 501203.4190462506 4586598.7419590205
366 671 507301.784143108 4586597.586333984
427 671 508523.81710406154 4586596.742540572
488 671 509743.26632170106 4586598.314767451
1220 671 524381.5957162174 4586596.335493806
1525 671 530477.3928853914 4586597.464627285
1586 671 531703.1217829045 4586600.733065636
2135 671 542682.632515637 4586596.7810236495
2196 671 543897.4539626233 4586596.342833553
2684 671 553663.1308072114 4586596.230775326
2806 671 556103.0416364502 4586597.318205227
2928 671 558541.8536377616 4586598.52430172
3050 671 560983.7838031964 4586596.682754375
3172 671 563418.6417430388 4586597.291549973
305 732 506081.98011229874 4585377.3073724285
488 732 509744.33960148355 4585376.177466082
1708 732 534138.03664175 4585376.930278177
2440 732 548782.2395010649 4585377.21161227
2623 732 552444.2505530736 4585377.883459182
2745 732 554883.7146534674 4585376.900354388
427 793 508517.82508841285 4584156.308901654
488 793 509743.4473970768 4584155.907029194
671 793 513403.31115391647 4584156.444508347
854 793 517061.7522619096 4584157.10660763
1464 793 529263.6015589647 4584157.3215974085
1586 793 531703.092196694 4584156.059430738
2318 793 546342.1173135352 4584158.335668902
2684 793 553662.0907594992 4584157.1562831225
3111 793 562201.0602851813 4584157.62063754
4026 793 580500.8077861839 4584158.905053849
305 854 506082.40405360446 4582937.402001482
366 854 507303.2716122387 4582937.118731912
671 854 513403.15249011514 4582938.075581973
793 854 515842.4551742577 4582936.76891032
1525 854 530483.7099821174 4582936.855905627
1830 854 536583.347421142 4582937.0443563685
2135 854 542677.6824723808 4582938.050049594
2501 854 550002.6220430546 4582936.396485294
2684 854 553662.538781791 4582937.139682347
3233 854 564638.7962651814 4582938.791460845
0 915 499981.3246511049 4581719.611340115
427 915 508523.1941692144 4581716.896245263
488 915 509743.1545830597 4581716.725297711
549 915 510962.08237835375 4581718.180203445
610 915 512182.5649219615 4581716.194404234
671 915 513403.31298373645 4581715.790290122
732 915 514623.61111821316 4581716.155918315
1220 915 524383.0917003353 4581716.4435602175
2074 915 541463.1752539877 4581716.401248724
2684 915 553661.7251890323 4581716.090219579
3233 915 564642.072142045 4581717.288508725
3660 915 573183.9901520398 4581716.565380045
3782 915 575621.7637805485 4581717.488511376
4087 915 581723.0304248775 4581717.204553808
305 976 506082.2946746105 4580496.184207318
488 976 509743.28732041526 4580497.8329612175
549 976 510963.04259542667 4580497.322291885
671 976 513402.89892366674 4580497.051059657
732 976 514623.3422322299 4580497.413272054
793 976 515843.37203058414 4580497.451480616
854 976 517062.8823601136 4580497.163827135
1403 976 528042.4109993353 4580497.736910249
1464 976 529262.6529218913 4580496.932012771
2318 976 546341.6060409581 4580497.119852393
2501 976 550002.7220851921 4580498.123436256
2806 976 556103.8390701413 4580497.504732148
3782 976 575617.5117760184 4580498.059737869
4819 976 596362.3203224139 4580498.2141488185
366 1037 507301.5624122298 4579277.17639077
427 1037 508521.71349218866 4579277.56685995
488 1037 509738.76304060605 4579277.4638625765
610 1037 512180.7093327001 4579276.135182665
671 1037 513403.0941844902 4579277.405322169
732 1037 514622.4720988278 4579277.120091459
793 1037 515844.016448757 4579277.727751018
854 1037 517062.9004848696 4579276.860420779
1342 1037 526822.9854886703 4579277.353421308
2623 1037 552442.0040374598 4579281.354499091
2684 1037 553662.9405071487 4579277.932964649
2806 1037 556102.457493657 4579276.82304939
2928 1037 558543.5941740868 4579276.196624645
3416 1037 568301.9547056293 4579277.375278056
3477 1037 569522.2532441086 4579277.109838926
3538 1037 570742.8759964735 4579278.2226087125
3599 1037 571962.5777067572 4579278.17172794
3660 1037 573183.3851897542 4579277.376571974
3843 1037 576839.4079683137 4579278.9319186285
3965 1037 579278.9824046621 4579278.102878855
4270 1037 585381.7972842429 4579277.418573241
4697 1037 593921.8649474295 4579278.765504027
4941 1037 598801.4699847803 4579279.093223214
366 1098 507301.663430913 4578057.399973396
488 1098 509738.51914745296 4578057.4483839255
610 1098 512178.52551716 4578057.0413893135
671 1098 513402.49001600995 4578057.239647732
732 1098 514621.78802305774 4578057.998467562
1281 1098 525603.2906612363 4578056.350927101
2928 1098 558541.9586575164 4578056.651485585
3050 1098 560981.8019743816 4578055.594477156
3538 1098 570742.3335430432 4578057.920075073
3904 1098 578062.7216210078 4578057.68826111
4270 1098 585382.7599423998 4578057.16369129
4575 1098 591481.8355402627 4578055.841538852
4758 1098 595142.0808404977 4578057.77867224
4880 1098 597581.7893219664 4578058.574572012
671 1159 513400.29001413257 4576839.02182305
732 1159 514622.0608248127 4576837.497284572
793 1159 515840.93219618814 4576838.054175485
976 1159 519502.41007277294 4576837.542039332
1403 1159 528043.2217776657 4576840.784147252
1647 1159 532922.5257153788 4576839.494711646
2257 1159 545122.9005505964 4576838.4106672425
3050 1159 560983.0635047023 4576836.151208847
3660 1159 573183.5564979231 4576836.500580998
3904 1159 578063.8142190885 4576837.299590685
3965 1159 579282.4462237421 4576838.5765566
4209 1159 584161.793045857 4576838.046383372
4453 1159 589043.6253251717 4576836.811694629
4758 1159 595143.3359525639 4576837.762042243
4819 1159 596358.7355939785 4576836.945888035
4880 1159 597581.1366245337 4576838.106412106
4941 1159 598802.1678159353 4576838.527038231
5124 1159 602461.673755315 4576838.204155708
610 1220 512182.5749714021 4575617.701551772
671 1220 513402.6066619777 4575617.915595681
732 1220 514621.4361958832 4575617.180751881
854 1220 517061.9991053445 4575618.279805447
1220 1220 524382.0792802041 4575618.750034445
1708 1220 534141.7093584524 4575618.055651075
2989 1220 559763.6118199648 4575616.973672437
3172 1220 563421.7546833297 4575616.727934178
3233 1220 564643.5203029239 4575617.886214199
3538 1220 570742.2992660537 4575616.705919817
3660 1220 573183.3570515388 4575615.692118111
4026 1220 580502.4108250409 4575618.566154819
4087 1220 581723.0616093794 4575615.814410333
4148 1220 582942.8199723191 4575617.387739382
4209 1220 584162.6771688915 4575617.115245446
4331 1220 586602.3905457214 4575618.095840731
4392 1220 587823.707854085 4575615.860337997
4514 1220 590262.7821583911 4575617.057409896
4758 1220 595143.7380612721 4575616.617370131
4819 1220 596363.9004110857 4575616.782284139
5185 1220 603683.118562533 4575616.813762277
732 1281 514622.5217669989 4574398.360033565
793 1281 515842.0093188378 4574397.68394613
915 1281 518282.66376466694 4574399.739644109
1037 1281 520722.76532051864 4574397.310682914
1220 1281 524382.2946474808 4574397.906265454
1708 1281 534143.9209805813 4574396.580647104
1952 1281 539022.6436561553 4574395.916119606
2013 1281 540244.4518461385 4574397.827283891
2684 1281 553662.876855437 4574395.928466175
2928 1281 558543.5194609057 4574397.520409122
3050 1281 560981.9243516919 4574398.082660049
3111 1281 562203.1243237841 4574395.140077515
3416 1281 568301.6320771596 4574397.659431171
3477 1281 569521.8261293953 4574397.418613978
3599 1281 571962.2496032952 4574397.864064913
3721 1281 574402.6531508281 4574396.660237452
3843 1281 576843.6788614832 4574396.749226169
4087 1281 581721.6265472041 4574397.097264072
4148 1281 582940.7440478031 4574396.772453
4209 1281 584163.7571326878 4574397.907147623
4270 1281 585383.2071842873 4574397.85382884
4575 1281 591484.1734839163 4574396.825819938
4636 1281 592703.6132693493 4574396.674255882
5246 1281 604902.4801800267 4574397.577754642
5429 1281 608563.0161146652 4574396.009273516
732 1342 514622.94302258553 4573178.5412626555
793 1342 515842.71200902824 4573178.529305512
854 1342 517062.1706088641 4573177.781059787
1037 1342 520722.46183070174 4573177.792582232
1220 1342 524382.1115756168 4573176.885965788
1769 1342 535358.8333687423 4573176.203443581
1891 1342 537798.225891828 4573177.730536761
1952 1342 539022.8629918809 4573177.229249029
2257 1342 545124.1609450881 4573175.853833766
3111 1342 562201.3466094914 4573176.9010751955
3355 1342 567081.7900128572 4573178.011814395
3416 1342 568302.0275169723 4573178.139188432
3782 1342 575620.8830308742 4573176.933212814
3843 1342 576838.9827277154 4573178.488295884
3904 1342 578061.9247693089 4573176.575802302
4148 1342 582942.3049175951 4573177.682106565
4209 1342 584162.8056631531 4573177.443211869
4270 1342 585383.0326466474 4573177.6509579625
4636 1342 592701.5578012436 4573176.518743345
4697 1342 593922.7683821103 4573178.2189432215
4758 1342 595137.4321386197 4573176.045292344
4819 1342 596363.4972202606 4573178.012187625
4880 1342 597580.9506732079 4573177.8891459685
4941 1342 598799.3479530457 4573176.8073181305
5185 1342 603683.0297079778 4573174.996841943
5368 1342 607342.287397149 4573176.076582308
671 1403 513402.6164643224 4571957.907196855
732 1403 514622.35948687256 4571957.455365943
793 1403 515843.00005863106 4571958.3004153045
854 1403 517063.0458296695 4571957.751172601
915 1403 518282.2408606485 4571957.85877755
976 1403 519504.28268132353 4571958.061014906
1037 1403 520723.0903320119 4571957.109164132
1098 1403 521942.2337505432 4571957.23560471
2257 1403 545122.5176219901 4571957.268093915
2501 1403 550001.5469501086 4571959.176831477
3111 1403 562203.1398782632 4571957.637442664
3599 1403 571963.1858231821 4571956.632335112
3782 1403 575617.9178990438 4571956.773078465
4148 1403 582942.6128271169 4571958.802631954
4331 1403 586602.225858342 4571956.908386882
4514 1403 590261.8147936229 4571957.929152425
4575 1403 591482.6144718613 4571957.7222960545
4636 1403 592701.8467396058 4571958.658622525
4819 1403 596361.4054357309 4571957.021019834
4941 1403 598801.8666025255 4571957.176643794
5124 1403 602463.0342555044 4571956.611831529
5185 1403 603682.4660510151 4571957.960772767
5368 1403 607342.3352059771 4571957.2585166395
793 1464 515838.0862338865 4570738.262778057
854 1464 517062.5054512343 4570739.082344312
915 1464 518282.4368985682 4570738.16008766
976 1464 519504.0285206612 4570739.0997449625
1037 1464 520723.1186607589 4570737.386005375
1342 1464 526821.7067688028 4570738.784684757
1403 1464 528040.4144635245 4570738.654640333
2196 1464 543897.2885674522 4570736.479655595
2440 1464 548783.8601598109 4570737.464532481
3050 1464 560982.798284603 4570736.518833748
3538 1464 570742.088607996 4570738.12844122
3599 1464 571964.4845674976 4570738.076802254
3660 1464 573182.3097231977 4570740.9795155
3782 1464 575622.3388793785 4570737.326294415
4148 1464 582942.130960931 4570738.114244882
4209 1464 584162.139018049 4570737.8233055435
4331 1464 586602.7121316914 4570737.814434771
4453 1464 589041.9835218482 4570737.983159526
4880 1464 597582.1057685474 4570738.19414889
5124 1464 602463.5423694055 4570735.483979635
5185 1464 603682.2239267792 4570736.317676645
5246 1464 604901.9116822655 4570736.386408451
5307 1464 606122.477780367 4570737.823078209
5429 1464 608563.4654441221 4570736.869798745
793 1525 515842.33660419605 4569518.210391933
854 1525 517061.6944922087 4569517.682982318
915 1525 518281.6994923756 4569517.855445349
976 1525 519502.804547511 4569518.175422068
1037 1525 520722.1892657196 4569517.686731457
1403 1525 528040.6751896122 4569517.345464631
2440 1525 548777.6537104789 4569516.546706978
2745 1525 554882.5811986278 4569518.06937322
2928 1525 558543.0207365388 4569516.0324288765
4331 1525 586601.9868821905 4569518.42846677
4392 1525 587821.6624954381 4569517.186917062
4453 1525 589043.1920941958 4569517.4417662565
4758 1525 595137.5191793657 4569517.569058114
4880 1525 597582.7594650707 4569515.960840602
5002 1525 600022.8198431579 4569516.320714087
5063 1525 601242.2313236953 4569516.978825823
5124 1525 602462.2430662316 4569517.060878573
5185 1525 603682.8261589914 4569516.461389416
5246 1525 604902.2364404197 4569516.330898121
5307 1525 606122.4857566371 4569516.250562318
5368 1525 607342.0916707868 4569516.560130382
5429 1525 608562.7505540546 4569517.610201217
793 1586 515838.77759190154 4568296.464645773
915 1586 518282.3135971722 4568296.671350814
2135 1586 542682.8531007172 4568296.453577386
3538 1586 570744.3959281516 4568297.192754877
3721 1586 574403.8730951905 4568296.464140502
3782 1586 575622.6484862727 4568295.726674234
3843 1586 576842.7099239046 4568296.466194966
3965 1586 579277.5254814078 4568297.47399218
4148 1586 582942.7244833972 4568298.016440467
4270 1586 585381.0859912833 4568297.779778711
4392 1586 587821.4488520464 4568301.48392872
4514 1586 590263.3658804176 4568297.942679965
4636 1586 592702.063028978 4568296.697949104
4697 1586 593921.2087801024 4568297.384654665
4819 1586 596362.378340781 4568299.401700829
4880 1586 597583.0511107999 4568297.891575412
4941 1586 598803.1419582283 4568297.027925498
5063 1586 601241.9295905731 4568296.757336127
5124 1586 602462.3398106946 4568296.520734787
5185 1586 603682.097262064 4568295.616472947
5246 1586 604902.5765141093 4568296.2663873965
5368 1586 607341.6171859888 4568295.875323481
5429 1586 608561.7188230308 4568295.931734715
793 1647 515838.93092011166 4567078.444979313
854 1647 517062.1955422318 4567076.093342445
915 1647 518282.3758258798 4567076.927863766
1586 1647 531702.2777105715 4567077.569352912
3050 1647 560982.161324389 4567076.215229498
3355 1647 567081.6949391257 4567077.554377892
3660 1647 573182.3745821612 4567076.878098416
3904 1647 578062.5223808466 4567076.909849205
4636 1647 592701.8676614712 4567077.450111125
4697 1647 593922.3676916023 4567076.947504131
4819 1647 596362.7381953616 4567078.029442773
4880 1647 597582.0148065232 4567077.316845611
4941 1647 598803.1155863666 4567077.780903602
5002 1647 600021.9099747227 4567076.492887988
5063 1647 601242.963786884 4567076.873289875
5307 1647 606118.528310091 4567076.440764932
5429 1647 608562.9332101995 4567075.6508534765
1830 1708 536582.6680028946 4565857.9177072905
2623 1708 552442.1110691692 4565857.156032974
3416 1708 568302.0956239561 4565856.882349525
3782 1708 575621.7969573756 4565858.333846126
3843 1708 576842.1379048354 4565858.6990661165
3965 1708 579281.0948797301 4565858.14638521
4026 1708 580497.6226701601 4565857.279731608
4270 1708 585381.7667385945 4565857.62903006
4331 1708 586600.3402522132 4565859.665829099
4514 1708 590258.474520613 4565857.174078699
4697 1708 593922.8927280231 4565857.852245164
4880 1708 597582.3639078246 4565859.002103863
4941 1708 598802.5063307683 4565858.38606771
5002 1708 600023.1025142001 4565857.678838442
5063 1708 601243.287377669 4565857.129724148
5124 1708 602462.0203256116 4565857.090833281
5185 1708 603682.0604508304 4565857.524964878
5246 1708 604902.8317063914 4565856.964343336
5368 1708 607338.5702849807 4565859.616742181
1586 1769 531702.9787173129 4564637.7148117535
3843 1769 576841.6176696355 4564638.819868832
4026 1769 580503.168662363 4564637.258762107
4087 1769 581720.9986058099 4564638.021559277
4331 1769 586601.5255787892 4564637.774330987
4392 1769 587822.7399545247 4564636.608111397
4758 1769 595141.409036844 4564636.998363963
4819 1769 596358.5377874693 4564638.814172219
4880 1769 597577.9112435329 4564638.173560588
4941 1769 598802.759186927 4564638.222129845
5002 1769 600021.7633272372 4564638.980587413
5063 1769 601242.420726578 4564637.655032305
5185 1769 603683.7306746063 4564636.3951179525
5246 1769 604903.7604567725 4564636.547837696
5307 1769 606124.0678009405 4564636.919048058
5368 1769 607343.1577599704 4564635.334673956
1525 1830 530482.074542608 4563417.009170548
1586 1830 531703.6811014146 4563416.704889008
1647 1830 532922.2889661225 4563417.216740815
1708 1830 534142.3523504811 4563417.404887434
1769 1830 535363.0436176588 4563417.078014633
2196 1830 543903.2401264135 4563417.937609836
2379 1830 547561.5281919866 4563417.579777101
4026 1830 580501.5417752888 4563417.918379899
4575 1830 591481.8984812726 4563418.260988926
4636 1830 592701.5522146882 4563418.612354836
4697 1830 593918.4814086849 4563418.866328873
4758 1830 595141.9633890458 4563417.8229438
4880 1830 597582.1786200467 4563418.085527293
4941 1830 598801.204396454 4563417.930175119
5002 1830 600021.8085455219 4563417.797259128
5063 1830 601241.7365842515 4563418.232861734
5124 1830 602462.1501979141 4563417.122742814
5185 1830 603682.5272077688 4563417.222219806
5307 1830 606122.677351068 4563416.51702217
5429 1830 608562.556291569 4563415.562708645
3416 1891 568297.5880469044 4562196.423836247
3904 1891 578061.5673671737 4562201.288140469
4148 1891 582941.2397582553 4562196.73643599
4209 1891 584162.7765677678 4562197.753146654
4392 1891 587822.7198623107 4562196.865105544
4575 1891 591483.031226289 4562197.270159091
4636 1891 592702.6355745371 4562197.872304177
4758 1891 595142.6624595167 4562198.284294912
4819 1891 596364.0929770343 4562197.981289731
4880 1891 597582.3345757897 4562197.454979398
4941 1891 598802.3160692558 4562197.313585403
5002 1891 600023.0375995624 4562197.533840268
5063 1891 601242.8590255526 4562197.470998298
5124 1891 602461.9021666384 4562197.52827372
5246 1891 604902.6167229116 4562196.8830586
5368 1891 607343.8134997687 4562197.113779447
2257 1952 545121.4016744262 4560975.335569406
2806 1952 556103.9654999982 4560977.051577065
3294 1952 565864.4889478171 4560976.0134856505
3538 1952 570742.4273864591 4560976.533307877
3599 1952 571962.1375040715 4560976.534566785
3721 1952 574403.1527096876 4560978.852301218
3843 1952 576838.0080878701 4560978.343981779
4331 1952 586602.8681865751 4560977.940807057
4392 1952 587822.0180625808 4560978.155925612
4453 1952 589043.389748874 4560976.75334718
4575 1952 591483.8395599948 4560977.243011476
4758 1952 595142.8524204207 4560977.298365124
4819 1952 596363.136950143 4560975.514034599
4880 1952 597583.4089758925 4560976.328781348
4941 1952 598803.3617316121 4560977.831625854
5002 1952 600022.793560691 4560977.135980099
5063 1952 601243.06935435 4560977.127570603
5124 1952 602462.5053719138 4560976.760133178
5185 1952 603683.3672054198 4560976.575259453
5246 1952 604903.5998791435 4560975.709677647
5307 1952 606123.983754293 4560976.757858241
5429 1952 608563.4622197441 4560975.685780947
3416 2013 568298.305612134 4559758.810476954
3782 2013 575622.550804466 4559757.327053143
3904 2013 578062.4978259277 4559756.941413756
3965 2013 579281.9453425764 4559756.596696748
4026 2013 580502.5326422604 4559757.337239045
4209 2013 584161.9957132658 4559757.711526737
4270 2013 585381.7854101176 4559757.993805137
4453 2013 589041.737768748 4559757.281454158
4514 2013 590263.7806597482 4559756.389373613
4636 2013 592702.4475505537 4559756.611979423
4697 2013 593919.263010249 4559757.129783257
4758 2013 595142.7577826685 4559757.314982977
4941 2013 598802.4087487718 4559757.43653254
5002 2013 600022.9039774067 4559757.2049396755
5063 2013 601241.7853220766 4559757.050759293
5246 2013 604902.3328681765 4559756.066912391
3294 2074 565863.8513149768 4558535.4797933735
3843 2074 576842.3230739955 4558537.234716149
3904 2074 578060.207262372 4558538.172499799
4026 2074 580502.3776359553 4558537.984690008
4209 2074 584158.4162207603 4558537.402722537
4270 2074 585381.1640663035 4558535.960571182
4331 2074 586603.4393618417 4558537.582300785
4636 2074 592702.7634051365 4558538.758232808
4697 2074 593920.8303902604 4558538.300489914
4880 2074 597584.0445768337 4558535.627731889
4941 2074 598802.7284684381 4558536.521069611
5002 2074 600022.6552748373 4558536.659974914
5063 2074 601242.3262846502 4558536.660981648
5124 2074 602462.2224197236 4558537.247532791
5185 2074 603681.700897068 4558536.862364867
5246 2074 604897.8572843656 4558536.526366217
5368 2074 607338.1665596472 4558535.150997638
1281 2135 525598.1581162692 4557318.4634861965
1525 2135 530481.9057620626 4557318.2410399625
2623 2135 552443.0642217112 4557316.922863254
3843 2135 576842.2221499245 4557318.420618787
4026 2135 580501.9212074232 4557317.712275119
4697 2135 593921.5232282734 4557318.3947146945
4819 2135 596358.5278251943 4557317.844285053
4880 2135 597581.4664701676 4557317.228139329
4941 2135 598802.9500795917 4557317.584349532
5002 2135 600022.4881374927 4557317.673592767
5246 2135 604901.4357630643 4557317.035779117
5368 2135 607341.825164051 4557317.461294524
1098 2196 521942.37113470346 4556097.487411638
1464 2196 529262.5475569773 4556101.096576993
1525 2196 530482.8199837792 4556098.285204341
1708 2196 534140.6908253361 4556099.391438912
3416 2196 568302.6797355562 4556097.702189146
4270 2196 585382.6358026614 4556098.164174594
4331 2196 586604.1178417357 4556097.156394759
4453 2196 589043.1040311318 4556098.416120132
4575 2196 591482.2087148551 4556096.914707103
4697 2196 593922.6468290319 4556096.966937677
5002 2196 600021.3181061274 4556097.436607992
5124 2196 602461.3746309855 4556096.076713027
5185 2196 603683.0621029697 4556096.185981966
5246 2196 604902.6811322476 4556095.703177473
5307 2196 606118.5211598184 4556096.440175891
5368 2196 607341.2819965038 4556097.318380494
5429 2196 608563.1353350312 4556098.021042338
61 2257 501202.2875793052 4554877.603559333
366 2257 507301.75808030716 4554877.638567293
427 2257 508521.7475820195 4554877.869298455
1098 2257 521941.75781206053 4554877.965942233
2623 2257 552442.6887557448 4554876.970907497
4270 2257 585381.518502041 4554877.605183261
4453 2257 589042.878070241 4554876.781778771
4514 2257 590263.5404388474 4554876.351688533
4758 2257 595142.162033434 4554877.078453724
5002 2257 600022.355157447 4554876.86947173
5124 2257 602462.3047858255 4554877.091077815
5185 2257 603682.0567537424 4554876.233321716
5246 2257 604903.3136397188 4554876.467169619
5307 2257 606122.52161848 4554877.595945591
5368 2257 607342.7957494637 4554876.163990797
671 2318 513402.6870504768 4553661.787097683
732 2318 514622.5212350667 4553657.12516821
854 2318 517063.2615152231 4553655.98353164
1098 2318 521943.17414310854 4553657.974138285
1342 2318 526823.4656428645 4553658.315409286
1952 2318 539022.6620493061 4553657.354223432
2501 2318 550003.1853133249 4553655.8383926
3111 2318 562200.6265874205 4553657.441854925
3294 2318 565858.4583293132 4553656.763100767
4270 2318 585382.3026894187 4553657.278327363
4575 2318 591482.3919815978 4553656.223373973
4636 2318 592702.2910897328 4553656.379967006
4697 2318 593922.365317123 4553657.385542925
4880 2318 597582.924322335 4553657.035416409
5063 2318 601240.896101566 4553656.2948469035
5124 2318 602460.9492739101 4553655.827489226
5246 2318 604902.5707602998 4553656.845958562
5307 2318 606122.557673172 4553656.400204449
5429 2318 608562.2007767368 4553656.880285969
732 2379 514623.3709227839 4552435.371619298
976 2379 519502.2749865897 4552436.509780516
1220 2379 524383.7261201993 4552437.105430215
3294 2379 565860.6287869264 4552437.719570487
3538 2379 570744.5107210614 4552435.916145588
4026 2379 580503.4786159801 4552435.814528648
4148 2379 582941.8868996787 4552437.648103742
4331 2379 586602.4292524331 4552438.301155629
4392 2379 587822.7287002353 4552437.318431876
4575 2379 591482.3221008016 4552437.258165461
4636 2379 592702.6377410106 4552437.29302994
4697 2379 593922.7882067941 4552436.395137824
5063 2379 601242.7446110744 4552436.7043558825
5124 2379 602462.9967490307 4552436.113925509
5185 2379 603681.5161663657 4552437.249176478
5246 2379 604901.141324551 4552436.716627258
5307 2379 606122.6925256222 4552436.9287128495
5368 2379 607342.6504637878 4552436.516836517
5429 2379 608563.9292266432 4552437.586873698
732 2440 514622.71382926573 4551217.443132488
976 2440 519501.8450547871 4551218.477771121
1220 2440 524381.6518746007 4551217.44780914
3294 2440 565862.8744881884 4551217.227818978
3538 2440 570738.2542642918 4551216.310569615
4026 2440 580497.1855037046 4551217.995535487
4209 2440 584163.9539804866 4551216.3813209
4575 2440 591481.5084678167 4551217.85511124
4880 2440 597582.9387549968 4551216.957239993
5002 2440 600022.221252196 4551216.274846272
5063 2440 601241.8206911511 4551216.697371115
5124 2440 602462.5800668341 4551216.261517059
5185 2440 603682.9660173476 4551216.32071636
5246 2440 604902.68707445 4551216.251976687
5307 2440 606122.757104238 4551216.196109186
5368 2440 607342.1867884775 4551216.71799859
5429 2440 608562.834333647 4551217.41375315
244 2501 504861.85662570386 4549997.007342694
793 2501 515838.1824204871 4549997.392843375
2562 2501 551223.3734588507 4549996.686321773
2867 2501 557318.5323033746 4549997.230047496
3965 2501 579282.0892266103 4549998.409102193
4514 2501 590261.4094958678 4549997.350059635
4575 2501 591478.078720697 4549997.159275882
4697 2501 593923.1481294946 4549996.288474318
4758 2501 595142.4364227399 4549997.397043728
5063 2501 601242.7152844134 4549997.373025848
5124 2501 602462.4122980924 4549996.911564909
5185 2501 603682.2300992277 4549997.08452563
5246 2501 604901.6937200534 4549997.7985013835
5307 2501 606122.0934214329 4549997.346629263
5368 2501 607337.7519438734 4549997.199728195
61 2562 501203.7649859788 4548776.81853453
2501 2562 549998.9638848146 4548780.573969989
2684 2562 553662.3642641528 4548775.544290366
2745 2562 554883.0714912593 4548776.244728545
2806 2562 556102.3526828925 4548776.051598484
2989 2562 559762.4548811261 4548776.789144047
3172 2562 563422.5154539377 4548775.940700236
3233 2562 564642.1350309933 4548777.340037922
4453 2562 589038.2959118508 4548777.858604719
4514 2562 590262.7927891968 4548776.530112201
4575 2562 591482.1509594249 4548776.744454205
4636 2562 592702.0212861251 4548777.558754122
4697 2562 593917.8529902132 4548775.897919357
4758 2562 595141.109410287 4548777.296407654
4819 2562 596361.1905162437 4548778.296292598
4880 2562 597582.8540226425 4548777.014085553
4941 2562 598802.1200275582 4548777.077637987
5307 2562 606118.4291438973 4548777.270603755
5429 2562 608558.80759881 4548777.687052205
2806 2623 556104.2630965033 4547556.991474421
3172 2623 563420.8361232643 4547558.588624294
3355 2623 567081.6538409358 4547555.377019692
4087 2623 581721.3209939062 4547556.482167995
4270 2623 585377.809298465 4547556.237085242
4575 2623 591482.8620379972 4547557.498839291
4697 2623 593920.8991085046 4547557.493320336
4819 2623 596358.5376013767 4547557.706402654
4941 2623 598801.1310803315 4547557.108388853
5185 2623 603683.4645020587 4547556.723049388
5307 2623 606118.3695613518 4547557.822547668
5429 2623 608562.0268402423 4547557.301506852
3050 2684 560982.9175095545 4546336.327976501
3477 2684 569521.9791097613 4546337.065214461
3599 2684 571958.4088938271 4546337.730500091
3721 2684 574403.6920809814 4546335.141111894
4270 2684 585382.0893583486 4546336.3152735885
4514 2684 590262.3445521332 4546336.061122022
4758 2684 595142.367285367 4546337.85047164
4941 2684 598802.0639710589 4546338.392921741
5124 2684 602462.363116588 4546336.405378346
5185 2684 603678.0424300332 4546336.839223577
5368 2684 607341.7858407744 4546337.048111177
5429 2684 608562.4359287962 4546337.886162893
1586 2745 531698.1714208836 4545117.4928006865
1769 2745 535358.2631327603 4545118.174360972
1952 2745 539022.4781745416 4545115.765771276
2257 2745 545121.0070959136 4545116.031405029
2440 2745 548781.0060473676 4545117.191427022
3233 2745 564643.1069596733 4545116.6003825525
3355 2745 567082.4106776882 4545117.356370368
3416 2745 568302.3109554492 4545117.318238588
3538 2745 570740.6836567987 4545117.035708516
4575 2745 591482.1388440649 4545117.0734947445
5002 2745 600021.9931980938 4545116.7911857795
5063 2745 601243.4903680017 4545116.617618343
1342 2806 526823.7734702019 4543896.5614187755
1952 2806 539021.6930528673 4543896.028130851
2501 2806 550003.2293107901 4543896.968503228
2745 2806 554878.4421480997 4543897.575027252
3294 2806 565862.9078377326 4543896.622163356
3355 2806 567082.2169521609 4543897.8130030595
4270 2806 585382.2433870779 4543897.604023711
4575 2806 591483.5091509244 4543896.9447565945
1220 2867 524382.7412862561 4542677.332412929
1403 2867 528042.9655894154 4542677.542179046
1891 2867 537803.4492754552 4542675.415505942
1952 2867 539022.3514103096 4542677.945039812
2013 2867 540243.7296682498 4542677.055236903
3111 2867 562199.9993560631 4542679.993522922
3172 2867 563422.509617257 4542676.930097637
3294 2867 565862.1482283948 4542677.3502667025
3416 2867 568302.536470985 4542676.901299342
3965 2867 579283.2274092976 4542678.214343543
4270 2867 585382.3024354815 4542677.053195524
4636 2867 592702.0965942983 4542676.159842105
4697 2867 593919.0008087782 4542676.3529295
671 2928 513402.8800663051 4541458.249499471
793 2928 515842.77607987693 4541458.137621653
854 2928 517062.6273461402 4541457.3604339855
976 2928 519503.6980620028 4541456.7657037955
1037 2928 520722.27705819794 4541456.395388743
1220 2928 524382.7481654752 4541457.729970564
1281 2928 525603.1089898234 4541455.260519257
2074 2928 541463.8242562048 4541457.102669756
3111 2928 562200.0008164197 4541459.999432916
4087 2928 581718.781702388 4541457.948420279
854 2989 517062.44486934587 4540236.952743654
1037 2989 520721.6921107435 4540236.917667888
1403 2989 528039.0334446849 4540238.144743053
1952 2989 539022.3262491229 4540237.721745981
3172 2989 563418.9149112608 4540236.3498005755
3355 2989 567083.53684867 4540237.578285736
3416 2989 568303.3223241061 4540236.017894654
122 3050 502422.5177531169 4539017.217346743
244 3050 504861.7280905533 4539017.10775434
305 3050 506081.4606309802 4539017.761906565
488 3050 509742.6257808255 4539017.0905538965
549 3050 510958.7427868041 4539017.795478464
610 3050 512181.400708686 4539017.996918331
1464 3050 529262.4911864144 4539016.957981809
3050 3050 560983.413862174 4539016.018963473
3233 3050 564641.5694444604 4539016.738423679
3599 3050 571958.5543510326 4539016.515035725
4026 3050 580501.0810572837 4539018.133063454
4880 3050 597581.0506199456 4539017.928070103
61 3111 501202.4850538404 4537796.733705119
244 3111 504863.01547638536 4537796.546724233
488 3111 509744.72790882015 4537797.659991593
549 3111 510958.5226468633 4537797.694584529
610 3111 512182.84107807424 4537797.368982714
732 3111 514621.4293553452 4537796.903704905
2745 3111 554883.2872620414 4537797.540507689
2806 3111 556102.5480645414 4537796.5730753355
2989 3111 559761.0417677931 4537797.632916438
3233 3111 564643.3703931244 4537800.985495459
4697 3111 593923.3497552809 4537796.913616424
5063 3111 601241.4582552125 4537797.462813104
366 3172 507301.22459128103 4536578.258916825
427 3172 508522.6912271554 4536576.662221459
488 3172 509743.00729149336 4536577.090212648
549 3172 510962.2997118068 4536578.345734995
2135 3172 542682.7104246519 4536577.326267964
2623 3172 552441.7790960779 4536578.024813464
2684 3172 553662.178333236 4536577.35954175
2806 3172 556103.9775270515 4536577.103637216
3538 3172 570742.6472007488 4536577.173227339
3599 3172 571961.5914477675 4536577.876856241
3782 3172 575621.5045108001 4536577.275355839
488 3233 509740.8967810969 4535356.151214865
549 3233 510962.1450225539 4535358.793244642
976 3233 519502.41619773617 4535358.551966273
1098 3233 521942.17486572795 4535357.6379623795
2257 3233 545122.7468326907 4535359.122954864
2745 3233 554881.8392421616 4535357.895068315
3294 3233 565861.8367714747 4535358.022841259
3416 3233 568303.698978394 4535357.575768861
3477 3233 569522.5585901454 4535356.866598397
4087 3233 581723.6314292558 4535355.059958352
610 3294 512182.26769765705 4534134.89664041
2623 3294 552443.9001532583 4534135.907816959
2684 3294 553664.5960016459 4534136.98212072
2745 3294 554882.7564166719 4534137.8304598555
2806 3294 556102.4333642845 4534137.054283351
2867 3294 557322.7951725791 4534137.287238272
3294 3294 565862.0146456842 4534138.00035308
3416 3294 568298.0810626638 4534136.75593489
549 3355 510962.8018060696 4532916.532164045
671 3355 513403.34129705286 4532917.300383374
2684 3355 553663.0196972955 4532916.379656947
2806 3355 556098.8878235116 4532916.764830283
2867 3355 557323.2254423818 4532916.981013408
2928 3355 558542.4480180051 4532916.558658664
4026 3355 580502.7567080947 4532916.493849105
4453 3355 589040.233025722 4532916.205019344
488 3416 509742.4997753599 4531697.15766772
549 3416 510961.78319406847 4531697.047008266
2196 3416 543902.2510511323 4531697.503619709
2867 3416 557322.81694673 4531696.522573928
2928 3416 558542.9095041469 4531696.200369608
122 3477 502424.4061079134 4530476.236364247
183 3477 503641.7683901078 4530477.955878847
244 3477 504861.9979912866 4530477.137294967
427 3477 508521.76911751635 4530478.215349573
1891 3477 537803.3730488052 4530476.645434075
1952 3477 539021.9674197375 4530477.470467709
2562 3477 551223.4077352616 4530476.364759632
2867 3477 557322.6859869047 4530476.601303212
5368 3477 607343.4114651373 4530477.411135337
61 3538 501201.5322104131 4529257.424482624
122 3538 502422.5464541954 4529258.258596716
183 3538 503642.4009526601 4529257.879174648
2928 3538 558542.4852482091 4529257.243333469
2989 3538 559762.416446059 4529256.82680361
3477 3538 569523.0443612426 4529255.657166468
3721 3538 574403.3590282595 4529255.741506015
4026 3538 580501.9304424371 4529256.487169192
5002 3538 600021.8071873279 4529256.9612127505
183 3599 503641.8849837374 4528038.392712571
1586 3599 531703.5529099947 4528037.202869278
1647 3599 532922.9619688354 4528037.872004278
1708 3599 534142.5724633471 4528036.730113621
1769 3599 535362.7536868454 4528037.01765443
1830 3599 536582.4012103502 4528037.413122571
1891 3599 537802.4652017371 4528037.321772851
1952 3599 539024.418370052 4528037.8839707
2013 3599 540243.2392534178 4528036.022522502
2074 3599 541463.8764509592 4528035.718573924
2135 3599 542684.2393657276 4528035.666993568
2257 3599 545123.0101432374 4528036.641775275
2318 3599 546342.2963039575 4528036.281926284
2440 3599 548781.9640547894 4528037.402995516
3050 3599 560982.6857916021 4528038.136875061
3965 3599 579282.445468107 4528036.526419201
4026 3599 580502.5612378465 4528036.41507954
4087 3599 581722.9428262266 4528036.476258152
4209 3599 584164.5481106498 4528036.880715705
4392 3599 587818.932981746 4528037.402975375
1525 3660 530481.6278579286 4526818.270103918
1586 3660 531702.5315320527 4526817.413249227
1647 3660 532921.4595146717 4526816.916369787
1708 3660 534140.9691237817 4526816.406987054
1769 3660 535362.041606178 4526817.866298831
1891 3660 537802.6777749949 4526817.246622738
1952 3660 539021.7665468524 4526816.592182343
2013 3660 540241.954833349 4526816.118995993
2196 3660 543902.0029793197 4526816.9427700685
2257 3660 545123.5342127739 4526816.975556647
2318 3660 546343.2800861449 4526816.366122876
2379 3660 547563.1884030089 4526816.193390973
4087 3660 581722.806448226 4526815.805246972
4270 3660 585381.4817544518 4526816.684041552
1098 3721 521943.35338768107 4525597.803511772
1403 3721 528042.5733616565 4525597.210518892
1464 3721 529262.34905965 4525597.032805331
1525 3721 530482.2736803696 4525596.335983617
1586 3721 531701.8348787779 4525597.721089532
1830 3721 536581.1848895175 4525597.837461073
2196 3721 543902.0592535322 4525598.0251749195
2257 3721 545121.6572136811 4525597.389589613
2379 3721 547561.5476565545 4525597.892053289
2440 3721 548782.6337693444 4525596.955327805
3233 3721 564642.6406548695 4525595.949303534
3294 3721 565862.7115647928 4525596.399622469
3782 3721 575622.379389453 4525597.356488348
4514 3721 590258.4201498281 4525597.297250084
5246 3721 604902.5089533045 4525596.587247977
1220 3782 524382.0701573985 4524377.401225474
1403 3782 528043.0514554693 4524376.5544695705
1464 3782 529263.4998584576 4524376.689458785
1525 3782 530481.5260263083 4524376.941261554
1769 3782 535361.4070629458 4524377.857388342
1830 3782 536581.148728533 4524377.938192206
2013 3782 540241.3013974673 4524381.80839252
2074 3782 541461.4969372526 4524378.604338685
2135 3782 542682.5926610106 4524377.728080502
2196 3782 543901.6386310031 4524378.529358995
2257 3782 545121.9477362162 4524381.633400689
2318 3782 546341.538799546 4524378.724191649
2379 3782 547563.3839259376 4524377.976147231
2562 3782 551224.0040334631 4524381.270663041
3233 3782 564642.5238932557 4524377.307901542
3294 3782 565862.8784747117 4524376.340113274
3416 3782 568301.6003778904 4524378.416410259
3660 3782 573181.5851520177 4524376.172437938
3843 3782 576844.4386495154 4524376.155838187
3904 3782 578062.2704939264 4524376.11623178
4209 3782 584162.1825366548 4524377.658644398
4270 3782 585380.8518631617 4524377.653193626
4331 3782 586598.8804461679 4524377.093659696
4392 3782 587821.1624505876 4524377.580195534
5307 3782 606119.759044216 4524378.168332502
1037 3843 520722.73433588597 4523156.7516988665
1098 3843 521942.8184811355 4523157.353515541
1159 3843 523158.86435095884 4523158.133184126
1281 3843 525601.8085107319 4523156.845252373
1342 3843 526822.2109466067 4523157.261035336
1403 3843 528042.40043459 4523156.830077289
1464 3843 529262.8568589769 4523157.467770358
1525 3843 530482.8689111418 4523156.594963109
1647 3843 532922.7388591922 4523156.236070098
1708 3843 534142.6061845521 4523156.825292615
1769 3843 535362.3321170202 4523157.869466468
1830 3843 536581.7619874238 4523158.421375958
1891 3843 537801.7256219424 4523158.299924282
1952 3843 539024.0777619609 4523156.730786109
3294 3843 565863.4572538505 4523156.180370732
3355 3843 567083.4195281151 4523156.018212592
3416 3843 568303.4733819605 4523161.780340131
3477 3843 569523.0685451957 4523157.255883265
3538 3843 570742.698276701 4523157.275855781
3599 3843 571961.6950400199 4523158.692555205
3721 3843 574404.0742023146 4523161.610457504
4270 3843 585378.3859950497 4523156.707308814
4331 3843 586599.2308650656 4523157.935155706
4392 3843 587821.2474984813 4523157.956593466
1769 3904 535362.1534436329 4521938.344324838
1830 3904 536581.8774162006 4521938.204918598
1891 3904 537803.3121390697 4521938.870026067
2257 3904 545122.8031151581 4521937.466743583
3233 3904 564644.6505260903 4521937.3826873535
3294 3904 565864.6884800246 4521936.119128638
3355 3904 567084.3616235276 4521936.938731651
3416 3904 568301.8015379352 4521937.864362042
3477 3904 569522.5254003092 4521936.644836589
3538 3904 570741.8943530452 4521937.462174407
3782 3904 575622.8317783831 4521936.192856764
4148 3904 582942.9881015947 4521935.494010275
4209 3904 584162.8135888814 4521936.743048926
4270 3904 585382.9117425131 4521936.476770279
4392 3904 587821.3252770108 4521937.650996939
4453 3904 589043.3558938681 4521937.170423783
5185 3904 603680.9799421908 4521935.443928563
1769 3965 535361.4787333 4520719.048040203
1830 3965 536581.7251469844 4520718.131321908
3233 3965 564644.0484032182 4520716.697683777
3294 3965 565863.4672207669 4520716.408123311
3416 3965 568303.395967505 4520716.011851879
3477 3965 569522.9132391568 4520716.5570252715
3599 3965 571962.6466714252 4520716.510783503
3843 3965 576842.4228147822 4520717.211903209
4331 3965 586602.6354002928 4520720.875908858
4453 3965 589038.7719094146 4520717.455079484
5063 3965 601242.5837210544 4520716.203247677
2745 4026 554882.8632384533 4519496.748622503
2928 4026 558542.9862882753 4519497.394510685
3050 4026 560978.9367501186 4519497.195182324
3111 4026 562202.1816967444 4519496.425970468
3172 4026 563422.4537280385 4519497.020675021
3355 4026 567082.6713394613 4519496.48283397
3416 4026 568302.7560367866 4519496.763785305
3538 4026 570742.4918074139 4519497.452809881
3599 4026 571961.9340707161 4519497.346838109
3721 4026 574402.6993499852 4519497.49133369
4148 4026 582941.9821785113 4519501.616805078
4209 4026 584162.5831985293 4519497.332653643
5429 4026 608562.3460942694 4519496.657152085
2806 4087 556102.3504953261 4518280.852664162
2928 4087 558544.061958746 4518277.2012762455
3050 4087 560981.8737679806 4518276.8921006955
3111 4087 562201.3191248013 4518277.4886490805
3172 4087 563422.0929323253 4518276.489705572
3233 4087 564641.7797458225 4518276.223308648
3294 4087 565861.5274820385 4518276.422059579
3416 4087 568302.7186106364 4518277.452198104
3538 4087 570742.2302764703 4518278.226049881
3599 4087 571962.4413894366 4518278.319615198
3721 4087 574401.7643964996 4518277.849907576
3965 4087 579282.816433295 4518277.9558282755
4148 4087 582943.7502974409 4518275.6771939285
4270 4087 585383.2022266047 4518277.638038181
4331 4087 586603.3296161875 4518277.378558602
4575 4087 591482.25718953 4518276.217515627
2806 4148 556098.4909505728 4517057.493407877
2867 4148 557323.2040159765 4517057.581613795
2989 4148 559762.4918639144 4517057.026635528
3050 4148 560981.9170296451 4517057.487565726
3172 4148 563423.5712979343 4517057.120630379
3233 4148 564642.2253189088 4517057.142356153
3294 4148 565861.7025662903 4517058.275967908
3355 4148 567082.6152666216 4517057.751139946
3416 4148 568302.2532881614 4517056.722399904
3477 4148 569522.1158287873 4517058.54916447
3599 4148 571962.0870247334 4517058.60967631
3660 4148 573179.0408022259 4517058.353895476
3721 4148 574402.5172930548 4517057.763249477
3843 4148 576841.6732931365 4517056.52258991
3904 4148 578062.1947833478 4517056.222540451
3965 4148 579282.6932879399 4517058.281347729
4087 4148 581722.7354359763 4517057.371869164
4270 4148 585382.4069840063 4517057.113494798
2684 4209 553661.9220202616 4515838.548188353
2745 4209 554882.831491537 4515838.839320296
2867 4209 557321.9265755699 4515838.428079402
3294 4209 565862.2053339523 4515837.1846756125
3355 4209 567082.3338288196 4515837.728827975
3538 4209 570742.4481016927 4515838.468581189
3599 4209 571962.3485121184 4515838.944603887
3660 4209 573181.8981670707 4515841.125208992
3721 4209 574401.8024491621 4515838.937009463
3782 4209 575622.0632099886 4515838.448394299
3843 4209 576841.6929191251 4515837.020626521
3904 4209 578062.2635625105 4515837.071472224
4026 4209 580502.4578505639 4515837.009570257
4148 4209 582940.9498706595 4515837.79016008
4331 4209 586598.718835288 4515837.560086303
4453 4209 589042.7346676062 4515837.263931909
2867 4270 557322.4459654973 4514617.51330075
3416 4270 568301.9550716053 4514618.137706704
3477 4270 569521.9748792871 4514617.960806619
3599 4270 571962.7824873836 4514617.935103541
3660 4270 573182.8388321325 4514616.202226791
3904 4270 578061.1899711671 4514618.021343601
4026 4270 580503.3789551862 4514616.812802602
4087 4270 581721.9195070106 4514616.865549441
4209 4270 584162.0289158334 4514618.413877365
4331 4270 586603.6530356202 4514616.574076917
4636 4270 592702.894971433 4514617.734772409
3111 4331 562202.2866232309 4513396.44895227
3172 4331 563423.3293662942 4513396.847474485
3294 4331 565861.0261851354 4513397.567270417
3355 4331 567082.3365069627 4513396.256788904
3416 4331 568301.812633592 4513401.260523129
3660 4331 573181.7896535441 4513397.314698276
3721 4331 574401.9022436873 4513397.6222121995
3965 4331 579283.7463416541 4513396.237543068
4026 4331 580502.1626983064 4513397.100910312
4087 4331 581721.4048269885 4513397.657224013
4148 4331 582942.437216996 4513398.460165422
4209 4331 584161.8669606764 4513397.667663803
5185 4331 603680.8885031858 4513398.454832351
5246 4331 604901.9786030904 4513397.781796334
5307 4331 606122.119896495 4513397.787967115
5368 4331 607343.0604592091 4513396.073478758
2623 4392 552442.0072790829 4512177.8799027465
2989 4392 559762.6450901635 4512177.63500102
3233 4392 564642.1591868035 4512179.008181207
3294 4392 565862.8917262133 4512177.04933577
3416 4392 568301.780089505 4512176.631686708
3599 4392 571963.3974789617 4512177.170057235
3660 4392 573182.4955228507 4512177.1171550155
3721 4392 574401.3266262976 4512177.936378271
3782 4392 575623.0401145567 4512177.196391327
3843 4392 576842.1446935532 4512177.017533734
3904 4392 578062.6311222052 4512176.902976339
3965 4392 579281.8176284027 4512177.774385119
4087 4392 581722.2018509714 4512177.166213185
4209 4392 584158.8317949045 4512178.3191093085
4270 4392 585381.8409792962 4512178.495891038
4758 4392 595142.516929786 4512177.40400454
5124 4392 602462.7903759995 4512177.050640973
5185 4392 603678.5473872928 4512176.458831557
5246 4392 604903.0751122043 4512176.753952541
5307 4392 606121.9217794449 4512177.614517366
2928 4453 558542.3675858174 4510957.186083948
2989 4453 559762.6561190742 4510957.995282223
3050 4453 560983.4399215642 4510956.6319259405
3111 4453 562202.3536150327 4510956.931418914
3233 4453 564641.8099108392 4510957.137640696
3538 4453 570742.4475172088 4510956.087473134
3782 4453 575622.7169735522 4510957.126078938
3904 4453 578063.3648977916 4510957.182877756
4026 4453 580502.1319835284 4510957.253015662
4087 4453 581720.7978842556 4510957.693065491
4148 4453 582942.0647318037 4510956.798546184
4209 4453 584163.1863648038 4510956.748232222
4270 4453 585383.2388070091 4510956.59230739
4392 4453 587821.9875754033 4510958.065622446
4758 4453 595143.7001628447 4510956.159986788
4941 4453 598802.9615021972 4510958.027606112
5002 4453 600021.3964911464 4510957.172160287
5185 4453 603682.0269918316 4510956.950677657
2745 4514 554883.0963947026 4509737.697362892
2806 4514 556102.3922635176 4509737.710417842
3050 4514 560982.4243745445 4509736.99940107
3294 4514 565862.1498578272 4509737.18210934
3477 4514 569521.1338416819 4509737.572008685
3538 4514 570743.0074397504 4509736.314091021
3599 4514 571962.0685409434 4509737.631047026
3660 4514 573182.5595601823 4509736.541483822
3721 4514 574402.2667030023 4509737.875631744
3782 4514 575621.198112243 4509737.551780063
4026 4514 580503.0241932701 4509741.821422125
4209 4514 584163.2397694092 4509737.310984419
4270 4514 585381.8032221105 4509736.894743207
4331 4514 586601.501621512 4509737.390301305
4392 4514 587822.6357826855 4509737.210493374
4453 4514 589041.729739375 4509736.120488346
4819 4514 596363.8845138998 4509737.972865401
5002 4514 600023.2271815462 4509737.582184185
5246 4514 604900.6881604007 4509738.16578122
5307 4514 606124.1625778194 4509739.2817527875
2684 4575 553661.9735058855 4508517.013572917
2745 4575 554882.3620436725 4508517.256896487
2806 4575 556101.9784261589 4508516.403183854
2989 4575 559762.12878966 4508517.172231129
3111 4575 562198.5305079889 4508518.127209223
3538 4575 570741.8250015754 4508517.936658338
3599 4575 571962.2910442951 4508517.3259400455
3660 4575 573182.5540666527 4508518.772151395
3721 4575 574401.6038034972 4508518.111422402
3904 4575 578058.5522726423 4508517.470888582
3965 4575 579281.4400668703 4508518.381514279
4209 4575 584161.5047737658 4508516.942091069
4331 4575 586601.9420386036 4508516.283278842
4392 4575 587822.4042098401 4508516.675633866
4880 4575 597582.1738903845 4508516.859838885
4941 4575 598802.1228466458 4508517.000232063
5063 4575 601242.0510567036 4508518.145562045
5124 4575 602458.4948502256 4508517.584608531
2745 4636 554881.5623017622 4507298.368066649
2867 4636 557323.017321302 4507297.382340944
2928 4636 558542.8982173856 4507296.84204963
2989 4636 559762.8344907298 4507296.495926245
3050 4636 560982.512207279 4507296.597980623
3172 4636 563422.0728059633 4507297.104389752
3233 4636 564641.6049645243 4507297.973520819
3416 4636 568301.1845553818 4507297.710294891
3477 4636 569521.5163023372 4507297.904451625
3843 4636 576842.169918605 4507298.3321837755
3965 4636 579283.7795346525 4507297.995736591
4392 4636 587821.6236703013 4507298.210157278
4453 4636 589042.3630510956 4507297.174656034
4514 4636 590261.2185558012 4507297.738678023
4575 4636 591478.8258149666 4507297.210037065
4636 4636 592701.9368035758 4507298.354796229
4819 4636 596362.2799325697 4507297.465358968
5185 4636 603681.5973545406 4507297.861547428
2684 4697 553662.9865871042 4506077.09096672
3050 4697 560981.9561757466 4506077.859479841
3599 4697 571961.517197346 4506078.351760561
3782 4697 575622.3430219269 4506081.3711794475
3904 4697 578062.6117737035 4506077.649124976
4026 4697 580501.0145126388 4506077.881189678
4270 4697 585381.2987699622 4506076.919891542
4331 4697 586601.2574035085 4506077.827101111
4392 4697 587820.5330437436 4506077.966339282
4514 4697 590261.2203656929 4506076.215587295
4575 4697 591482.905672429 4506077.333259814
4636 4697 592703.3487934843 4506077.329472894
4819 4697 596361.347214875 4506078.278913874
5002 4697 600022.3178560422 4506077.522443764
5063 4697 601242.3074411359 4506077.565549263
5124 4697 602462.1478536256 4506078.289909392
5185 4697 603681.6517565881 4506077.97053144
5307 4697 606122.0695793717 4506077.135067647
5429 4697 608562.5174538216 4506075.650896866
2684 4758 553658.7674678557 4504857.994490997
3660 4758 573182.6545446439 4504857.857844555
3721 4758 574402.946293423 4504858.093021099
3782 4758 575623.087106664 4504856.211729388
3904 4758 578062.5763874156 4504857.34425843
3965 4758 579282.5734369603 4504858.670717656
4026 4758 580502.1736473578 4504857.422025799
4270 4758 585381.5202412698 4504857.188927659
4331 4758 586601.4391944769 4504861.339793255
4392 4758 587821.7884814873 4504857.856175155
4453 4758 589041.8096078464 4504858.218519123
4575 4758 591482.1927352324 4504861.381793161
4941 4758 598802.1380942676 4504857.3365121605
5063 4758 601242.2092403517 4504856.41052865
5124 4758 602461.2632862899 4504857.978632256
5185 4758 603682.3718837999 4504856.673332414
5246 4758 604902.0823931434 4504857.091828321
5307 4758 606121.7473123623 4504857.204281199
3660 4819 573181.4862500674 4503637.55395451
3721 4819 574402.6296335075 4503636.741683771
3782 4819 575623.209657359 4503637.963641377
3904 4819 578063.6350868172 4503637.252808316
4026 4819 580502.0586111012 4503638.067174206
4087 4819 581721.3790199565 4503638.488979419
4148 4819 582941.9617162591 4503637.745564876
4270 4819 585381.0760678669 4503638.093957849
4331 4819 586602.3424168022 4503638.491158185
4392 4819 587822.3474105094 4503637.555606155
4453 4819 589041.2353626499 4503637.3503534915
4575 4819 591483.372957536 4503636.76825906
4697 4819 593923.1508170569 4503637.571473546
5124 4819 602462.383045624 4503637.345499462
5185 4819 603681.8195081486 4503637.136627585
5246 4819 604901.1388844664 4503641.325443282
5307 4819 606122.3741938501 4503636.417204569
3599 4880 571962.9532136745 4502417.755008954
3660 4880 573183.564451975 4502415.814021051
3721 4880 574402.6619168648 4502417.498165473
3904 4880 578061.8262391798 4502417.636897011
4087 4880 581721.9895049653 4502418.332061909
4270 4880 585382.6701023667 4502418.252167762
4331 4880 586602.6642849584 4502418.09662153
4392 4880 587822.1234914011 4502417.006873615
4453 4880 589042.6005967823 4502418.810916895
4514 4880 590261.1365818686 4502417.310683633
4575 4880 591482.8837659606 4502417.210188288
4636 4880 592702.2549607621 4502417.256578343
4697 4880 593921.1615241785 4502417.041110173
4758 4880 595143.6710509735 4502416.032802088
4819 4880 596361.9787938985 4502416.807421416
5185 4880 603682.2746306052 4502418.480380066
5246 4880 604901.2144115837 4502416.509249685
5307 4880 606122.647708677 4502417.114921134
5429 4880 608561.2467108321 4502418.157214419
3782 4941 575623.011465385 4501196.170486409
3843 4941 576842.6603466969 4501196.366657881
3904 4941 578061.7613411753 4501196.745661381
3965 4941 579282.1839898776 4501197.120647702
4148 4941 582941.9743514655 4501198.158215697
4331 4941 586602.0721271021 4501197.57747984
4392 4941 587822.5233602623 4501196.145709158
4453 4941 589042.3752842917 4501197.855547659
4514 4941 590261.8614908215 4501196.542063277
4575 4941 591482.6956762456 4501196.907425148
4636 4941 592701.2635840459 4501196.498448336
4697 4941 593921.7327731439 4501197.1186439935
4758 4941 595142.2739881121 4501202.1964426
4819 4941 596361.7381541278 4501196.8284185575
5124 4941 602461.9187479398 4501196.913034181
5185 4941 603681.945270296 4501196.539842055
5246 4941 604903.1789937255 4501197.985726709
5368 4941 607343.2391699355 4501196.957058059
5429 4941 608562.4665979336 4501197.728784317
3782 5002 575623.0136000228 4499975.66723516
3843 5002 576843.5688115003 4499976.1222110465
3904 5002 578062.5534295663 4499977.167848754
3965 5002 579282.1809172644 4499976.882116733
4148 5002 582942.3996344109 4499981.162858096
4209 5002 584162.2090012073 4499977.058721717
4270 5002 585382.8713849407 4499977.094113517
4331 5002 586602.3143665355 4499977.287094178
4392 5002 587821.7526754831 4499976.69635301
4453 5002 589041.5233998474 4499976.4580978155
4514 5002 590262.3525027742 4499975.841593778
4575 5002 591482.2517455069 4499976.870876462
4697 5002 593922.1342384857 4499977.559602956
4758 5002 595142.2233383268 4499976.684150517
4819 5002 596362.5987098671 4499977.083084378
5124 5002 602461.7493891518 4499977.282521893
5185 5002 603681.746766385 4499978.644222302
5429 5002 608561.5375230261 4499976.870383394
3782 5063 575621.7305072584 4498757.548873639
4148 5063 582942.2052507198 4498756.844050463
4270 5063 585381.5563605432 4498756.134464494
4331 5063 586602.7077419332 4498756.611354248
4392 5063 587822.0918300019 4498756.083288412
4453 5063 589042.5015504693 4498756.962544279
4514 5063 590262.2839401106 4498755.798831417
4575 5063 591481.8711919524 4498756.056607987
4636 5063 592700.3059711293 4498758.192990785
4697 5063 593921.7168444414 4498757.479342151
4758 5063 595142.9475856146 4498756.887988671
4819 5063 596361.6420058613 4498757.556161523
4941 5063 598802.4280334889 4498757.1589915175
5002 5063 600023.1688198677 4498756.723617
5124 5063 602461.896544328 4498758.007666638
5185 5063 603682.1203561092 4498757.262846329
5246 5063 604902.7883013992 4498756.053444081
5368 5063 607343.2274559597 4498756.024226345
3843 5124 576841.8450637389 4497537.497792942
3904 5124 578062.074003798 4497538.118060024
4270 5124 585382.4876350827 4497536.077207197
4453 5124 589038.5800240904 4497537.838994696
4514 5124 590261.5076884702 4497537.495828233
4575 5124 591481.4522091576 4497537.773083411
4636 5124 592699.2165747054 4497538.526751921
4758 5124 595142.1472091941 4497537.101272686
4819 5124 596364.9195030287 4497535.440490025
4880 5124 597582.23361302 4497538.163947118
4941 5124 598801.9838408581 4497537.74158956
5002 5124 600021.7919357319 4497538.775350008
5063 5124 601241.9988081066 4497537.571510214
5185 5124 603681.661584841 4497538.05729899
5246 5124 604902.5979268523 4497536.571718202
5368 5124 607342.5193962071 4497536.301892093
5429 5124 608562.6521394617 4497536.9321454
3843 5185 576841.6501408892 4496317.511714015
3904 5185 578062.0553177829 4496317.274508116
3965 5185 579282.5364657047 4496317.193020028
4270 5185 585381.5050109127 4496317.579795295
4331 5185 586602.3072785544 4496317.265776332
4392 5185 587822.8490690882 4496317.506101424
4453 5185 589038.8066740469 4496317.224296945
4514 5185 590261.4239629055 4496317.048205288
4636 5185 592701.5097937132 4496318.26666894
4697 5185 593921.563861448 4496318.138626605
4758 5185 595141.0762934271 4496318.483742689
4819 5185 596361.29702587 4496318.384047538
4880 5185 597581.2797005149 4496318.040226948
5002 5185 600021.6016721872 4496318.503294752
5063 5185 601242.7275320878 4496317.537441419
5124 5185 602462.8255775934 4496317.256811816
5307 5185 606122.8627981888 4496317.25620549
5429 5185 608562.307893235 4496317.558216698
3782 5246 575620.9083102976 4495098.299078027
3843 5246 576841.724568919 4495096.804745415
3965 5246 579281.6666261838 4495097.182892883
4026 5246 580502.3474938563 4495097.196641085
4392 5246 587822.2989071053 4495096.9444004595
4575 5246 591482.2047364879 4495097.642566269
4636 5246 592701.5472584978 4495097.6047326
4697 5246 593921.1083377643 4495098.164704683
4758 5246 595142.4687816796 4495098.005862859
4819 5246 596363.0143790196 4495098.235597143
4880 5246 597583.4457446275 4495097.10651518
4941 5246 598803.0628591292 4495096.904175105
5002 5246 600022.66394168 4495097.298684884
5063 5246 601242.8289316208 4495097.867655869
5124 5246 602463.6151454973 4495096.682088327
5185 5246 603682.5094256464 4495096.677549455
5246 5246 604901.8043553622 4495096.733514797
5307 5246 606121.6947877692 4495097.284610071
5368 5246 607341.2384905037 4495097.838259885
5429 5246 608559.0108547062 4495097.071271611
3782 5307 575623.6604688313 4493875.921088365
3843 5307 576841.960383638 4493877.295219453
3904 5307 578062.0940462924 4493877.3804538315
3965 5307 579281.4348584751 4493877.786204691
4148 5307 582941.5361340008 4493878.2670285655
4514 5307 590263.1600988059 4493877.245440442
4575 5307 591482.663929546 4493881.8275558455
4636 5307 592701.748419753 4493877.751409063
4697 5307 593922.4080823398 4493877.792107151
4758 5307 595142.8673580848 4493877.398375702
4880 5307 597583.3236927311 4493877.176644907
4941 5307 598803.3486286174 4493876.81508007
5063 5307 601243.048713915 4493876.402703744
5246 5307 604902.0280716771 4493877.7040754985
5429 5307 608562.1235540515 4493876.859995922
3843 5368 576842.4808045225 4492657.410447049
4087 5368 581722.3818732915 4492657.485956621
4148 5368 582942.2747526679 4492657.616382074
4209 5368 584162.4890862147 4492657.785042025
4270 5368 585381.7729880427 4492658.77193525
4392 5368 587821.4663923001 4492658.373513566
4514 5368 590261.6836407132 4492658.203012304
4575 5368 591482.3355884582 4492656.588602678
4636 5368 592703.7220032469 4492656.6236814475
4697 5368 593923.2898202515 4492656.564607509
4758 5368 595142.3762368653 4492657.085729148
4819 5368 596362.6372590947 4492656.754078297
4880 5368 597582.7329558725 4492657.264809965
5002 5368 600021.4490815601 4492657.230763661
5124 5368 602463.1986573057 4492656.732941614
5307 5368 606121.8729243074 4492658.04526581
5368 5368 607344.3033134085 4492655.899957536
5429 5368 608562.7170235659 4492657.733556246
3965 5429 579281.7586512282 4491438.123134482
4026 5429 580503.0456594649 4491437.845235227
4087 5429 581722.7864776603 4491437.736341149
4209 5429 584163.3319876676 4491438.153291346
4453 5429 589042.5684519182 4491436.952130463
4514 5429 590262.2313812544 4491436.781952888
4575 5429 591483.1589371697 4491436.405455969
4636 5429 592702.8397596255 4491436.542031843
4697 5429 593922.9072371686 4491436.371117263
4758 5429 595142.5690477454 4491436.409207124
4819 5429 596362.5153956381 4491435.706965352
4880 5429 597582.6735300041 4491436.1497366475
4941 5429 598801.6566363231 4491436.664062393
5002 5429 600021.8739081342 4491436.272992075
5063 5429 601242.7234959013 4491437.017748473
5124 5429 602463.9773357982 4491437.166904712
5185 5429 603681.9355677397 4491441.542195184
5246 5429 604902.6735584855 4491437.45968932
5429 5429 608561.99075207 4491437.646373948
3782 5490 575621.0997843707 4490218.426480926
3904 5490 578061.4645675332 4490216.278441995
4941 5490 598801.6316521387 4490218.014930367
5063 5490 601241.0158404305 4490219.084745748
