793 61 715824.4690387493 5198798.328567163
854 61 717043.376055539 5198799.331601078
915 61 718263.5463282595 5198801.391881909
1037 61 720704.2019738544 5198801.753072426
1098 61 721924.0552450567 5198802.106350511
1464 305 729245.9494361093 5193917.555241381
793 366 715824.3348311194 5192698.889552491
854 366 717044.1168598203 5192701.995870487
915 366 718263.4879685962 5192701.404849157
2074 366 741446.8923748578 5192701.694371202
915 427 718264.3281977334 5191482.740680202
1098 427 721924.6184931282 5191482.891738818
2318 427 746324.1614985304 5191484.583762515
1708 488 734125.8003470259 5190262.691946463
2196 488 743884.2780479384 5190262.04485172
122 549 702404.3974238901 5189040.896383948
1647 549 732904.912259911 5189044.75725749
1403 610 728024.0216193589 5187822.041196874
1647 610 732904.3466584169 5187823.66958138
2196 610 743887.5738890505 5187820.778491799
1342 671 726807.365696778 5186597.309237598
1830 732 736564.8731761865 5185384.307415591
1891 732 737784.2142121271 5185384.242445533
2135 732 742664.0872256159 5185383.274414348
2440 732 748764.5501961728 5185383.123213044
1586 793 731683.9959501209 5184161.693489458
2257 793 745100.9615682897 5184161.169922136
2318 793 746324.0198672066 5184164.510544289
2562 793 751203.1881567099 5184163.461470868
2745 793 754863.9060907306 5184164.029761007
2318 854 746321.8819583437 5182943.948608175
2745 854 754863.2575114216 5182943.603852064
2135 915 742664.2801964353 5181724.357645466
2196 915 743884.345803491 5181723.036207377
2501 915 749984.2368817376 5181722.867576477
2562 915 751204.1658169643 5181723.369173565
2623 915 752423.9270297087 5181722.022530164
1159 1037 723144.8341078197 5179283.710591319
3355 1281 767063.650098472 5174404.696553676
3416 1281 768284.2038864254 5174407.678201789
671 1342 713384.4236216089 5173182.59751499
2013 1342 740222.474043331 5173178.150630025
3965 1403 779268.2035511216 5171963.4655808285
915 1464 718263.894559678 5170742.216039037
3111 1464 762184.444309716 5170744.323903624
3904 1464 778044.3994278746 5170744.9016571725
1891 1525 737783.7430619946 5169523.32032572
4331 1525 786583.0137934878 5169521.864857625
671 1647 713380.9180468905 5167081.230511206
4636 1647 792684.3406859307 5167087.993928767
4697 1647 793903.0403807198 5167084.420273809
4636 1708 792684.1480016205 5165864.978085387
183 1830 703623.2391228467 5163422.449247587
305 1830 706062.3940564417 5163421.668428552
3233 1830 764623.1268906113 5163426.025535366
5307 1830 806102.3027973421 5163426.641447314
183 1891 703624.2135997534 5162203.425846518
244 1891 704842.5790224905 5162201.997099037
671 1891 713382.2056343126 5162203.541942547
2013 1891 740224.4564353102 5162203.733177263
366 1952 707284.6760487817 5160978.36272095
2074 1952 741442.7068972748 5160982.5293728355
2379 1952 747543.4358947284 5160982.465493188
2684 1952 753642.0461552446 5160983.1935680155
3294 1952 765843.8102320017 5160984.51427329
2074 2013 741443.646856227 5159763.595267874
2501 2013 749983.4605674576 5159762.549774633
4636 2013 792684.1688012236 5159764.02665874
2013 2074 740224.6626142805 5158543.226653267
1830 2135 736566.0213578633 5157324.397275562
3050 2196 760962.9879057327 5156104.0523539875
3111 2257 762183.1343818298 5154882.466691106
3172 2257 763402.2231045578 5154883.617963501
1159 2318 723144.2004293109 5153662.936126191
1281 2318 725583.9216032878 5153659.068922044
2745 2318 754864.8767157765 5153664.85758754
5246 2318 804882.6341566966 5153668.721332591
3050 2379 760963.9341971627 5152443.604480182
5002 2379 800001.6265563564 5152444.684887247
1220 2440 724362.4498810186 5151216.627511937
4514 2440 790243.8971287872 5151225.958428548
4697 2440 793903.1432156194 5151223.483391509
366 2501 707283.4227101164 5150003.190675536
854 2501 717042.4724195648 5150003.967477664
976 2501 719484.0252607205 5150002.332614287
2135 2501 742663.8593563657 5150004.036125455
2196 2501 743884.5720455006 5150002.806653591
2318 2501 746324.0237064409 5150002.096367184
4941 2501 798783.6166659313 5150002.930595158
5002 2501 800002.961068134 5150004.369685165
5063 2501 801223.7582324707 5150004.481522948
4514 2623 790243.6388165955 5147563.11254228
854 2684 717040.8627847538 5146340.505338833
1281 2684 725584.5941439883 5146342.515490831
3965 2684 779266.514251485 5146347.976067953
244 2745 704845.3903568996 5145122.157097837
671 2745 713384.5135640391 5145122.579460968
4270 2745 785364.8977552783 5145127.347088807
4331 2745 786584.2597211719 5145123.977199901
2135 2806 742664.1574373667 5143902.912601784
122 2867 702403.3761732469 5142678.594098525
1952 2867 739002.8776053454 5142682.879206802
4941 2867 798783.7419895118 5142684.596450273
793 2928 715823.3515487624 5141462.998007174
1159 2928 723144.3089006174 5141463.203770626
1464 2928 729243.832494271 5141463.651342268
2013 2928 740223.1888061364 5141462.354830495
5124 2928 802442.7396443858 5141463.817984546
488 2989 709723.8176444302 5140241.889868326
549 2989 710943.4594654619 5140242.900255275
610 2989 712164.490585803 5140242.3003649395
1159 2989 723146.4505878631 5140241.438558861
2806 2989 756084.7396877389 5140244.639999378
5307 2989 806104.2121147739 5140248.434779032
2135 3050 742663.714300688 5139022.723739317
1586 3111 731684.4090361798 5137803.013563214
2013 3111 740224.6285698327 5137802.575390077
915 3172 718266.9763200905 5136578.469432635
3294 3172 765846.9153791136 5136582.20121256
3660 3172 773163.6917164428 5136588.681872716
4453 3172 789021.6036762133 5136588.523056403
4514 3172 790243.3428870428 5136587.310100289
5246 3172 804882.5460980303 5136581.724353612
488 3233 709724.1626290594 5135364.075571782
732 3233 714604.5923419931 5135360.728158863
1586 3233 731684.9784317618 5135362.852950578
2623 3233 752424.4665218295 5135360.97151968
2989 3233 759745.1339356501 5135366.428460109
3538 3233 770723.730812098 5135364.8026958965
488 3294 709723.8055424903 5134143.3652448915
549 3294 710944.2798539537 5134143.066385143
610 3294 712166.1065851232 5134138.006930442
671 3294 713384.9908194 5134143.5156800095
427 3355 708503.3729872201 5132917.665358589
488 3355 709723.6401555846 5132920.842851064
1220 3355 724364.9041998743 5132922.570143276
1708 3355 734125.984759551 5132923.712391021
1769 3355 735344.3106612266 5132922.950723056
2745 3355 754863.4417533574 5132924.156998457
3111 3355 762185.4396416222 5132923.179027097
427 3416 708500.707657774 5131700.424769186
732 3416 714604.2602771801 5131703.464554768
1647 3416 732905.9633330271 5131702.970644919
4331 3416 786582.44956294 5131707.651107584
4392 3416 787802.4918317436 5131708.118589478
5429 3416 808541.6060014524 5131707.5485263355
5490 3416 809763.4203967149 5131711.050100756
1037 3477 720697.2139398118 5130482.263645731
2867 3477 757303.0533439358 5130484.508259495
2928 3477 758523.862238319 5130487.487097759
4026 3477 780483.6621927893 5130486.488409112
4697 3477 793903.401903131 5130485.6482778955
4758 3477 795121.9860391642 5130486.995031636
793 3538 715824.6067759674 5129261.270830725
2379 3538 747542.6258111474 5129262.544826865
732 3599 714604.7939668619 5128042.684558231
1464 3599 729244.156816618 5128038.377753944
4941 3599 798782.9901515769 5128044.827250391
5246 3599 804882.2339407641 5128047.291889713
5490 3599 809764.4298846968 5128051.925813928
1952 3660 739002.7677244353 5126824.302654405
3843 3660 776823.5081958227 5126823.783928489
5185 3660 803664.4915616456 5126829.224154315
5429 3660 808546.6538458155 5126830.673808781
305 3721 706059.4509670866 5125600.383024251
3965 3721 779265.8003588723 5125603.193695133
4270 3721 785363.2304220453 5125607.856653427
4331 3721 786583.6658508265 5125608.032959941
4697 3721 793904.1309475262 5125606.876658135
4758 3721 795124.000925666 5125607.825496881
793 3782 715824.2912088757 5124381.822556054
4758 3782 795123.0048312224 5124387.734448478
4819 3782 796343.2939537235 5124387.727832195
1464 3843 729245.1317926601 5123162.805046317
2379 3843 747542.8834441658 5123164.733990096
2562 3843 751202.664319885 5123164.768388217
2623 3843 752423.5076986514 5123167.89504434
3599 3843 771942.4661653736 5123168.553526565
4148 3843 782924.2823249957 5123163.911761656
4575 3843 791464.2696281571 5123160.952508424
4636 3843 792684.1292009356 5123164.392580539
1952 3904 739004.4099705304 5121947.526897941
2684 3904 753645.1863915155 5121946.878164642
3355 3904 767064.0050141567 5121943.18152125
4514 3904 790243.4972737095 5121947.238501931
4697 3904 793903.5633608876 5121948.45201018
5002 3904 800004.2087768771 5121948.401278633
2989 3965 759745.6374460419 5120723.753147498
4819 3965 796343.7157441352 5120726.842246814
5185 3965 803663.9914210313 5120721.6412144955
976 4026 719484.6216977428 5119500.689139666
2013 4026 740224.2017026279 5119503.991765601
2318 4026 746322.6821214986 5119503.366940164
2440 4026 748763.597426699 5119503.316329465
2501 4026 749983.4815274747 5119503.661878977
2562 4026 751203.7192120972 5119505.8138998505
2623 4026 752422.2508744497 5119498.9988382375
2684 4026 753644.4915196473 5119507.244342592
2806 4026 756086.8390573018 5119505.968985372
2867 4026 757304.648971843 5119503.170595323
2928 4026 758524.0334258636 5119503.450599188
4026 4026 780486.202367927 5119507.880864401
4209 4026 784144.5706312235 5119504.208111
4270 4026 785365.1235384204 5119509.309603886
4392 4026 787804.5540893194 5119504.032450745
5063 4026 801224.7638483306 5119505.102663106
5185 4026 803662.7932261929 5119504.61656197
5246 4026 804883.95438817 5119504.934041047
915 4087 718263.9900422142 5118282.6535984995
2196 4087 743883.5115287696 5118282.991330463
3172 4087 763404.3824436612 5118283.423439989
3294 4087 765844.8037219668 5118283.424602836
4453 4087 789023.7577890027 5118291.185326378
4514 4087 790244.9173352615 5118284.524010448
4758 4087 795127.5043884363 5118282.404417431
5063 4087 801224.6514539057 5118282.852122099
5307 4087 806106.1071068109 5118288.178788586
2013 4148 740223.3738897769 5117064.724395611
2135 4148 742663.9335799473 5117063.451650754
2440 4148 748763.6733693467 5117064.900576444
2501 4148 749985.0889007512 5117066.8371507395
2928 4148 758524.9602828366 5117064.114479191
3904 4148 778044.5061316524 5117068.472132244
3965 4148 779266.0516943699 5117068.197839032
4575 4148 791461.8821303374 5117064.633159652
4758 4148 795126.451010498 5117062.840312088
4819 4148 796346.1896359843 5117072.142867126
5185 4148 803666.9520663865 5117067.842514992
793 4209 715823.8292074217 5115841.333425473
1403 4209 728024.0211330204 5115842.68914071
1891 4209 737784.2236982286 5115844.471389939
2196 4209 743884.9231430074 5115844.713964343
2379 4209 747544.030008262 5115845.694162355
2745 4209 754863.8015658058 5115845.043786551
3965 4209 779264.2525990473 5115851.431353688
4026 4209 780486.7952786307 5115847.909515326
4087 4209 781704.6164138401 5115843.3577356385
4148 4209 782921.8499733044 5115842.606068338
4270 4209 785363.5789709357 5115843.25492525
4758 4209 795127.7525050978 5115843.00953402
5185 4209 803662.7388836518 5115843.6395005705
1830 4270 736563.2985256062 5114623.572184218
2440 4270 748763.8097452511 5114622.141373997
3843 4270 776824.2509576511 5114624.762785341
4270 4270 785364.1177222414 5114623.444346989
4575 4270 791463.3332215461 5114627.956548514
4636 4270 792684.9211994313 5114623.873820211
4758 4270 795128.0801543208 5114621.825676872
4880 4270 797566.5697751172 5114631.483183724
5124 4270 802443.2073363712 5114622.367103085
1830 4331 736561.7617338175 5113404.440559
1891 4331 737784.8988802058 5113403.715846996
2318 4331 746327.0016740523 5113402.626568063
2501 4331 749984.6147000109 5113407.450593398
3355 4331 767063.64188268 5113401.489531532
3904 4331 778046.9555900794 5113407.600884302
4331 4331 786583.6325938822 5113410.425645373
4392 4331 787804.4692050249 5113408.399004368
4453 4331 789023.121705197 5113408.877344039
4758 4331 795124.349022479 5113402.526473195
5063 4331 801221.6158503185 5113405.074063747
1769 4392 735343.3156847905 5112182.073197303
2257 4392 745103.2504134208 5112184.537038261
3965 4392 779264.2110302163 5112183.12850683
4331 4392 786581.6797619003 5112189.6981390705
4819 4392 796342.5004119106 5112184.560737142
4880 4392 797564.8234664171 5112186.982576264
1647 4453 732904.5659075321 5110962.405132363
1769 4453 735344.6168360526 5110963.559853838
1830 4453 736563.8128966537 5110964.442587167
2013 4453 740224.8698998893 5110964.864475357
3233 4453 764624.5539877615 5110964.354793114
3782 4453 775602.8734171384 5110969.111103398
3904 4453 778045.6832452983 5110968.685563589
4392 4453 787807.8323733073 5110963.015392837
1098 4514 721924.897153327 5109742.926466317
1159 4514 723143.5793991545 5109743.219039355
1708 4514 734123.2498975439 5109744.612323277
1830 4514 736559.7390009813 5109743.482870089
2257 4514 745104.1243165731 5109745.230472572
2806 4514 756086.8797935378 5109742.872539042
3111 4514 762184.9871780213 5109743.4261389095
3721 4514 774386.1515382505 5109743.884919324
3782 4514 775607.5812354797 5109744.216721352
3843 4514 776825.9612770074 5109747.619422114
4026 4514 780484.6744926706 5109744.319444679
4209 4514 784143.575067751 5109743.009475901
4392 4514 787804.2602519648 5109744.169237172
4453 4514 789024.075702258 5109748.69817217
4575 4514 791462.4932119705 5109743.750901422
5063 4514 801225.0062066 5109745.05714359
5124 4514 802444.2159821725 5109742.734070291
1525 4575 730462.6233997612 5108524.179032584
3538 4575 770728.6448504244 5108523.1110884035
4026 4575 780487.3114221739 5108527.6038004
4392 4575 787803.9086223365 5108523.449336485
4453 4575 789026.7249766777 5108527.849132415
4514 4575 790243.5749607191 5108527.831278156
4819 4575 796343.8880960636 5108527.697705078
854 4636 717043.9245442533 5107302.064619733
915 4636 718263.6047623964 5107303.389473943
976 4636 719483.2522673954 5107302.877891623
1037 4636 720704.3947050098 5107304.474963565
1769 4636 735337.6206380695 5107304.3193637
2013 4636 740222.2209806261 5107304.196037332
2806 4636 756085.0333603898 5107303.538385617
3477 4636 769504.1843398314 5107307.924631242
4453 4636 789023.4467379252 5107304.365588093
4575 4636 791464.0380300753 5107312.318503342
4697 4636 793902.7166481589 5107303.387740893
671 4697 713385.0897372317 5106084.661607727
854 4697 717043.9094458976 5106078.696746988
1525 4697 730463.3023082563 5106083.784221805
3599 4697 771946.9198184999 5106086.413877252
3660 4697 773166.0891592362 5106087.573883691
4148 4697 782924.3620020726 5106090.480789034
4514 4697 790244.2094972383 5106083.524392275
4575 4697 791464.6269617358 5106089.147657501
4880 4697 797564.4951980888 5106088.492793496
5368 4697 807324.7845252613 5106088.7326223515
610 4758 712163.7991003273 5104862.874973429
793 4758 715824.8638891004 5104857.319850496
1769 4758 735343.4214594637 5104863.901822297
2745 4758 754866.9722068708 5104863.771804366
3416 4758 768288.5876536663 5104862.49874967
3721 4758 774387.7331820278 5104865.964451051
4392 4758 787806.9924424125 5104868.576330008
4453 4758 789024.4744717671 5104868.221543238
4514 4758 790243.5877582676 5104872.050589272
4575 4758 791463.6927822264 5104871.590230166
4636 4758 792688.273546643 5104863.124834722
4697 4758 793904.6770965098 5104864.473557303
4758 4758 795126.4462555924 5104862.773260233
5124 4758 802444.9157846946 5104863.400722371
5246 4758 804887.7201669327 5104870.976822807
610 4819 712164.3382942361 5103642.743808922
1281 4819 725583.8437513355 5103642.2403300665
1647 4819 732903.7555124095 5103643.976060268
1952 4819 739003.4119114234 5103645.435618633
2257 4819 745102.4373863917 5103644.104459327
2745 4819 754868.1579842247 5103642.097133193
3111 4819 762184.7108402556 5103644.459486366
3477 4819 769507.6590136647 5103647.888610468
3660 4819 773166.9420291631 5103647.753486513
4026 4819 780483.477428721 5103643.099844523
4514 4819 790246.2000939557 5103647.998553732
4636 4819 792687.0382481945 5103647.3709022105
4758 4819 795125.3106204876 5103651.492913696
5124 4819 802446.3134498419 5103643.945972001
5368 4819 807325.927956974 5103652.484475138
1525 4880 730461.371954843 5102424.010771674
2989 4880 759744.4208407139 5102423.86887242
3050 4880 760965.5688617964 5102425.055157382
4087 4880 781709.676320073 5102425.119799657
4453 4880 789024.8128063562 5102423.814023325
4575 4880 791464.8772733294 5102423.59535414
5124 4880 802447.02434839 5102423.045586611
5368 4880 807328.0298055282 5102427.5000266675
1037 4941 720703.7380248623 5101201.603975791
2989 4941 759746.4005043808 5101203.33440694
3660 4941 773163.4268023969 5101202.763078133
3782 4941 775607.9006240547 5101208.549446799
4026 4941 780485.4254042166 5101207.950127929
4880 4941 797564.839821121 5101207.964080254
5368 4941 807325.4505722955 5101211.697350578
854 5002 717045.5616368054 5099983.523910454
915 5002 718264.6339834853 5099981.900983481
2623 5002 752426.2578892662 5099984.936278763
4087 5002 781704.9509227893 5099989.810977296
4575 5002 791462.5262354416 5099982.640127356
4880 5002 797563.4617816482 5099986.733015978
854 5063 717043.3347372405 5098762.830336742
2440 5063 748763.9926964208 5098762.823022246
2501 5063 749982.852675003 5098764.27359314
3233 5063 764624.9258360886 5098762.742494441
3477 5063 769502.6590691403 5098764.312094554
3538 5063 770726.3995518379 5098767.7435044395
3904 5063 778044.9206969469 5098765.127943154
4087 5063 781703.6178311305 5098763.65743727
671 5124 713384.5221042366 5097537.681758855
3294 5124 765846.415320966 5097543.316922324
3416 5124 768284.1069468571 5097543.936666757
3477 5124 769501.3147690572 5097543.409030311
4209 5124 784143.3665650098 5097544.65328001
4270 5124 785365.6606979666 5097547.113193801
4392 5124 787803.1982924896 5097541.994643238
4575 5124 791463.5314844712 5097544.879395429
671 5185 713384.4080038776 5096323.339307646
1342 5185 726803.6355257053 5096323.800618317
2318 5185 746326.8323465749 5096328.328927297
2379 5185 747543.494966547 5096324.681429764
2562 5185 751203.1948117138 5096326.810825606
2989 5185 759744.5155670949 5096325.343681974
3233 5185 764627.3918100282 5096328.133925693
3416 5185 768286.8013254412 5096326.588794751
3965 5185 779262.8864160426 5096324.521776754
4270 5185 785363.3000126694 5096324.199599607
4331 5185 786583.1460023625 5096324.687810811
732 5246 714601.9298361656 5095098.76245871
1281 5246 725582.3010634463 5095101.673460889
2196 5246 743884.4978118935 5095106.17014923
2928 5246 758523.4836239759 5095103.50972204
3111 5246 762187.0890251121 5095108.275303571
3294 5246 765846.3546844345 5095108.625966717
3721 5246 774386.7218040487 5095107.323157815
4331 5246 786581.9330942932 5095109.888855206
4514 5246 790245.1812560568 5095107.046304273
4941 5246 798786.0891163504 5095112.258728085
1159 5307 723144.5802772512 5093882.832605917
1220 5307 724363.4984279374 5093883.269704027
2379 5307 747543.7126994329 5093884.125375791
2806 5307 756087.9808387134 5093883.691684336
2928 5307 758527.2184633189 5093886.5326545555
3172 5307 763405.7476771503 5093887.559451373
3233 5307 764624.4250247888 5093880.39458115
4575 5307 791465.0225868622 5093890.223602777
5124 5307 802443.6236079991 5093883.263696638
915 5368 718267.1770496373 5092663.257708957
1220 5368 724364.4780914319 5092663.915073742
2806 5368 756081.0026322119 5092660.764850677
2928 5368 758526.9249926092 5092665.492095682
3416 5368 768286.1330166598 5092666.528655946
3599 5368 771946.8572384843 5092668.487707236
3843 5368 776824.3333925561 5092672.222435386
5368 5368 807327.2228126912 5092668.074929683
1769 5429 735343.7218260003 5091443.622519623
3294 5429 765846.8561061475 5091447.305644389
3355 5429 767067.3113618877 5091447.611515747
3660 5429 773162.6932845344 5091445.086836919
3782 5429 775605.5230594766 5091446.803056311
