3782 61 575617.3390506424 4498782.85602243
3904 61 578058.1468697493 4498784.279860383
3965 61 579277.5262842524 4498783.576720958
4026 61 580498.9972309035 4498784.827322393
4087 61 581717.8491077658 4498783.801417199
4209 61 584158.5182545442 4498782.920409256
4636 61 592699.3343650892 4498782.0106061455
4758 61 595141.079154306 4498782.541907413
4819 61 596361.3031000218 4498783.469723439
4880 61 597578.6424405824 4498783.760447141
5002 61 600018.4093372533 4498781.691280149
5124 61 602461.6763387399 4498783.090882344
5185 61 603678.8127290648 4498784.265918088
5246 61 604898.1204717064 4498784.23337307
5368 61 607339.5018455732 4498783.643060112
3477 122 569518.46123249 4497564.062452401
3599 122 571957.4674413286 4497564.245738202
4026 122 580497.875673379 4497563.239948191
4148 122 582937.8017832311 4497564.873176657
4209 122 584157.7201273357 4497562.72757972
4270 122 585377.778065255 4497562.8779640095
4514 122 590258.0264162354 4497563.147142764
4880 122 597578.0331307126 4497564.400655652
4941 122 598798.380221486 4497563.787230774
5002 122 600022.3431207372 4497562.138782614
5063 122 601238.8771363292 4497562.7281679325
5124 122 602459.1295246282 4497563.4518941445
5185 122 603678.3058184821 4497566.148320802
5246 122 604897.3813019844 4497563.04037575
5368 122 607337.0825195464 4497563.897672207
5429 122 608557.73480562 4497564.329108643
3416 183 568298.5498628187 4496343.557666884
3599 183 571957.4972546236 4496344.220473607
3904 183 578057.5763304338 4496343.916936236
4209 183 584157.7936208537 4496342.827479813
4270 183 585378.2190189207 4496343.158066723
4514 183 590257.9967655336 4496343.304545466
4575 183 591481.0696696999 4496342.11639212
4697 183 593918.7517607862 4496343.128430967
4880 183 597578.9197529613 4496344.110946018
4941 183 598798.1597911858 4496344.791252675
5002 183 600018.5856427068 4496344.7802963685
5063 183 601237.850970587 4496343.771082504
5124 183 602458.5650008516 4496343.588859198
5185 183 603681.4221495437 4496344.014772267
5246 183 604897.2192576379 4496344.263145115
5368 183 607338.5694129644 4496343.571428243
5429 183 608558.4021830598 4496346.446969973
3599 244 571957.9552035308 4495124.014557972
4087 244 581719.7191951927 4495122.762475071
4148 244 582941.1727920426 4495123.992858359
4209 244 584157.7508246537 4495123.590726614
4270 244 585376.7654966726 4495124.363172641
4331 244 586597.1316033308 4495124.689049643
4575 244 591477.5706584642 4495123.755125247
4636 244 592698.7537104305 4495123.965626594
4697 244 593918.4599133146 4495123.546641605
4758 244 595138.3819578683 4495123.346208486
4819 244 596358.3426565132 4495124.591235318
4880 244 597581.4686147105 4495126.1452762475
4941 244 598797.8322881885 4495124.81235972
5002 244 600021.1503350618 4495124.818573706
5063 244 601237.4580771846 4495124.511972619
5124 244 602460.8922550064 4495124.106251817
5307 244 606120.7202864746 4495126.877009975
5368 244 607337.3947462788 4495124.29412303
5429 244 608557.1930911654 4495124.715287275
3904 305 578057.463569551 4493903.986369325
4026 305 580498.2964833088 4493903.031002993
4087 305 581717.5167898927 4493903.905972474
4148 305 582936.5231232701 4493904.829784867
4209 305 584158.0102820008 4493903.535060877
4270 305 585377.7119747519 4493904.041716119
4331 305 586598.4381156147 4493903.5710321115
4392 305 587817.979025211 4493904.231904797
4453 305 589038.8010768401 4493904.128299459
4697 305 593917.99459726 4493903.24746281
4758 305 595138.5634437471 4493903.944874961
4819 305 596357.8564281336 4493904.137197615
4880 305 597576.4874293855 4493904.87911131
5063 305 601241.5598771432 4493906.506429019
5185 305 603677.8330731182 4493904.779826783
5246 305 604897.6001843573 4493904.823079037
5307 305 606122.9852088048 4493903.885858689
4209 366 584158.5673532 4492684.39201834
4392 366 587817.6752143734 4492684.239930745
4636 366 592698.8520911284 4492684.430478868
5185 366 603677.1985801714 4492684.956433558
5246 366 604901.7967568301 4492684.212844984
5307 366 606118.0683791722 4492682.3790811
4270 427 585381.0332378584 4491463.676595317
4514 427 590258.7295026587 4491461.921518459
4636 427 592701.0498558602 4491462.758587159
4758 427 595138.1006661521 4491462.487304514
5063 427 601238.423929818 4491462.179383956
5246 427 604896.8600896321 4491464.952687039
5307 427 606117.2282012326 4491464.698050882
5368 427 607337.5298084035 4491464.245765245
5429 427 608558.0339141535 4491465.989096126
3599 488 571959.4113206714 4490242.113319338
3904 488 578057.8606398131 4490243.01411268
3965 488 579277.9019538196 4490244.005785648
4331 488 586598.7695957427 4490240.729121743
4880 488 597578.4138302961 4490242.163520642
5063 488 601237.4947696953 4490243.688822139
5124 488 602460.8558690337 4490243.487259617
5185 488 603682.4041045881 4490244.88149957
5246 488 604901.5560724752 4490243.957136819
5307 488 606118.8343799689 4490243.64257299
5368 488 607337.6737521312 4490243.724374727
3904 549 578058.0475593014 4489021.98096309
3965 549 579277.7341821191 4489024.099772122
4087 549 581721.2333140677 4489024.138546085
4392 549 587817.772930138 4489022.815435581
4514 549 590258.5155610307 4489022.571584763
4941 549 598800.827817458 4489023.906519211
5002 549 600018.8112640206 4489022.076849479
5246 549 604898.8748978722 4489023.429778442
5307 549 606120.4215608074 4489023.437764845
5368 549 607340.6544393869 4489023.80758697
5429 549 608556.4668136628 4489027.02934289
3660 610 573178.0967469767 4487803.89968231
3965 610 579280.498956288 4487802.847418035
4026 610 580498.6885090894 4487803.367589715
4087 610 581720.4835750312 4487801.798113638
4941 610 598799.4442645402 4487802.423229301
5002 610 600018.8319834098 4487803.756766317
5368 610 607337.7226089576 4487803.933035421
5429 610 608558.9424566141 4487803.8353045415
3660 671 573177.2851670493 4486584.031842394
3721 671 574396.3451755886 4486584.109689088
3782 671 575617.9787288452 4486581.981353383
4392 671 587820.1617850245 4486581.809626352
4575 671 591478.2720516277 4486582.519360341
5246 671 604901.6436392304 4486583.817764104
5429 671 608558.2093596652 4486584.045059803
3721 732 574398.4983627775 4485363.895110434
3782 732 575617.0525747668 4485364.50322459
3843 732 576839.1064710203 4485362.706592244
4392 732 587817.7468012767 4485363.8929295475
4453 732 589036.6220804424 4485362.992617712
5063 732 601241.6349596436 4485362.194503342
5124 732 602460.5703207596 4485362.430391755
5185 732 603678.4533483147 4485363.608230701
5307 732 606121.1470189517 4485363.333758029
5368 732 607337.0390728323 4485364.334451201
5429 732 608557.8445327901 4485364.1477818135
3477 793 569519.3374890718 4484143.783789152
3782 793 575619.4029095396 4484143.255488279
3965 793 579279.5681928901 4484142.323888416
4087 793 581718.1694527997 4484141.612310367
5063 793 601237.4666485912 4484142.349161141
5124 793 602457.5233348857 4484146.034256653
5246 793 604897.410558613 4484144.307924856
5307 793 606118.6957543612 4484144.653017677
5368 793 607342.4481826595 4484144.52651419
3538 854 570738.3539555898 4482921.717022448
4941 854 598801.3456082665 4482922.7216444425
5185 854 603679.1409373202 4482924.432126729
5246 854 604898.7788409927 4482923.973508626
5368 854 607338.8932256339 4482923.084251252
5429 854 608556.9524878853 4482923.75388415
3538 915 570737.9669985804 4481704.581679159
3782 915 575617.0223601542 4481703.564802019
3843 915 576836.8310690646 4481704.854766339
3904 915 578057.0606236472 4481703.803709066
3965 915 579278.5584566686 4481702.155784598
4148 915 582938.1535118147 4481702.223751549
4209 915 584157.0616084415 4481703.317531597
4819 915 596358.1608109548 4481704.007478154
4880 915 597580.9567363176 4481703.723874031
4941 915 598801.6316610405 4481702.511102144
5002 915 600018.55873062 4481703.516486746
5063 915 601237.9706748626 4481703.290606252
5124 915 602458.130389002 4481703.653900851
5246 915 604898.0265102631 4481703.735411642
5368 915 607338.3554377243 4481703.474119104
3660 976 573178.8590741195 4480484.3693777295
3721 976 574398.9863915823 4480483.659934144
3843 976 576837.159066142 4480483.965742137
3965 976 579277.5407850882 4480483.096964005
4026 976 580499.0052221256 4480482.118812627
4087 976 581718.5131894136 4480483.457969519
4819 976 596356.397550594 4480484.392820303
4880 976 597578.5409952146 4480483.702834833
5002 976 600018.9420970621 4480483.380692143
5246 976 604897.4398419453 4480484.441128651
5307 976 606117.4634898381 4480484.950613433
5368 976 607338.6457046471 4480483.708144244
5429 976 608558.7583095704 4480484.0212977845
3660 1037 573177.7712983855 4479263.686347855
3843 1037 576839.6956827876 4479262.330123401
3904 1037 578058.4390032173 4479264.440404939
3965 1037 579276.892225983 4479263.946973381
4026 1037 580498.2021288504 4479264.806161422
4087 1037 581717.7068560072 4479263.493147514
4514 1037 590257.978020466 4479267.367361186
4575 1037 591478.2857091231 4479263.2012885865
5002 1037 600019.190051064 4479263.062902914
5246 1037 604898.1618490403 4479263.128785663
5307 1037 606118.68991969 4479263.207376757
5368 1037 607339.2318937781 4479262.886967272
5429 1037 608562.4318542593 4479263.181231762
3782 1098 575618.6198487766 4478044.80476858
3843 1098 576837.1519403055 4478044.110410987
3904 1098 578058.0928605646 4478044.069748182
4026 1098 580498.2179277707 4478043.027647516
4087 1098 581717.3959017564 4478043.617216056
4148 1098 582937.9028820163 4478044.414055874
4941 1098 598801.8591449427 4478042.270495243
5185 1098 603677.0754967136 4478043.872462516
5246 1098 604901.2526073724 4478044.277416068
5429 1098 608557.3040192393 4478044.38729705
4087 1159 581717.8105451793 4476824.645431473
4819 1159 596361.9324934296 4476822.469701423
5185 1159 603680.9050716753 4476821.555749384
5246 1159 604899.1869798095 4476826.664070075
5307 1159 606120.6716909802 4476824.379179526
5429 1159 608557.7364287025 4476824.232905561
3660 1220 573179.3840667671 4475603.528235618
4880 1220 597576.210251479 4475601.286624168
5002 1220 600021.8001419108 4475602.0748443045
5063 1220 601238.4953432116 4475603.244488384
5124 1220 602458.4268472583 4475604.265275092
5246 1220 604897.3111551495 4475604.147748736
5307 1220 606117.1177886981 4475602.580465161
5429 1220 608557.6758714041 4475604.2925463
3111 1281 562198.2551663154 4474383.77999773
4148 1281 582937.146494395 4474382.78418744
4270 1281 585377.8081800663 4474383.188299931
4453 1281 589038.2336122105 4474383.359708245
4514 1281 590257.5773717912 4474384.408360315
4636 1281 592697.598652814 4474384.642367531
4819 1281 596361.1172262433 4474383.506020505
4941 1281 598800.6835359256 4474383.114005975
5002 1281 600017.3406604736 4474384.034913071
5063 1281 601237.772380182 4474382.214697535
5124 1281 602458.5460579456 4474384.008940969
5185 1281 603678.9317527345 4474383.208792159
5246 1281 604896.3819793626 4474384.677002488
5307 1281 606120.7312573156 4474383.779458635
5368 1281 607338.2583540657 4474383.6225337265
3355 1342 567079.1125405647 4473163.424094685
4331 1342 586600.8037896615 4473162.132944782
4392 1342 587818.5622607041 4473163.876167405
4453 1342 589037.7022269216 4473163.103138573
4514 1342 590257.4601032865 4473164.208489932
4575 1342 591478.8950814214 4473163.811645838
4636 1342 592702.6183931949 4473164.6637071455
4819 1342 596358.0803243951 4473164.594407881
5002 1342 600018.0444716087 4473162.779020629
5063 1342 601237.3425030538 4473163.318812982
5185 1342 603677.9772489273 4473164.684800588
5307 1342 606117.9181050509 4473163.95161622
5368 1342 607338.7278572907 4473162.514245198
5429 1342 608558.2019233105 4473163.596586494
3111 1403 562198.3996442398 4471943.210264106
3172 1403 563417.9164026127 4471944.903432918
3233 1403 564637.5176911452 4471941.442759839
3477 1403 569518.5303264156 4471943.637954646
3965 1403 579279.5701383005 4471944.345904843
4026 1403 580501.184862223 4471942.47480407
4270 1403 585380.8824958852 4471943.101687812
4331 1403 586598.4545972869 4471943.008241987
4636 1403 592701.3816344526 4471944.006410072
4697 1403 593921.6066700763 4471942.368228944
4880 1403 597580.280199269 4471944.795656746
4941 1403 598798.851449296 4471942.968832803
5124 1403 602458.3746326971 4471943.784263846
5246 1403 604898.0871834878 4471943.816450592
5307 1403 606117.2059252879 4471943.336351501
5368 1403 607337.5063730942 4471943.40347798
5429 1403 608557.129496313 4471944.0793854175
3111 1464 562198.2016812959 4470724.880119844
3294 1464 565858.7939631075 4470723.268859339
3355 1464 567078.7485689144 4470722.4005984105
4209 1464 584158.178096221 4470722.736621266
4331 1464 586597.8400179634 4470722.6537954295
4392 1464 587817.7234471401 4470724.782522566
4636 1464 592697.694480529 4470723.097569943
4697 1464 593917.8922000607 4470724.32035327
4758 1464 595138.2022456179 4470723.517391905
4819 1464 596360.9081472657 4470723.084389145
5002 1464 600021.3865981257 4470723.813986403
5063 1464 601238.3395147182 4470723.602208409
5124 1464 602457.4899654281 4470723.685822531
5185 1464 603678.5670112008 4470723.211568357
5246 1464 604898.9790322774 4470723.466058875
5307 1464 606119.0248705144 4470727.814996239
5368 1464 607337.6725896013 4470724.687231896
5429 1464 608557.503100573 4470723.8299081195
3172 1525 563418.9491020804 4469503.646400608
3477 1525 569519.0544810619 4469503.362177848
3538 1525 570738.8738923152 4469503.621226238
3599 1525 571957.9504751215 4469503.997627607
3660 1525 573178.8664961082 4469502.976418817
4453 1525 589037.8399633488 4469502.917414892
4514 1525 590258.9810650048 4469503.36914196
4697 1525 593921.1952929961 4469502.94117116
4819 1525 596358.1917337952 4469504.112722258
4880 1525 597577.457920172 4469503.852020552
5002 1525 600017.638917133 4469502.602563457
5063 1525 601238.6052914041 4469503.399089127
5124 1525 602456.8504279016 4469502.73762148
5246 1525 604897.2607764043 4469503.663267437
5368 1525 607337.8074027525 4469504.250758463
5429 1525 608557.677595346 4469502.672025303
3172 1586 563419.1739420437 4468284.078241954
3477 1586 569517.5538627082 4468283.459377918
3538 1586 570737.7643017576 4468284.908847421
3660 1586 573178.8354096526 4468284.150814464
3843 1586 576837.3813269356 4468282.348470768
3904 1586 578058.2195906676 4468283.513975493
4026 1586 580496.8238579994 4468282.01818689
4270 1586 585378.6049581575 4468282.069202766
4331 1586 586602.1753545523 4468283.865006602
4453 1586 589039.0357752248 4468282.326911547
4514 1586 590258.0059895762 4468283.111207879
4636 1586 592698.4341549929 4468283.008985751
4697 1586 593921.5729834388 4468282.789627871
4758 1586 595138.5406950151 4468284.273666741
4941 1586 598797.3329753715 4468284.782324317
5124 1586 602457.9490426818 4468283.827964993
5185 1586 603676.9947343178 4468283.0158802355
5246 1586 604899.338317992 4468283.927245214
5307 1586 606118.715546815 4468286.629376536
5368 1586 607337.6690605002 4468284.881746279
3172 1647 563419.1528656255 4467063.892232326
3294 1647 565859.5815453365 4467063.784702462
3782 1647 575618.0529679593 4467063.001712755
4026 1647 580497.3764946134 4467062.707324458
4087 1647 581716.6143862545 4467064.089082523
4453 1647 589041.5681148018 4467061.716807385
4575 1647 591478.2581496994 4467063.907007196
4697 1647 593919.1862358891 4467063.0710478425
4758 1647 595138.1060103807 4467063.305353481
4819 1647 596358.0981387135 4467064.933954155
4880 1647 597578.0818805103 4467064.661205235
4941 1647 598796.6126110406 4467063.212228907
5002 1647 600018.4898943556 4467063.29816864
5063 1647 601237.942360834 4467064.045189474
5124 1647 602458.2904476286 4467063.576608453
5185 1647 603678.57522813 4467064.990047239
5246 1647 604897.3637536388 4467064.234487996
5307 1647 606117.112192723 4467064.365785621
5368 1647 607337.6572942818 4467065.608504843
5429 1647 608560.7676911657 4467064.7668197
3294 1708 565857.5535681034 4465844.513693971
3660 1708 573177.5973121761 4465843.713700613
3721 1708 574397.574752989 4465843.906199354
3965 1708 579276.8148600117 4465843.053293651
4148 1708 582938.1694522104 4465844.435367237
4331 1708 586598.3487483149 4465843.447673493
4392 1708 587821.9551816643 4465841.648475681
4453 1708 589038.8305959047 4465842.835288599
4514 1708 590256.7710442632 4465844.407492267
4636 1708 592700.165269743 4465841.710179798
4697 1708 593917.8777932373 4465844.033877586
4758 1708 595138.3400581242 4465843.085755322
4819 1708 596358.5018175913 4465845.355846969
4880 1708 597579.3559433308 4465844.116646854
5002 1708 600017.7814659319 4465843.594248425
5124 1708 602461.6320776732 4465843.27138165
5185 1708 603679.0548783022 4465843.045386659
5246 1708 604897.7444229167 4465843.683841359
5307 1708 606117.4440571335 4465844.848815078
5368 1708 607337.4751047813 4465844.786454275
5429 1708 608557.6762851968 4465844.395368823
3843 1769 576838.3511454677 4464625.975699773
3904 1769 578058.8683117476 4464623.007766064
3965 1769 579279.7260519287 4464623.620678687
4026 1769 580497.8965457273 4464623.557821471
4087 1769 581716.4076938473 4464624.878291296
4148 1769 582938.6993570968 4464623.323672449
4209 1769 584157.6404795339 4464623.296268804
4270 1769 585376.6784657261 4464624.335937746
4331 1769 586597.9772309975 4464624.068986054
4453 1769 589041.7255146278 4464622.448196516
4697 1769 593921.883545148 4464622.66211093
4758 1769 595137.7033958611 4464623.10633289
5185 1769 603678.1915025889 4464624.054309473
5246 1769 604898.2165503232 4464624.859400608
5307 1769 606117.2296991094 4464624.94526193
5368 1769 607338.5304900256 4464626.898166712
5429 1769 608557.2136971599 4464624.930908188
3172 1830 563417.4425677669 4463403.692981866
3477 1830 569517.941315033 4463403.776077814
3904 1830 578058.6674154678 4463402.344650815
3965 1830 579278.9618558224 4463403.87197128
4026 1830 580499.1971590589 4463402.763114972
4087 1830 581718.5391482871 4463403.111760856
4148 1830 582937.8600696353 4463403.219519933
4209 1830 584157.734895078 4463404.283878628
4270 1830 585377.8690708367 4463404.898720214
4331 1830 586598.9422374945 4463403.481376471
4941 1830 598798.109403981 4463403.457404412
5002 1830 600018.8232617043 4463402.764379534
5063 1830 601240.1981353017 4463402.533671978
5124 1830 602458.7368263167 4463403.025887869
5307 1830 606117.1510202434 4463407.250074001
5368 1830 607337.3854450303 4463404.770542823
5429 1830 608557.5010968981 4463403.781390639
5490 1830 609777.1276307686 4463404.979322714
3782 1891 575618.0380251831 4462183.536768595
3904 1891 578060.4294262754 4462182.683353868
4148 1891 582938.5082402888 4462182.492464035
4209 1891 584158.3153904082 4462184.102682496
4331 1891 586596.8526216659 4462183.577120254
4392 1891 587818.484141089 4462183.862446787
4453 1891 589041.321667575 4462182.458614311
4575 1891 591478.5384707211 4462183.514876497
4941 1891 598798.3464361118 4462184.952416471
5002 1891 600017.6129109174 4462184.287326248
5063 1891 601242.5390518525 4462183.628027313
5124 1891 602458.5552295246 4462184.367013777
5185 1891 603677.4067480189 4462187.169609549
5246 1891 604897.4364554514 4462184.222726599
5307 1891 606117.5663925507 4462184.667750669
5368 1891 607337.3252878542 4462184.267738483
5429 1891 608557.4734062222 4462186.70695065
3172 1952 563418.4349635293 4460962.321844409
3355 1952 567077.5451133078 4460963.428537518
4392 1952 587821.7437735153 4460962.135290276
4453 1952 589041.0694926082 4460962.298077288
4514 1952 590258.6971428416 4460963.804374652
4575 1952 591477.7417441761 4460963.271606995
4819 1952 596358.8079715965 4460964.411989079
4880 1952 597580.988994176 4460962.559496937
4941 1952 598801.834622739 4460964.907766217
5002 1952 600017.1262098663 4460964.238544162
5063 1952 601237.348143444 4460964.499817068
5185 1952 603677.5661558327 4460964.887112014
5246 1952 604897.799646209 4460964.271567886
5307 1952 606117.4282499459 4460964.670826448
5368 1952 607337.8222743233 4460965.54507134
5429 1952 608557.5445483429 4460964.499411012
3172 2013 563418.2686517541 4459743.104317045
4331 2013 586602.4615856605 4459743.841467739
4392 2013 587820.862315233 4459743.938607985
4453 2013 589037.9192215335 4459743.542364217
4514 2013 590261.1382381177 4459744.027962247
4575 2013 591477.2677655749 4459744.07469927
4636 2013 592701.1032013173 4459742.544384768
4819 2013 596361.4814632087 4459742.20981615
4880 2013 597581.802040956 4459743.120563737
5002 2013 600020.3383786385 4459742.559052818
5063 2013 601237.7677540954 4459743.41773725
5185 2013 603678.1256674754 4459747.203892848
5246 2013 604897.4874511429 4459744.9038073905
5368 2013 607337.6076814134 4459745.990258845
5429 2013 608558.4908314146 4459744.691028679
2928 2074 558538.7982398102 4458524.416406022
3660 2074 573178.3425699573 4458522.709025665
4392 2074 587818.0149069439 4458523.901606624
4514 2074 590257.1540004878 4458524.132237258
4575 2074 591477.5194786408 4458523.950527706
4636 2074 592702.2251374726 4458522.911844682
4697 2074 593917.2168980346 4458524.355394291
4758 2074 595141.7277015726 4458524.424238621
4819 2074 596356.9801439487 4458523.17014916
4880 2074 597582.5732992443 4458523.432024122
4941 2074 598797.6873265491 4458523.822569346
5002 2074 600018.5437955565 4458523.805735329
5063 2074 601238.7373887384 4458522.989713341
5124 2074 602457.9772497243 4458524.3880843185
5185 2074 603677.4368464609 4458523.588017869
5246 2074 604898.2600652787 4458524.27176005
5368 2074 607338.248097287 4458522.419923907
2928 2135 558538.7796499245 4457303.085803936
3294 2135 565858.7642417782 4457304.75224351
3660 2135 573178.3431783167 4457304.315256926
3721 2135 574397.2801539011 4457306.883219434
4331 2135 586601.6002594184 4457303.5043566115
4514 2135 590258.5391086645 4457302.641206367
4575 2135 591477.2407107119 4457305.361600464
4636 2135 592698.3246491608 4457304.697681978
4697 2135 593917.9935200526 4457303.101504058
2928 2196 558537.8261576352 4456083.72254388
3172 2196 563417.4126853617 4456084.699737022
3233 2196 564638.2266499111 4456083.700872148
3721 2196 574398.3318278429 4456081.074599967
4209 2196 584157.9982638399 4456083.287596029
4270 2196 585377.9550504573 4456083.159279873
4636 2196 592697.7651668593 4456084.658325452
4697 2196 593921.1819710943 4456083.805587636
4880 2196 597578.5383521626 4456084.738794403
5246 2196 604898.1548023145 4456083.424787174
5307 2196 606118.4836080531 4456083.231200724
5368 2196 607337.8988888385 4456083.896862964
3172 2257 563418.0529279874 4454864.491893866
3233 2257 564637.1792162657 4454863.0047352705
3355 2257 567080.4593767999 4454863.545113643
3538 2257 570736.8065618151 4454863.859642945
3721 2257 574398.1291277646 4454863.9148438545
3965 2257 579280.536150614 4454863.39379901
4331 2257 586598.2874979752 4454862.1078334525
4758 2257 595137.8258254239 4454864.46176235
4819 2257 596358.3964285043 4454862.741366916
5246 2257 604897.5278452773 4454862.926664947
5307 2257 606117.0755031143 4454863.655681114
5368 2257 607338.1044300692 4454864.812360985
5429 2257 608557.301370269 4454864.097724263
3294 2318 565858.0843305031 4453644.539076957
3660 2318 573182.1373207532 4453644.752400291
3782 2318 575618.5578889027 4453643.677739932
3904 2318 578058.1311550615 4453642.377292076
3965 2318 579278.4703792601 4453643.3306297725
4453 2318 589040.5934168147 4453642.542985223
4697 2318 593920.9349031968 4453643.81250317
4819 2318 596358.1259810703 4453642.931374253
4880 2318 597577.3223777327 4453642.757307941
5124 2318 602457.6991860461 4453644.062670139
5185 2318 603678.895378507 4453642.475622589
5307 2318 606118.6733476252 4453643.065313189
5429 2318 608561.5192948403 4453643.262905551
3050 2379 560977.4475584055 4452424.313412245
3111 2379 562198.2579591608 4452424.09841185
3721 2379 574398.6611560436 4452422.055521336
3843 2379 576836.9949426469 4452422.377930843
3904 2379 578058.3590693584 4452422.969613919
4453 2379 589038.5059697267 4452422.631295861
4514 2379 590257.4066568338 4452424.017208548
4575 2379 591478.1085654916 4452422.361582028
4697 2379 593918.268563814 4452423.8780238945
5124 2379 602458.1920803261 4452424.0893881945
5246 2379 604897.6642325296 4452422.516374522
5368 2379 607337.5110389357 4452424.536350377
5429 2379 608557.5621508675 4452424.115090317
3050 2440 560977.2008513974 4451204.033468304
3233 2440 564637.4233861591 4451204.182569287
3782 2440 575617.6925069459 4451203.005210178
3843 2440 576841.6145838026 4451202.704312795
4392 2440 587818.4694181415 4451203.557690083
4453 2440 589041.68940264 4451203.302103128
4514 2440 590260.6054297958 4451202.323359848
4575 2440 591482.1969571232 4451203.334699298
4636 2440 592701.5224100405 4451202.984701429
4697 2440 593918.1993456408 4451202.834412462
5185 2440 603678.8269719309 4451203.1666314285
5307 2440 606116.9484421131 4451203.218682765
5429 2440 608558.0734271691 4451205.517487306
5490 2440 609776.8680463968 4451204.641525411
2989 2501 559758.5696897779 4449983.901519031
3782 2501 575621.7764169807 4449984.023834882
3843 2501 576841.6124402834 4449983.700652117
3904 2501 578057.1543808288 4449983.135975068
4087 2501 581716.9282853401 4449984.157951808
4270 2501 585377.8800338777 4449984.602916911
4331 2501 586600.6616483307 4449981.576683719
4453 2501 589041.2282111368 4449983.928945085
4514 2501 590259.0199514847 4449983.842945963
4575 2501 591480.7267946543 4449986.582057975
4636 2501 592701.9977891471 4449983.378171412
5002 2501 600017.9889557135 4449983.096098981
5063 2501 601237.6859303138 4449982.837592044
5185 2501 603679.376797228 4449982.594686662
5429 2501 608557.6797877955 4449983.510575594
2928 2562 558538.604735201 4448762.571573289
2989 2562 559761.2708577961 4448763.551119276
3050 2562 560976.2924078137 4448762.539764207
4270 2562 585378.5864811626 4448764.1995496815
4331 2562 586600.7357748519 4448762.191497078
4453 2562 589037.1545013892 4448761.4026253605
4514 2562 590258.1168274272 4448762.6219253745
4941 2562 598799.0310188396 4448763.402196746
5185 2562 603677.7442227991 4448763.299160439
5246 2562 604898.7796687365 4448763.791219777
5307 2562 606118.8683051682 4448763.591061949
5368 2562 607338.0158018481 4448763.772626663
5429 2562 608558.8163237417 4448764.202336123
2867 2623 557317.900753416 4447541.607646937
2928 2623 558538.6624097095 4447542.973597153
3050 2623 560979.6276867164 4447544.697083614
3111 2623 562196.8580224212 4447544.810681683
3782 2623 575621.0022171777 4447543.439297034
4087 2623 581717.3252217828 4447543.20769565
4148 2623 582937.8232519374 4447543.631481948
4209 2623 584160.6513361172 4447547.3024702445
4270 2623 585377.7781006398 4447544.844572975
5002 2623 600017.7312762847 4447542.474633994
5185 2623 603677.6871108888 4447543.504598158
5246 2623 604897.790438331 4447544.01026777
5307 2623 606117.7238339814 4447544.157338244
2806 2684 556098.723149917 4446321.934548132
4270 2684 585377.7417638248 4446322.659831659
5246 2684 604897.9360744399 4446323.520275892
5307 2684 606117.6403430004 4446324.726911543
5368 2684 607337.8052417566 4446323.133752488
2928 2745 558538.2960622075 4445104.064382659
2989 2745 559758.2921008619 4445104.319666319
3172 2745 563418.0186296687 4445104.705299403
3233 2745 564636.8017924473 4445104.952538886
3294 2745 565860.289311937 4445103.514109765
4880 2745 597576.72758163 4445103.6606617635
5185 2745 603677.9153710152 4445102.958747822
5246 2745 604897.623065086 4445103.427703724
5307 2745 606117.5812503207 4445104.790724366
5368 2745 607339.3225108831 4445103.771500658
5429 2745 608558.3626660894 4445102.504465323
2928 2806 558538.2296038407 4443882.986207335
3050 2806 560977.238335494 4443884.64130854
3233 2806 564638.2087864088 4443883.049121873
3965 2806 579277.672225103 4443883.569338146
4026 2806 580496.6433401183 4443883.425451321
4087 2806 581715.9123649991 4443884.189827651
4514 2806 590258.8036578444 4443883.856264588
4636 2806 592697.6352415808 4443884.841791088
4880 2806 597578.069983153 4443879.146468645
5124 2806 602458.1241564907 4443883.102182371
5368 2806 607338.9038650672 4443882.294402858
5429 2806 608558.3600433227 4443882.904465346
3050 2867 560980.9208396107 4442667.353391732
4026 2867 580498.8458588782 4442664.8205432175
4331 2867 586596.6333500216 4442664.572644909
4392 2867 587818.9972760342 4442663.488601054
4453 2867 589042.0225667087 4442662.733142839
4514 2867 590258.8246195139 4442662.63546219
4575 2867 591478.7148691607 4442663.249190566
5307 2867 606117.6251045114 4442663.536047432
5368 2867 607338.0864812724 4442664.0260187015
5429 2867 608558.5748033406 4442663.362016053
3294 2928 565857.2489075803 4441443.926171629
4026 2928 580496.6911990172 4441443.327100566
4331 2928 586599.2808225395 4441443.072014866
4636 2928 592696.9927292573 4441443.68166262
5063 2928 601237.8157641364 4441442.415020535
5124 2928 602456.8749215526 4441444.535557449
5307 2928 606117.9230342713 4441442.140255785
2745 2989 554881.2336586097 4440226.066995125
2806 2989 556098.3665450888 4440224.116021417
3111 2989 562200.2366817868 4440223.668057844
3172 2989 563417.9023169444 4440223.821251856
3355 2989 567078.2704745773 4440226.655070005
3843 2989 576838.8010016703 4440222.560533379
4209 2989 584157.457630061 4440224.407331053
4270 2989 585378.2532665173 4440225.310219217
4331 2989 586598.017877987 4440223.98173892
4392 2989 587816.1366281256 4440224.317618721
4514 2989 590255.0972222554 4440223.984029095
4819 2989 596358.3284720615 4440223.671665257
5063 2989 601237.2507344063 4440224.042412978
5124 2989 602458.6574011587 4440223.262839048
5490 2989 609782.5887298028 4440223.619697548
2806 3050 556098.8019907889 4439003.14882687
3172 3050 563417.7436913118 4439004.45699338
3294 3050 565858.3790417595 4439003.044031579
3477 3050 569517.3666693089 4439003.677942123
3538 3050 570738.1670792239 4439002.671217165
3721 3050 574397.8917021535 4439003.013400202
3904 3050 578057.2087924026 4438999.128096567
4209 3050 584156.7015994155 4439004.925274067
4270 3050 585378.5588637989 4439004.171052079
4392 3050 587816.6875494798 4439004.158236714
4575 3050 591478.0959644219 4439004.85135305
4636 3050 592698.3066172426 4439002.87513609
4697 3050 593916.3909726939 4439004.868227353
4758 3050 595142.385726234 4439007.526697325
4819 3050 596357.0401076335 4439004.93504163
4880 3050 597576.464143344 4439003.612008455
4941 3050 598796.5699196367 4439003.757422318
5002 3050 600017.081511752 4439004.541398766
5063 3050 601237.3181103091 4439004.030260233
5368 3050 607337.5031524694 4439002.788367959
2684 3111 553661.4941502757 4437784.6631449
2745 3111 554878.226487981 4437783.906978011
2867 3111 557318.0630547089 4437783.8155370215
2928 3111 558538.3555903649 4437783.150112367
2989 3111 559760.7781465284 4437783.433975211
3050 3111 560977.636992353 4437784.523359456
3111 3111 562197.7837488077 4437784.175857117
3233 3111 564638.1078050871 4437784.315552869
3355 3111 567078.4199828125 4437783.902116458
3782 3111 575616.849372665 4437784.175375575
3904 3111 578060.0036649432 4437779.9956569355
4148 3111 582938.2943658446 4437784.839408925
4209 3111 584158.6673946679 4437783.9702149015
4331 3111 586598.6064617939 4437784.924972807
4575 3111 591477.3136478078 4437783.634036415
4758 3111 595141.7302949983 4437786.640218415
5246 3111 604897.3574891929 4437784.942984508
2867 3172 557318.3962397058 4436564.054019786
2989 3172 559756.9383737659 4436563.276251933
3233 3172 564637.7840558325 4436564.571158435
3477 3172 569517.9336994672 4436563.534248015
3538 3172 570737.3453493502 4436564.56578703
3843 3172 576836.5527084279 4436564.30332742
4697 3172 593922.2012843118 4436566.452905873
5368 3172 607337.0214080451 4436562.573480341
3416 3233 568298.1079282556 4435346.956192702
3599 3233 571958.2886952519 4435343.227726091
3782 3233 575617.9790159058 4435344.135387727
4514 3233 590256.4325570215 4435344.131723495
4575 3233 591477.3354016228 4435344.557134362
3233 3294 564642.0868916849 4434122.168756761
4148 3294 582937.882128337 4434122.238925473
5063 3294 601237.2912318271 4434122.429422823
5307 3294 606118.637269729 4434123.867409885
5368 3294 607336.4738474227 4434122.68456352
3233 3355 564637.9163219053 4432903.630165783
3477 3355 569517.5915712283 4432904.527386007
3660 3355 573177.9132171448 4432904.032222779
3721 3355 574398.1202415706 4432904.30298924
3782 3355 575617.8753386554 4432904.09879189
4148 3355 582937.2552745803 4432903.87994488
5429 3355 608560.5837300299 4432902.952850979
3111 3416 562198.297806162 4431687.261278289
3172 3416 563417.6994333942 4431683.127137504
3233 3416 564637.414913934 4431683.010753006
3599 3416 571957.1212066051 4431684.886092275
3904 3416 578057.5543294619 4431684.23640316
3965 3416 579280.9802382245 4431683.531455164
4514 3416 590262.6501396329 4431682.933449206
4758 3416 595142.0478826766 4431682.897286105
5368 3416 607337.2751715691 4431683.294666402
3355 3477 567078.01031698 4430462.5263004415
3843 3477 576838.0758832367 4430464.873743831
3904 3477 578057.0266640359 4430463.617056181
3965 3477 579278.1388283211 4430462.974621677
4026 3477 580496.9984156617 4430464.211162847
4087 3477 581719.1741995004 4430463.63399501
4575 3477 591477.7790300627 4430462.858271291
4880 3477 597578.0988642743 4430464.588733772
2989 3538 559757.6025905318 4429244.777920558
3050 3538 560978.3919990053 4429243.711965518
3660 3538 573178.1433277342 4429243.652331335
4087 3538 581720.2835737371 4429245.615364447
4148 3538 582938.3364956104 4429245.957898052
4209 3538 584161.1472488343 4429242.920281439
4453 3538 589037.7135828501 4429242.403898666
4575 3538 591477.4340890449 4429242.144433944
4636 3538 592697.4217863046 4429242.956759231
4819 3538 596357.6967319997 4429242.792974389
4941 3538 598797.1636149467 4429242.770839245
3111 3599 562197.1870752041 4428027.75294885
3294 3599 565857.5735442011 4428024.072940996
3538 3599 570737.8680958424 4428023.855420731
3599 3599 571957.5961746208 4428023.577005833
3660 3599 573178.0053405256 4428022.907149016
3721 3599 574398.2752987971 4428023.326776106
4087 3599 581723.2359586617 4428023.412365374
4148 3599 582941.9068086524 4428021.446785553
4209 3599 584158.4746391559 4428024.584064929
4514 3599 590258.3299708394 4428024.781162255
4697 3599 593918.6962516714 4428024.684321418
4941 3599 598797.6798442965 4428023.028551597
3294 3660 565858.728081717 4426804.010761602
3477 3660 569520.956337693 4426803.554530447
3660 3660 573178.3325293501 4426803.756271564
3843 3660 576841.5855026965 4426803.834897976
3965 3660 579283.0072548615 4426803.499442455
4148 3660 582943.2587404499 4426804.425774298
4209 3660 584158.46126401 4426802.836968633
4331 3660 586602.9947261782 4426804.422068381
4392 3660 587821.6763778164 4426803.6791070355
4514 3660 590258.9482717778 4426804.4275728
4575 3660 591481.1991767469 4426803.818934958
4697 3660 593918.2925842202 4426803.695491763
3111 3721 562198.3114618436 4425583.766066743
3172 3721 563420.8838096354 4425580.32882839
3233 3721 564641.3585209702 4425583.784756648
3294 3721 565861.965878272 4425584.057241008
3599 3721 571958.5906020227 4425582.796837044
3782 3721 575618.6564852146 4425583.538174034
3843 3721 576842.0322249767 4425583.266504912
4026 3721 580502.2651065872 4425583.61553693
4087 3721 581721.7843342321 4425584.849706708
4209 3721 584162.272524239 4425582.402143909
4331 3721 586602.2749630755 4425581.078919924
4575 3721 591482.2227999873 4425582.445045882
4636 3721 592703.1301197053 4425583.901753781
3172 3782 563421.4488558345 4424364.6991321705
3294 3782 565862.5423859878 4424364.42271335
3599 3782 571957.8735616949 4424363.668496844
3660 3782 573183.1199927207 4424363.427287223
3782 3782 575621.7743159384 4424362.0439733
4026 3782 580503.1120133095 4424363.170467271
4087 3782 581720.3488395652 4424363.581546081
4148 3782 582943.2291648586 4424362.839578627
4270 3782 585381.706548056 4424363.5506906705
4392 3782 587822.1964255333 4424364.047750655
4453 3782 589041.5472993755 4424361.449948666
4758 3782 595141.4667844223 4424362.49231766
3538 3843 570741.9994611834 4423143.631842644
4148 3843 582941.2512356011 4423144.389764202
4453 3843 589042.506394862 4423146.425612082
4575 3843 591482.1332633684 4423142.594820738
4697 3843 593921.2953164252 4423139.057501713
3172 3904 563417.9957281785 4421923.909080912
3233 3904 564641.8979082273 4421924.143188912
3355 3904 567082.6442631005 4421922.963283051
3416 3904 568301.7978811956 4421923.4298943365
3477 3904 569521.4017999151 4421923.7626426965
4026 3904 580503.1980239834 4421923.47147711
4209 3904 584161.8086048767 4421923.82750362
4331 3904 586602.799639328 4421923.756204965
5246 3904 604901.6666507463 4421927.5031000525
3233 3965 564639.2372964611 4420704.047289395
3599 3965 571958.260752223 4420703.534783535
3660 3965 573178.276913827 4420703.566805468
3843 3965 576843.2564917491 4420702.700534345
3904 3965 578062.4334748548 4420703.004766603
3965 3965 579280.8662825604 4420702.921387573
4270 3965 585382.7471272424 4420704.651674113
4331 3965 586602.7555236279 4420701.75121793
3538 4026 570741.0921702092 4419481.275425294
3599 4026 571960.8713822137 4419482.4005897185
3904 4026 578063.4150212933 4419484.423450553
3965 4026 579282.1388051216 4419482.582830345
4392 4026 587822.8168199207 4419483.289493786
3355 4087 567081.8579923325 4418266.245779448
3782 4087 575622.4880219852 4418262.191338623
3843 4087 576842.5800024632 4418263.7483576415
3904 4087 578062.4252439174 4418264.577788906
4026 4087 580501.4107891074 4418264.3965035435
5429 4087 608560.563106357 4418264.110814567
3660 4148 573178.9854106117 4417044.710877569
3721 4148 574403.5114973158 4417043.930256609
3782 4148 575621.8452603784 4417043.041640002
3843 4148 576843.2437100217 4417043.587490306
4392 4148 587821.8491636333 4417043.410944597
4819 4148 596361.0310623598 4417044.625099825
3416 4209 568298.802271016 4415824.670446801
3477 4209 569518.639677406 4415822.883712968
3599 4209 571958.1698648649 4415823.770288706
3660 4209 573181.8024220055 4415823.8349534515
3721 4209 574401.9044107487 4415823.8346517
3782 4209 575622.5351688835 4415824.032570446
3843 4209 576841.7976137516 4415824.914399434
4026 4209 580502.1096645028 4415824.3608173095
4636 4209 592697.448525893 4415823.028864939
4819 4209 596357.0606233068 4415824.444346594
4880 4209 597578.6503074823 4415824.197944208
4941 4209 598801.2789869886 4415823.500659251
5063 4209 601241.4324331908 4415822.200594987
5124 4209 602458.7872045119 4415823.284125314
5185 4209 603678.5619297082 4415823.690543077
3416 4270 568298.2534901705 4414604.803460786
3599 4270 571961.8679789938 4414603.114225738
3721 4270 574398.7137356917 4414601.4116517985
3965 4270 579278.0192526941 4414604.54762093
4575 4270 591481.0334275954 4414602.365992861
4758 4270 595141.4852371183 4414603.983219111
4880 4270 597581.8336717652 4414604.0974475965
4941 4270 598798.6315128172 4414603.169101159
5002 4270 600021.2835969591 4414603.620368846
5063 4270 601238.1232508752 4414603.47692115
5124 4270 602458.6405590449 4414602.919348812
3660 4331 573178.6093012873 4413384.343012898
3782 4331 575622.4965927659 4413383.437809137
4331 4331 586598.0652413027 4413382.869373516
4697 4331 593917.9229373061 4413383.82899706
4819 4331 596361.5700838924 4413384.421847387
4880 4331 597580.8222476568 4413383.3028016
4941 4331 598797.9004380503 4413383.994181087
5002 4331 600018.6380988221 4413383.449076334
5063 4331 601241.8264128284 4413382.7981202165
5124 4331 602461.8453973124 4413378.499482246
5185 4331 603681.8152043475 4413382.768831354
5246 4331 604897.7599886148 4413383.200168778
5307 4331 606121.9794447864 4413382.575190041
3599 4392 571958.8195158187 4412164.298056619
3782 4392 575620.8068942877 4412163.494107009
3965 4392 579280.7826276168 4412164.78561619
4819 4392 596360.549801494 4412162.940459904
4880 4392 597578.2219160856 4412163.760965818
5063 4392 601238.1649611617 4412163.674126916
5124 4392 602459.0653964207 4412163.942965581
5185 4392 603678.3815135412 4412164.064091011
5246 4392 604898.0544665952 4412163.816216144
5307 4392 606121.6492575584 4412162.7882090695
5368 4392 607338.0094013514 4412162.594025368
5429 4392 608558.5042060337 4412163.1619374575
3538 4453 570738.1202723181 4410942.595819891
3599 4453 571957.8141988333 4410944.838260081
3660 4453 573179.0620161421 4410942.933300697
3721 4453 574401.6061439728 4410944.26884954
4697 4453 593918.0440134283 4410943.694259329
4941 4453 598798.6621849004 4410942.772681508
5002 4453 600021.3161386524 4410943.099178562
5124 4453 602460.8148464516 4410944.0153387645
5185 4453 603681.4199185937 4410942.370549413
5246 4453 604901.7297283583 4410943.428930879
5307 4453 606121.8364041586 4410943.853114083
5429 4453 608558.006672859 4410943.400430813
3355 4514 567082.3408108129 4409724.686526533
3416 4514 568301.3264913913 4409724.245844386
3538 4514 570742.0161687068 4409722.901609165
3599 4514 571961.8131221198 4409724.418341028
3660 4514 573181.9016226379 4409724.538237596
3721 4514 574401.8663949124 4409724.2266257005
3904 4514 578062.1998966802 4409723.708623195
4209 4514 584162.0892086742 4409721.686895498
4819 4514 596361.6415230237 4409724.704625926
5124 4514 602460.540847623 4409722.942176933
5307 4514 606118.476946556 4409724.203366822
5368 4514 607337.6730266231 4409723.168647575
5429 4514 608558.9348948844 4409723.070161772
3416 4575 568298.3056737382 4408504.002781999
3477 4575 569520.5538864516 4408503.404856922
3538 4575 570742.1242779077 4408503.785818823
3599 4575 571961.8329949467 4408503.081511185
3660 4575 573182.232768622 4408503.738678276
3721 4575 574402.603938631 4408503.046975767
3904 4575 578061.2280754347 4408502.947431267
3965 4575 579282.444692114 4408503.62738228
4148 4575 582942.2793190553 4408502.927558304
4758 4575 595141.6189766768 4408502.595123796
4941 4575 598798.7667301662 4408504.645287695
5063 4575 601238.3058090231 4408503.03181083
5246 4575 604898.9559629324 4408503.749700619
5307 4575 606118.7175990125 4408503.80868022
5368 4575 607338.6092592478 4408503.353172514
3477 4636 569521.2183515478 4407283.157418769
3538 4636 570741.7476189694 4407283.0604734495
3660 4636 573182.970948163 4407282.49370541
3721 4636 574401.8977712386 4407282.745467705
3904 4636 578063.2722727165 4407284.929983904
4026 4636 580503.4797263604 4407283.486679387
4148 4636 582942.2863449886 4407282.000717901
4209 4636 584162.9906767858 4407282.759884993
4270 4636 585377.864161883 4407283.117577599
4941 4636 598801.4699632333 4407283.360211064
5002 4636 600021.2216706328 4407283.317629431
5063 4636 601241.4271368936 4407283.1342608575
5124 4636 602462.0843266994 4407282.175810279
3416 4697 568301.9053882179 4406065.414342978
3477 4697 569520.7764200722 4406063.631832529
3538 4697 570741.6276558742 4406061.4029720435
3599 4697 571960.6991743075 4406063.381344373
3660 4697 573181.4749543054 4406063.685629234
3843 4697 576843.2671538747 4406064.291675027
3965 4697 579282.7521304311 4406063.410865093
4819 4697 596361.0637010587 4406062.8757795235
5063 4697 601241.5993298215 4406061.746046973
5307 4697 606118.6117278826 4406063.6854182705
5368 4697 607341.699918428 4406061.436769363
3721 4758 574401.769617305 4404843.723433321
4941 4758 598801.7112604417 4404842.601232698
5063 4758 601240.5479484107 4404841.519344397
5124 4758 602462.3308169028 4404843.327067358
5185 4758 603681.8414531074 4404841.45169113
5246 4758 604901.9231149268 4404838.338459557
5368 4758 607340.9141343746 4404843.445438242
3843 4819 576841.7410288737 4403622.421556546
3904 4819 578061.8129686402 4403622.718953867
4758 4819 595140.9023385498 4403625.923113215
5002 4819 600021.5669018214 4403625.91913165
5063 4819 601239.2740076919 4403623.064809955
5124 4819 602461.8005252449 4403621.88744673
5185 4819 603681.8995538359 4403622.730809533
5307 4819 606120.8981175383 4403624.167536964
3538 4880 570742.6092698134 4402405.358614949
3660 4880 573182.3836826505 4402403.683616437
3721 4880 574403.0466154965 4402404.328975237
3904 4880 578057.7562240125 4402404.387876984
3965 4880 579283.0285192146 4402402.725076204
4758 4880 595141.5717183654 4402402.450046958
4819 4880 596361.5621529536 4402403.069083508
4880 4880 597578.58640908 4402402.955732661
4941 4880 598801.1018179668 4402401.90402504
5002 4880 600020.1096926883 4402403.252207231
5063 4880 601241.654359475 4402402.723715445
5124 4880 602458.963935704 4402402.893144429
5185 4880 603681.5609879929 4402403.394035612
3477 4941 569521.6839457429 4401184.797652547
3599 4941 571962.8289065631 4401183.296220095
3721 4941 574402.334581641 4401183.962656582
3904 4941 578062.6920890353 4401184.835842504
4758 4941 595138.6830086804 4401183.2180662025
4819 4941 596361.2830501257 4401182.543177181
4941 4941 598799.3076361187 4401181.644832322
5063 4941 601241.393954539 4401179.011564133
5185 4941 603681.8230823535 4401183.071316603
5246 4941 604900.2098816796 4401183.552979106
3538 5002 570740.8706199339 4399962.5657969555
3721 5002 574402.0448649778 4399963.789123861
3782 5002 575621.7483204624 4399964.123511136
3843 5002 576841.7936798113 4399963.494948555
3904 5002 578060.6931525883 4399964.878681367
4026 5002 580498.5415404711 4399963.497037978
4087 5002 581721.3941224786 4399963.955761161
4575 5002 591482.0479641687 4399964.296449527
4758 5002 595141.6539537855 4399964.0528634535
4819 5002 596357.8587061508 4399964.342010078
4941 5002 598802.5633474882 4399963.298530033
5002 5002 600018.2913122978 4399962.426879222
5063 5002 601241.793615524 4399962.801920565
5124 5002 602458.0987896561 4399962.632121105
5246 5002 604898.1072725526 4399964.149441267
5368 5002 607338.9320873438 4399961.329151031
5429 5002 608561.3862160007 4399964.126634428
3660 5063 573181.6928174495 4398743.809111821
4636 5063 592698.4531953764 4398742.64565522
4697 5063 593922.3484266832 4398742.278291591
4758 5063 595141.5316774279 4398743.987872542
4819 5063 596357.7638502866 4398744.109926087
4880 5063 597581.0906186816 4398741.96056701
5185 5063 603678.6109420699 4398744.0018901415
5368 5063 607338.503231236 4398741.415277091
3538 5124 570738.2090923693 4397522.469681961
4514 5124 590262.354173508 4397523.64136177
4636 5124 592697.6343236148 4397524.147423632
4697 5124 593919.0123479534 4397523.455070311
4941 5124 598799.0613520623 4397522.706876855
5185 5124 603680.4897538585 4397523.145846726
5246 5124 604898.1027761572 4397523.405740957
5429 5124 608561.9684673956 4397523.588488364
3477 5185 569521.0028798771 4396304.749160269
3538 5185 570741.2513203882 4396303.482956167
3599 5185 571962.1340386616 4396303.948006393
4331 5185 586601.7340663597 4396301.61123015
4453 5185 589042.2855132516 4396302.953380977
4514 5185 590258.2835177942 4396304.466490483
4636 5185 592698.7717214911 4396302.427555747
4697 5185 593920.9608652587 4396303.569255416
4758 5185 595137.9232901987 4396303.330498621
4819 5185 596362.3328351374 4396301.897759058
4880 5185 597578.1710839327 4396302.574681134
5002 5185 600022.2700409566 4396303.706992559
5246 5185 604898.1884211074 4396303.094137586
5429 5185 608558.7929949234 4396302.8705592975
3599 5246 571962.3090096244 4395084.182449834
3782 5246 575622.163255513 4395084.078241539
4392 5246 587821.6474561158 4395082.973195685
4453 5246 589042.6850544827 4395082.826509513
4514 5246 590259.026425106 4395083.611740046
4636 5246 592698.3127910139 4395083.138026505
4697 5246 593922.5817208844 4395082.874965111
4758 5246 595141.5810519536 4395083.279631936
5002 5246 600021.4637612619 4395082.797612371
5124 5246 602458.9439872886 4395081.895279699
5185 5246 603682.5358918309 4395082.059583798
5246 5246 604898.3129199212 4395083.841754641
5368 5246 607341.8209522336 4395080.873584289
5429 5246 608558.5498880321 4395082.076226789
3599 5307 571962.4946820717 4393864.51769772
3660 5307 573180.8209654465 4393864.781725533
3721 5307 574398.0080255736 4393863.491524545
3965 5307 579278.7164833569 4393864.235845046
4392 5307 587822.249407186 4393861.777743395
4453 5307 589042.2946827447 4393864.000706814
4514 5307 590259.1145424801 4393863.510943702
4758 5307 595141.9043555283 4393862.416308674
4880 5307 597579.2907001791 4393863.992824239
4941 5307 598800.9046975919 4393862.211638386
5002 5307 600021.0071741275 4393862.739602626
5124 5307 602458.6120996376 4393861.926469541
5185 5307 603681.1797552666 4393864.17809062
4331 5368 586598.1084208505 4392642.23696847
4392 5368 587821.4250951137 4392642.177267813
4453 5368 589041.95329897 4392643.352048613
4514 5368 590261.773813114 4392642.732927721
4575 5368 591478.2183125718 4392643.230231917
4819 5368 596358.5388021984 4392643.033059088
5063 5368 601242.2530428785 4392638.31121981
4392 5429 587820.9261435557 4391423.647869249
4453 5429 589041.7277982857 4391422.965925953
4514 5429 590258.0151326112 4391422.932048011
4575 5429 591478.7650834128 4391423.368368112
4697 5429 593922.096218555 4391422.866698353
4758 5429 595138.4186228765 4391424.012945614
4819 5429 596361.0066330978 4391423.100758364
5002 5429 600021.1042211547 4391422.148603921
5063 5429 601243.0443075707 4391423.614289443
5185 5429 603681.4257287735 4391422.645934794
5307 5429 606118.4029618386 4391422.753330226
5368 5429 607341.5041323372 4391421.948719077
5429 5429 608562.0926569179 4391423.126385411
4758 5490 595141.9558965662 4390202.623216497
