3294 61 565863.6761559717 4498787.389772873
3721 61 574403.7715045492 4498786.5517524
3782 61 575621.5749126836 4498784.836880688
3904 61 578062.6670797658 4498787.489472876
3965 61 579282.8779883621 4498786.501363883
4026 61 580503.0389959496 4498787.454899665
4087 61 581723.4987062357 4498787.669764209
4148 61 582942.2742164985 4498787.896963899
4209 61 584164.0900844821 4498784.788118991
4270 61 585383.1298234183 4498787.065144807
4331 61 586603.2529395059 4498786.585301494
4392 61 587821.5962198572 4498786.532415671
4453 61 589043.9162737195 4498787.212187451
4514 61 590262.8875189165 4498785.8114152355
4575 61 591483.3167111946 4498786.781949969
4636 61 592702.3621323132 4498783.600540833
4697 61 593924.7419378966 4498785.421183985
4819 61 596362.388680618 4498787.836127849
4880 61 597583.569687396 4498784.792510466
4941 61 598802.2218166298 4498788.34293668
5002 61 600023.7508966422 4498787.156134942
5063 61 601242.851839375 4498784.165061172
5124 61 602464.880637266 4498785.7956769345
5185 61 603683.2337473176 4498787.952368165
5246 61 604903.6307467652 4498787.569816885
3294 122 565863.9512099191 4497567.603414533
3477 122 569523.6545355734 4497567.880141549
3721 122 574402.8451515911 4497564.117170573
3782 122 575623.0457999184 4497567.839481365
3843 122 576842.5164315009 4497564.841515715
3904 122 578063.5301251344 4497567.5179121895
3965 122 579283.6520003951 4497564.884076155
4026 122 580503.0846674631 4497568.382972963
4148 122 582942.001460271 4497567.962284788
4209 122 584163.1193427716 4497567.203233668
4270 122 585382.9383393215 4497567.80260021
4331 122 586601.4269169744 4497566.5526773045
4392 122 587823.5123488123 4497566.804866608
4514 122 590263.482004422 4497564.427711374
4575 122 591484.8982025166 4497564.889311291
4636 122 592701.9967047274 4497567.460762838
4758 122 595143.8249271808 4497566.85132545
4880 122 597583.7580873771 4497568.02117494
5002 122 600023.9047448835 4497567.149205561
5063 122 601243.7149153724 4497567.001233003
5124 122 602462.1157825361 4497567.635325309
5185 122 603682.7458933934 4497567.944182577
5307 122 606124.1293219123 4497567.916353394
5429 122 608563.8375907207 4497567.322839284
3294 183 565864.4708935563 4496347.390059584
3355 183 567083.3506367948 4496346.803567503
3416 183 568303.240039193 4496347.884467675
3599 183 571962.08421056 4496344.985792788
3660 183 573183.7888259222 4496346.908642082
3782 183 575622.8137313921 4496347.771205542
3843 183 576842.5508309971 4496346.415751684
3904 183 578061.4503097356 4496348.151412727
3965 183 579284.4037596567 4496344.492691788
4087 183 581723.1418670835 4496348.153642128
4209 183 584163.3110769338 4496344.944112944
4270 183 585382.3289529613 4496344.43298746
4331 183 586603.1313684857 4496344.644743945
4392 183 587822.4661160186 4496346.797012535
4453 183 589043.0495774117 4496344.596247579
4514 183 590261.9510801006 4496344.613990496
4575 183 591484.3430666137 4496344.790926669
4636 183 592703.826050374 4496344.600406142
4697 183 593924.6263352701 4496344.720571639
4880 183 597582.9148845674 4496347.829592464
4941 183 598804.5124787239 4496347.580913823
5002 183 600024.3910669487 4496347.612536257
5063 183 601242.7628016409 4496344.843947412
5124 183 602463.1597291362 4496344.730213754
5246 183 604903.4138193118 4496347.711464766
5307 183 606123.496868934 4496347.7934214985
5429 183 608563.051914519 4496347.2812498445
3355 244 567081.9929253914 4495128.352078657
3416 244 568302.5190599628 4495127.727052354
3477 244 569523.7257198568 4495127.070822993
3538 244 570742.1966695024 4495124.696926071
3721 244 574404.0445261842 4495124.616269533
3843 244 576841.8779286618 4495128.043304763
3904 244 578062.3694697577 4495127.866135231
3965 244 579283.4106454337 4495126.959213517
4026 244 580502.7937916097 4495126.9228556715
4087 244 581722.7938071381 4495128.333994991
4148 244 582943.3658831874 4495126.951906143
4209 244 584163.1576594579 4495127.994270902
4270 244 585383.1353176681 4495127.838044792
4331 244 586603.0879279592 4495128.182692602
4392 244 587822.9962884705 4495127.922940999
4453 244 589043.7236167854 4495127.499879464
4514 244 590263.0155288035 4495127.335426224
4575 244 591483.4860504123 4495127.500893915
4636 244 592703.2458032465 4495128.315801368
4697 244 593922.750968029 4495127.6650004275
4758 244 595144.1895145377 4495124.320742266
4819 244 596363.2896312763 4495127.476799494
4880 244 597584.4705517003 4495127.598317225
4941 244 598803.6967162181 4495127.687495135
5063 244 601243.2297488844 4495127.769471479
5124 244 602462.9637927435 4495126.825667639
5185 244 603682.9172453831 4495127.360171731
5246 244 604901.6808702054 4495127.423033361
5307 244 606122.7715525699 4495127.54155673
5429 244 608562.5434988857 4495127.609528272
3233 305 564643.9705676041 4493907.324477959
3294 305 565863.8051763903 4493906.586954573
3355 305 567083.4355742837 4493907.162429778
3416 305 568304.2163784674 4493907.136887426
3477 305 569523.4372146544 4493907.6218579225
3660 305 573183.3284191322 4493904.849488502
3782 305 575622.5147056533 4493904.448958252
3843 305 576842.9546572003 4493906.8343992205
3965 305 579283.5192692296 4493904.736277191
4026 305 580503.080116516 4493904.703409618
4087 305 581723.1775070546 4493906.246998239
4148 305 582942.4019036298 4493907.564487331
4209 305 584161.6780474688 4493907.986333994
4270 305 585383.0017175802 4493908.038039023
4331 305 586603.237137194 4493906.998746525
4392 305 587820.8978914395 4493908.024402368
4453 305 589042.586402307 4493907.544423693
4514 305 590263.000145661 4493907.2660801
4575 305 591483.9360208614 4493904.03569194
4636 305 592704.3407448798 4493906.848439644
4697 305 593923.2928377051 4493907.979429394
4758 305 595142.9959172632 4493908.082892231
4819 305 596363.4534765786 4493908.522219539
4880 305 597582.887439975 4493908.16963672
4941 305 598803.8451550296 4493907.631488526
5002 305 600023.4558380751 4493904.512057957
5063 305 601243.4857206871 4493907.216254625
5124 305 602463.9978587744 4493908.501846
5185 305 603684.348626066 4493907.235382493
5246 305 604901.8433255518 4493908.137124359
5307 305 606123.0567041964 4493906.570078094
5368 305 607343.2365449329 4493907.736140234
5429 305 608562.757058494 4493907.809057091
5490 305 609783.1016296628 4493904.289145523
3294 366 565864.1565414707 4492687.095758113
3355 366 567083.9071153629 4492684.5380131705
3477 366 569522.6236666387 4492684.739670135
3538 366 570743.5336493672 4492684.6393524585
3721 366 574402.6155341775 4492686.409702596
3782 366 575622.2780626039 4492687.384507087
3843 366 576841.6617161916 4492688.615005615
3904 366 578063.004756233 4492687.77377623
4026 366 580503.7096510802 4492686.563876409
4087 366 581722.8795156936 4492684.840518569
4148 366 582942.9266042002 4492687.580754686
4209 366 584163.4684594572 4492687.635508155
4270 366 585382.5219709622 4492687.272348462
4331 366 586603.8312237912 4492687.120513553
4514 366 590264.017305929 4492686.839337752
4575 366 591482.325055636 4492687.460356464
4697 366 593923.643107219 4492687.967812491
4758 366 595142.6358240036 4492684.606687712
4819 366 596363.5930853784 4492687.344924172
4880 366 597583.4413742645 4492684.216951846
4941 366 598802.3273105904 4492686.035587524
5002 366 600024.6788325647 4492684.83745575
5063 366 601243.6327733947 4492684.6958225295
5124 366 602463.4838697312 4492687.2443801295
5246 366 604902.886884893 4492687.707882216
5307 366 606123.0192933336 4492683.87770283
5429 366 608562.7211899972 4492687.441859354
3355 427 567084.3330326249 4491466.71879475
3416 427 568303.1918918455 4491464.992930915
3782 427 575623.8381545498 4491468.57617123
3843 427 576842.7443665578 4491464.514469506
3904 427 578063.3650358401 4491464.777452338
3965 427 579282.7032830288 4491468.46297856
4026 427 580503.2614660601 4491464.728647497
4087 427 581723.0704763397 4491465.95023406
4148 427 582942.5530126262 4491467.195164609
4209 427 584163.2341892379 4491467.348156826
4270 427 585383.0067675798 4491467.427658483
4331 427 586603.0713881864 4491467.083400434
4392 427 587822.0561062013 4491466.073846077
4453 427 589043.6786404644 4491467.009899008
4514 427 590264.1725392733 4491464.901906102
4575 427 591483.7975687769 4491467.272527185
4636 427 592703.9764690076 4491467.55546439
4697 427 593923.6903952986 4491467.281218042
4758 427 595143.4164592498 4491466.624764314
4819 427 596362.1575288995 4491463.553701256
4880 427 597583.2471816083 4491464.92363586
4941 427 598803.8984948664 4491467.087818181
5002 427 600023.6872259714 4491464.10751907
5063 427 601243.384492562 4491467.715161024
5124 427 602462.3151237455 4491468.598172737
5307 427 606123.1406442728 4491467.405994874
5368 427 607342.6884050724 4491468.223159178
5429 427 608563.3639271742 4491467.420246252
3294 488 565863.6626963606 4490246.029476322
3477 488 569522.6423535962 4490247.346072641
3904 488 578061.9625697173 4490244.302955209
3965 488 579283.2035288655 4490247.584234256
4026 488 580503.1021137564 4490244.4415416205
4087 488 581722.4103155318 4490247.077714033
4209 488 584161.6483307888 4490247.650980163
4270 488 585383.2048438541 4490247.225315702
4331 488 586602.2226077227 4490247.39085076
4392 488 587823.6588467783 4490247.508746045
4453 488 589043.1277972652 4490244.962809704
4514 488 590263.5280071276 4490244.415674475
4575 488 591483.954501051 4490246.864414073
4636 488 592704.5378427508 4490247.902959014
4697 488 593924.195845437 4490246.927536188
4758 488 595144.5570598649 4490244.663495107
4819 488 596363.3842797684 4490244.813916866
4880 488 597583.482330845 4490244.818509657
4941 488 598803.1387726193 4490243.785105993
5002 488 600021.8276031348 4490248.420358569
5063 488 601243.0111958685 4490246.896222889
5124 488 602463.094083525 4490248.396807921
5246 488 604903.5548448318 4490247.131146831
5307 488 606122.9471057901 4490247.830718911
3233 549 564643.8363105654 4489027.750734497
3477 549 569523.2160411463 4489027.112817713
3904 549 578062.9152452855 4489024.613506769
3965 549 579283.264876416 4489027.916132158
4087 549 581723.4977466176 4489024.773957733
4209 549 584162.5473206136 4489028.750424362
4270 549 585383.8975070275 4489024.806819822
4331 549 586604.7422201973 4489026.8109625215
4392 549 587822.7857246781 4489027.344434222
4453 549 589043.684240935 4489027.222705463
4514 549 590262.8210713723 4489027.810287611
4575 549 591482.9027866807 4489027.54130164
4636 549 592703.4403715457 4489026.676578839
4697 549 593923.5902657565 4489025.602337539
4758 549 595143.6124945392 4489024.937145316
4880 549 597581.8505781319 4489027.462686356
4941 549 598802.9046320728 4489026.9091327945
5002 549 600022.0148421528 4489027.210202632
5063 549 601241.5829510508 4489027.307358297
5246 549 604903.6599347518 4489027.322889434
5307 549 606122.9390056516 4489027.298763808
5368 549 607342.4708720831 4489027.1571952915
5429 549 608562.6411548345 4489027.967541798
3599 610 571962.7139786131 4487807.545482141
3721 610 574403.6743962991 4487807.2106054295
3782 610 575623.4703133963 4487804.760573171
3843 610 576842.3076612004 4487808.248131879
3904 610 578062.942965985 4487807.984298507
3965 610 579283.7968517741 4487807.484722928
4026 610 580502.2908718304 4487807.907739274
4087 610 581722.9430611528 4487807.617711211
4148 610 582943.9491141099 4487807.070047203
4270 610 585383.5233670776 4487806.000901368
4331 610 586603.293207081 4487804.536194577
4392 610 587822.28117505 4487807.885823916
4514 610 590263.2654007841 4487807.670595004
4575 610 591482.9184910958 4487804.977497886
4636 610 592703.320747542 4487804.713106045
4697 610 593923.1691597871 4487806.232924067
4758 610 595143.7929347465 4487803.325323743
4819 610 596364.0127918511 4487807.353986451
4880 610 597584.4668326385 4487807.116675228
4941 610 598802.7248067854 4487807.477268366
5002 610 600023.8801372766 4487807.1768783
5063 610 601244.6701120287 4487806.933179768
5124 610 602462.715436196 4487804.982311348
3477 671 569523.7325208574 4486584.794562732
3538 671 570743.5100883332 4486588.096452096
3599 671 571962.6793988342 4486586.986967476
3660 671 573183.052518685 4486587.706030632
3843 671 576842.8566344182 4486587.0347145675
3904 671 578062.011277895 4486587.778359058
3965 671 579283.0878811309 4486587.385034187
4026 671 580503.1789105539 4486586.983950964
4087 671 581723.6209783931 4486584.678904881
4270 671 585384.4385754478 4486586.47620962
4331 671 586601.519817821 4486588.261276644
4392 671 587822.8850645531 4486587.737561001
4514 671 590263.5896714663 4486587.434758599
4575 671 591483.2293908519 4486584.674882925
4636 671 592704.1323676882 4486584.334874528
4697 671 593922.6600331592 4486584.735211563
4758 671 595143.9376290964 4486584.871523048
4819 671 596364.8803969398 4486584.007511527
4941 671 598802.8143504865 4486584.385612189
5002 671 600024.25321188 4486586.485729368
5124 671 602462.7638879456 4486587.701485455
5185 671 603683.1285599049 4486584.894712155
5246 671 604903.564792451 4486587.541686811
5307 671 606122.238883761 4486586.483792963
5368 671 607343.9693453512 4486588.2377037285
5429 671 608562.6814378977 4486587.944262954
3355 732 567083.6768732707 4485368.399727913
3416 732 568303.0736999935 4485367.177158076
3538 732 570744.2924345736 4485366.400158572
3599 732 571964.044396805 4485366.970580766
3660 732 573183.4753749168 4485367.926700708
3721 732 574402.7762262352 4485366.898578718
3782 732 575623.8962992884 4485366.721344422
3843 732 576843.5333650517 4485367.210278759
3904 732 578062.9509255853 4485366.588100343
4026 732 580501.8985071508 4485367.448180726
4087 732 581722.1822998477 4485368.08412046
4148 732 582942.6490057859 4485364.91915285
4209 732 584162.9972088678 4485367.59187297
4331 732 586602.9398238773 4485366.320282019
4392 732 587823.1976339784 4485367.167637181
4453 732 589042.7939624875 4485364.6409812
4514 732 590264.6547190554 4485367.571285687
4575 732 591482.061795973 4485367.614448678
4636 732 592704.604078804 4485367.317411432
4758 732 595143.302656381 4485364.743841117
4819 732 596364.1714714033 4485366.639068719
4880 732 597582.9551918826 4485364.480741936
4941 732 598803.1836578513 4485367.577351981
5002 732 600022.0062995547 4485367.758949725
5063 732 601243.3014411272 4485368.882196712
5124 732 602463.5279290938 4485367.843408421
5185 732 603683.1067573861 4485364.75193402
5246 732 604902.521012901 4485364.063820029
5307 732 606122.8501397253 4485367.72575392
5368 732 607342.083186847 4485367.644553515
5429 732 608563.1488110421 4485368.350811753
3294 793 565863.5647624405 4484146.427445037
3416 793 568303.9592682262 4484146.920106337
3477 793 569523.9190305339 4484146.2788480325
3599 793 571963.5198352959 4484147.414551486
3721 793 574403.0190871679 4484147.268113256
3782 793 575623.4182854095 4484147.087874994
3843 793 576843.7170248486 4484146.5490429895
3904 793 578063.9541268996 4484147.577509172
3965 793 579282.7837939253 4484147.470798233
4087 793 581723.0996822966 4484144.550812716
4148 793 582941.6530817284 4484147.693238522
4209 793 584161.7822656083 4484146.72571218
4270 793 585382.8341994165 4484144.821016612
4453 793 589043.7186148658 4484148.357013493
4575 793 591481.9752387339 4484145.907085556
4636 793 592701.6386491548 4484147.946017415
4697 793 593922.3728104967 4484148.311210213
4758 793 595142.0790094048 4484147.574899937
4819 793 596362.8335676941 4484147.212539097
4880 793 597582.7728673753 4484147.332022892
4941 793 598804.1820888653 4484144.647338222
5002 793 600023.151069286 4484146.9220823
5063 793 601243.0460352584 4484144.9724531155
5124 793 602463.1931263038 4484147.70294917
5185 793 603684.4134977204 4484144.424838342
5246 793 604904.0199121677 4484147.914183988
5429 793 608562.6718081022 4484148.3840030255
3111 854 562202.9777456911 4482924.572583873
3233 854 564642.8151189447 4482924.839545864
3294 854 565863.1943617908 4482926.4335428085
3355 854 567083.5415527459 4482927.2193186665
3538 854 570742.5249528368 4482927.735128418
3599 854 571962.7015465206 4482927.134341132
3660 854 573183.6201279159 4482924.862564549
3721 854 574402.9434390061 4482928.188510271
3782 854 575624.0013798603 4482927.119024018
3843 854 576844.4877193552 4482924.205389348
3904 854 578063.569781981 4482924.923891779
3965 854 579283.2614693384 4482924.595248553
4026 854 580501.5041798269 4482927.931268105
4087 854 581723.3044755519 4482927.656397156
4148 854 582942.3893690736 4482926.937518259
4209 854 584161.3338897615 4482927.549956673
4331 854 586604.1801288996 4482924.212355528
4392 854 587821.7145575914 4482928.275307848
4453 854 589042.9434345659 4482927.464483789
4514 854 590263.3457788741 4482927.381843547
4575 854 591482.9648014702 4482927.871191869
4636 854 592704.0318893625 4482923.861061386
4697 854 593922.5707584848 4482924.068049452
4758 854 595144.1393704221 4482926.5265502
4819 854 596362.9315699006 4482927.555765938
4880 854 597584.5310546448 4482926.733963038
4941 854 598802.8646264478 4482926.682906327
5002 854 600023.7235502452 4482924.90671967
5063 854 601243.6647373321 4482924.661494738
5124 854 602463.7668662718 4482924.406365588
5185 854 603683.6748845141 4482928.6984980125
5246 854 604904.0242776147 4482927.677912372
5307 854 606122.6259634203 4482927.179847572
5368 854 607342.8324992971 4482926.719159656
5429 854 608562.6016049648 4482927.595965091
3111 915 562204.6365954104 4481705.742007729
3233 915 564642.5674489764 4481706.66717863
3294 915 565863.2027433952 4481707.7714665625
3355 915 567084.1815890614 4481706.544178248
3416 915 568303.0000626454 4481707.832190776
3477 915 569523.1209404339 4481704.715429659
3538 915 570744.1042979641 4481707.883128275
3599 915 571962.8417089185 4481707.589269285
3660 915 573183.5851012578 4481708.544430566
3721 915 574402.8333648575 4481704.139336259
3782 915 575622.6687957734 4481707.781769932
3843 915 576842.9481394519 4481707.752946639
3904 915 578062.1138377225 4481704.959563583
3965 915 579282.4815486157 4481708.020288268
4026 915 580502.3257474955 4481703.886600811
4087 915 581722.8052369507 4481707.0240423875
4148 915 582942.7953746279 4481708.079807608
4209 915 584162.1384753995 4481709.173350238
4270 915 585383.032433948 4481707.216813141
4331 915 586601.2313289702 4481707.675802319
4392 915 587822.5899214247 4481704.915413429
4453 915 589043.0789480546 4481708.55078356
4514 915 590263.1344371538 4481707.253904534
4575 915 591483.3728605332 4481708.533864877
4636 915 592702.5159229799 4481708.299603212
4697 915 593922.6932810209 4481704.484090443
4758 915 595141.3967656571 4481707.784074136
4819 915 596362.4140648291 4481704.855983887
4880 915 597584.1774170457 4481706.784803291
4941 915 598802.5054106439 4481707.043316906
5002 915 600023.475892601 4481704.928034776
5063 915 601242.6061875646 4481707.523787195
5124 915 602463.1297640157 4481707.817223321
5246 915 604903.0333341595 4481704.855172804
5307 915 606125.063832172 4481707.206192212
5368 915 607343.8205688915 4481706.96668287
5429 915 608563.015933821 4481704.440736716
3172 976 563421.6064828917 4480484.937040252
3355 976 567083.8399167246 4480484.913959109
3416 976 568302.9322421729 4480487.113995506
3477 976 569523.4596043451 4480484.9962814385
3538 976 570744.2842788249 4480487.161234794
3599 976 571964.4645759088 4480486.91054793
3721 976 574403.159889048 4480487.540225346
3782 976 575622.2313447648 4480486.477700301
3843 976 576841.8721629833 4480484.9705991335
3904 976 578063.0060138456 4480488.314148471
3965 976 579283.4731220172 4480487.541158464
4026 976 580503.5656459689 4480486.720160599
4087 976 581722.1732767227 4480486.789489269
4148 976 582943.3482567994 4480484.643181752
4209 976 584163.1362165397 4480488.024730081
4331 976 586602.9388979282 4480487.6789432755
4392 976 587823.1220037765 4480486.59039311
4453 976 589043.28740261 4480487.411969182
4514 976 590261.9794794822 4480488.763587118
4575 976 591482.4351138787 4480486.970489429
4636 976 592702.863432362 4480484.132624258
4697 976 593923.364601008 4480487.4688377455
4758 976 595142.8647723683 4480487.584177146
4819 976 596364.2765267501 4480486.376392758
4880 976 597583.5435529093 4480484.759202772
4941 976 598802.4871893792 4480483.87204343
5002 976 600023.5569544942 4480487.513159551
5063 976 601244.5683173172 4480486.963492454
5124 976 602462.8546115507 4480487.786654207
5185 976 603682.3241213763 4480486.653499509
5246 976 604902.1161061764 4480487.743774615
5429 976 608562.9910209475 4480487.677923109
3111 1037 562203.8702781214 4479264.796434237
3172 1037 563423.5575189355 4479264.699892031
3416 1037 568303.0738719858 4479266.357427082
3477 1037 569522.9363443245 4479267.901256153
3599 1037 571963.2910624396 4479268.063758967
3660 1037 573182.0956862075 4479264.512570674
3721 1037 574402.9052647459 4479267.706273774
3782 1037 575622.9042079679 4479266.43538255
3843 1037 576841.3706064657 4479267.628360094
3965 1037 579282.1238663455 4479268.673337964
4026 1037 580502.8446971148 4479267.243667
4148 1037 582942.5865344196 4479267.131251311
4209 1037 584161.5435787092 4479267.829557344
4270 1037 585382.0308422403 4479264.88633111
4331 1037 586603.9049594232 4479264.767652209
4392 1037 587823.4203609751 4479264.9991966225
4453 1037 589042.4887091855 4479267.5602111155
4514 1037 590262.6322545938 4479268.199382482
4575 1037 591483.0510618256 4479264.01622753
4636 1037 592704.0243936202 4479266.955415726
4697 1037 593924.159742304 4479264.326442221
4758 1037 595141.9591459339 4479265.644513779
4819 1037 596362.4276051334 4479266.966741292
4941 1037 598802.5459252329 4479263.647930777
5002 1037 600023.484949488 4479268.043276118
5063 1037 601243.5043425569 4479266.846411076
5124 1037 602461.8734769871 4479265.990288377
5185 1037 603683.4404640141 4479266.04000469
5246 1037 604902.1677958963 4479264.440847902
5307 1037 606122.8914949686 4479267.7760642115
5368 1037 607343.2519514111 4479267.484275803
5429 1037 608562.2394985557 4479267.787186524
3355 1098 567082.9650989652 4478044.491013327
3416 1098 568302.9143099745 4478044.600341584
3477 1098 569523.0075126505 4478044.425815018
3599 1098 571962.9669959808 4478044.933530887
3660 1098 573182.6648286635 4478046.776357728
3721 1098 574402.6409369053 4478046.990533874
3782 1098 575622.4711050182 4478048.252548675
3843 1098 576842.8888726532 4478047.851641429
3904 1098 578062.7922342503 4478048.02370887
3965 1098 579282.5015020188 4478044.848907948
4026 1098 580502.3312267577 4478046.68389007
4087 1098 581722.4885343722 4478047.633561078
4148 1098 582942.8168194591 4478047.59816504
4209 1098 584161.8501937215 4478048.127346033
4270 1098 585381.568746675 4478044.888330552
4331 1098 586602.299635515 4478047.18832847
4392 1098 587823.588619171 4478044.851319364
4453 1098 589043.6518936972 4478046.888576505
4514 1098 590262.9261220502 4478047.199898636
4575 1098 591482.8663660533 4478044.966382379
4636 1098 592702.0337856936 4478046.709788122
4880 1098 597582.1533899272 4478043.702515661
4941 1098 598804.1673924511 4478044.884670803
5002 1098 600022.2461805501 4478047.814348159
5124 1098 602463.750651918 4478044.72600851
5185 1098 603683.600490177 4478047.0345902415
5246 1098 604903.9997165373 4478046.705066133
5307 1098 606122.384071009 4478047.996711015
5368 1098 607342.7174696629 4478047.78604467
5429 1098 608562.7347499433 4478048.00593493
3172 1159 563423.6882962685 4476826.266241201
3477 1159 569522.9213290042 4476826.018393903
3538 1159 570743.2620726326 4476827.054925491
3599 1159 571962.5548587686 4476827.6917421175
3660 1159 573182.5375883351 4476828.220827376
3782 1159 575623.1516326019 4476828.581546644
3843 1159 576843.3171739938 4476827.343234188
3904 1159 578063.499824261 4476827.477149809
3965 1159 579283.5716285859 4476827.466727109
4026 1159 580502.5236363616 4476827.951622968
4148 1159 582941.4349316759 4476827.563106724
4209 1159 584163.1918419763 4476824.815408003
4392 1159 587823.5878725381 4476827.585035047
4514 1159 590262.8109655997 4476824.83536448
4575 1159 591482.6888069808 4476827.098892037
4636 1159 592704.4853462899 4476824.79411368
4697 1159 593922.2776206691 4476827.732057487
4819 1159 596362.444432908 4476827.293303705
4880 1159 597583.6302274875 4476824.329662908
4941 1159 598802.5403581185 4476823.614668674
5002 1159 600023.6957474931 4476826.865699199
5063 1159 601241.1946389079 4476826.121786093
5124 1159 602463.2043947189 4476824.837333225
5185 1159 603682.6278072139 4476827.114476345
5246 1159 604903.0232829378 4476827.346197294
5368 1159 607342.5071247393 4476827.687472194
5429 1159 608563.7874657592 4476827.632726091
5490 1159 609783.5586124097 4476823.670478294
3111 1220 562203.0843776909 4475607.499908983
3538 1220 570741.5160672686 4475606.119341027
3599 1220 571963.3025122737 4475607.3471040055
3660 1220 573182.4212304717 4475608.419493345
3721 1220 574402.6193888448 4475607.257611859
3782 1220 575623.559420713 4475607.07716007
3843 1220 576842.4948764748 4475607.427820033
3904 1220 578062.8713113384 4475607.703037502
3965 1220 579282.7694012355 4475608.191947708
4026 1220 580501.60244954 4475607.833601495
4148 1220 582942.1811044535 4475608.061892859
4209 1220 584162.938337042 4475606.935583906
4270 1220 585383.0219242764 4475604.500421937
4453 1220 589043.8530180785 4475606.383844343
4514 1220 590263.2606390843 4475604.759791513
4636 1220 592702.834818406 4475604.859362096
4697 1220 593924.6473574887 4475607.443263834
4758 1220 595143.4825830284 4475604.286551564
4819 1220 596362.9156122975 4475604.12125934
4880 1220 597583.1651884876 4475604.633319956
4941 1220 598803.1020078822 4475604.154180265
5002 1220 600024.3150839186 4475604.5513590295
5063 1220 601243.6149983443 4475607.158125768
5185 1220 603684.2013266962 4475607.515175125
5307 1220 606123.0320691062 4475604.980702072
5368 1220 607344.7543440745 4475606.829254599
5429 1220 608562.5167045088 4475607.886881819
3111 1281 562204.2898539527 4474384.799824516
3172 1281 563424.4192248853 4474387.139442416
3538 1281 570742.6997683858 4474387.86180105
3599 1281 571962.9755788976 4474388.073913109
3660 1281 573182.9306749917 4474384.778054019
3721 1281 574402.4856126648 4474386.404856711
3782 1281 575623.098409262 4474387.982393375
3843 1281 576843.0845270137 4474386.998018558
3904 1281 578061.370678039 4474388.2312795445
3965 1281 579283.3176623292 4474387.206218597
4026 1281 580503.2046027388 4474387.2479316015
4453 1281 589043.3858425296 4474387.162593235
4697 1281 593923.609405329 4474384.275983304
4819 1281 596363.4594750209 4474387.415712243
4941 1281 598803.1899327466 4474387.039455096
5002 1281 600022.1848285085 4474387.501775542
5063 1281 601243.5285648251 4474384.8818688495
5124 1281 602463.3316752815 4474384.159768584
5185 1281 603683.6783456155 4474387.385214838
5246 1281 604903.001712905 4474387.466580562
5307 1281 606123.7542528315 4474387.308527177
5368 1281 607342.3207331807 4474388.006661827
5429 1281 608562.589804901 4474388.109865933
3050 1342 560983.4807099036 4473167.492539878
3111 1342 562204.5348898389 4473168.906063313
3172 1342 563423.9051254443 4473166.863551531
3538 1342 570741.7909147434 4473167.596037978
3599 1342 571961.9402028522 4473167.111395103
3660 1342 573182.7463248763 4473166.461464167
3904 1342 578062.5001047659 4473166.82580823
4209 1342 584162.6656755165 4473163.860287111
4270 1342 585382.320486472 4473167.5041101845
4331 1342 586603.3841187521 4473167.114892321
4392 1342 587823.10303655 4473167.5421754755
4453 1342 589042.8758710157 4473167.121490599
4758 1342 595143.9059401499 4473168.408019202
4819 1342 596362.729092686 4473164.815450454
4880 1342 597582.7353362164 4473166.708965689
4941 1342 598803.566339825 4473167.188765973
5002 1342 600022.3680756759 4473166.868611431
5063 1342 601243.5318994098 4473166.688904453
5124 1342 602463.350732984 4473167.529939973
5185 1342 603683.273357656 4473167.9659958435
5307 1342 606121.5256162653 4473167.574575801
5368 1342 607343.8326310196 4473167.477400493
5429 1342 608563.4704674473 4473167.357413213
3050 1403 560983.0419777865 4471944.984209165
3111 1403 562203.3442806876 4471948.007613464
3172 1403 563423.9218854737 4471947.4793861965
3233 1403 564643.7320970239 4471944.594921254
3294 1403 565863.256187113 4471944.797834762
3355 1403 567083.7473725663 4471947.941225667
3416 1403 568304.45651722 4471947.280042783
3538 1403 570743.898734254 4471947.484957378
4209 1403 584163.2610669581 4471947.568119646
4270 1403 585382.7869089225 4471947.36390491
4331 1403 586603.6674700271 4471947.429144609
4392 1403 587823.4691597478 4471946.691652774
4453 1403 589043.6161266498 4471947.334811057
4819 1403 596362.5942901847 4471947.366410916
4880 1403 597584.1857817941 4471947.4018376395
4941 1403 598803.3917472388 4471947.300217958
5002 1403 600022.4570969816 4471947.13756465
5063 1403 601243.9551219969 4471947.390363873
5124 1403 602464.2589234137 4471946.696906757
5185 1403 603683.5150013724 4471947.619344765
5307 1403 606125.9990144409 4471947.215704795
5368 1403 607342.2715206654 4471947.745181502
5429 1403 608563.3307590832 4471947.621029775
3050 1464 560983.0096373204 4470725.91324394
3111 1464 562204.4771393614 4470727.415676392
3294 1464 565863.6611991301 4470727.911677534
3416 1464 568303.0157761481 4470727.87330711
3477 1464 569524.1477759464 4470726.146726551
3538 1464 570743.6287904098 4470724.951976676
4026 1464 580502.8211917907 4470724.05054279
4087 1464 581722.7409741124 4470728.358608153
4148 1464 582944.1415064242 4470725.979970036
4209 1464 584163.7885019612 4470727.683753759
4331 1464 586603.0930238041 4470728.23013197
4392 1464 587822.7480538334 4470727.744981382
4514 1464 590263.2569965331 4470727.763221823
4575 1464 591482.6935535204 4470727.449258227
4636 1464 592703.6632214705 4470727.607014334
4819 1464 596362.0597108158 4470728.609089067
4880 1464 597583.4427009388 4470727.554252362
4941 1464 598803.2810756424 4470727.234310374
5002 1464 600022.2151347077 4470727.471261294
5063 1464 601244.3869453974 4470727.83840701
5124 1464 602463.8519193658 4470726.901073039
5185 1464 603683.7242970255 4470726.748171521
5246 1464 604904.4234435618 4470727.012249258
3172 1525 563423.3596449678 4469507.020805716
3233 1525 564643.6319043585 4469507.125942435
3355 1525 567083.3897926685 4469506.713213
3477 1525 569523.8098421512 4469506.861927518
3538 1525 570743.0852321131 4469506.7357639875
4209 1525 584163.4501884195 4469506.442429907
4270 1525 585382.6486028279 4469507.636422762
4331 1525 586602.686093366 4469506.942764825
4392 1525 587823.625338786 4469506.712340495
4453 1525 589043.0922702673 4469507.856067249
4514 1525 590263.2364032454 4469507.785126176
4575 1525 591484.2945508175 4469504.834519605
4636 1525 592703.5960828485 4469506.633261781
4697 1525 593923.4157376557 4469507.313486163
4758 1525 595143.5648144571 4469507.28630516
4819 1525 596363.687714403 4469504.847142211
4880 1525 597583.0809125856 4469507.924196535
4941 1525 598803.9507013652 4469508.051357982
5002 1525 600022.96060939 4469504.45781147
5124 1525 602464.1967274612 4469507.377694086
5185 1525 603682.9074399979 4469507.463059581
5246 1525 604903.4530298193 4469504.359147635
5368 1525 607342.0767751951 4469508.095706651
3050 1586 560983.546254976 4468286.41654861
3111 1586 562203.855457351 4468286.539556856
3172 1586 563423.6240459161 4468287.135078428
3233 1586 564644.2607455051 4468284.638080281
3294 1586 565862.3354956568 4468287.161910451
3416 1586 568303.5647456829 4468287.520056549
3538 1586 570743.8129620142 4468286.461968007
3599 1586 571962.9350301927 4468287.894647008
3660 1586 573183.7134955518 4468286.387709345
3721 1586 574403.6421901528 4468287.870993228
3965 1586 579283.1060056324 4468287.310177759
4209 1586 584162.238742295 4468287.932538769
4270 1586 585383.4565345689 4468284.480547084
4331 1586 586603.3770871656 4468287.498183648
4392 1586 587822.3365720783 4468287.065509988
4453 1586 589042.5573419576 4468287.296471736
4514 1586 590262.8038698868 4468288.160043773
4575 1586 591482.6804520007 4468288.368830191
4636 1586 592702.7139491208 4468287.611176756
4697 1586 593924.0944098881 4468287.802549461
4758 1586 595142.7016551604 4468288.1783939805
4819 1586 596362.0190839343 4468288.230052021
4880 1586 597584.383757201 4468285.449696518
4941 1586 598803.6958247204 4468288.2011689935
5002 1586 600023.5083662437 4468286.721632221
5063 1586 601242.2333132483 4468288.257215309
5124 1586 602462.6080669407 4468288.274585185
5185 1586 603682.9525375317 4468284.871874149
5246 1586 604903.0133267372 4468286.675489972
5307 1586 606124.2569737919 4468287.724970031
5368 1586 607342.6735642449 4468287.505492436
5429 1586 608563.0481483696 4468286.9355841
3050 1647 560983.7411391981 4467064.817728488
3111 1647 562202.9946306853 4467064.756212582
3172 1647 563423.5598441414 4467067.69336766
3294 1647 565862.2434339136 4467068.124243246
3355 1647 567082.812735409 4467066.217207625
3721 1647 574402.5591180953 4467068.115099777
3782 1647 575623.8442226909 4467067.6528469175
3904 1647 578061.9005056962 4467068.461720854
3965 1647 579282.7546405995 4467067.7221274655
4270 1647 585382.1443874652 4467068.256681942
4331 1647 586603.4574994624 4467067.216029348
4392 1647 587822.6477151016 4467064.979289173
4453 1647 589042.5203667202 4467064.29448054
4575 1647 591482.9368679782 4467067.293832143
4636 1647 592703.943610264 4467067.42302888
4697 1647 593923.8232078955 4467067.511718815
4758 1647 595142.4480389922 4467067.7416533055
4819 1647 596363.5914542838 4467067.807235109
4880 1647 597584.8657117449 4467067.232129975
4941 1647 598803.6173873362 4467067.04092008
5002 1647 600023.9295248623 4467067.363586258
5063 1647 601243.1839075628 4467067.844550974
5124 1647 602462.3217868309 4467067.922129111
5185 1647 603683.6687744354 4467067.479603113
5246 1647 604903.4933424161 4467067.468063782
5368 1647 607343.0753782875 4467067.422727666
3172 1708 563423.5199251454 4465844.943791227
3233 1708 564643.3606300802 4465847.4064136045
3477 1708 569523.2433235662 4465846.392506582
3599 1708 571963.4922611574 4465846.234304196
3660 1708 573184.2742826331 4465846.233062178
3721 1708 574401.8697336302 4465847.8789047515
3782 1708 575623.3132836667 4465844.802127593
3843 1708 576843.7294130162 4465847.890857431
3904 1708 578061.0327101222 4465846.664400828
3965 1708 579283.9023401327 4465844.823877897
4331 1708 586603.2719478272 4465847.300355053
4392 1708 587823.4988460187 4465848.127445664
4453 1708 589043.825720961 4465847.653197719
4514 1708 590263.1803588119 4465847.595114069
4575 1708 591483.8056223241 4465844.524998751
4697 1708 593923.8252557224 4465847.695341318
4758 1708 595142.3263467592 4465847.884336861
4819 1708 596362.6089965847 4465847.39925848
4880 1708 597582.9815807762 4465847.002905808
4941 1708 598801.8349267333 4465847.0503133135
5002 1708 600022.0891505966 4465846.814869193
5063 1708 601243.0033078361 4465847.168950053
5124 1708 602461.3600053592 4465847.412727121
5185 1708 603682.3789907948 4465848.294353241
5246 1708 604902.8855294853 4465846.656764255
5307 1708 606123.5083996851 4465847.297264263
5368 1708 607342.3550868379 4465847.042607664
5429 1708 608562.491084535 4465847.155906866
3111 1769 562204.0822831166 4464624.854660604
3172 1769 563423.1643470854 4464624.767070471
3233 1769 564643.6661184648 4464624.448028301
3355 1769 567082.2076806417 4464627.360481618
3416 1769 568303.5328001949 4464624.533953811
3660 1769 573183.8345404789 4464624.957121525
3843 1769 576843.3032174854 4464627.0267148
3904 1769 578062.111238802 4464628.225718089
3965 1769 579281.1619140168 4464626.984631556
4026 1769 580503.8893295617 4464627.406786196
4087 1769 581722.0481257491 4464627.760346745
4148 1769 582943.897258254 4464628.17557105
4209 1769 584162.8638113069 4464624.134176094
4392 1769 587823.4979622342 4464627.691942062
4453 1769 589044.8921856438 4464624.692907379
4514 1769 590262.3435262062 4464627.01717948
4575 1769 591483.556724577 4464627.3825733205
4636 1769 592703.5588589411 4464624.970906955
4697 1769 593923.8328048231 4464624.788218473
4758 1769 595143.4488256044 4464624.231703538
4819 1769 596363.9508447028 4464626.59634107
4880 1769 597584.1103457509 4464628.634428644
4941 1769 598801.7255647617 4464625.955816726
5124 1769 602462.8340334144 4464627.941476604
5185 1769 603683.9631420851 4464627.502531368
5246 1769 604901.9013584121 4464628.202768164
5307 1769 606123.735711707 4464627.766180075
5368 1769 607342.4283296101 4464627.903672465
3172 1830 563423.7729257019 4463406.089311219
3233 1830 564643.5870602375 4463405.690705534
3294 1830 565862.067319627 4463407.66675984
3355 1830 567084.3808239569 4463406.826846446
3416 1830 568304.0136453226 4463407.277266876
3477 1830 569523.4888540334 4463408.109843112
3538 1830 570742.4971692816 4463407.058357745
3721 1830 574403.8789010999 4463407.283900318
3904 1830 578062.245095436 4463408.918623166
3965 1830 579283.2714492417 4463407.080083379
4026 1830 580504.1560343928 4463407.9412432145
4087 1830 581723.2209336031 4463406.4344279375
4148 1830 582942.203898673 4463408.200542842
4209 1830 584162.961199468 4463408.043705046
4331 1830 586602.9078584939 4463404.671071808
4392 1830 587823.0798151516 4463404.869609342
4453 1830 589043.8529350709 4463408.020318246
4514 1830 590262.5299766273 4463408.424105454
4575 1830 591484.0456866054 4463406.65998115
4636 1830 592702.8545123431 4463407.904852262
4697 1830 593922.9733706678 4463407.756182263
4758 1830 595142.9945988243 4463407.872928879
4819 1830 596363.4631263928 4463404.744474805
4880 1830 597582.6712383165 4463406.876213169
4941 1830 598803.0357289496 4463406.929038226
5002 1830 600023.7821825459 4463408.520124748
5063 1830 601243.7233025962 4463407.002111752
5124 1830 602463.5418902859 4463407.859535724
5185 1830 603682.9750029678 4463407.037271078
5307 1830 606122.5610695619 4463407.260338601
5368 1830 607343.4481883305 4463408.3550145235
5429 1830 608562.6224019749 4463408.06127081
2928 1891 558543.1038983318 4462187.532215904
2989 1891 559764.1085512876 4462187.234139354
3050 1891 560983.7039010613 4462184.886905171
3111 1891 562202.5208158678 4462184.533503372
3172 1891 563422.2522507093 4462186.685808624
3233 1891 564642.411334234 4462188.448813406
3294 1891 565863.7139569828 4462187.482652367
3355 1891 567081.9123270039 4462186.168059705
3416 1891 568302.4247164873 4462187.223266902
3477 1891 569523.1118845831 4462187.46321398
3660 1891 573183.0608556308 4462188.203151584
4148 1891 582943.4725005447 4462184.90791816
4209 1891 584163.0621904389 4462186.830489755
4392 1891 587823.1189421157 4462188.000126506
4453 1891 589042.1966508029 4462184.05375999
4514 1891 590263.1858584264 4462187.517608179
4636 1891 592702.7399429486 4462187.218333386
4697 1891 593922.5961839261 4462187.626788525
4758 1891 595143.9110120542 4462187.096871364
4819 1891 596364.1745394742 4462187.203792942
4880 1891 597583.9410843687 4462186.592264244
4941 1891 598803.1751410925 4462187.856576387
5002 1891 600023.2895149793 4462187.729074802
5063 1891 601244.8296845604 4462187.246449459
5124 1891 602463.7420707655 4462187.610387742
5185 1891 603684.0465138344 4462187.796591826
5246 1891 604903.316952137 4462186.90489456
5307 1891 606122.8437253151 4462187.543678453
5368 1891 607343.6369235516 4462187.719591082
5429 1891 608563.2508452924 4462188.025105347
2867 1952 557324.4563727713 4460966.609663913
2928 1952 558544.3191460292 4460967.09146143
3050 1952 560983.6341936055 4460964.902905594
3111 1952 562203.6797926782 4460967.249978427
3233 1952 564642.4239331894 4460967.578311343
3294 1952 565862.1405776115 4460968.512644739
3355 1952 567083.1252037997 4460967.207544475
3416 1952 568303.271200473 4460966.711175696
3477 1952 569521.8950703451 4460967.595537931
3538 1952 570742.1001105587 4460967.940167063
3599 1952 571963.1969877232 4460966.701238218
3660 1952 573183.5108619928 4460964.787011327
3843 1952 576842.8955986586 4460967.524659065
4148 1952 582943.2389304851 4460967.04577069
4209 1952 584163.7847100478 4460967.154193945
4331 1952 586603.1356290162 4460964.8593298765
4392 1952 587823.3750692583 4460964.377301298
4453 1952 589043.939153324 4460967.164127144
4514 1952 590262.2339591663 4460964.068658758
4575 1952 591484.964841499 4460967.212400905
4636 1952 592703.769659288 4460964.34217538
4697 1952 593923.4436755074 4460964.810639859
4758 1952 595143.3349235409 4460967.4446678
4819 1952 596363.270811592 4460967.614514159
4880 1952 597582.9278068391 4460967.29895987
4941 1952 598803.8446454195 4460966.805435979
5002 1952 600022.7921289266 4460967.337621204
5063 1952 601243.1102860593 4460968.356463276
5124 1952 602463.2455729258 4460967.829406188
5185 1952 603683.9605416295 4460967.418465229
5246 1952 604902.7914600456 4460966.244497788
5307 1952 606123.8431843255 4460967.451037605
5368 1952 607343.2436816802 4460967.651938245
5429 1952 608562.6538468737 4460967.7243970595
2867 2013 557324.1950047209 4459746.404670734
2928 2013 558543.5474119 4459744.692202243
2989 2013 559763.4318442559 4459747.456120038
3233 2013 564644.3443623632 4459747.363507126
3294 2013 565863.739124224 4459744.871654241
3355 2013 567083.4454416902 4459747.207123741
3416 2013 568302.2125655828 4459747.060639306
3477 2013 569524.4776761547 4459746.845980004
3538 2013 570742.9729934752 4459746.765672166
3599 2013 571963.0987383013 4459746.177505438
3660 2013 573182.9206933866 4459746.647898761
3721 2013 574403.3015265841 4459747.109625472
3782 2013 575624.2836319131 4459746.650796074
3843 2013 576843.4347514787 4459746.615358366
3904 2013 578063.4152312594 4459744.886304298
4270 2013 585383.7945930785 4459747.173761463
4331 2013 586602.3283866302 4459747.56394269
4392 2013 587822.6314239462 4459747.910948418
4453 2013 589043.6427885785 4459744.899599065
4514 2013 590264.0972042102 4459747.049571443
4636 2013 592703.4612321873 4459743.5051380675
4697 2013 593923.4600825699 4459744.769279924
4819 2013 596363.6406678907 4459744.860529457
4880 2013 597584.9886543364 4459746.749582847
4941 2013 598802.4752800758 4459746.67384989
5002 2013 600023.5414969985 4459747.614749165
5063 2013 601243.0101030528 4459747.905272406
5246 2013 604904.0162242232 4459747.027565962
5368 2013 607342.817388657 4459747.740472955
5429 2013 608563.4061021067 4459748.191144125
5490 2013 609782.0035186086 4459747.374311523
2867 2074 557323.4540624518 4458527.359384399
2928 2074 558544.0020765483 4458527.796560793
3050 2074 560982.3353404477 4458526.379096212
3355 2074 567083.330430878 4458527.17313826
3416 2074 568301.4330157331 4458527.464425909
3477 2074 569522.0652909975 4458529.256643939
3538 2074 570743.1224383551 4458526.027071667
3599 2074 571963.294359742 4458526.598898859
3660 2074 573183.6251517138 4458527.938068893
3721 2074 574403.2235677118 4458527.076407266
3782 2074 575623.1088198001 4458524.372173637
3904 2074 578063.4206430345 4458526.9939732365
4087 2074 581723.0157144695 4458527.900193705
4392 2074 587824.1316943171 4458527.686414025
4453 2074 589043.1228904998 4458527.423330132
4514 2074 590262.1947610221 4458528.176904818
4575 2074 591483.1177521837 4458528.577395469
4697 2074 593923.1148449986 4458527.879321809
4758 2074 595143.7071592545 4458528.420766439
4880 2074 597584.1276039146 4458524.977818484
4941 2074 598803.479321437 4458527.727582661
5002 2074 600022.7668121341 4458528.6036445815
5063 2074 601243.3978420668 4458526.575491748
5124 2074 602463.1249417677 4458526.731587333
5185 2074 603682.1348430676 4458527.6206408385
5246 2074 604902.2635925212 4458527.664218049
5368 2074 607343.1706439282 4458524.499098208
2928 2135 558544.2447479707 4457306.892535224
2989 2135 559763.3005789071 4457304.810754145
3050 2135 560982.286727044 4457307.657223927
3111 2135 562202.2534349049 4457307.599273292
3294 2135 565863.5623021261 4457307.3811409725
3355 2135 567083.6406142963 4457306.375613026
3416 2135 568303.4223698359 4457304.797896621
3477 2135 569522.637105758 4457307.2309083175
3599 2135 571962.2807295593 4457307.4098050445
3660 2135 573183.5467469707 4457307.971831481
3904 2135 578063.5556326637 4457307.584860529
4026 2135 580503.5194919696 4457307.814195979
4087 2135 581723.2785054639 4457307.35913122
4148 2135 582942.2424821253 4457307.810158131
4209 2135 584162.985814909 4457304.796873431
4331 2135 586603.0894265804 4457304.733053419
4392 2135 587823.4044078375 4457304.479908569
4453 2135 589043.6859199391 4457307.7590146735
4514 2135 590263.4710321825 4457306.885535601
4636 2135 592702.7087745266 4457307.995934395
4697 2135 593922.9573993972 4457308.031764758
4758 2135 595143.4064317937 4457306.068096776
4819 2135 596362.9216240256 4457306.563599737
4880 2135 597582.7097446295 4457306.617704172
5002 2135 600022.7312519525 4457307.207014843
5063 2135 601243.0165909873 4457304.517246612
5124 2135 602464.4380352276 4457307.653518928
5185 2135 603683.0504521974 4457306.889008947
5246 2135 604902.925873724 4457307.526606949
2806 2196 556103.0652996165 4456084.843960564
2867 2196 557323.2136110036 4456087.60560409
2928 2196 558543.7802383394 4456086.151385318
2989 2196 559763.1920890217 4456087.395285311
3050 2196 560983.0030283396 4456086.530995326
3416 2196 568303.6792953894 4456084.869127629
3477 2196 569522.5639309778 4456086.426612009
3538 2196 570742.6020181268 4456084.526083019
3660 2196 573181.9209127246 4456087.118158893
3721 2196 574402.7773961811 4456087.409416602
3843 2196 576843.5956488478 4456086.537753856
3904 2196 578064.0714197505 4456086.663844735
3965 2196 579282.66231987 4456084.494506189
4026 2196 580503.1333708705 4456087.352481048
4087 2196 581722.1771414587 4456084.162384181
4148 2196 582943.6835519397 4456086.819444264
4209 2196 584162.9388064761 4456087.771774585
4270 2196 585383.3084270936 4456087.375000426
4331 2196 586603.9009520905 4456084.7721292
4392 2196 587823.8033144425 4456086.904158027
4453 2196 589044.1482312758 4456084.641629167
4514 2196 590263.57032504 4456087.622999174
4575 2196 591483.2832414627 4456084.731525357
4636 2196 592702.2522997268 4456088.314435667
4697 2196 593923.5719849679 4456086.732385392
4758 2196 595144.0290028425 4456084.410744018
4819 2196 596363.5944453372 4456084.6313188085
4941 2196 598804.8174510803 4456086.929488359
5063 2196 601242.9223184112 4456084.572164833
5124 2196 602464.0816322586 4456084.958876753
5185 2196 603682.9319209016 4456087.520266109
5246 2196 604903.2824326785 4456087.808733505
5307 2196 606123.1009624759 4456087.25265037
5368 2196 607343.0846889277 4456087.414860414
2989 2257 559763.3903745528 4454868.091113866
3294 2257 565863.8033288429 4454867.565838196
3355 2257 567082.6531044359 4454867.764889181
3538 2257 570742.603176234 4454868.0945685385
3599 2257 571961.6072165221 4454867.420606747
3721 2257 574403.1965910109 4454864.75632552
3782 2257 575624.1534477798 4454866.755278739
3843 2257 576841.6901972017 4454867.820162029
3904 2257 578063.371000967 4454867.535725193
3965 2257 579282.0390136656 4454866.967108928
4026 2257 580503.3033182435 4454867.775127715
4087 2257 581723.6121844996 4454864.797435463
4148 2257 582943.4397266706 4454867.3797638435
4209 2257 584163.3150895841 4454867.573019491
4270 2257 585383.4702847131 4454866.727733475
4331 2257 586602.8826735055 4454867.283501216
4392 2257 587821.7826855036 4454866.714241979
4453 2257 589042.2886906203 4454867.539195669
4514 2257 590261.6621423538 4454866.964787196
4636 2257 592702.5868480506 4454867.792513579
4697 2257 593922.8584422488 4454864.602916909
4758 2257 595142.8193833064 4454867.1604789635
4819 2257 596363.1628385568 4454864.542940806
4880 2257 597582.726342816 4454866.656941123
4941 2257 598803.6361930363 4454864.449753242
5002 2257 600023.8265027476 4454867.267629376
5063 2257 601243.0555769696 4454863.9185522515
5124 2257 602463.125689389 4454864.538655676
5185 2257 603682.7147088279 4454867.256832862
5246 2257 604901.9585232356 4454867.768157301
5368 2257 607342.955570708 4454866.825091793
2867 2318 557323.9876160449 4453648.71706656
2928 2318 558543.8229905433 4453644.822981796
2989 2318 559762.6677307356 4453644.663554405
3294 2318 565863.477521258 4453648.0827276725
3355 2318 567082.6215278478 4453647.785177158
3416 2318 568302.6250765333 4453647.546111428
3477 2318 569522.1250390909 4453647.513165338
3538 2318 570742.2206814033 4453647.205538815
3660 2318 573181.9776206464 4453648.663854432
3721 2318 574402.4290551542 4453647.280224712
3782 2318 575621.7022797151 4453646.850944621
3843 2318 576842.829020228 4453647.543264433
3904 2318 578063.3860303627 4453648.012520618
3965 2318 579281.2893282941 4453647.114892021
4026 2318 580501.5871741835 4453646.741621415
4087 2318 581723.0851596994 4453647.450850343
4148 2318 582942.7242668893 4453644.224544009
4209 2318 584163.3958467778 4453646.748013509
4270 2318 585383.2813219535 4453647.594473227
4331 2318 586602.7239181297 4453647.352601769
4392 2318 587823.296680956 4453647.331153439
4453 2318 589042.8676741663 4453647.570451864
4514 2318 590262.4835298553 4453646.512202436
4575 2318 591482.2347751101 4453648.441480743
4636 2318 592702.8643399773 4453644.590900334
4697 2318 593923.858483274 4453647.9355575275
4758 2318 595144.0065511058 4453647.233218164
4819 2318 596363.6177739572 4453644.9464845685
4880 2318 597581.868851865 4453647.503899267
4941 2318 598803.6324559305 4453647.485109898
5002 2318 600023.135233603 4453645.6830625925
5063 2318 601242.3390078876 4453647.798869583
5124 2318 602464.4273727231 4453647.501625776
5185 2318 603684.7956939053 4453646.349234931
5246 2318 604903.2506515938 4453647.191383427
5307 2318 606123.7891830053 4453646.663938728
5368 2318 607343.3770825749 4453647.108378176
5429 2318 608563.3459573088 4453647.607420568
2806 2379 556104.0399651909 4452427.771196537
2867 2379 557323.1154501562 4452427.994016161
2928 2379 558543.5433967856 4452427.136159486
3050 2379 560983.9000064073 4452427.546530923
3416 2379 568302.4451280888 4452427.454276898
3599 2379 571963.0052979875 4452424.685443306
3660 2379 573182.8036544556 4452427.918372861
3721 2379 574402.0638495279 4452426.9519203445
3782 2379 575622.2452098643 4452424.824029401
3843 2379 576843.0407383447 4452427.423428674
3904 2379 578063.6652583568 4452427.961618529
3965 2379 579282.6820248603 4452426.174041527
4026 2379 580503.5126671628 4452427.255373873
4209 2379 584163.317047774 4452427.36238248
4270 2379 585383.0625976255 4452426.545589217
4331 2379 586604.1371625541 4452426.540454286
4392 2379 587823.3866342588 4452426.997993989
4453 2379 589042.1891571012 4452427.813001741
4514 2379 590262.97836738 4452427.197273694
4575 2379 591483.5513977057 4452427.212968306
4697 2379 593924.0056266823 4452427.829611958
4758 2379 595144.5559806749 4452427.783810998
4819 2379 596362.5417337677 4452424.928896976
4880 2379 597583.824582356 4452424.744438247
4941 2379 598802.93594458 4452428.331201443
5002 2379 600023.217205174 4452424.874772671
5063 2379 601242.9857356889 4452424.97588083
5124 2379 602463.8111302684 4452424.61292464
5185 2379 603683.8567494507 4452426.930481092
5246 2379 604902.6806199495 4452426.698561905
5307 2379 606123.4313866235 4452426.36691907
5368 2379 607343.4291325586 4452427.033537809
5429 2379 608563.6463500233 4452427.932934186
2806 2440 556102.8920339255 4451208.020131677
2928 2440 558543.3555410228 4451205.36393001
2989 2440 559763.6690283476 4451207.165384824
3050 2440 560982.938089665 4451206.869429734
3538 2440 570743.6167907332 4451204.793542256
3599 2440 571962.3383531166 4451208.359544702
3660 2440 573184.1790283178 4451206.239383938
3721 2440 574403.6322880744 4451204.934772244
3782 2440 575621.7043633105 4451207.376705572
3843 2440 576842.8010258409 4451207.143867269
3965 2440 579283.8725779274 4451207.65306273
4026 2440 580502.915289188 4451207.243208071
4209 2440 584163.6574824145 4451207.496575306
4270 2440 585381.6831430163 4451207.5658128215
4331 2440 586603.4952660218 4451207.39197999
4392 2440 587823.4769475765 4451206.873216873
4514 2440 590264.0435078696 4451204.717125788
4575 2440 591483.87548879 4451204.403589067
4636 2440 592703.296292863 4451207.78561123
4697 2440 593923.1018060334 4451207.205943367
4758 2440 595142.8457582488 4451207.11403893
4880 2440 597584.0841544042 4451206.967826416
4941 2440 598802.0480359439 4451205.518484076
5002 2440 600023.2377754812 4451207.234119882
5063 2440 601243.9492258376 4451208.601963664
5185 2440 603682.750038639 4451208.610900504
5307 2440 606122.8517887506 4451207.068667964
5368 2440 607343.3502498356 4451207.9990998255
5429 2440 608562.6796937644 4451207.4967566915
5490 2440 609782.9914641702 4451204.831069317
2745 2501 554883.7605626222 4449987.680374635
2867 2501 557321.3124791324 4449986.583506316
2928 2501 558544.1211756556 4449984.896540717
2989 2501 559762.5636791316 4449987.390858542
3050 2501 560983.0442883992 4449987.153603082
3538 2501 570743.2858419067 4449984.717204457
3599 2501 571962.9549399896 4449987.375392745
3660 2501 573182.7220666939 4449988.152808467
3721 2501 574402.2035645783 4449986.811684409
3782 2501 575622.5094989024 4449987.129307827
3843 2501 576842.5427821894 4449987.621649905
3904 2501 578063.3613117482 4449984.833347291
4087 2501 581724.5354241651 4449987.1441679085
4148 2501 582943.2265778196 4449986.80477722
4209 2501 584162.296200116 4449987.120425484
4270 2501 585382.6475840318 4449988.35120199
4331 2501 586601.8665246593 4449987.43265506
4392 2501 587822.000009604 4449986.807977503
4453 2501 589044.2952397282 4449987.978938143
4514 2501 590263.3588671996 4449987.754566541
4575 2501 591483.398947973 4449988.798634255
4636 2501 592703.6205809666 4449987.397016374
4697 2501 593922.3821238452 4449987.2510576695
4758 2501 595144.0902811652 4449987.792712838
4819 2501 596362.9455656771 4449984.796875976
4941 2501 598802.4024957182 4449986.384123873
5002 2501 600021.0795379385 4449987.0018535
5063 2501 601242.0752162864 4449987.184135382
5124 2501 602462.6292213867 4449987.156248073
5185 2501 603682.7594810955 4449986.889738965
5246 2501 604902.6482198529 4449987.540254545
5307 2501 606122.9224253928 4449987.301075489
5368 2501 607342.618611079 4449986.975844823
2745 2562 554882.6977504324 4448766.469243958
2806 2562 556103.4481816707 4448766.826587556
2928 2562 558543.2551206425 4448766.456183385
2989 2562 559762.6918063567 4448767.912256756
3599 2562 571962.4343075205 4448767.753449047
3660 2562 573182.360067545 4448767.39534596
3721 2562 574402.6435963567 4448764.942253628
3904 2562 578063.8296507625 4448767.442509533
3965 2562 579284.1467409005 4448764.305559722
4087 2562 581722.2691293869 4448767.427076188
4148 2562 582942.7111917415 4448767.875394388
4209 2562 584162.9678054238 4448767.59423855
4270 2562 585383.1123631618 4448767.671832871
4331 2562 586603.3236942042 4448767.027231239
4392 2562 587823.6411344353 4448764.201553665
4453 2562 589042.3814985406 4448764.965665695
4514 2562 590262.9852337094 4448767.460949708
4575 2562 591482.7709722773 4448766.976422282
4636 2562 592701.5769677393 4448767.636600956
4758 2562 595143.0336248309 4448764.989866469
4880 2562 597582.6009156767 4448767.489201071
4941 2562 598802.9188146269 4448767.781950573
5002 2562 600023.9675089908 4448768.130787149
5063 2562 601242.464410669 4448766.465893092
5124 2562 602464.0099071024 4448766.987192946
5185 2562 603683.2224053043 4448767.079900713
5246 2562 604902.7223556763 4448767.542751597
5307 2562 606121.7269611446 4448767.427562026
5368 2562 607343.3511501558 4448767.282843589
5429 2562 608563.1382970621 4448767.411317084
2867 2623 557323.7166819193 4447545.812454358
2928 2623 558543.006545857 4447547.937657869
2989 2623 559762.4703964754 4447547.308569539
3050 2623 560982.8681750584 4447547.573387565
3599 2623 571962.1315032365 4447544.666318704
3660 2623 573182.5020626804 4447548.038521348
4087 2623 581722.916624458 4447544.305175832
4148 2623 582942.6608313938 4447548.798878192
4209 2623 584163.7718237858 4447548.297161373
4392 2623 587821.4797834824 4447546.631299805
4453 2623 589041.8056057552 4447544.833634476
4636 2623 592703.1492883498 4447547.71869332
4697 2623 593922.0279925199 4447548.229938551
4758 2623 595143.1059364183 4447546.383490983
4880 2623 597584.0752738703 4447544.700133324
4941 2623 598803.6524201564 4447544.878775401
5002 2623 600023.5142118941 4447544.763926013
5063 2623 601244.3664783766 4447546.24947966
5185 2623 603682.5922931983 4447548.148581112
5246 2623 604902.8706579313 4447548.502918255
5307 2623 606122.4493523953 4447547.252083118
5368 2623 607343.643805211 4447547.474150696
5429 2623 608563.3123504985 4447547.876659471
2806 2684 556102.5167413346 4446324.923087482
2928 2684 558542.9955657918 4446326.9170930935
3660 2684 573183.255043002 4446326.817215365
4148 2684 582943.4232884122 4446327.171994394
4209 2684 584163.6021019119 4446327.274838967
4636 2684 592703.7863958214 4446328.166258218
4697 2684 593923.3759545782 4446324.895375088
4758 2684 595143.8232523546 4446325.313087514
4819 2684 596362.4793538498 4446326.038470715
4880 2684 597582.2823626801 4446324.89749763
4941 2684 598803.5830754841 4446324.439998528
5002 2684 600023.638070361 4446326.8995625675
5063 2684 601243.3697823947 4446324.963459154
5124 2684 602462.002844458 4446328.2143333955
5185 2684 603683.9600684696 4446324.880829776
5246 2684 604903.4467074138 4446326.268460197
5307 2684 606122.896000343 4446327.1538770925
5368 2684 607343.2162148447 4446327.626056085
5429 2684 608562.6795173276 4446324.984547914
2806 2745 556102.9280980792 4445106.6427537305
2928 2745 558542.5014204322 4445107.452564343
3660 2745 573181.8063677227 4445106.837889233
4392 2745 587823.3609122452 4445107.420315315
4453 2745 589043.0506525903 4445107.814655911
4514 2745 590263.341255002 4445106.84309603
4575 2745 591481.8193043058 4445107.113956802
4636 2745 592702.51292655 4445106.339519154
4697 2745 593922.9997910592 4445104.668437338
4758 2745 595142.5236617491 4445105.915374301
4880 2745 597583.3462008749 4445107.670313581
4941 2745 598802.3055951677 4445107.42140641
5002 2745 600022.361854793 4445107.150667525
5063 2745 601243.6129123326 4445106.608821876
5124 2745 602464.4447754659 4445107.768268062
5185 2745 603682.8315550577 4445107.320044206
5246 2745 604902.4284393797 4445107.781895447
5307 2745 606122.8423728041 4445108.184320269
5368 2745 607342.960536667 4445107.073632098
5429 2745 608563.506477484 4445107.557205298
3660 2806 573183.0829228166 4443884.942605017
4331 2806 586603.9836312338 4443887.284279353
4392 2806 587822.9092319224 4443888.685320093
4453 2806 589043.6120240573 4443886.339039487
4575 2806 591484.342576931 4443887.230569986
4636 2806 592704.518000779 4443887.272422459
4697 2806 593923.5796290311 4443887.019081747
4819 2806 596361.7438713051 4443884.712682997
5002 2806 600022.4163459174 4443886.414505159
5063 2806 601243.3596283807 4443887.640215618
5124 2806 602463.8604073018 4443886.8516643625
5185 2806 603682.1744891291 4443887.322004134
5246 2806 604902.7278793191 4443887.981827202
5307 2806 606122.8042432488 4443887.770688866
5368 2806 607342.9445701332 4443884.810682625
5429 2806 608562.616415435 4443887.628546814
3965 2867 579282.8885433227 4442664.769647248
4331 2867 586603.1341593405 4442667.292496564
4392 2867 587822.1001629182 4442667.940948765
4453 2867 589042.251822969 4442663.996775858
4514 2867 590263.3720470326 4442668.433297384
4575 2867 591483.3599311862 4442667.428138993
4636 2867 592704.1390968858 4442664.878132195
4880 2867 597583.7365038493 4442664.96574952
4941 2867 598803.2053953736 4442666.362707228
5002 2867 600022.577400137 4442666.890693909
5063 2867 601242.7662761356 4442667.238798508
5124 2867 602463.5363013651 4442664.244172257
5185 2867 603683.0329315121 4442664.350380957
5246 2867 604902.7568535124 4442667.034010597
5307 2867 606123.3034296697 4442667.221893874
5368 2867 607343.0307102753 4442666.844117579
5429 2867 608562.4686691827 4442667.759795679
2745 2928 554883.7167790742 4441446.939439131
3172 2928 563423.3579975903 4441447.338524413
3233 2928 564641.8299166914 4441449.437155809
3965 2928 579282.2558650356 4441448.14602757
4270 2928 585382.7153754595 4441444.151467061
4331 2928 586602.6911877152 4441444.040320874
4453 2928 589042.4663323143 4441447.993062888
4514 2928 590263.8385813308 4441447.698869799
4697 2928 593923.474350618 4441447.05811614
4880 2928 597582.8372887463 4441446.2906889515
4941 2928 598803.7208514445 4441446.585041991
5002 2928 600022.6225653518 4441444.813892759
5063 2928 601243.2731684621 4441447.949736606
5124 2928 602464.2266605038 4441447.304817537
5185 2928 603683.7800103319 4441446.962066015
5246 2928 604902.4115664791 4441448.04873004
5307 2928 606122.7277162734 4441447.278086807
5368 2928 607342.7040029278 4441447.28477415
3111 2989 562203.5540902314 4440228.989652216
3172 2989 563422.5897383227 4440228.199038574
3904 2989 578062.4876175456 4440224.672851573
3965 2989 579282.9322596289 4440224.36491927
4270 2989 585383.534942497 4440226.286016964
4331 2989 586603.4807256312 4440227.542439873
4392 2989 587822.0299448345 4440226.653221658
4575 2989 591481.4435856172 4440228.356469176
4636 2989 592704.2595162323 4440227.3592398735
4758 2989 595142.9684770538 4440224.709728003
4819 2989 596362.676722496 4440227.250895031
4880 2989 597582.5394205614 4440224.464053317
4941 2989 598802.3843776966 4440224.938313936
5002 2989 600021.8344368625 4440227.839745431
5063 2989 601242.8570905905 4440227.414543597
5185 2989 603682.4331004962 4440227.5770916995
5246 2989 604903.0663663398 4440227.354226246
5429 2989 608562.5948173543 4440227.40565204
5490 2989 609786.1992017075 4440227.057091579
3050 3050 560984.02102906 4439004.876080368
3111 3050 562202.5223055598 4439008.639041255
3172 3050 563422.7848859613 4439007.465410968
3233 3050 564643.3731936038 4439006.9485974
3904 3050 578063.4679350962 4439004.42628403
3965 3050 579284.0545331 4439006.761463639
4026 3050 580502.0117871469 4439004.82877909
4209 3050 584163.1731456702 4439006.378643379
4270 3050 585382.7049444183 4439007.946848423
4331 3050 586602.9497597277 4439007.371123311
4392 3050 587822.3746274214 4439007.713495892
4453 3050 589043.273627734 4439006.737068364
4514 3050 590264.3188552135 4439007.2626667395
4575 3050 591483.5436678298 4439008.0101099275
4636 3050 592702.2379593258 4439008.015399465
4697 3050 593923.3064106223 4439007.64235095
4758 3050 595143.1646505822 4439008.103795986
4819 3050 596362.9597863572 4439006.931653763
4880 3050 597583.0278254503 4439006.686124237
4941 3050 598803.7047503511 4439004.879422238
5002 3050 600022.6177220519 4439006.993273254
5063 3050 601242.8030692124 4439007.408085432
5307 3050 606121.8573555877 4439007.086200483
5368 3050 607342.4207077398 4439004.372577394
5429 3050 608564.8436796345 4439006.609153999
2989 3111 559764.2514328079 4437787.097525692
3050 3111 560984.3104541211 4437786.636888122
3111 3111 562203.0845010236 4437787.466086785
3172 3111 563422.3631512005 4437787.592796637
3233 3111 564643.9081973117 4437786.991157301
3294 3111 565863.2547385076 4437786.521496878
3599 3111 571962.4067618997 4437787.946629954
3660 3111 573183.3761186295 4437784.9976078225
3782 3111 575623.9152984181 4437787.957944581
4026 3111 580503.3440191166 4437787.372740043
4087 3111 581723.3384177272 4437783.812180594
4148 3111 582943.8937147907 4437787.799334456
4331 3111 586604.2941188315 4437787.161392962
4392 3111 587822.7616540005 4437787.023944857
4453 3111 589044.3171618364 4437786.563913546
4514 3111 590264.0734910208 4437784.919831701
4575 3111 591483.8528575407 4437787.955949679
4636 3111 592703.1296245388 4437787.236232597
4697 3111 593923.6398030736 4437786.41135645
4758 3111 595144.0845767832 4437787.314900952
4819 3111 596362.8207469285 4437787.036885018
5002 3111 600022.7319212791 4437787.156357897
5124 3111 602462.5285696699 4437787.3440394355
5185 3111 603683.9481890062 4437784.843275874
5246 3111 604903.1446789119 4437788.5389962895
5307 3111 606123.9800804098 4437787.6279564295
5429 3111 608564.7148188497 4437787.004193949
2623 3172 552444.100902135 4436567.075589356
3111 3172 562202.2974464132 4436564.917798691
3172 3172 563422.9615768455 4436568.005800389
3233 3172 564643.747785667 4436567.538877633
3294 3172 565863.6968829083 4436569.008735877
3355 3172 567082.8641032812 4436567.478069904
3416 3172 568302.0679882952 4436566.740185215
3477 3172 569523.0573287772 4436566.895201248
3538 3172 570742.6938226097 4436567.582084655
3599 3172 571962.752642182 4436567.622018845
3965 3172 579283.68216645 4436569.537535784
4026 3172 580502.8962533305 4436568.819159526
4087 3172 581724.169054897 4436566.30494151
4148 3172 582943.8755969463 4436564.920597822
4270 3172 585382.6074206152 4436567.147125331
4331 3172 586604.0916343068 4436564.426029755
4392 3172 587823.4771469985 4436567.981629379
4453 3172 589043.4538397614 4436567.230995705
4575 3172 591482.6082182324 4436568.186131662
4636 3172 592702.0199659672 4436567.139105783
4697 3172 593924.0934897625 4436567.548501335
4758 3172 595141.9504199355 4436567.052642067
4819 3172 596363.6209102855 4436567.077975391
4880 3172 597582.1932406321 4436567.6698934855
4941 3172 598803.4287926408 4436567.410145219
5002 3172 600022.9015821355 4436567.614439822
5063 3172 601243.6510164709 4436564.320434216
5124 3172 602463.1562152829 4436566.908483121
5185 3172 603682.9155584235 4436567.958242953
5246 3172 604902.912681415 4436567.238235504
5307 3172 606123.54615988 4436564.9475012
5429 3172 608563.2235554632 4436567.527122581
3172 3233 563423.3445401706 4435345.749816946
3233 3233 564642.1131143272 4435348.332221328
3294 3233 565863.4525775018 4435344.753506328
3416 3233 568304.4629611725 4435348.00588675
3477 3233 569521.8434644623 4435348.051149523
3599 3233 571963.7461723615 4435345.999593092
3904 3233 578062.5709430196 4435344.731592202
4209 3233 584162.2276882527 4435345.963766552
4270 3233 585382.4323090205 4435344.6185113955
4331 3233 586603.3038494331 4435345.738840892
4392 3233 587821.6509220137 4435346.500967648
4514 3233 590263.5828658561 4435347.594781624
4575 3233 591482.6869539513 4435347.062778148
4636 3233 592703.3523202443 4435345.6351378225
4697 3233 593922.1470783288 4435344.883544368
4758 3233 595142.8055009795 4435343.6466165045
4819 3233 596361.2892851555 4435347.506503206
4941 3233 598802.934579072 4435347.627549208
5002 3233 600022.1321894325 4435347.132328419
5063 3233 601243.0342356276 4435344.958933216
5124 3233 602463.4937525515 4435347.76137124
5246 3233 604902.8463483225 4435343.521725449
5307 3233 606123.4091949437 4435347.587891253
5368 3233 607342.6907600719 4435347.392334972
5429 3233 608564.3237752127 4435344.680846064
3233 3294 564643.013361059 4434126.275615267
3294 3294 565863.2133920845 4434124.724371985
3477 3294 569523.3074865344 4434127.92865993
3599 3294 571963.585284133 4434128.350045669
4087 3294 581723.2163202446 4434126.225833931
4148 3294 582943.0092506313 4434124.326583666
4209 3294 584162.7690739086 4434127.8663617745
4270 3294 585383.9756982119 4434126.379437726
4392 3294 587823.6355825374 4434124.122608417
4819 3294 596361.5697771597 4434126.339542649
4880 3294 597582.8060158612 4434124.987708527
4941 3294 598802.3175571223 4434126.3489998095
5002 3294 600024.0209629841 4434124.665370695
5063 3294 601242.563390424 4434127.381964204
5124 3294 602463.0828634632 4434127.392103175
5185 3294 603683.5094453264 4434124.809439876
5246 3294 604903.7535866423 4434126.833832277
5307 3294 606123.104372698 4434127.031864608
5368 3294 607343.2442385468 4434127.359431992
5429 3294 608564.0067275951 4434125.540792147
3233 3355 564643.0115361752 4432907.262551056
3294 3355 565862.4278498379 4432907.06616772
3477 3355 569522.8752879612 4432907.89818248
3599 3355 571961.9370737831 4432908.359792716
3660 3355 573183.1991324297 4432907.048975703
3721 3355 574403.5215551767 4432908.011160266
3782 3355 575623.8262568592 4432907.026615636
4087 3355 581722.6503576813 4432904.873646578
4148 3355 582943.3913610779 4432906.52495735
4209 3355 584163.3386273952 4432904.490715396
4270 3355 585383.8120214072 4432905.9638636615
4453 3355 589042.3782415348 4432904.734320598
4514 3355 590261.8865265712 4432904.336885624
4819 3355 596361.7162854896 4432904.943268281
4941 3355 598802.4770521024 4432904.167963166
5002 3355 600022.7083739026 4432904.610506718
5063 3355 601243.3819136417 4432903.998557421
5185 3355 603682.9354890266 4432906.7338900985
5246 3355 604903.5740623535 4432904.848274591
5307 3355 606122.4629547137 4432906.580751723
5368 3355 607343.3368341379 4432907.116004922
5429 3355 608562.825850153 4432907.162083868
3233 3416 564641.9431343153 4431687.527168327
3355 3416 567081.4280748119 4431687.574382194
3477 3416 569522.6769302719 4431687.225481486
3660 3416 573182.5814540025 4431687.8108899435
3721 3416 574404.0161777108 4431684.882499758
4148 3416 582944.0318111973 4431686.33994903
4209 3416 584163.9354619083 4431687.095746191
4270 3416 585382.7302382758 4431684.967423762
4331 3416 586603.468663654 4431686.415000455
4392 3416 587822.1057882684 4431686.087488177
4453 3416 589044.6274457729 4431686.226789823
4575 3416 591483.1905611311 4431685.55902335
4758 3416 595143.1603483814 4431685.170911883
4819 3416 596362.6394247464 4431684.940502455
4880 3416 597583.0091826632 4431687.649040897
4941 3416 598803.8550650259 4431686.44479155
5002 3416 600023.9894399411 4431684.659662214
5124 3416 602462.5395760827 4431684.225222208
5246 3416 604903.0723194943 4431684.75856858
5307 3416 606122.5107437749 4431684.784028441
5368 3416 607342.3899758037 4431688.038492677
5429 3416 608562.8695675863 4431687.335994652
3355 3477 567083.080976428 4430467.318787792
3538 3477 570742.9738942389 4430467.1184387645
3721 3477 574402.5374837469 4430464.31771124
4148 3477 582943.1031645047 4430467.702348044
4209 3477 584161.4909183484 4430467.297427387
4270 3477 585382.842441909 4430466.83168714
4331 3477 586603.6300944383 4430466.088380874
4392 3477 587822.1674133718 4430468.407621785
4453 3477 589042.7137896039 4430466.865848811
4697 3477 593922.045469946 4430464.078983848
4758 3477 595142.0478713152 4430467.1325366795
4819 3477 596363.161274837 4430466.365167488
4880 3477 597583.0042446465 4430466.93621147
4941 3477 598803.0881181885 4430468.138116603
5063 3477 601242.8542824246 4430466.344221852
5124 3477 602463.3884225164 4430467.187848482
5246 3477 604901.8442107809 4430467.836691623
5307 3477 606122.3438229158 4430466.903871229
5368 3477 607342.7194823567 4430466.914127644
5429 3477 608563.3074757034 4430466.853071832
3355 3538 567082.5812451926 4429247.22748583
3477 3538 569523.1856044771 4429246.48653279
3538 3538 570743.1509415596 4429244.299667349
3599 3538 571963.1933534936 4429248.499735764
3660 3538 573181.2732255148 4429248.246916021
4148 3538 582943.88884168 4429247.057664622
4209 3538 584163.6475458827 4429244.814459009
4270 3538 585383.1811792029 4429247.93180346
4331 3538 586602.797706966 4429244.855379585
4392 3538 587822.9652496496 4429248.531480808
4453 3538 589042.9708530894 4429244.951168283
4514 3538 590262.1277703536 4429247.312106304
4575 3538 591484.782597668 4429245.7927019885
4697 3538 593924.3610995173 4429247.363662207
4819 3538 596362.9919874704 4429244.944832066
4880 3538 597583.3662264234 4429247.618838276
4941 3538 598802.6597505675 4429246.586689434
5002 3538 600023.0359184938 4429247.764655066
5063 3538 601243.6762500776 4429246.4216131065
5124 3538 602461.5111519617 4429244.157554864
5246 3538 604902.080845623 4429244.628420562
5307 3538 606122.9391849111 4429247.183608815
5368 3538 607342.646435388 4429247.13073817
5429 3538 608562.8159824972 4429247.782836052
3477 3599 569522.7766968103 4428027.544423752
3538 3599 570743.6434496961 4428027.3699648185
3599 3599 571962.7674686832 4428024.764990229
4087 3599 581724.2639126847 4428024.806347161
4148 3599 582944.4812806601 4428024.570375303
4270 3599 585384.4572964518 4428027.696082357
4392 3599 587824.5545997478 4428024.249226958
4453 3599 589044.2410946777 4428024.8535854425
4697 3599 593924.827100698 4428026.913655297
4758 3599 595144.2176518394 4428027.339524609
4819 3599 596363.81444426 4428027.4812420765
4880 3599 597584.8676976884 4428024.435440805
4941 3599 598803.7994176194 4428024.848168886
5002 3599 600023.0675366747 4428027.652648212
5185 3599 603683.6711931834 4428023.981495058
5246 3599 604903.3408235752 4428024.187611499
5368 3599 607343.3538489946 4428027.172140049
5429 3599 608564.023295402 4428024.915629545
3477 3660 569524.2743399099 4426806.977321462
3721 3660 574401.5029037731 4426808.294642925
4026 3660 580504.3278255519 4426807.208258654
4209 3660 584164.1700005219 4426804.204191971
4331 3660 586604.2189733286 4426808.229393049
4392 3660 587823.111789583 4426803.881314824
4514 3660 590265.6287899788 4426804.811499772
4575 3660 591484.109229771 4426807.287395823
4636 3660 592703.4489857226 4426804.6186989155
4697 3660 593923.3440288788 4426806.629015184
4758 3660 595144.0175996908 4426806.861323273
4819 3660 596364.5119125771 4426804.935856942
4880 3660 597584.1363265049 4426808.005505992
4941 3660 598802.2915646265 4426806.973682258
5002 3660 600025.1235481387 4426807.461864459
5246 3660 604904.101099988 4426803.524946749
3782 3721 575623.9733466782 4425584.716053147
3904 3721 578063.0665161005 4425584.743974043
3965 3721 579283.7146061811 4425586.385192942
4026 3721 580504.4746241819 4425584.766609266
4087 3721 581724.6381215279 4425588.698122266
4148 3721 582944.5275130767 4425584.996863868
4331 3721 586604.5681041768 4425584.526055874
4453 3721 589043.2981024091 4425584.192862865
4514 3721 590263.7594507318 4425584.03301506
4575 3721 591484.0157690775 4425587.275297504
4636 3721 592706.2180810382 4425586.913143419
4697 3721 593925.9225906276 4425587.686635458
4758 3721 595143.6689976978 4425583.633435905
4819 3721 596363.5745971963 4425584.116213293
5002 3721 600024.2992767924 4425587.049035191
5246 3721 604904.4805165417 4425583.848842674
3721 3782 574403.9040731934 4424366.994579891
3782 3782 575624.6993865867 4424364.395034765
3843 3782 576843.5457500634 4424364.6742744595
3904 3782 578064.0158461176 4424368.691836322
4270 3782 585384.2750008737 4424366.9956333265
4392 3782 587823.8535355132 4424366.343396136
4453 3782 589045.415317807 4424368.63817247
4514 3782 590262.5164880782 4424367.142036545
4575 3782 591483.1098612745 4424364.775564385
4636 3782 592704.6801113363 4424367.234807761
4697 3782 593923.5842555377 4424367.064461251
4819 3782 596364.1251996892 4424367.8086167
5246 3782 604904.4191209141 4424363.511736516
5307 3782 606123.6437428375 4424363.704312986
5429 3782 608566.0456755697 4424364.0889695715
5490 3782 609782.5226200141 4424363.817883673
3843 3843 576844.6691119652 4423146.790464215
3904 3843 578064.4132059105 4423144.859605368
4087 3843 581722.7059648384 4423146.5406491
4209 3843 584164.0783485047 4423144.082010249
4331 3843 586606.0396701426 4423144.921137595
4392 3843 587824.2885324787 4423144.393712919
4453 3843 589046.0033349984 4423147.707250281
4575 3843 591484.8581283828 4423144.339308664
4636 3843 592704.1251241912 4423144.851946538
4697 3843 593923.8399785403 4423144.910362289
4758 3843 595144.4661248348 4423146.530969306
4819 3843 596363.5106564898 4423144.834132633
5429 3843 608563.6536982474 4423144.597607144
5490 3843 609784.1271068538 4423143.02203081
3904 3904 578064.3130422377 4421924.769069986
4209 3904 584165.6983207744 4421928.469277088
4514 3904 590263.7037272473 4421925.984313897
4575 3904 591484.2932455007 4421927.914889645
4636 3904 592702.9697044953 4421928.541182283
4758 3904 595143.6083170437 4421924.833334242
4819 3904 596363.4482098676 4421925.831110176
3904 3965 578063.9860106937 4420704.698124821
3965 3965 579283.9394923456 4420704.688194295
4087 3965 581723.519418794 4420706.152189954
4209 3965 584164.254472693 4420704.449119044
4453 3965 589043.2664307787 4420703.624165904
3904 4026 578063.8087319336 4419486.94266225
3965 4026 579284.8593467918 4419484.73424005
4331 4026 586604.4625231938 4419486.763045375
4392 4026 587824.2184735518 4419489.2672978295
3904 4087 578064.2290820243 4418268.896908719
4026 4087 580504.6172833547 4418267.857722691
4087 4087 581726.0704064723 4418267.498661066
4209 4087 584163.8871176343 4418264.597075002
4331 4087 586603.1649796977 4418264.9266341925
4392 4087 587824.3880768653 4418264.14540181
4453 4087 589044.1276030203 4418264.864815545
3904 4148 578064.0740359981 4417044.107882522
4209 4148 584164.6208857174 4417046.510698186
4270 4148 585383.2961011091 4417046.697762935
4331 4148 586604.2609173367 4417047.351830634
3843 4209 576844.355167967 4415824.899603146
3904 4209 578064.1104388523 4415827.324033714
4026 4209 580504.032011206 4415828.101514108
3904 4270 578063.390941274 4414607.542897953
3965 4270 579284.3168462575 4414607.012840969
4026 4270 580502.7878797837 4414607.625047544
4087 4270 581726.5235231682 4414607.369383655
3782 4331 575623.7665434694 4413384.785025897
4026 4331 580506.5553717233 4413386.665190849
4087 4331 581723.660014615 4413387.700587826
4148 4331 582944.4233750376 4413387.583080163
3782 4392 575626.1204678733 4412167.8186154
3843 4392 576842.5803658362 4412169.410113288
3904 4392 578064.0012627512 4412167.973694386
3965 4392 579282.8586122792 4412168.43608841
4026 4392 580504.3466381454 4412166.963801604
3721 4453 574404.2261348714 4410947.700232562
3843 4453 576844.3957659676 4410944.740167456
4026 4453 580503.5579409892 4410944.335887503
4148 4453 582944.381241305 4410946.881738249
4331 4453 586603.6716200248 4410944.062574572
3782 4514 575625.852663208 4409727.186827464
3965 4514 579284.4616797748 4409727.054435555
4026 4514 580504.2405164351 4409724.923718373
4331 4514 586603.8601875489 4409724.759120486
3965 4575 579283.7790279291 4408503.921826111
4148 4575 582944.6179011173 4408504.534717039
4331 4575 586603.8404485551 4408504.303618192
3965 4636 579284.3962510768 4407287.665134816
4148 4636 582944.7887616634 4407284.534674605
4209 4636 584163.5643593855 4407284.677567862
3904 4758 578064.0811977597 4404844.6723732455
3904 4819 578064.2762495714 4403628.558182408
3965 4880 579284.1344569398 4402404.767358083
3965 4941 579283.2377032526 4401188.070722198
4026 4941 580504.0233685584 4401187.52480772
3843 5002 576844.7109338439 4399967.08835345
3904 5002 578064.1000654341 4399968.317521461
4087 5002 581724.6876998064 4399967.252513143
4148 5002 582943.5347186304 4399964.239482257
3965 5063 579283.6752316206 4398744.241751087
