6100 0 460961.29068624537 5100011.996907447
6100 122 460957.6909242827 5098795.780896179
6222 122 462187.02054372866 5098796.587479586
6832 122 468282.0990129931 5098798.22806741
7564 122 475604.4532730754 5098796.251413206
4148 244 441442.83514103293 5097571.945338665
4270 244 442667.90034518356 5097568.932775116
5002 244 449984.3651023216 5097572.580169958
5490 244 454868.48811975925 5097570.668422121
5978 244 459741.51846890466 5097573.3951944485
6100 244 460966.45539789833 5097573.1746478565
6588 244 465852.39895572746 5097574.164353265
7320 244 473162.26652380516 5097573.150397235
7564 244 475603.5628178887 5097573.940136277
7686 244 476824.2067150699 5097576.516439012
4270 366 442662.4390509007 5096347.519274381
4514 366 445102.1070671827 5096354.050008124
5978 366 459746.4839379395 5096353.020131828
6710 366 467066.0906509877 5096357.6038095
7442 366 474386.8229263405 5096355.35371227
3538 488 435337.4952776856 5095123.630963389
4026 488 440222.82636467996 5095131.928484304
4270 488 442664.3370075377 5095133.016176491
4514 488 445100.29579671787 5095130.043067335
4636 488 446325.5579724085 5095131.614123133
4758 488 447538.5634739453 5095133.583598718
5124 488 451204.8547994642 5095133.165190484
5856 488 458516.4969914011 5095135.1740795
5978 488 459742.5452337402 5095136.824575374
3782 610 437785.049912486 5093911.78163506
3904 610 439002.1857843913 5093913.04598619
4148 610 441442.00629080564 5093912.649483676
4270 610 442663.71793033025 5093914.776688728
5002 610 449977.566142888 5093904.913483248
5124 610 451203.44743726804 5093912.491839695
5246 610 452424.71498729853 5093914.654875325
5734 610 457304.07675927784 5093913.707055314
5856 610 458526.29870731756 5093909.654219727
6222 610 462183.2946727343 5093912.757592596
6344 610 463407.3432456397 5093913.067231187
6710 610 467064.1955775468 5093915.446763966
6832 610 468282.5303055295 5093917.728927149
3294 732 432897.2231274272 5092684.129920448
3416 732 434121.8620486734 5092684.809800339
5490 732 454864.17977699736 5092687.6486770045
5612 732 456077.18256897485 5092693.473432411
5734 732 457302.0893933835 5092697.521439011
6100 732 460956.77002395014 5092693.127719316
6466 732 464624.7980563757 5092696.616071844
6954 732 469503.543234858 5092697.660126441
7076 732 470725.68633803865 5092702.743402197
7198 732 471946.6978434706 5092693.310763506
3416 854 434122.35085286724 5091464.856703868
5002 854 449984.4712829122 5091471.107395592
5612 854 456082.1143668552 5091474.256752542
6100 854 460962.26205547503 5091474.31429469
6344 854 463404.2282767467 5091473.164130978
6588 854 465844.8675806376 5091473.41538569
6954 854 469504.54710362153 5091474.050301222
5246 976 452423.6144354852 5090252.260141887
5490 976 454861.8847197806 5090250.860277599
6100 976 460966.08032874233 5090252.434971893
5978 1098 459742.34158382687 5089035.992602484
6100 1098 460965.95043276704 5089033.3939352045
6222 1098 462184.5658761719 5089032.930317197
6466 1098 464630.11574762146 5089029.921702665
6588 1098 465844.79638713883 5089036.717377125
6832 1098 468282.62533590384 5089033.916052817
5490 1220 454856.46282964444 5087814.042915122
6100 1220 460959.2939138351 5087810.742549257
6466 1220 464623.2112395518 5087816.178655374
6710 1220 467063.43183083576 5087816.211326322
6832 1220 468283.8288704982 5087813.359418094
5612 1342 456082.3947630721 5086593.043680991
6588 1342 465841.7031588735 5086601.259793418
4880 1464 448766.8880186156 5085373.089750584
5734 1464 457302.93984729145 5085366.97742301
5856 1464 458516.01135571854 5085373.618469098
4758 1586 447546.4870587015 5084151.667354938
5124 1586 451201.88299279456 5084153.728654306
5246 1586 452421.7027343843 5084152.828674637
5612 1586 456083.9746537787 5084153.754554919
5002 1708 449983.88437475776 5082933.004229413
5612 1708 456082.9053980982 5082933.118755991
5856 1708 458523.04428859666 5082935.366503798
4880 1830 448756.67662024254 5081713.239995189
5002 1830 449987.7619691188 5081712.057573543
5246 1830 452422.5790832682 5081712.71697155
5368 1830 453644.42909959273 5081713.183836634
6100 1830 460965.57279206323 5081714.873661442
6222 1830 462179.6356481946 5081715.106910106
4758 1952 447542.2518726198 5080492.915912594
5490 1952 454863.05431703234 5080493.457035299
5612 1952 456081.4625273244 5080492.670975482
6222 1952 462183.989059787 5080497.230569722
5246 2074 452418.24764275126 5079272.1106456
5734 2074 457296.9388514946 5079276.045969482
6588 2074 465843.38356380165 5079273.8218512
5612 2196 456082.82524536987 5078052.690654971
6588 2196 465843.1484265496 5078053.567711583
6344 2318 463402.25636405277 5076835.961873856
4758 2440 447541.18210515584 5075615.302437278
6344 2440 463405.3826241094 5075613.3442853885
5734 2562 457303.37861514394 5074395.101097293
6344 2562 463407.46590673644 5074393.401299749
6588 2562 465844.95297859464 5074392.87204209
4514 2684 445097.55082775065 5073172.996680826
4758 2684 447538.43918076 5073173.747762423
5490 2684 454862.0974501997 5073172.636853447
5612 2684 456081.6931836674 5073174.06077286
4758 2806 447544.0354925525 5071955.741212126
5002 2806 449984.5949910043 5071954.448141169
5124 2806 451202.28930933203 5071956.593124677
4392 2928 443884.0985790941 5070732.56726581
4514 2928 445095.43444230803 5070724.956724447
5124 2928 451202.1671592106 5070733.662866881
4392 3050 443882.9483394622 5069516.432911572
4514 3050 445100.851768401 5069513.851736614
4636 3172 446321.734240328 5068292.550240373
