10614 1220 406141.7380277816 4887822.816316246
10736 1342 407361.8923444067 4886604.09599409
10614 1830 406141.57391979214 4881723.719276517
10736 1830 407358.6959539157 4881723.989793793
10858 1830 408578.5326159742 4881723.073826229
10004 2440 400037.8930642746 4875622.767698219
10614 2440 406138.37379865814 4875623.917877046
10736 2440 407362.1943651943 4875623.095576616
10858 2440 408578.20464994997 4875623.360290862
10126 2684 401258.56545342586 4873183.856947217
10492 2806 404918.0167818673 4871964.283066365
10614 2806 406137.0081274993 4871964.596972942
9760 2928 397597.06174445746 4870743.347956814
10736 2928 407357.68813864444 4870743.10346346
10858 2928 408577.3177811767 4870743.322236332
9150 3050 391502.95407486777 4869522.616088752
9272 3050 392717.38775145286 4869523.492805347
10858 3050 408578.32117075403 4869523.194138357
9150 3172 391497.509715602 4868303.157552326
9760 3172 397601.7165598183 4868303.15670458
10492 3172 404918.6008622978 4868303.34186813
10736 3172 407359.22524622164 4868303.243438996
8662 3294 386617.7294478555 4867083.556549881
8784 3294 387843.629109055 4867083.298968187
9150 3294 391503.3472905746 4867082.903116514
9638 3294 396378.32982065296 4867083.761151591
10858 3294 408578.08276596887 4867083.972979238
8784 3416 387843.2717619773 4865863.311506067
9394 3416 393938.453581073 4865864.722851649
10126 3416 401262.1939756359 4865863.999696969
10736 3416 407357.60890919494 4865863.092479883
8540 3538 385397.29581432324 4864647.140384209
8906 3538 389058.2647882724 4864644.068939124
9028 3538 390277.94490467967 4864644.78913116
10370 3538 403699.0372140249 4864644.417426507
10492 3538 404918.8982413089 4864643.313508666
8540 3660 385398.0754179822 4863424.944552311
8906 3660 389058.44454285904 4863425.703786356
9028 3660 390277.7974085823 4863424.111471124
9150 3660 391501.95322068897 4863423.121432269
9272 3660 392721.3441521196 4863424.760810744
9516 3660 395157.9007570284 4863423.878200051
8540 3782 385396.0800418171 4862204.835216442
8662 3782 386621.9699064309 4862203.842800498
8784 3782 387836.9587303717 4862203.905866096
9028 3782 390283.11432447104 4862204.650509955
9516 3782 395160.4894400303 4862203.962349502
10614 3782 406142.0794295393 4862203.68818384
8418 3904 384177.4333127889 4860984.756054581
8540 3904 385397.04280861095 4860984.109242854
8784 3904 387838.2489005745 4860984.287323788
9028 3904 390276.4053123511 4860984.40248439
9638 3904 396375.69183045975 4860983.926497563
8662 4026 386616.7297595793 4859767.182110102
8906 4026 389057.1347041961 4859764.550200666
9028 4026 390277.95241814735 4859764.294604839
9150 4026 391501.33712483646 4859766.420923302
9760 4026 397598.3814439183 4859763.114758169
10248 4026 402477.9988648779 4859764.590275534
10492 4026 404916.4318544068 4859764.344879411
10614 4026 406138.1823195825 4859763.780254463
8540 4148 385402.86124338483 4858543.096251653
8784 4148 387838.30123820907 4858544.06248174
10248 4148 402479.215568101 4858546.12208014
10370 4148 403697.7481931486 4858544.775225678
10492 4148 404917.82480006386 4858544.818975774
7930 4270 379296.66598345916 4857326.607885316
8662 4270 386616.9240388429 4857324.309212224
8784 4270 387837.76614965755 4857324.303709485
9028 4270 390278.68385813135 4857324.477210005
9150 4270 391501.3569733446 4857327.185082297
9272 4270 392717.7414582165 4857324.8532356685
9516 4270 395157.68372971803 4857324.186135061
9760 4270 397598.07869848434 4857323.3566718325
10004 4270 400039.0476447096 4857323.062915075
10126 4270 401257.1329870417 4857324.2412045635
10248 4270 402477.4120249299 4857324.479968295
10370 4270 403697.3679403734 4857324.9610129185
10492 4270 404917.9733618022 4857326.78133072
10614 4270 406138.17395038775 4857324.9365047775
10858 4270 408577.10563747823 4857324.612787873
8296 4392 382956.36669826513 4856108.132593064
8662 4392 386622.2887734633 4856104.1221712995
8784 4392 387839.05752998684 4856105.480306084
9150 4392 391497.9479320318 4856103.877897631
9272 4392 392717.51066498825 4856104.250722596
9882 4392 398817.33875666524 4856104.410839815
10004 4392 400038.55455559515 4856104.411633386
10126 4392 401257.3861240562 4856103.701406232
10248 4392 402481.39143725083 4856106.233658421
10370 4392 403700.6426092616 4856104.097288741
10614 4392 406138.0720904351 4856104.869536601
8052 4514 380518.2082778838 4854887.347109207
8418 4514 384177.81299545505 4854884.211991713
8540 4514 385399.75100308756 4854884.938112445
8906 4514 389058.4946022355 4854884.62476107
9028 4514 390282.87374298804 4854882.390450191
9150 4514 391498.27180784295 4854883.212289272
9272 4514 392722.04058768746 4854882.913828296
9516 4514 395158.68000275054 4854884.287189857
9882 4514 398818.9194416078 4854886.514673386
10492 4514 404917.20846450335 4854884.724118483
10736 4514 407361.4975880604 4854884.217924737
8052 4636 380517.3802938835 4853664.725198287
8296 4636 382959.02986116527 4853664.0887435945
8906 4636 389058.75877167826 4853663.99946611
9272 4636 392719.0136679396 4853662.835807475
9394 4636 393937.39325763244 4853664.171226669
9638 4636 396381.48788702884 4853663.157533129
9760 4636 397599.69244729675 4853663.810211917
8174 4758 381737.8110915515 4852443.838796037
9272 4758 392717.7137127351 4852442.822839373
10126 4758 401257.355111012 4852444.318938728
8174 4880 381738.7445484845 4851223.617064574
8784 4880 387841.40361454396 4851224.2096133595
8906 4880 389062.2684358086 4851226.459362398
9150 4880 391500.3496541324 4851226.978452198
8174 5002 381739.4560492917 4850003.768914578
8784 5002 387836.68704682565 4850004.097679932
9394 5002 393938.85575761646 4850004.681026747
