1281 0 625618.242421294 4500013.5840877
2013 0 640258.3834410983 4500013.040939493
976 61 619519.1137382772 4498791.822477077
1037 61 620741.5164299705 4498794.220618371
1098 61 621958.5690617971 4498792.163762883
1342 61 626838.5320867879 4498792.606290771
1403 61 628057.9254270124 4498792.9050431205
1464 61 629278.882218784 4498792.898846214
1891 61 637818.2886720492 4498793.948373234
1952 61 639037.8716071553 4498793.271166545
2013 61 640257.7201881818 4498793.57097096
2135 61 642698.4350294693 4498794.630415993
2196 61 643918.0487930467 4498794.277600404
2257 61 645140.7702606756 4498792.609809697
2318 61 646361.3960787617 4498792.203355549
2501 61 650020.440946251 4498794.234600457
2684 61 653677.6272884776 4498794.325188639
2867 61 657341.1395209857 4498793.300412476
3111 61 662221.160060535 4498793.065644005
0 122 600000.7114692229 4497572.893237563
61 122 601218.2950541142 4497573.136153883
122 122 602438.7633143855 4497572.146343016
183 122 603658.6095646328 4497572.794558588
915 122 618298.7091838641 4497573.320379456
976 122 619517.9186435535 4497573.150611585
1037 122 620736.9445353652 4497573.350687758
1159 122 623178.0018057338 4497572.376398066
1464 122 629278.5425565018 4497572.784622776
1769 122 635381.7641489225 4497573.45511249
1830 122 636598.8258861012 4497572.76609849
1952 122 639038.2978669673 4497573.376272074
2013 122 640258.2046756244 4497572.530008102
2135 122 642699.1092586644 4497572.831156214
2196 122 643921.4368211516 4497572.679716971
2257 122 645138.7818698733 4497573.303604358
2318 122 646358.3772658804 4497572.050949101
2379 122 647578.9754268726 4497572.832194543
2440 122 648801.887863362 4497572.600603536
2501 122 650017.8110036312 4497573.453881697
2928 122 658561.8647343188 4497574.319106774
2989 122 659779.0721118617 4497576.003440548
61 183 601220.7085796929 4496351.34753231
1037 183 620738.4177539874 4496348.717848392
2013 183 640258.1131614412 4496352.406947128
2074 183 641477.8319869881 4496352.989354772
2135 183 642702.2062684873 4496354.003340476
2196 183 643916.8979645568 4496354.160383664
2257 183 645137.810525525 4496352.589781371
2318 183 646361.3291749828 4496354.250462427
2379 183 647579.4500511932 4496353.587130058
2440 183 648798.1651978374 4496353.509028059
2501 183 650021.0136185304 4496353.982140464
2562 183 651241.5938255775 4496353.264157958
3416 183 668321.3098840041 4496353.1712309765
61 244 601217.3152437275 4495133.109266158
915 244 618298.0616128545 4495133.919066939
976 244 619518.3314602232 4495133.145031503
1037 244 620737.6587180344 4495133.211664265
1342 244 626841.2126043873 4495135.050745819
1586 244 631718.0913605043 4495133.169692385
1891 244 637821.7663821911 4495133.526773189
2074 244 641477.8405962993 4495133.557532092
2135 244 642701.4491084444 4495135.62250893
2196 244 643921.1149982872 4495132.876645534
2257 244 645138.6908193391 4495132.453165559
2318 244 646358.945081582 4495133.558470038
2379 244 647580.8276002863 4495133.270593509
2440 244 648798.8658439645 4495133.849008215
2501 244 650018.4563304405 4495132.998266562
2623 244 652458.6678010351 4495133.343910999
2684 244 653678.6942705723 4495133.872879596
2745 244 654897.4598319669 4495135.217135209
3416 244 668320.087315965 4495135.392147579
3660 244 673198.0350176868 4495133.339396374
61 305 601218.0461671592 4493913.203228953
976 305 619518.5992024106 4493913.357665676
1037 305 620741.3988556757 4493913.012643855
1098 305 621958.3702085592 4493913.454934453
1159 305 623177.3519234728 4493913.417122396
1220 305 624396.2834384984 4493914.3458601395
1830 305 636596.7869947315 4493913.268796998
2074 305 641480.8602200164 4493910.241590268
2135 305 642700.8278490036 4493913.451222244
2196 305 643918.6689633377 4493914.55971222
2318 305 646358.5560370407 4493912.869069905
2379 305 647579.3946200709 4493913.455882298
2501 305 650017.7376763592 4493913.769357896
2562 305 651238.7147630309 4493913.177025668
2623 305 652458.675330038 4493913.557791812
2684 305 653678.4385903799 4493914.238025327
2745 305 654898.9712002905 4493914.139005192
2867 305 657342.0009430468 4493915.528717063
3416 305 668320.0424698185 4493913.774303867
3477 305 669539.2171502833 4493914.153707903
61 366 601217.4217393552 4492692.289486875
122 366 602438.5328820553 4492691.996956408
976 366 619521.1628980581 4492692.7506889235
1037 366 620738.8256215828 4492693.36001597
1159 366 623177.591685178 4492692.839323922
1220 366 624397.3055881845 4492693.537741197
1281 366 625617.7916560234 4492691.91011029
1403 366 628058.2440563797 4492693.207960666
1464 366 629280.5117121423 4492690.8201565575
2074 366 641477.6353061317 4492696.522176244
2318 366 646358.3314373642 4492696.665022632
2379 366 647578.1836115607 4492693.262369793
2562 366 651238.0358870325 4492693.191504584
2623 366 652457.65901675 4492693.712924908
2745 366 654898.0403359233 4492693.930881844
3050 366 660998.8276842078 4492697.160100795
3416 366 668321.4991138709 4492695.921830602
3477 366 669541.9552475195 4492696.24457762
61 427 601217.7942595113 4491473.27200519
610 427 612199.6250879375 4491472.490787518
1037 427 620738.7187629679 4491473.221982715
1098 427 621957.030349411 4491473.457475862
1159 427 623176.4309620231 4491473.341330216
1220 427 624398.1934503374 4491473.016167431
1281 427 625619.0258857567 4491472.769593678
1342 427 626838.4394774402 4491473.435085449
1403 427 628058.1523884019 4491473.296319435
1525 427 630501.2648522157 4491472.365933477
1586 427 631718.0439771621 4491473.0939416895
1769 427 635378.502338818 4491472.991665791
1952 427 639037.9325482469 4491475.887712853
2013 427 640258.6434480435 4491473.764947613
2318 427 646360.0751265291 4491474.6143919965
2440 427 648798.8245162943 4491473.463481509
2623 427 652457.1841245975 4491473.796891177
2806 427 656118.7052597685 4491475.728885678
3294 427 665881.5279637943 4491476.193878682
61 488 601217.7820298556 4490253.398251841
122 488 602441.4620777202 4490252.895675877
305 488 606098.4041804556 4490253.741207733
854 488 617077.5021969337 4490252.822946583
1159 488 623178.6182343734 4490253.673723124
1220 488 624397.9705091575 4490253.145046006
1281 488 625617.781066892 4490253.094844047
1342 488 626838.3946662293 4490253.0036578495
1403 488 628057.8234603757 4490252.77693759
1464 488 629278.1498634518 4490252.655518963
1525 488 630501.5882960632 4490251.883833234
1586 488 631718.5801337267 4490253.522230167
1830 488 636597.8927466347 4490253.509134318
2074 488 641479.0714476213 4490254.037947727
2135 488 642698.0480950456 4490253.109318178
2196 488 643922.1988314069 4490253.807736519
2318 488 646358.5157797012 4490254.373233225
2379 488 647578.1861174944 4490253.526479892
2867 488 657338.9193037137 4490252.266598748
183 549 603657.8577852446 4489033.656004799
671 549 613418.1415919125 4489033.640354852
1098 549 621957.398642367 4489032.696205797
1220 549 624398.8981219115 4489031.931310976
1281 549 625617.6960406773 4489033.549252288
1342 549 626838.9669250203 4489032.735731585
1403 549 628058.8868992137 4489032.562431285
1464 549 629278.9678424065 4489033.3029267965
1525 549 630498.1811320432 4489032.433461767
1586 549 631717.5871099943 4489033.084309329
1891 549 637816.8792538496 4489033.929844296
2013 549 640257.0192470836 4489034.385571792
2135 549 642698.542975844 4489033.272068476
2501 549 650018.7940856663 4489035.440544923
3538 549 670759.4934577529 4489036.485115177
3721 549 674419.1290908651 4489034.194157858
3782 549 675640.8824914726 4489033.195155638
305 610 606098.1806496754 4487812.427424679
366 610 607319.1047198821 4487813.03851522
610 610 612198.0920981353 4487812.940524001
1281 610 625618.5651613513 4487813.158907637
1342 610 626838.1912628579 4487811.8223610995
1403 610 628057.6921164837 4487812.772546407
1464 610 629278.8223943259 4487815.537904647
1525 610 630496.9230789231 4487813.556642822
1586 610 631718.8626578072 4487812.881479928
1647 610 632938.2764176104 4487813.958956373
1708 610 634158.3994704402 4487812.610118812
1769 610 635381.8029215347 4487812.669485147
2013 610 640257.2727390608 4487814.2192900535
2074 610 641479.0288401587 4487813.283420629
2135 610 642698.4315368176 4487813.54787607
2196 610 643918.1991934329 4487813.621029068
2257 610 645137.2933036543 4487814.972615404
2379 610 647581.3523285608 4487813.396994958
2562 610 651239.2597487675 4487816.44055717
2867 610 657338.5831375851 4487813.13092878
3172 610 663441.7443107279 4487816.249875266
3660 610 673198.5951501463 4487816.344500494
3782 610 675640.8022517331 4487814.642862506
122 671 602438.5201387367 4486592.490278907
183 671 603658.7737395673 4486592.256018938
366 671 607318.2903693987 4486592.482123855
610 671 612197.9786690164 4486591.674579816
732 671 614638.3394351728 4486593.18133044
793 671 615862.0037661778 4486592.571478498
1098 671 621959.6225452846 4486595.847499212
1342 671 626837.7838541085 4486593.63751268
1403 671 628059.8298225787 4486593.465011241
1464 671 629278.3579283818 4486593.836644827
1525 671 630498.5690455642 4486593.182977922
1586 671 631718.5673563625 4486592.62464041
1647 671 632937.8871134921 4486592.679454661
1708 671 634161.9290438164 4486592.376807471
1769 671 635377.0917403621 4486593.214407035
1830 671 636597.3639635146 4486593.500872498
1891 671 637817.3347662902 4486593.266646919
2013 671 640259.2709170089 4486593.217948653
2074 671 641478.3963279041 4486593.711347516
2135 671 642697.3312090012 4486593.981002397
2196 671 643921.7618754439 4486594.089868371
2257 671 645138.3479554896 4486593.473440173
2318 671 646358.5616417554 4486593.678469407
2440 671 648799.4951587396 4486592.518276787
2867 671 657338.570364142 4486593.0790589675
3538 671 670757.6903216639 4486593.745790552
122 732 602437.9697107539 4485372.54434257
244 732 604878.8467625264 4485372.247941771
305 732 606098.6792815803 4485372.454161878
366 732 607317.8978768943 4485372.835318083
427 732 608541.628960149 4485373.658459883
732 732 614637.6376280043 4485373.92706595
854 732 617078.600643857 4485374.036844648
915 732 618298.8615533441 4485373.3646344775
1098 732 621957.8176956726 4485372.687308715
1403 732 628057.72345262 4485373.788732634
1525 732 630498.1497971849 4485373.419343261
1586 732 631718.6903506063 4485373.577369292
1647 732 632938.2225833883 4485373.6850583
1708 732 634158.4571698182 4485374.015070278
1769 732 635378.6092125728 4485375.2014658535
1830 732 636598.9766853354 4485373.4544007955
1891 732 637818.8150590479 4485373.361818408
2013 732 640258.5801690273 4485372.286035603
2074 732 641478.4574730401 4485372.7605141075
2135 732 642698.8056198445 4485373.390538251
2318 732 646358.7040141873 4485374.39061062
2440 732 648801.4287323217 4485373.50865422
2501 732 650021.410393798 4485375.837495558
2562 732 651238.4104448841 4485376.802228993
3355 732 667099.286599717 4485376.8485518815
61 793 601218.7902498789 4484151.476160696
122 793 602437.6494525463 4484153.480112836
183 793 603659.1729056418 4484151.170941142
244 793 604879.1337237479 4484153.449418323
305 793 606097.570203422 4484153.537417256
1220 793 624398.0849894625 4484153.169778775
1403 793 628058.856115289 4484154.564669762
1464 793 629277.726189747 4484153.844637658
1586 793 631719.3723606665 4484153.399623837
1647 793 632938.589976737 4484153.879437693
1708 793 634161.1801273257 4484154.112136592
1769 793 635377.6744314295 4484153.646002678
1830 793 636598.612773251 4484153.40732827
1891 793 637817.7531175187 4484152.525299887
2135 793 642701.8701577358 4484153.4457513
2196 793 643917.8390741477 4484151.4606493125
2257 793 645137.5286614373 4484152.851616198
2928 793 658558.5680897563 4484152.848336776
2989 793 659777.8328545794 4484153.223814431
3355 793 667100.6085888597 4484152.781228539
61 854 601221.0634172919 4482931.947485289
122 854 602438.3061508138 4482931.255508145
183 854 603658.877745571 4482932.117016007
305 854 606098.4813628118 4482932.678036381
427 854 608538.5467506772 4482932.387385005
1403 854 628058.0435002239 4482935.500709496
1464 854 629278.1947190011 4482933.57905949
1525 854 630497.571708935 4482933.399376729
1586 854 631718.0925187282 4482933.720602001
1647 854 632938.3295991648 4482934.6286845645
1708 854 634157.5940324438 4482934.574176463
1769 854 635378.6598974464 4482936.236798574
1952 854 639038.0185679097 4482932.436073832
2013 854 640258.9883502021 4482935.533925455
2074 854 641479.1470602172 4482932.630035463
2135 854 642698.8894986028 4482931.448401267
2257 854 645142.6832053111 4482933.94503834
2501 854 650021.2174545838 4482935.865881201
2562 854 651237.780902598 4482934.014601098
2806 854 656122.5604423375 4482934.725628354
3233 854 664658.8967419636 4482933.476255231
3294 854 665878.8190358861 4482933.116287794
61 915 601218.654833638 4481712.056794039
122 915 602438.424193531 4481712.442454282
244 915 604878.5623032388 4481712.580404508
366 915 607318.6760650367 4481711.403139627
1220 915 624397.8289146054 4481714.525712638
1525 915 630499.3102051511 4481713.155268915
1586 915 631718.1579927632 4481714.2053446015
1708 915 634157.321249445 4481713.658459987
1769 915 635377.7517410994 4481713.976540335
1830 915 636597.5221819557 4481713.954005555
1891 915 637817.0887707833 4481715.482571532
2074 915 641482.0210988214 4481714.091462847
2135 915 642699.2613033697 4481714.324059087
2257 915 645138.464035255 4481713.900560003
2501 915 650017.3772524303 4481716.71471204
2928 915 658556.4995297869 4481714.01487645
2989 915 659775.8360879638 4481713.366895897
61 976 601221.7877903971 4480492.711016149
122 976 602437.7976211492 4480492.235822433
183 976 603659.6267666728 4480492.445263926
244 976 604880.5859540186 4480492.463099162
305 976 606098.3001680599 4480492.280784138
366 976 607317.744076048 4480491.938142013
488 976 609758.292771362 4480493.209857219
610 976 612199.3682312856 4480492.460730465
671 976 613418.1116674807 4480494.578423975
1220 976 624399.418509831 4480496.212661359
1464 976 629276.981503748 4480496.198045307
1525 976 630499.1893704602 4480495.825975294
1586 976 631718.5146408818 4480495.7275788
1647 976 632940.9271937065 4480496.115227955
1708 976 634159.643608105 4480493.624149781
1769 976 635378.9281886024 4480496.113008231
1830 976 636600.9906333169 4480494.256698883
1891 976 637821.3081591484 4480493.5567306075
1952 976 639037.400590582 4480494.031743066
2013 976 640257.9521968488 4480494.327237525
2135 976 642701.553256795 4480493.360071278
2806 976 656118.5789983555 4480492.393482708
3172 976 663438.0000942157 4480493.610013536
0 1037 599998.3925841415 4479273.069551916
61 1037 601217.7185284997 4479273.275339395
122 1037 602441.0447912138 4479273.1173854545
183 1037 603658.9937689578 4479272.831116159
244 1037 604877.1496919255 4479272.335090278
305 1037 606098.3258946534 4479272.109083905
488 1037 609758.2076505676 4479274.04556624
610 1037 612200.0516164211 4479272.278155934
671 1037 613417.4526552078 4479273.165533821
1037 1037 620738.822810685 4479273.744254375
1098 1037 621959.1452945049 4479272.176241253
1220 1037 624397.9464173777 4479275.9291783655
1281 1037 625618.5022432988 4479274.05002734
1525 1037 630499.4472396912 4479276.419438717
1586 1037 631720.934672242 4479275.794626642
1647 1037 632938.5177427544 4479273.861056887
1708 1037 634158.0081249624 4479275.891521932
1769 1037 635378.5189170577 4479276.699113826
1830 1037 636598.8476275819 4479276.323142492
1891 1037 637818.1736903023 4479276.902175138
1952 1037 639038.541373768 4479272.859414306
2074 1037 641478.9520654068 4479273.685352262
2318 1037 646359.9059072039 4479274.045328502
2379 1037 647578.9139013244 4479273.034088486
2440 1037 648798.550429309 4479272.604488979
2684 1037 653678.6241824034 4479276.503012536
2745 1037 654898.7218330308 4479276.600676467
2928 1037 658557.2669911067 4479273.883868948
3050 1037 661002.1476333174 4479272.4206070565
122 1098 602437.5513207959 4478053.190108606
183 1098 603658.4608982471 4478053.420602539
244 1098 604878.40977695 4478052.840011477
305 1098 606097.9209702966 4478053.0843653055
366 1098 607317.7086068176 4478051.635894835
427 1098 608538.2572861066 4478053.0271898415
610 1098 612197.9898886856 4478052.931633238
732 1098 614638.1890318285 4478053.446084528
793 1098 615857.5166449393 4478052.839135676
1281 1098 625617.945254828 4478053.489927604
1464 1098 629277.2335702098 4478054.7627277905
1891 1098 637818.6032771871 4478054.023192644
1952 1098 639038.6616853904 4478053.3294646405
2013 1098 640260.8066510564 4478053.6310031265
2135 1098 642699.1263852443 4478052.93345653
2196 1098 643918.5665283275 4478053.204107514
2257 1098 645137.6098288484 4478053.250536958
2318 1098 646358.3058902805 4478052.878384894
2623 1098 652459.2495781289 4478053.331723428
2989 1098 659778.133285585 4478053.289940831
61 1159 601218.9379245425 4476833.367749236
122 1159 602437.7825101853 4476833.063697594
183 1159 603657.7980045802 4476833.30318895
244 1159 604878.2655853091 4476833.89812523
305 1159 606098.4419956568 4476832.466219065
366 1159 607320.383930198 4476832.4196666675
427 1159 608539.0126623984 4476833.443779482
488 1159 609758.4349474058 4476833.187629752
549 1159 610977.1011634095 4476832.849990054
610 1159 612198.8881256535 4476832.814163673
671 1159 613420.8375230521 4476833.69584126
915 1159 618298.2639057518 4476833.9012443395
976 1159 619517.4260955243 4476833.297550976
1159 1159 623177.7248579087 4476834.038209877
1464 1159 629278.5540484897 4476832.979305686
1647 1159 632941.2853934651 4476835.255004184
1769 1159 635380.4525847621 4476835.476635534
1830 1159 636600.99399041 4476836.053245061
1952 1159 639040.6074257266 4476836.254965218
2257 1159 645138.5419148637 4476832.991730292
2318 1159 646358.6252821931 4476832.42862789
2379 1159 647580.5510063723 4476832.715798861
2501 1159 650021.5230417834 4476836.2505375985
2623 1159 652457.8953668065 4476837.154028986
61 1220 601221.180554175 4475611.765161553
122 1220 602438.6053479774 4475612.326157775
183 1220 603657.7898914765 4475613.702423256
244 1220 604876.5731829766 4475613.9174327655
305 1220 606097.9554023109 4475612.651275316
366 1220 607318.7297849735 4475613.064766121
427 1220 608539.0403975068 4475613.2425416885
488 1220 609757.6849688005 4475612.309496596
549 1220 610981.5587749148 4475613.335256735
610 1220 612198.9276126475 4475612.666810247
671 1220 613418.6545924116 4475613.663385272
732 1220 614638.6442808948 4475612.327480457
854 1220 617078.6001229883 4475613.504302168
915 1220 618297.8121087818 4475615.02656704
1342 1220 626837.3482552767 4475613.163583644
1464 1220 629278.08066852 4475612.923898632
1769 1220 635379.2380296894 4475611.1056318395
1830 1220 636598.5922306236 4475616.666435012
2074 1220 641479.0239848064 4475613.494762906
2257 1220 645138.7696836971 4475612.276469628
2318 1220 646358.2904682626 4475613.206731542
2501 1220 650022.1215181071 4475613.842983377
2684 1220 653679.681196262 4475617.135269166
2745 1220 654896.7105716299 4475615.596842067
61 1281 601218.2919505553 4474392.218079077
122 1281 602437.9597644383 4474394.142367837
183 1281 603661.7201952022 4474393.0450912565
244 1281 604877.7931760714 4474393.108081695
305 1281 606097.6940773126 4474393.630421755
366 1281 607317.1287347922 4474393.366998428
427 1281 608537.2625970747 4474392.705383109
488 1281 609761.7126595462 4474392.100202921
854 1281 617078.7895389321 4474393.684901716
915 1281 618298.0580990538 4474393.317883143
1220 1281 624399.1021596518 4474392.138336899
1464 1281 629280.5334506235 4474393.37658236
1891 1281 637817.6971505046 4474391.561548962
2074 1281 641477.7323548058 4474395.332933134
2135 1281 642698.6485028238 4474396.731043222
2196 1281 643919.7877214958 4474395.876073907
2318 1281 646358.9817433266 4474393.5798023045
2379 1281 647580.502700242 4474393.392155322
2806 1281 656118.4278363249 4474396.664742851
2928 1281 658557.7933752566 4474392.946645231
0 1342 599999.7929321935 4473168.530395607
61 1342 601218.2405913817 4473173.522968293
122 1342 602440.9759869887 4473173.156889207
183 1342 603657.6225283383 4473172.329917634
244 1342 604876.8270001403 4473171.741593549
305 1342 606098.3221368294 4473173.31472475
366 1342 607317.9221584157 4473173.065628543
427 1342 608540.395650075 4473172.89704627
488 1342 609758.3613705743 4473172.178717334
549 1342 610977.4391415288 4473173.54743606
610 1342 612197.6629628781 4473174.269460283
793 1342 615858.0338027101 4473174.42952183
854 1342 617077.8416971498 4473173.026430374
1037 1342 620738.2990833314 4473173.328184919
1464 1342 629277.9300272135 4473173.093618871
1830 1342 636597.8592183836 4473174.553931453
1891 1342 637818.0379759792 4473175.298044799
2074 1342 641477.5181141107 4473171.408846669
2196 1342 643917.9888699976 4473174.216982186
2379 1342 647581.632628348 4473172.573025401
2562 1342 651238.5287960708 4473174.754452528
2745 1342 654901.984263368 4473171.819349251
61 1403 601217.4430571651 4471952.020342032
122 1403 602436.924216718 4471954.327481525
183 1403 603658.3344925614 4471953.106040474
244 1403 604877.3114550349 4471953.277788244
366 1403 607318.0491273549 4471953.717890829
427 1403 608538.2599174527 4471951.936849361
549 1403 610976.3580211683 4471953.483230433
610 1403 612197.8826481496 4471954.839615397
793 1403 615857.8033341374 4471953.05898338
915 1403 618298.2905284957 4471956.473006184
976 1403 619517.4941266328 4471955.572328004
1098 1403 621958.0090896523 4471954.089347836
1159 1403 623177.0580296803 4471954.444958266
1220 1403 624398.0978498082 4471952.192589188
1525 1403 630497.7028905645 4471953.452154906
1586 1403 631717.9208370824 4471953.310451716
1952 1403 639038.7144752056 4471953.115537838
2013 1403 640260.9120140834 4471956.045414586
2074 1403 641481.2285038644 4471955.902193603
2135 1403 642698.9062622661 4471956.343106875
2257 1403 645137.4617972759 4471956.60109126
2501 1403 650020.2460482584 4471952.127404085
2684 1403 653678.1124508557 4471957.055563667
2745 1403 654898.0209316484 4471953.859540276
2867 1403 657340.4897546845 4471951.698257639
61 1464 601218.6333319616 4470733.103481734
122 1464 602437.4524370214 4470734.096925222
183 1464 603657.712275513 4470732.748567526
244 1464 604877.6895650945 4470732.7696683
305 1464 606101.8096683007 4470733.139151631
488 1464 609756.6277334259 4470734.1242367625
549 1464 610978.589932869 4470732.186532489
671 1464 613418.5484393926 4470735.722402652
854 1464 617076.8330613213 4470731.4272563085
1037 1464 620737.5392131879 4470736.031691981
1098 1464 621958.3535969699 4470733.627090469
1220 1464 624398.184340857 4470733.286256051
1281 1464 625621.3968763675 4470733.068701019
1891 1464 637818.5264934979 4470733.195228283
2013 1464 640261.1955970908 4470733.628989017
2074 1464 641478.2359854517 4470736.081277025
2135 1464 642701.1441627541 4470735.927666784
2318 1464 646358.5884166415 4470736.610604659
2379 1464 647579.1679931036 4470732.331723281
2440 1464 648800.9065489034 4470732.678452115
2501 1464 650021.4582289851 4470731.494376713
2562 1464 651239.6812407586 4470732.500983073
2806 1464 656117.9665692975 4470732.160708786
0 1525 599997.4013103171 4469512.946302412
61 1525 601218.4394284607 4469512.917077072
122 1525 602437.3372702743 4469512.988206324
183 1525 603657.8040469219 4469512.48075423
244 1525 604877.7469093597 4469512.509133844
305 1525 606099.011764837 4469512.795647122
366 1525 607318.4145042135 4469512.831942563
488 1525 609756.734884092 4469514.15644267
549 1525 610978.545878567 4469513.667594662
610 1525 612197.172965075 4469512.663135427
732 1525 614638.1646361421 4469513.943667676
793 1525 615856.8853816936 4469514.809176362
854 1525 617077.4431125977 4469513.737862802
915 1525 618301.8056751378 4469512.799698092
1098 1525 621957.3583456984 4469515.856972116
1159 1525 623177.4490759433 4469514.135882852
1220 1525 624399.1661434378 4469513.40620986
1281 1525 625617.5507480229 4469513.001759186
1342 1525 626838.2783397117 4469516.05009247
1647 1525 632940.6565889614 4469513.11213083
1891 1525 637820.6078729103 4469514.051263686
2013 1525 640257.771683685 4469513.151690758
2074 1525 641478.1215271053 4469513.348984437
2318 1525 646358.8113223572 4469516.678629915
2440 1525 648797.1389930359 4469516.713078953
2562 1525 651238.128002301 4469514.109820284
2623 1525 652460.9909769491 4469513.402026008
2745 1525 654900.8669486425 4469515.720248772
61 1586 601218.8458944095 4468291.581800354
122 1586 602438.7466526094 4468292.2916880725
183 1586 603658.4882426981 4468292.521646144
305 1586 606099.5605645796 4468292.719498945
366 1586 607318.32946391 4468293.8408406135
427 1586 608537.0718423919 4468292.09597358
610 1586 612196.4746388783 4468292.240743256
671 1586 613417.3838118705 4468293.891936989
732 1586 614637.8402980109 4468293.331410311
854 1586 617077.763750359 4468294.3253123555
915 1586 618297.9964481741 4468293.998948729
1098 1586 621958.9549485863 4468295.717329486
1220 1586 624397.9008959564 4468293.790072462
1281 1586 625618.3448355951 4468291.941387697
1342 1586 626838.4034570802 4468294.184307598
2074 1586 641478.7095906067 4468293.077900908
2745 1586 654898.8209322762 4468293.108813827
61 1647 601217.9035400383 4467072.99312674
122 1647 602437.8443516835 4467072.393664139
183 1647 603657.2698605399 4467072.987440775
244 1647 604877.5100071343 4467073.1603587475
305 1647 606097.927442566 4467072.821285739
366 1647 607318.3625139631 4467072.687341166
488 1647 609758.0852472527 4467073.256874447
610 1647 612197.6349215 4467073.6520474525
671 1647 613419.2318794128 4467075.958684087
793 1647 615858.7030875114 4467074.370654859
854 1647 617077.1905264715 4467074.022162993
976 1647 619518.4634170941 4467076.286943937
1037 1647 620737.7336252886 4467076.03120663
1159 1647 623177.6413924494 4467073.397622523
1281 1647 625617.1927354309 4467076.640205972
1342 1647 626840.2776427792 4467076.109819074
1403 1647 628058.577983649 4467075.9161901325
1769 1647 635381.2097249593 4467070.971677647
1830 1647 636601.8522876875 4467073.776966089
2074 1647 641481.1140711603 4467072.634611335
2623 1647 652458.5812454541 4467072.643359296
0 1708 600001.6633423691 4465853.836199487
61 1708 601218.3379795688 4465853.332520718
122 1708 602439.1207126094 4465851.135041311
183 1708 603658.822767714 4465852.790064957
305 1708 606097.7044117127 4465853.324612684
366 1708 607317.1531724636 4465854.758487425
488 1708 609758.5961760215 4465852.402314434
549 1708 610978.795852984 4465853.557769897
671 1708 613418.0309912439 4465853.207214111
732 1708 614637.3952478864 4465854.037622707
793 1708 615857.4770233833 4465851.838846004
915 1708 618297.2716979989 4465854.2632533675
976 1708 619518.2267681545 4465856.456266409
1037 1708 620738.3683483293 4465854.013879244
1098 1708 621958.2119216779 4465854.961035819
1342 1708 626837.9455955301 4465856.608403887
1403 1708 628058.017716112 4465856.791980562
1464 1708 629278.4078972269 4465854.332598986
1525 1708 630498.2058040665 4465853.198285803
1586 1708 631718.4086132937 4465853.081782774
1647 1708 632938.5439884912 4465853.8381849015
1708 1708 634160.7692083574 4465856.365744697
1769 1708 635378.9968944615 4465856.337129315
1830 1708 636597.3630793515 4465854.307586567
1891 1708 637821.9034040107 4465853.10302395
2440 1708 648796.3681636434 4465854.387041019
2562 1708 651237.1090601892 4465855.499107074
0 1769 600001.3353142268 4464631.691717918
122 1769 602438.9321644347 4464633.114979696
183 1769 603659.0191992098 4464632.842250095
244 1769 604878.342142275 4464632.805648702
305 1769 606101.9037597618 4464632.449260353
366 1769 607318.7645129283 4464633.031336223
427 1769 608541.2497746032 4464633.196075259
488 1769 609758.248202993 4464633.253374374
549 1769 610977.7649805427 4464633.617665965
610 1769 612198.3683967835 4464635.711028816
671 1769 613419.0895865628 4464633.058570432
732 1769 614637.889931232 4464634.071995477
793 1769 615858.4806144495 4464632.595056414
854 1769 617077.8748524243 4464634.18391259
915 1769 618298.0431310422 4464633.396958479
976 1769 619521.804671477 4464633.692421374
1098 1769 621958.6763487965 4464633.25019689
1220 1769 624399.5350575543 4464635.68552495
1281 1769 625618.8335396128 4464634.564625563
1403 1769 628058.5987585676 4464632.987237718
1464 1769 629277.5007534104 4464633.783499256
1525 1769 630498.2029573374 4464634.158658362
1586 1769 631718.2290628036 4464633.5790340565
1708 1769 634160.8857862114 4464636.472302499
1769 1769 635377.1925220801 4464633.045983788
1830 1769 636598.5355762733 4464634.04699452
1891 1769 637818.6477790772 4464633.463900183
2257 1769 645138.5010730852 4464633.372644244
0 1830 599998.0937896101 4463412.03098619
61 1830 601218.4674043205 4463412.475878358
183 1830 603657.8226628973 4463413.423905379
244 1830 604880.2072245597 4463415.004371935
305 1830 606097.7837276757 4463413.702931197
366 1830 607318.9276833633 4463412.927353866
427 1830 608538.1916245474 4463412.652247794
488 1830 609757.516840129 4463413.848468152
549 1830 610977.2380145318 4463412.640486451
610 1830 612197.2001357034 4463414.009064404
671 1830 613417.8666540561 4463412.5026513105
1220 1830 624397.5288299116 4463414.605046563
1281 1830 625620.6450766708 4463416.215518912
1342 1830 626838.772741954 4463416.0573805235
1403 1830 628058.2888481743 4463416.249568847
1464 1830 629278.3829244956 4463415.888344274
1586 1830 631719.1236033523 4463412.789435276
1708 1830 634158.8479425765 4463413.494550165
1830 1830 636599.327908671 4463416.203176087
1891 1830 637817.8818765905 4463413.647079564
2318 1830 646357.5539260858 4463416.18765115
122 1891 602438.4872322687 4462193.448300535
183 1891 603657.5204781895 4462193.943528843
244 1891 604878.5555416482 4462193.479904437
305 1891 606098.3129646323 4462193.951400953
366 1891 607318.4527813249 4462192.33545691
427 1891 608538.4575255523 4462193.5560076
488 1891 609758.0756847683 4462193.776294879
671 1891 613417.8552921094 4462192.224135876
915 1891 618297.7927052793 4462192.711876046
976 1891 619517.4353769986 4462196.647216369
1037 1891 620737.8586625 4462196.196140608
1098 1891 621958.7834798159 4462195.815158864
1220 1891 624398.820716503 4462193.910880165
1281 1891 625620.8042127965 4462193.216562376
1342 1891 626838.533807929 4462193.312947974
1525 1891 630499.1173478614 4462195.83690408
1769 1891 635378.688577548 4462194.188131604
2257 1891 645137.3281046024 4462192.442151532
2318 1891 646360.7797012647 4462195.909133993
61 1952 601217.9656370908 4460973.299971001
122 1952 602438.5951191029 4460973.818908891
183 1952 603657.2052347087 4460973.361365275
244 1952 604877.836695165 4460974.661767724
305 1952 606098.1256605881 4460973.193951347
366 1952 607318.0064380314 4460974.370209576
427 1952 608538.424321485 4460973.723923285
488 1952 609757.3974367161 4460974.01003876
610 1952 612196.9652651747 4460972.571239014
671 1952 613417.555902382 4460972.930887338
732 1952 614638.8112020149 4460973.216743811
793 1952 615857.8928112435 4460972.942654623
854 1952 617078.123176211 4460973.491613535
915 1952 618296.3994739517 4460973.835074404
976 1952 619517.6739297159 4460972.621958089
1037 1952 620738.0408047207 4460973.432495592
1098 1952 621958.4598339591 4460973.233932138
1159 1952 623178.8903171365 4460975.8816092005
1586 1952 631718.45114769 4460976.660023384
1769 1952 635377.7512712157 4460973.487649211
2013 1952 640259.3253612722 4460973.001165304
2501 1952 650018.6403442523 4460972.027292388
61 2013 601218.4811797062 4459752.430436785
122 2013 602439.1226856317 4459752.933757878
244 2013 604877.8559542891 4459754.289339596
366 2013 607317.7560559068 4459754.143460598
427 2013 608538.0403621738 4459752.58077646
488 2013 609757.3223889627 4459753.735219985
610 2013 612198.1205375183 4459753.504124571
671 2013 613417.4282790392 4459753.84348205
854 2013 617076.46568063 4459754.27050658
915 2013 618298.5104722186 4459756.102286597
976 2013 619518.313053832 4459753.210781524
1037 2013 620737.5228338006 4459752.873934982
1098 2013 621958.1601422676 4459753.056833959
1159 2013 623177.41772487 4459753.817050554
1220 2013 624398.5279142198 4459756.358981681
1281 2013 625616.1085328852 4459753.775075167
1342 2013 626838.2567875272 4459756.096325794
1403 2013 628058.4140411369 4459753.854876675
1464 2013 629278.506780686 4459756.957511127
1830 2013 636598.2031371216 4459752.305345689
2013 2013 640261.1178261654 4459753.25773677
2501 2013 650018.4373284727 4459752.803239596
122 2074 602437.5912500665 4458534.008388771
183 2074 603658.8756549774 4458532.737116026
244 2074 604877.4944158983 4458533.300380873
549 2074 610979.3756108708 4458531.667658487
793 2074 615857.2185530514 4458532.379487514
854 2074 617076.8983265415 4458534.017193823
915 2074 618301.2468888955 4458534.037245657
1037 2074 620738.3073401856 4458535.779388819
1098 2074 621957.6021965588 4458534.356616349
1159 2074 623177.748647379 4458533.943869406
1220 2074 624398.6132607127 4458535.464221729
1342 2074 626835.9458257367 4458533.435514826
1403 2074 628057.7829652904 4458534.194868826
1464 2074 629278.7383639211 4458533.479901736
1830 2074 636598.5229871715 4458532.819025574
61 2135 601218.6562442731 4457312.169847973
122 2135 602437.8342546856 4457312.0329041425
183 2135 603659.0045831223 4457312.619928965
427 2135 608538.3677848827 4457313.597467478
732 2135 614637.827776323 4457313.325160164
793 2135 615861.8381616151 4457312.752964827
854 2135 617081.6521102309 4457312.724452415
1037 2135 620738.2932938664 4457316.766748694
1098 2135 621957.9687309057 4457312.546413242
1220 2135 624400.8425808813 4457316.023551313
1281 2135 625619.1014511962 4457316.9969587065
1464 2135 629278.6308344328 4457316.661759183
2440 2135 648797.9184791812 4457312.919699051
61 2196 601218.1659568562 4456092.363539648
122 2196 602438.8832118826 4456091.75944623
183 2196 603657.7707184193 4456092.6091354005
244 2196 604878.7386632486 4456093.113842406
305 2196 606098.6263691935 4456093.003391816
366 2196 607317.5159121398 4456093.252833474
549 2196 610977.9313363116 4456092.361687748
610 2196 612197.6733450287 4456092.993028378
793 2196 615857.3860779884 4456092.128820732
854 2196 617078.5200599489 4456092.912753965
1037 2196 620737.5337981698 4456093.310287308
1098 2196 621958.3911862249 4456092.702302868
1342 2196 626837.0344803347 4456093.408577029
1403 2196 628057.933201188 4456094.407942313
1464 2196 629278.4271750969 4456096.442876284
2379 2196 647579.645374132 4456093.375520365
61 2257 601221.0335041784 4454871.771497894
122 2257 602438.2640381046 4454871.638223534
183 2257 603658.8887577236 4454872.149217786
244 2257 604878.1755528012 4454873.267641826
305 2257 606098.2956324334 4454872.641950736
366 2257 607319.1191159162 4454873.613439747
427 2257 608537.0624081473 4454873.331157705
488 2257 609758.5035754612 4454873.7098972155
549 2257 610977.8517217152 4454873.591600492
610 2257 612197.5661911237 4454876.478821427
671 2257 613417.6017189751 4454873.160966049
732 2257 614637.5219173688 4454872.392490705
793 2257 615857.926770172 4454872.456026328
854 2257 617077.7707921534 4454872.601693917
915 2257 618297.3950399364 4454872.921662751
976 2257 619518.2530889972 4454873.173272031
1037 2257 620737.4192658556 4454874.106809583
1098 2257 621957.956835752 4454873.28548709
1159 2257 623177.3829328868 4454873.704171223
1220 2257 624396.8770951333 4454874.024386325
1281 2257 625617.1757010537 4454873.988930971
1342 2257 626837.5970245387 4454873.556971155
1403 2257 628059.220872875 4454876.041451031
2379 2257 647577.9986877054 4454876.448163567
61 2318 601218.2866089644 4453652.264998524
122 2318 602438.4196540136 4453652.745062265
183 2318 603658.3518420022 4453650.6200716095
244 2318 604878.7296752824 4453651.191220018
366 2318 607317.298737302 4453653.868967716
427 2318 608537.638032869 4453652.515488634
549 2318 610977.5172630746 4453653.376655753
610 2318 612201.7094454563 4453652.582989027
671 2318 613418.1131404684 4453653.10423828
732 2318 614638.0484529245 4453653.24889614
793 2318 615858.658534762 4453652.141836272
854 2318 617078.0054002388 4453652.447646718
915 2318 618297.1907801118 4453653.686137308
976 2318 619518.1565908934 4453651.274093112
1037 2318 620737.3470481932 4453653.780813753
1098 2318 621957.6479743684 4453654.244461802
1159 2318 623178.8239689752 4453653.462450398
1220 2318 624398.8729605663 4453653.272574179
1281 2318 625618.1999125497 4453654.291818257
61 2379 601218.8317255342 4452432.2881565215
122 2379 602438.9014076373 4452431.459121401
183 2379 603657.8784687845 4452432.839819194
244 2379 604879.1795739237 4452431.91297957
366 2379 607317.2389233964 4452433.153729345
427 2379 608537.9974982934 4452433.109868679
488 2379 609761.3012786902 4452434.349938647
549 2379 610978.2001994243 4452433.342459798
671 2379 613417.2553734931 4452432.100647627
732 2379 614637.4929966504 4452433.078527237
793 2379 615858.3097513955 4452431.527786787
854 2379 617082.1056892602 4452432.267359705
915 2379 618298.2345036074 4452433.30762696
976 2379 619518.157155925 4452432.832364355
1037 2379 620737.3793743273 4452432.767377649
1098 2379 621958.4066562967 4452433.967066439
1159 2379 623177.4707528398 4452433.917969961
61 2440 601218.5592985722 4451211.613219126
122 2440 602438.7987519403 4451212.853675827
183 2440 603659.3486009684 4451211.580749385
244 2440 604878.5241282609 4451211.897478884
488 2440 609758.6254693188 4451213.694198459
671 2440 613417.6569574472 4451213.600238065
732 2440 614637.8751624095 4451213.1199728595
793 2440 615857.4264346228 4451213.613644869
915 2440 618298.0306355866 4451213.548476255
976 2440 619517.576577938 4451213.3601840045
1037 2440 620738.2098257929 4451213.074836169
1098 2440 621958.2233810591 4451213.5510197375
1159 2440 623177.718365317 4451212.724618696
1220 2440 624397.38625396 4451213.113885103
61 2501 601217.7241870206 4449993.235804381
122 2501 602440.3805678809 4449993.184506175
244 2501 604878.3844243119 4449991.963981158
305 2501 606098.5148636706 4449992.788114199
732 2501 614638.7092237064 4449993.389008951
793 2501 615858.521582615 4449993.080205678
854 2501 617079.0406263061 4449992.569237508
915 2501 618296.775816578 4449993.746012694
976 2501 619517.251428429 4449993.544785101
1037 2501 620738.1359036798 4449993.623559833
1098 2501 621957.6255674505 4449993.934549554
1159 2501 623178.5245137803 4449993.477999311
1281 2501 625618.5775257016 4449992.779744878
0 2562 599997.5670189768 4448773.346907293
61 2562 601217.569545503 4448773.6302243695
122 2562 602437.6160639399 4448772.947757069
183 2562 603658.4937220472 4448772.7174487235
305 2562 606098.0385301189 4448773.607978529
366 2562 607318.3216670969 4448772.58505285
427 2562 608538.1088560626 4448772.636681764
488 2562 609762.173938695 4448773.791094119
915 2562 618299.1847865657 4448773.150652621
976 2562 619517.0664183195 4448773.317344476
1037 2562 620738.0306844932 4448772.742350467
1098 2562 621957.9752937 4448773.706336109
1159 2562 623177.4438080083 4448775.202173305
1220 2562 624397.8686962785 4448773.206183311
1281 2562 625617.3140034251 4448773.638208985
1342 2562 626838.8588785337 4448776.108290794
61 2623 601219.43882502 4447552.600501322
122 2623 602439.3241004224 4447552.85900447
305 2623 606099.1938793361 4447552.687293682
366 2623 607317.21160233 4447553.256172043
427 2623 608538.1870769227 4447552.631098278
610 2623 612198.2682192136 4447553.152378837
793 2623 615858.9748304291 4447552.825782127
854 2623 617078.9216212773 4447552.554812073
915 2623 618298.5843754994 4447552.706207497
976 2623 619517.4273397895 4447552.997037637
1037 2623 620737.5613147012 4447554.162623222
1098 2623 621957.522285613 4447552.799997599
1159 2623 623179.3010627958 4447555.826489151
1220 2623 624397.0614990584 4447552.356039504
1281 2623 625617.6038514102 4447553.592370642
61 2684 601217.7767429277 4446333.149759709
122 2684 602437.8477358791 4446331.873236008
244 2684 604877.9220474081 4446332.918529421
305 2684 606099.1082397456 4446332.946270914
366 2684 607318.2162510214 4446332.027806733
427 2684 608538.0164746601 4446332.941015006
549 2684 610977.2221094685 4446333.19480516
793 2684 615858.8459176455 4446332.390634422
854 2684 617079.4251612872 4446332.845521389
915 2684 618298.4479949662 4446333.265866912
976 2684 619517.9600179814 4446333.804452929
1037 2684 620738.4498821346 4446332.734472139
1098 2684 621958.070728057 4446332.7913477495
1159 2684 623177.7788872767 4446333.593645191
1220 2684 624397.7706408022 4446332.116702132
1281 2684 625616.9996278372 4446332.944149625
1342 2684 626837.6980870635 4446332.958409241
1403 2684 628057.760118167 4446333.730211989
61 2745 601217.9192451206 4445113.000431789
122 2745 602438.467264617 4445114.208608649
183 2745 603659.0036593225 4445113.469969791
244 2745 604878.3987163986 4445113.354921885
305 2745 606097.6325452976 4445113.076260828
854 2745 617078.9974502205 4445111.114298524
915 2745 618298.3780672305 4445113.282292289
976 2745 619522.1053236837 4445113.711870914
1037 2745 620738.7196140894 4445113.158286918
1098 2745 621958.2214437139 4445112.507977524
1159 2745 623178.1966527657 4445113.733625084
1220 2745 624397.7826909797 4445113.278356571
1281 2745 625619.1991438802 4445113.321185846
1342 2745 626838.3261370977 4445113.296632535
61 2806 601217.5824843039 4443892.807153345
122 2806 602438.3902468757 4443892.653132153
488 2806 609758.13227167 4443892.95309028
732 2806 614637.2735803571 4443894.164255395
793 2806 615857.1289561724 4443892.061215148
854 2806 617077.307022027 4443893.595188393
915 2806 618296.1570237788 4443893.46204632
976 2806 619517.6973981578 4443893.208463736
1037 2806 620737.8822079967 4443893.656437775
1098 2806 621957.8540065268 4443892.926981599
1220 2806 624397.4639448214 4443893.678278999
1281 2806 625617.6341598886 4443891.964078708
61 2867 601217.5986665206 4442673.04949954
732 2867 614637.4860478676 4442673.219499605
793 2867 615858.7138510933 4442673.380895544
854 2867 617080.9233411708 4442674.158282569
915 2867 618297.8347355434 4442673.198755677
976 2867 619518.3848492171 4442673.118319232
1037 2867 620736.4748757841 4442673.4455620255
1098 2867 621956.9396367196 4442675.930471102
1159 2867 623177.8170629531 4442673.412434102
1220 2867 624398.8456488632 4442673.356822312
61 2928 601217.5187099373 4441453.068500095
244 2928 604877.9993130378 4441452.226089806
305 2928 606097.7319802194 4441452.2815419175
366 2928 607318.28506714 4441452.398618753
549 2928 610978.0849373821 4441451.5068591
610 2928 612196.8129358627 4441452.981496326
671 2928 613418.0142465014 4441452.232943546
915 2928 618297.2022594532 4441453.212114401
976 2928 619516.9900806496 4441454.68546231
1098 2928 621955.9217460109 4441452.633456194
1159 2928 623177.327208543 4441454.524453269
61 2989 601217.1837608553 4440233.270329413
122 2989 602438.2404504992 4440232.620834389
183 2989 603657.7624278069 4440233.624504769
244 2989 604878.1238460534 4440232.614335256
427 2989 608537.9032257876 4440232.088199819
488 2989 609758.627282005 4440233.538313325
549 2989 610978.7983158581 4440232.009968141
610 2989 612197.0687788432 4440233.047002795
671 2989 613417.1192544182 4440234.115625759
976 2989 619518.3874698771 4440235.995359785
1037 2989 620738.3256137847 4440232.695241685
1098 2989 621958.5701228915 4440231.959230883
1159 2989 623177.7334704493 4440233.687312526
61 3050 601219.0036772718 4439013.485967743
305 3050 606097.856412276 4439014.081199622
366 3050 607317.261302226 4439013.099400104
427 3050 608537.4468546981 4439013.809775762
549 3050 610978.1728558199 4439011.345128976
610 3050 612198.6869391847 4439012.010551316
671 3050 613418.6253312516 4439012.028880025
976 3050 619518.4709202149 4439016.350081032
1098 3050 621958.9273500191 4439012.592337051
1159 3050 623177.8176703654 4439013.011784377
1525 3050 630497.5619365147 4439014.401066985
61 3111 601217.966958476 4437791.771918754
122 3111 602437.3446054484 4437794.179742745
244 3111 604878.0559386896 4437793.151818186
305 3111 606098.7372994155 4437791.761971945
366 3111 607318.8221313329 4437792.765392989
488 3111 609758.0270307666 4437793.349830111
549 3111 610978.0397550598 4437792.945689902
610 3111 612198.1777198735 4437792.964143676
671 3111 613417.4854646577 4437794.115003372
854 3111 617081.2320472992 4437796.097720837
976 3111 619519.0434616493 4437792.23373296
1037 3111 620738.4364560302 4437791.960105717
1098 3111 621959.1008625586 4437793.958110115
1159 3111 623177.1280536456 4437795.966276127
1525 3111 630498.1974415054 4437794.200917236
1586 3111 631718.317615398 4437793.058899023
1647 3111 632938.6138824747 4437793.5675556995
61 3172 601218.443702743 4436571.770489448
122 3172 602438.253533759 4436572.809687544
183 3172 603658.0764095365 4436572.4170726985
305 3172 606097.7368755867 4436572.456808777
427 3172 608537.5714981887 4436574.383045616
488 3172 609757.4650305738 4436574.781033333
549 3172 610978.3107064064 4436573.777197529
610 3172 612198.0925015758 4436574.417852015
671 3172 613418.1521121579 4436572.615376232
793 3172 615856.7321680776 4436573.431088628
854 3172 617077.532311473 4436573.074423985
915 3172 618298.3987000466 4436572.810054483
976 3172 619518.811828681 4436572.508719011
1037 3172 620739.3956784143 4436575.906423455
1098 3172 621958.778768301 4436576.814583369
1159 3172 623177.3721754735 4436576.791315821
61 3233 601218.7187564829 4435352.1014637165
122 3233 602437.8178568385 4435353.290274299
183 3233 603657.8165406827 4435353.039350196
244 3233 604877.0142786336 4435352.6198765775
305 3233 606097.2905304476 4435352.905549977
366 3233 607317.0190605822 4435352.49725667
427 3233 608542.1025264356 4435353.667230127
488 3233 609760.0724041243 4435354.257755531
549 3233 610981.1395416354 4435351.266393512
610 3233 612198.6149914741 4435353.580807362
671 3233 613416.9112062944 4435354.040162225
732 3233 614637.5596769594 4435356.534974502
793 3233 615857.4750201848 4435353.251715568
854 3233 617078.2044800984 4435352.90854484
915 3233 618297.889322093 4435353.815370545
976 3233 619517.803242867 4435353.339579984
1037 3233 620739.8558467759 4435356.640094471
1098 3233 621957.5465755129 4435353.307876262
1159 3233 623178.370998706 4435353.4254134055
61 3294 601216.6022834122 4434133.386203509
122 3294 602437.7839335433 4434133.240973458
183 3294 603657.5873327969 4434133.609669245
244 3294 604877.5006022986 4434132.831486835
305 3294 606096.5261770126 4434133.711469174
366 3294 607318.0450700157 4434133.8426053105
488 3294 609758.9892560837 4434132.5288942
549 3294 610981.9827380732 4434131.998516376
610 3294 612201.6263152355 4434135.264693912
793 3294 615856.7583697719 4434133.929306438
854 3294 617078.2217505941 4434133.639445281
976 3294 619520.924143556 4434136.446257446
1037 3294 620738.6639410418 4434133.248859979
1220 3294 624398.8021838453 4434134.802289569
1281 3294 625618.6330318551 4434133.353388284
1403 3294 628057.56412249 4434133.931440918
1464 3294 629278.3202266496 4434136.36065404
1525 3294 630498.8107995476 4434134.137989585
1586 3294 631718.7047456172 4434134.365984369
1647 3294 632938.0633935871 4434134.549554087
61 3355 601217.2095213496 4432911.077730853
122 3355 602438.3378242068 4432911.769511885
183 3355 603656.2822394768 4432913.128771864
305 3355 606098.4097258347 4432913.772133237
366 3355 607317.5614879016 4432914.314825195
427 3355 608538.0707670456 4432913.059645465
549 3355 610981.3451387587 4432915.248314909
610 3355 612196.7779513089 4432913.528252725
671 3355 613417.8858318311 4432914.575790761
732 3355 614638.7330449729 4432913.9735512445
793 3355 615858.0894782194 4432913.948402917
854 3355 617078.6064601708 4432913.775785398
915 3355 618297.0990807596 4432914.257658336
976 3355 619518.3120328964 4432915.866797754
1037 3355 620738.3317924389 4432914.526172405
1098 3355 621957.2623799196 4432914.159823338
1159 3355 623178.8140577064 4432914.442593262
1220 3355 624398.3212065614 4432913.51858737
1586 3355 631720.6843933683 4432915.262058599
1647 3355 632937.9828569711 4432913.493615763
244 3416 604877.9975368328 4431692.285427955
366 3416 607317.8149389813 4431692.664227798
427 3416 608538.0284957376 4431693.404364088
488 3416 609757.3741213889 4431693.208743929
549 3416 610977.1990467593 4431693.762122825
671 3416 613418.134916307 4431693.941384207
732 3416 614638.0718641304 4431692.936613756
793 3416 615857.3734015918 4431691.805117711
854 3416 617077.4465918419 4431693.014508243
915 3416 618297.969520463 4431693.89126349
976 3416 619517.829869674 4431693.367031736
1037 3416 620738.4469403807 4431694.485795566
1098 3416 621957.7543060449 4431693.388052335
1586 3416 631718.8549072506 4431693.014566826
1647 3416 632941.3003465965 4431695.998782626
1708 3416 634158.7594307006 4431693.637062065
61 3477 601219.8829790045 4430473.530213397
122 3477 602441.0599755344 4430471.658434488
305 3477 606097.9512609963 4430473.700858019
366 3477 607318.3878171787 4430473.448706122
427 3477 608537.7686925808 4430473.262816168
488 3477 609757.3369814974 4430472.422250568
549 3477 610977.5579992697 4430474.179962317
610 3477 612197.5526486778 4430473.150490877
671 3477 613417.3222476965 4430473.0403968
732 3477 614637.9550950067 4430472.163827145
793 3477 615858.1994895763 4430474.280852718
854 3477 617077.4507706214 4430473.023295335
915 3477 618298.9665796617 4430472.624931821
976 3477 619518.6375027829 4430475.658097892
1037 3477 620738.046503509 4430473.181080619
1098 3477 621958.6026486683 4430473.482218625
1281 3477 625618.457880727 4430473.273568613
1586 3477 631719.0821843169 4430477.083266738
1647 3477 632940.8390103033 4430475.828688071
1708 3477 634158.8860758542 4430473.751365562
1769 3477 635378.3868341194 4430473.602715421
61 3538 601217.4888285081 4429252.2811173275
244 3538 604877.5051357572 4429251.834062912
305 3538 606097.9489453362 4429254.78142915
366 3538 607317.7122466115 4429253.238319378
427 3538 608537.9644066993 4429252.547235794
488 3538 609757.329179639 4429253.11026646
610 3538 612198.1407967187 4429253.312407085
671 3538 613417.7763113008 4429253.2030771235
732 3538 614637.6564995968 4429252.727954928
793 3538 615858.0443986523 4429253.478743788
854 3538 617077.324545528 4429253.313266098
915 3538 618297.0461000986 4429253.529944009
976 3538 619518.058195246 4429252.683427307
1037 3538 620736.4878862915 4429253.180855647
1098 3538 621958.1381249414 4429253.90693386
1220 3538 624397.7688967901 4429253.111567014
1281 3538 625618.5570556624 4429252.1452154135
1586 3538 631718.13810345 4429255.709543609
1647 3538 632937.0987047004 4429254.027246175
1708 3538 634158.346966972 4429257.686920431
1769 3538 635382.5444755364 4429253.860785516
61 3599 601221.8474244797 4428032.761279757
122 3599 602441.9307413097 4428033.023383733
366 3599 607318.2967335845 4428033.3694679225
427 3599 608538.3889550541 4428032.987606111
549 3599 610981.5793860211 4428032.98958491
610 3599 612198.8980092228 4428033.238409515
671 3599 613420.939862545 4428033.607466435
732 3599 614641.9377435053 4428033.833891043
793 3599 615862.1336783357 4428033.621292545
854 3599 617082.1417763173 4428032.846408805
915 3599 618298.8171440968 4428032.577772198
976 3599 619520.3019096488 4428033.437319053
1037 3599 620738.1741737132 4428032.283994727
1098 3599 621958.6756404346 4428033.087155003
1159 3599 623177.8783778781 4428032.849868645
1220 3599 624397.7638637065 4428032.986233144
1281 3599 625622.135005915 4428033.386782169
1342 3599 626839.3735640041 4428032.0971801365
1586 3599 631720.9385072709 4428033.602458699
1647 3599 632941.6382204618 4428036.264621423
1708 3599 634160.4875152266 4428036.34217551
1769 3599 635378.7937070192 4428033.329628448
1830 3599 636599.0279833043 4428032.886552003
61 3660 601222.2538410594 4426812.43431441
122 3660 602440.2116390031 4426813.916789186
366 3660 607321.7954660761 4426813.443875085
427 3660 608541.7321953833 4426813.508658213
488 3660 609759.1398188219 4426813.398232422
549 3660 610981.4651458283 4426812.685576961
610 3660 612198.4252229613 4426812.631672
671 3660 613418.3795756476 4426812.918496175
732 3660 614642.2940478266 4426812.8902528435
793 3660 615862.1142623327 4426812.90805847
854 3660 617082.4508510375 4426813.2266349355
915 3660 618298.4401978169 4426812.651186587
1037 3660 620739.0014554558 4426812.95429929
1098 3660 621958.1010148227 4426812.772011957
1220 3660 624398.4209736108 4426813.180294599
1281 3660 625619.0435317805 4426812.484413291
1342 3660 626839.3114084908 4426813.702297034
1403 3660 628058.4752775503 4426814.371146776
1525 3660 630501.0543345746 4426815.918121235
1647 3660 632941.7833333171 4426813.2407454075
1708 3660 634162.2494749312 4426815.307262457
1769 3660 635380.8868181616 4426813.478384883
1830 3660 636600.6016929409 4426813.122314657
1891 3660 637817.6889109807 4426813.975672295
61 3721 601218.3102028441 4425591.579810783
122 3721 602441.4940474771 4425593.67876295
244 3721 604882.344884234 4425592.731709239
305 3721 606102.043118255 4425592.780769684
427 3721 608540.9564933227 4425592.789841896
488 3721 609761.2333129353 4425591.898595371
549 3721 610982.3788180657 4425593.134242203
671 3721 613418.147333583 4425591.945268699
732 3721 614642.0011070389 4425592.93829437
793 3721 615861.8125074513 4425592.797197336
854 3721 617078.8488164961 4425592.880671688
915 3721 618299.2008319014 4425593.1513574505
976 3721 619518.6286797669 4425592.79915352
1037 3721 620738.3682442401 4425592.723337812
1098 3721 621957.3403222056 4425592.4821484955
1220 3721 624399.3172665829 4425591.992517273
1281 3721 625619.8296214452 4425593.210340033
1342 3721 626841.7399940903 4425594.65846131
1403 3721 628058.6564144643 4425592.779349149
1525 3721 630500.8289631652 4425596.52615544
1586 3721 631719.2908907686 4425594.56980069
1708 3721 634162.2624827302 4425593.240576595
1769 3721 635378.64659736 4425592.062131812
1891 3721 637820.405508436 4425593.690513726
61 3782 601221.7502957678 4424372.067583776
122 3782 602438.2232361992 4424373.046009948
305 3782 606101.3737214238 4424372.02848042
366 3782 607320.5470884547 4424372.920056234
427 3782 608541.2056271926 4424372.5455830265
488 3782 609758.8147725778 4424372.014595211
549 3782 610978.8832850294 4424372.011564206
732 3782 614638.8678242775 4424371.531953907
793 3782 615858.9478115535 4424370.685706173
854 3782 617078.5284685727 4424373.555672125
976 3782 619518.4481114784 4424373.067999253
1037 3782 620741.5591312203 4424372.4908940755
1098 3782 621960.5021160631 4424372.437245531
1159 3782 623181.1653323495 4424372.833945472
1220 3782 624398.9451799201 4424371.762724785
1281 3782 625618.5671853236 4424373.190325725
1342 3782 626839.0823183702 4424372.616148301
1403 3782 628061.6727979472 4424373.12551298
1464 3782 629281.7383786627 4424372.946372779
1525 3782 630501.1395359058 4424373.310838438
1586 3782 631717.8681740155 4424372.985503786
1647 3782 632938.4558892648 4424372.956909597
1708 3782 634158.9989346061 4424373.016729556
1769 3782 635379.3687507785 4424373.998247294
1830 3782 636600.7490330671 4424373.446553359
1891 3782 637819.0225883697 4424373.820801573
61 3843 601221.2881840636 4423153.279981552
366 3843 607317.4440534437 4423152.201229584
427 3843 608537.7957849455 4423152.84051323
488 3843 609761.6816753874 4423152.30585959
610 3843 612198.7502023524 4423153.134046431
671 3843 613418.9063384262 4423151.748942247
793 3843 615858.8307665737 4423152.435635784
854 3843 617078.6040057545 4423152.734536809
915 3843 618298.314144669 4423154.227463549
976 3843 619518.2639659191 4423152.973757614
1037 3843 620741.7163041136 4423152.964145779
1098 3843 621958.3072920986 4423153.436565471
1159 3843 623179.0685551692 4423153.434679363
1281 3843 625619.9119462344 4423153.434642418
1342 3843 626839.3121782203 4423153.226122539
1403 3843 628060.6183989997 4423156.610109787
1464 3843 629277.2716998364 4423153.71734927
1525 3843 630498.7089924093 4423152.653217043
1647 3843 632938.770405153 4423152.053485208
1708 3843 634161.0359548719 4423153.998259772
1769 3843 635381.3728036328 4423154.145263207
1830 3843 636598.6401004778 4423153.524041537
1891 3843 637817.7995248787 4423153.203455675
61 3904 601221.5549398871 4421931.09061359
122 3904 602442.0185443874 4421932.171655844
183 3904 603658.2984086721 4421933.011376078
244 3904 604878.3188958459 4421931.903237458
366 3904 607321.6893236915 4421931.632314342
427 3904 608538.7524923178 4421932.453305753
488 3904 609759.1724715008 4421932.494928448
549 3904 610978.6325896074 4421932.535912121
610 3904 612202.0576448431 4421933.449515713
732 3904 614637.4908212987 4421932.445897766
793 3904 615859.3156185675 4421932.706038325
915 3904 618298.4469077634 4421932.3648788715
976 3904 619518.2099856002 4421933.37873264
1220 3904 624397.846812321 4421933.356730498
1281 3904 625619.6782146242 4421933.327249141
1342 3904 626837.4137992151 4421933.480653188
1403 3904 628061.1451336634 4421936.351160492
1464 3904 629277.537983471 4421933.403308296
1525 3904 630502.0527026445 4421933.3668366205
1586 3904 631719.2384263107 4421933.1870455025
1647 3904 632939.3993775505 4421934.179299051
1708 3904 634158.5423821942 4421933.8132167645
1769 3904 635378.3633611395 4421936.331812682
183 3965 603662.0395939321 4420712.382057092
305 3965 606101.645872883 4420712.643053259
366 3965 607320.9504021795 4420712.087738246
488 3965 609758.5164207877 4420713.151373078
549 3965 610978.2257115126 4420712.812423268
610 3965 612198.5083382078 4420712.471182738
671 3965 613420.993918896 4420712.262611809
732 3965 614641.9182436365 4420712.087647549
793 3965 615857.7612294864 4420713.369592966
854 3965 617078.4523736642 4420713.131185407
1037 3965 620738.4780406518 4420713.143206274
1098 3965 621961.9455822716 4420715.317715683
1159 3965 623177.7050774979 4420713.593886573
1220 3965 624398.63596299 4420713.674871471
1281 3965 625619.6955113944 4420712.910630725
1342 3965 626839.4955966903 4420712.259921479
1403 3965 628057.7870593797 4420713.657629541
1464 3965 629281.0885844664 4420715.83102968
1525 3965 630497.5616790471 4420713.569878258
1586 3965 631720.8455165926 4420715.794106666
1647 3965 632939.4191914288 4420713.4907013755
1708 3965 634160.8566027823 4420713.92467919
1769 3965 635379.3657626966 4420715.602514366
122 4026 602441.9746293718 4419492.4532649005
183 4026 603657.7852490349 4419492.451545277
244 4026 604878.9366090157 4419491.992781891
366 4026 607318.6684968988 4419492.939996309
488 4026 609758.4688157183 4419493.0192849655
549 4026 610977.4912037882 4419493.506280537
610 4026 612201.9770098075 4419492.968163594
671 4026 613420.7293741083 4419492.052451198
732 4026 614639.194191951 4419493.6061674915
793 4026 615857.934076508 4419493.437670917
854 4026 617081.9608000659 4419492.81764202
976 4026 619520.3452560114 4419492.173138606
1037 4026 620740.4465821782 4419493.097812305
1098 4026 621959.7595204074 4419493.443472558
1159 4026 623178.3796218615 4419493.807852896
1220 4026 624399.4978467253 4419493.504247822
1281 4026 625621.111918726 4419492.695344409
1342 4026 626841.1869879507 4419492.801730701
1403 4026 628058.514516605 4419492.770255426
1464 4026 629278.1620935783 4419493.146840373
1525 4026 630498.427176821 4419492.777018677
1586 4026 631718.6309228555 4419492.887382608
1647 4026 632942.5492906483 4419493.582769407
1708 4026 634161.8724413855 4419494.983392101
61 4087 601221.675792327 4418273.649334719
183 4087 603658.1048546936 4418273.42214154
366 4087 607318.6612454809 4418272.699446809
427 4087 608537.9242482944 4418273.076383466
488 4087 609758.0809904597 4418273.701640173
549 4087 610977.0359454731 4418273.936574113
610 4087 612198.1640497083 4418272.9224946825
671 4087 613418.1272479806 4418273.328549684
732 4087 614641.9441399663 4418273.536063075
793 4087 615861.5937523147 4418273.002110645
854 4087 617082.5579625809 4418273.4717649305
976 4087 619518.3279675125 4418273.221831512
1098 4087 621958.416961961 4418273.601546279
1159 4087 623178.0391272032 4418274.436518889
1220 4087 624397.4672280945 4418273.368601727
1281 4087 625620.3892602266 4418273.202834905
1342 4087 626839.3803125722 4418273.941046422
1403 4087 628061.8751443891 4418273.475896564
1525 4087 630498.7749218605 4418276.238479752
1586 4087 631718.3313387199 4418273.903987095
1647 4087 632941.1553128005 4418273.583812022
61 4148 601220.882268068 4417051.905614618
122 4148 602441.032182524 4417052.471315416
183 4148 603661.2209594682 4417052.994921671
244 4148 604878.258838866 4417052.251736939
305 4148 606102.0128213826 4417051.622876595
366 4148 607318.2844821496 4417051.779919088
427 4148 608540.6595122373 4417052.65715765
488 4148 609759.0532479738 4417053.790936282
549 4148 610978.331761304 4417052.922183574
671 4148 613421.582285118 4417053.239539052
732 4148 614638.5099969361 4417053.178261604
793 4148 615861.3203918032 4417052.725881082
854 4148 617078.6017755751 4417054.443634987
915 4148 618298.5405409527 4417053.676627997
976 4148 619517.0330410464 4417053.475417062
1159 4148 623180.78900063 4417056.2290308615
1220 4148 624401.454783204 4417053.715770764
1281 4148 625619.0885735562 4417052.823134606
1342 4148 626838.8246858045 4417053.418483816
1403 4148 628058.5101787654 4417053.119781934
1464 4148 629280.9115955342 4417053.855405064
1525 4148 630498.2235036964 4417053.744108533
1647 4148 632938.6803396111 4417052.577966669
61 4209 601221.1896690403 4415831.949392774
122 4209 602438.7448243616 4415833.474463793
183 4209 603660.9942819449 4415832.772008564
244 4209 604879.2340976441 4415832.818940817
427 4209 608541.0142465562 4415832.571809619
488 4209 609761.541795237 4415833.588564758
610 4209 612198.3920261394 4415833.379544207
671 4209 613419.3579619501 4415833.681663259
732 4209 614640.6566282517 4415832.4585800655
793 4209 615858.6505589053 4415832.782168215
854 4209 617078.1949957759 4415833.086258428
915 4209 618297.7635933254 4415833.367113564
1037 4209 620739.7398188245 4415835.4654954
1159 4209 623179.599317818 4415833.52649929
1220 4209 624398.3883647216 4415833.499167598
1281 4209 625618.9824549883 4415832.086878332
1342 4209 626838.0744154096 4415833.392365493
1403 4209 628061.5284323683 4415836.475162205
1464 4209 629280.9236746526 4415836.086703657
1525 4209 630498.9375850561 4415833.984450668
1586 4209 631722.2164513629 4415835.344859315
61 4270 601221.759167263 4414612.74322744
122 4270 602439.2270812242 4414612.419101036
244 4270 604879.1062064632 4414613.594156878
305 4270 606098.9278937776 4414612.227356753
488 4270 609758.5141900595 4414612.607389973
549 4270 610980.5352159123 4414613.895877695
610 4270 612200.4653946008 4414613.485500138
671 4270 613419.0794157723 4414612.330793521
732 4270 614641.5682397042 4414613.72590582
793 4270 615858.2869062652 4414612.97128668
854 4270 617078.4377372778 4414614.809301472
915 4270 618297.4649012416 4414613.808689597
1037 4270 620738.7990064393 4414614.279319871
1098 4270 621961.9516371855 4414612.606796554
1220 4270 624401.4568821297 4414615.482287167
1281 4270 625618.3475320517 4414613.763728846
1342 4270 626841.4982292373 4414612.405998114
1403 4270 628061.8092109434 4414616.33269343
1464 4270 629281.4080059277 4414616.250774481
61 4331 601221.0467976646 4413393.635241118
122 4331 602440.9826778072 4413392.908288168
183 4331 603661.3881696253 4413393.916685753
244 4331 604878.241255281 4413392.775068067
305 4331 606101.6632887695 4413393.291051773
366 4331 607322.1994679681 4413392.389186855
427 4331 608538.7916415695 4413391.781576815
488 4331 609761.7722865501 4413392.4847627655
549 4331 610978.9612925585 4413393.090453877
610 4331 612200.8622222851 4413393.073187748
671 4331 613418.8359381526 4413393.589590559
732 4331 614638.3316676406 4413393.363617369
793 4331 615859.6501636216 4413393.399822744
854 4331 617079.2345220953 4413393.669936046
915 4331 618301.8210942367 4413395.61874307
976 4331 619520.3369622664 4413392.3484292785
1037 4331 620741.9142816124 4413392.937795841
1220 4331 624397.7522256263 4413394.125159226
1281 4331 625621.5714458267 4413395.891600016
1342 4331 626841.3079028516 4413396.670672241
183 4392 603658.3429100737 4412173.872820102
244 4392 604878.0140039219 4412173.228355033
305 4392 606102.3294600126 4412173.338326816
366 4392 607321.958082292 4412172.9403734505
427 4392 608537.7374857763 4412174.023344559
488 4392 609759.0159549648 4412173.68241935
549 4392 610977.6981965187 4412173.4394566445
610 4392 612201.714041475 4412172.37437625
671 4392 613419.1246835198 4412172.408333919
732 4392 614641.4228027691 4412174.35198697
793 4392 615858.6499349677 4412173.468819114
854 4392 617078.358551067 4412173.109687733
1037 4392 620738.9817766953 4412173.401485886
1098 4392 621959.3097886309 4412172.993790491
1281 4392 625619.1440487264 4412173.18526262
1342 4392 626840.5849282874 4412175.646791681
1403 4392 628061.5446954863 4412173.972335051
1464 4392 629278.9120226969 4412176.544785579
61 4453 601218.2124453501 4410953.497094448
183 4453 603657.2952097498 4410952.725748709
244 4453 604881.8680316206 4410953.772093428
305 4453 606097.5903597202 4410953.839091608
366 4453 607321.9135435019 4410953.375233478
549 4453 610980.7624502865 4410953.440793344
610 4453 612202.2443957966 4410953.479848466
671 4453 613418.402955706 4410952.789406282
854 4453 617080.8082001222 4410953.529853514
915 4453 618298.1331471731 4410953.958742576
1037 4453 620738.4271557825 4410951.602072314
1098 4453 621961.8600851336 4410952.427148376
1159 4453 623182.156161433 4410955.737676698
1342 4453 626839.1859225587 4410953.161456598
61 4514 601218.9406126247 4409732.577278668
122 4514 602440.3975348792 4409733.744660574
305 4514 606099.2387485978 4409732.320241553
366 4514 607321.7706943518 4409733.508676684
549 4514 610981.5049650035 4409733.654932037
610 4514 612198.1718210438 4409733.693064024
671 4514 613420.9470276996 4409733.203301706
793 4514 615860.915349699 4409733.588487077
854 4514 617081.9912879796 4409732.620362158
915 4514 618298.6514287103 4409732.994166909
976 4514 619517.6186875027 4409733.795839112
1037 4514 620741.6659573837 4409732.877327695
1098 4514 621959.2455423559 4409732.698715397
1159 4514 623181.333447887 4409733.461839725
1403 4514 628060.9208604394 4409733.015620244
61 4575 601220.6110492286 4408512.716666739
183 4575 603657.8234367609 4408514.4795089
305 4575 606101.5006471198 4408512.320965335
366 4575 607318.2175101679 4408513.710313842
488 4575 609758.7437425114 4408512.666174265
549 4575 610980.824096809 4408513.1980873
610 4575 612198.7561476588 4408512.701577863
671 4575 613417.9314413781 4408512.759944308
732 4575 614642.5616540741 4408513.316835151
793 4575 615857.5162229215 4408513.59752669
854 4575 617078.4867449546 4408513.394030736
976 4575 619518.5815090263 4408513.165249957
1098 4575 621958.1986195756 4408513.643427934
61 4636 601221.1271011583 4407292.201591852
122 4636 602441.3679776504 4407293.621715046
183 4636 603658.8958660531 4407292.935777808
305 4636 606098.3200715575 4407293.137516953
427 4636 608540.458983451 4407292.232339094
488 4636 609758.4180051849 4407291.977814871
549 4636 610982.18840992 4407293.018430848
610 4636 612197.87551406 4407292.611770377
671 4636 613418.3566931929 4407292.932309303
732 4636 614638.2975145571 4407292.493386909
793 4636 615858.0943737635 4407293.389329426
854 4636 617080.7563241071 4407292.956549682
915 4636 618298.9354902519 4407292.9449604405
1037 4636 620738.399996762 4407295.962971722
1098 4636 621957.7592142923 4407293.816315968
1342 4636 626842.0130140127 4407295.7384743495
0 4697 600001.6600646068 4406072.016456048
61 4697 601218.016851952 4406073.168836722
183 4697 603658.5011647823 4406073.379208652
244 4697 604880.844334405 4406072.176295924
305 4697 606098.3950827504 4406072.770906702
366 4697 607319.3863548154 4406072.875922529
427 4697 608539.5512637047 4406072.8632139815
549 4697 610978.8584698365 4406073.07202466
610 4697 612199.0796171658 4406072.814800333
671 4697 613419.3265092216 4406073.4233460985
732 4697 614638.3401373969 4406072.831119893
793 4697 615859.1854259663 4406073.402296285
854 4697 617081.4339772146 4406072.652978508
1159 4697 623180.5680664317 4406073.343490688
61 4758 601221.2961307986 4404852.656682437
122 4758 602441.2275162832 4404853.173117469
183 4758 603660.5609466779 4404852.07851516
244 4758 604878.8701916243 4404852.290004366
305 4758 606098.4036100897 4404852.950339297
366 4758 607318.9920835688 4404853.373880365
488 4758 609759.0475405153 4404852.956464026
549 4758 610980.6037853151 4404852.859093539
610 4758 612199.5960140139 4404852.969356126
671 4758 613418.7302425229 4404853.302252727
793 4758 615858.6134556916 4404853.973820798
854 4758 617081.8448241403 4404852.673281815
915 4758 618298.5084356605 4404853.514877924
1098 4758 621961.5711366684 4404852.927345262
1220 4758 624402.6644024716 4404853.590089134
1342 4758 626836.5098509412 4404856.426210642
61 4819 601218.4583178196 4403633.128044988
122 4819 602440.5355845481 4403633.273203742
183 4819 603658.4175274919 4403633.612778356
244 4819 604882.0650753743 4403632.460169067
305 4819 606098.6068884999 4403632.620405945
366 4819 607318.06150855 4403632.859402693
488 4819 609758.3965774274 4403632.739996946
549 4819 610980.8936061215 4403633.431426848
610 4819 612198.402953162 4403633.336818506
671 4819 613417.5240545581 4403633.23899667
793 4819 615862.0289372765 4403633.265017128
976 4819 619521.5413435095 4403633.982264731
1037 4819 620741.0506369415 4403634.276898823
1159 4819 623178.9529952225 4403633.05447913
61 4880 601219.2429796769 4402412.192397556
122 4880 602438.7808165961 4402412.362612688
244 4880 604878.186662499 4402412.594304433
427 4880 608538.611040924 4402413.868797501
488 4880 609761.2640574641 4402415.957571763
549 4880 610977.1630935861 4402413.646220464
610 4880 612197.9502475301 4402414.558020196
671 4880 613417.7277269143 4402412.859911015
732 4880 614642.3595048455 4402412.960529953
793 4880 615858.5869030512 4402412.573469816
915 4880 618298.1790349296 4402414.146880546
61 4941 601219.1899717193 4401193.010305176
122 4941 602441.9818274912 4401192.704518259
183 4941 603658.9760676827 4401192.0003785305
427 4941 608541.9093717583 4401192.430688286
488 4941 609760.7832019734 4401192.785675389
549 4941 610981.256828707 4401194.208200459
671 4941 613419.4521622838 4401196.235109271
732 4941 614638.1589329878 4401193.543981454
793 4941 615856.8316047854 4401194.405144376
854 4941 617078.9975302628 4401195.81959775
61 5002 601218.5077463194 4399972.812149169
122 5002 602441.5785419625 4399974.293399977
183 5002 603658.6937610205 4399972.992104813
244 5002 604881.2990655983 4399973.338428874
366 5002 607322.2735673407 4399972.788687091
549 5002 610980.7229150705 4399972.758261498
610 5002 612201.7964720484 4399975.934551672
671 5002 613422.2427391023 4399975.2072884515
976 5002 619517.961682855 4399976.884868239
1098 5002 621962.4365110212 4399973.041428265
1342 5002 626841.4143199135 4399975.208964445
1403 5002 628060.7018567295 4399972.589641542
61 5063 601217.209780598 4398753.107296913
122 5063 602438.9829742986 4398755.7119534165
244 5063 604879.1794721234 4398755.555061293
488 5063 609759.0704972085 4398754.0332239885
732 5063 614639.49310307 4398755.121208716
793 5063 615860.6678045067 4398754.530136701
854 5063 617080.614461116 4398752.212589349
915 5063 618300.895316521 4398754.377971798
976 5063 619517.9631049664 4398755.797213956
1098 5063 621958.1458086545 4398753.903640262
61 5124 601217.2202244308 4397533.502014968
122 5124 602439.6659009394 4397533.383267218
183 5124 603657.4533832865 4397533.894941681
244 5124 604880.7346420196 4397533.441346367
305 5124 606098.085806176 4397534.733186355
732 5124 614639.203932932 4397533.655447143
1342 5124 626838.38124275 4397533.769651533
122 5185 602437.9101473527 4396314.449024667
183 5185 603658.121887615 4396314.262196598
244 5185 604878.5648633882 4396313.2831870215
488 5185 609759.2826050102 4396312.207453784
793 5185 615858.02736396 4396312.166163868
1159 5185 623182.4638255483 4396314.408275127
1342 5185 626840.6884377879 4396317.030675385
1464 5185 629277.7750604867 4396314.751884864
61 5246 601218.9334599735 4395093.389534972
122 5246 602440.7267949154 4395091.997039369
183 5246 603661.6035023818 4395093.2800806165
305 5246 606096.9918490113 4395093.432335302
366 5246 607321.5778590738 4395093.092395472
427 5246 608538.399505533 4395093.6571307
488 5246 609759.1441937083 4395093.309561975
610 5246 612201.1327713381 4395093.263554807
671 5246 613417.7217572813 4395093.5973147275
732 5246 614641.429000709 4395093.224874239
793 5246 615857.18542315 4395092.419370203
915 5246 618300.5969522698 4395093.459640066
976 5246 619518.2671015142 4395093.357428468
1098 5246 621958.4296682879 4395093.978504284
1220 5246 624401.7476415058 4395095.61048338
1281 5246 625618.9026234809 4395096.620277404
1403 5246 628059.7624245748 4395095.778795895
1464 5246 629280.4645821482 4395096.538144301
1525 5246 630501.7885808853 4395094.813108882
122 5307 602441.1021359098 4393872.426890204
183 5307 603658.3872662476 4393873.067819399
366 5307 607317.0573803197 4393873.017485737
427 5307 608538.4508017077 4393872.835041907
549 5307 610978.3511447127 4393873.551416382
610 5307 612198.4801668946 4393873.582842829
671 5307 613418.3180816866 4393872.900020568
793 5307 615859.154303221 4393872.8460784815
854 5307 617078.6787601481 4393873.433946254
915 5307 618297.4609055689 4393873.719256853
1220 5307 624398.401474513 4393877.678328642
1403 5307 628062.0857698608 4393876.320630454
122 5368 602439.5129452839 4392652.804415904
305 5368 606099.1100117088 4392652.78348742
366 5368 607320.5341832618 4392652.812954864
488 5368 609758.1734420821 4392653.421670575
549 5368 610981.6485369565 4392652.683276581
610 5368 612198.9301317541 4392653.092765775
671 5368 613418.227610315 4392652.969469357
732 5368 614637.9655754531 4392653.037697628
915 5368 618297.3777699339 4392654.233378492
1037 5368 620741.4094926293 4392655.752357352
1098 5368 621958.7966491294 4392653.74290511
1403 5368 628057.0586675012 4392653.386554397
0 5429 600000.9227593531 4391433.673527782
61 5429 601218.7648575247 4391433.009634501
122 5429 602440.6767362176 4391432.593543468
427 5429 608541.7493078385 4391432.495276048
488 5429 609759.2270384873 4391432.1189149
549 5429 610978.5419653883 4391432.804333063
671 5429 613418.660895656 4391432.078302794
793 5429 615862.2838069579 4391432.844926205
854 5429 617077.8306303045 4391433.23304793
1037 5429 620740.8088710763 4391432.94177735
1342 5429 626838.0629961769 4391433.599695537
0 5490 600001.5522546986 4390211.856421686
427 5490 608537.2700225502 4390216.094121979
610 5490 612201.0883143323 4390212.56554422
