1952 122 619522.1971029933 4498781.401816548
2074 122 620741.6251262855 4498778.877813281
2440 122 624398.662666412 4498778.092317215
2562 122 625618.5691273812 4498778.879789466
2684 122 626839.2138385869 4498778.665967885
2928 122 629278.8354889264 4498778.565918981
3050 122 630502.4986539058 4498778.147651759
3538 122 635378.4280942028 4498778.486404153
3782 122 637818.2404416325 4498781.148948481
4270 122 642698.0497644248 4498781.400723297
4392 122 643917.7822568424 4498781.35428546
1952 244 619518.6770453075 4497558.675537139
2074 244 620738.5526365396 4497558.6993228085
3416 244 634157.7552999092 4497558.866264389
3904 244 639038.677919205 4497558.7614231715
4026 244 640257.3588104103 4497560.866089402
4270 244 642697.8974354947 4497558.488964501
4392 244 643917.4792877263 4497561.212969446
4514 244 645137.4823005864 4497559.391640464
4636 244 646357.5466193378 4497558.793265758
366 366 603661.1163705273 4496338.649251898
2074 366 620738.3996015014 4496338.343200805
2318 366 623182.6610057475 4496338.080422941
2562 366 625622.3654566654 4496338.07670855
3660 366 636597.462936585 4496341.010081962
4148 366 641477.8222815833 4496338.967534687
4270 366 642697.8679017096 4496338.984493121
4392 366 643917.325766512 4496341.35209868
4514 366 645138.5183793744 4496340.781985988
4636 366 646358.0737433654 4496341.612516828
4880 366 648797.4413862629 4496341.230114002
976 488 609761.4369554874 4495118.069049542
1098 488 610982.0670423155 4495117.251256781
1220 488 612202.0654437807 4495118.43400876
1464 488 614641.3074090931 4495118.072072788
2318 488 623181.0136955531 4495118.581821695
2684 488 626839.0633498227 4495118.39916861
3172 488 631717.6482220562 4495121.061687369
3294 488 632938.7596249797 4495119.165437785
3782 488 637820.6909051158 4495118.059298537
4270 488 642698.2137556061 4495121.212733898
4392 488 643917.7336026423 4495118.282583323
4514 488 645137.6252842633 4495119.108373951
4880 488 648796.8429217727 4495121.52932471
5002 488 650017.6082714711 4495120.665287319
5246 488 652458.4268832701 4495118.499628725
1952 610 619518.7331450392 4493898.448161333
2074 610 620738.3136941654 4493898.084372532
2196 610 621961.679318 4493897.407036443
3050 610 630498.3264652664 4493901.246178288
3172 610 631718.5470315252 4493900.103985387
4270 610 642698.0697824423 4493899.171824603
4392 610 643918.5745402729 4493901.767707286
4514 610 645138.5687500366 4493901.261765944
4636 610 646357.2288676401 4493898.542917518
5002 610 650018.2889919493 4493901.076691715
5124 610 651237.1858067213 4493901.199452385
1342 732 613418.670208694 4492678.354795769
1464 732 614639.4485136471 4492678.345835895
1586 732 615858.8173029526 4492678.603502346
2318 732 623178.8289048374 4492678.488886751
2684 732 626840.7777153164 4492679.516336035
2806 732 628057.5905689136 4492678.852397254
2928 732 629278.2173245837 4492681.021412244
3416 732 634157.8734075966 4492678.365844788
4392 732 643918.5723152676 4492680.906952703
4514 732 645137.2982400311 4492679.321024812
5002 732 650017.9586824247 4492678.440322822
5124 732 651237.4313270926 4492679.118872352
5368 732 653677.3623511868 4492679.512623024
610 854 606101.0556639696 4491458.42534681
854 854 608541.4070636762 4491457.740577217
1342 854 613421.4163854338 4491458.032861266
1830 854 618299.4237630725 4491457.982353947
2196 854 621958.753939031 4491458.266454174
3172 854 631717.4234003058 4491458.900451585
3416 854 634158.671917188 4491459.557783386
3538 854 635381.4014421615 4491461.3824261455
4148 854 641477.6065463128 4491461.014727321
4392 854 643917.1750540005 4491460.424192451
4514 854 645137.5004436693 4491458.896047862
5368 854 653677.2849855698 4491461.8619062165
122 976 601221.9995803578 4490238.082843552
854 976 608541.9844249308 4490237.935439463
1830 976 618298.6542981595 4490238.386462006
1952 976 619518.1267743271 4490238.726061943
2440 976 624398.4458028114 4490238.118383296
2562 976 625618.8493369042 4490237.988619131
2684 976 626838.00321252 4490238.393687634
2928 976 629278.4682267653 4490238.625502703
3050 976 630498.3687618528 4490238.923556426
3172 976 631717.9175906279 4490238.498172911
3538 976 635378.8453656702 4490241.205822106
3660 976 636597.8997028741 4490242.501341621
4270 976 642697.2830146365 4490238.626004393
4392 976 643918.6463764053 4490238.030296895
4514 976 645137.7678731602 4490241.369723241
4636 976 646357.0660665599 4490240.8496372085
4758 976 647577.513012226 4490238.70270747
1098 1098 610982.1105612805 4489018.314266696
1342 1098 613421.4123257613 4489018.504514634
1830 1098 618298.6489363031 4489018.446940056
1952 1098 619519.154602507 4489019.133850889
2074 1098 620742.1705672115 4489019.189602088
2440 1098 624401.1074189898 4489018.544991543
2806 1098 628058.5686627155 4489018.6966104675
2928 1098 629278.4433647968 4489018.386525527
3050 1098 630498.8438843896 4489018.381076265
3538 1098 635377.7274512799 4489018.60479927
3660 1098 636597.5384800372 4489018.691976479
4026 1098 640257.452032735 4489022.084897324
4148 1098 641477.6636067498 4489021.023572584
4392 1098 643917.6209803942 4489018.8389407275
4636 1098 646357.1299041215 4489018.675642411
366 1220 603661.9410431162 4487796.9934041295
1098 1220 610981.7965502993 4487798.471757564
1220 1220 612201.2374926254 4487798.239158471
1342 1220 613418.8092707527 4487797.99200172
1464 1220 614638.737143383 4487797.874341948
1708 1220 617081.4726027219 4487799.076670402
1830 1220 618298.435499498 4487798.447951265
2318 1220 623178.2476394288 4487798.697365986
2684 1220 626838.3546259472 4487798.39340331
2806 1220 628058.1935958001 4487801.14831175
3050 1220 630498.516269196 4487798.756245073
3416 1220 634158.5469819088 4487798.6565188365
3538 1220 635378.2045848522 4487798.79047868
3782 1220 637817.3392210177 4487800.794043911
3904 1220 639038.0799613155 4487801.172094017
4026 1220 640258.0049534636 4487801.298851332
4758 1220 647577.7900930679 4487802.290682359
122 1342 601221.301527814 4486577.967441463
854 1342 608539.2561251122 4486577.198670633
1342 1342 613418.8188639189 4486578.65245747
1952 1342 619518.7917951131 4486578.307739632
2074 1342 620738.8080389174 4486578.253215901
2196 1342 621958.5092714161 4486578.360145753
2318 1342 623178.3451677137 4486578.240110976
2562 1342 625618.5745326902 4486577.515507955
2928 1342 629277.9931382971 4486578.939737762
3294 1342 632938.4681861022 4486578.456060725
3782 1342 637818.249156333 4486581.830793139
4026 1342 640258.3824419588 4486581.241860323
366 1464 603661.7153828994 4485357.295885591
732 1464 607321.1235522807 4485358.143198659
854 1464 608541.1066265751 4485358.377005414
1952 1464 619518.3522351937 4485358.309335043
2074 1464 620738.3934675179 4485358.076119715
2318 1464 623178.1739600056 4485358.269750882
2440 1464 624398.2140455111 4485358.212683105
2562 1464 625618.9046326152 4485358.248135325
2806 1464 628061.0574373541 4485358.492357072
2928 1464 629278.1997293046 4485358.077853521
3172 1464 631718.1635964838 4485358.594003851
3294 1464 632938.6344374488 4485361.512295234
3416 1464 634158.4099401273 4485358.231755735
4026 1464 640257.8344908941 4485358.460464879
4392 1464 643919.1395099325 4485361.426797283
4758 1464 647578.3655081391 4485362.137151006
1098 1586 610981.3291492964 4484138.271187072
1464 1586 614641.9083856788 4484138.173918045
1708 1586 617078.9713094801 4484139.063845908
2074 1586 620738.9159598594 4484138.948731955
2440 1586 624398.5803294816 4484138.443900355
2928 1586 629278.8976494683 4484138.766390588
3172 1586 631721.1805241241 4484138.627234984
3294 1586 632941.6614639198 4484138.6582461
3416 1586 634162.0389370709 4484138.295965245
3538 1586 635378.1783738367 4484138.553962813
3782 1586 637818.4245265065 4484138.785872025
4270 1586 642697.0352201953 4484138.802427346
4392 1586 643917.1824862859 4484138.232968839
4636 1586 646358.7227279522 4484140.250598712
732 1708 607322.6578540322 4482918.504172373
854 1708 608538.9995871035 4482917.7356054075
976 1708 609761.6324583596 4482917.358089813
1464 1708 614642.1973282896 4482918.784328385
1586 1708 615861.1932457417 4482918.8965774095
2318 1708 623178.2456204931 4482917.7223521415
2440 1708 624398.9368523278 4482918.302318073
2562 1708 625618.3524524223 4482918.235821368
2806 1708 628058.4608179146 4482918.197828422
3050 1708 630497.7785367322 4482918.763316682
3172 1708 631718.427693513 4482918.559355497
3294 1708 632938.0900258678 4482918.376432932
3538 1708 635378.3440246523 4482918.469304318
3782 1708 637818.457949775 4482918.42783085
3904 1708 639038.0781553396 4482921.282175318
4514 1708 645138.0286041781 4482918.950447211
4880 1708 648797.5564668409 4482921.037548474
976 1830 609761.6194469765 4481697.469820564
1464 1830 614641.77752592 4481701.457491933
1708 1830 617081.4238014587 4481697.712734861
2318 1830 623181.739840211 4481698.456265776
2928 1830 629278.2995620607 4481698.995146923
3050 1830 630498.1714219463 4481698.583816997
3172 1830 631718.313609649 4481698.4684970165
3294 1830 632937.9574342495 4481698.867237646
3416 1830 634158.0640433845 4481698.404150643
3538 1830 635378.9517029906 4481698.731452302
3660 1830 636598.3084786438 4481699.115290272
5002 1830 650018.3770199245 4481699.283939927
366 1952 603662.8328999407 4480477.562842916
976 1952 609761.6532720783 4480478.52902308
1098 1952 610979.314546349 4480477.937706103
1464 1952 614642.0019036655 4480478.859307938
1586 1952 615861.6574216367 4480478.207498469
1830 1952 618300.9555546864 4480478.525153297
2196 1952 621961.716352634 4480477.997416091
2318 1952 623178.685311651 4480477.732226649
2562 1952 625618.0332734731 4480478.115283239
2684 1952 626838.1567026525 4480478.8177125715
3050 1952 630498.1421812254 4480478.551658056
3538 1952 635378.3703461868 4480478.850468955
3782 1952 637818.3629020649 4480478.770859839
4026 1952 640258.7443759557 4480478.788960077
122 2074 601223.1542345968 4479257.409846941
244 2074 602441.8766436265 4479257.603062825
488 2074 604881.5436129525 4479257.597978585
732 2074 607319.1511397064 4479258.187018257
976 2074 609761.2636900374 4479257.951168055
1220 2074 612201.7382298018 4479258.348489502
1830 2074 618298.6896905731 4479258.556500689
1952 2074 619518.65161974 4479257.895990503
2196 2074 621960.564585485 4479258.109019771
3050 2074 630499.1540663642 4479258.848023205
4148 2074 641478.5252620057 4479260.417339646
4392 2074 643917.3713206807 4479258.582078769
976 2196 609760.9713657757 4478039.26399602
1220 2196 612201.5763364758 4478037.963133625
1464 2196 614638.6342570985 4478038.595554479
1586 2196 615861.7234496403 4478038.38071959
2074 2196 620741.543326404 4478037.909087048
2196 2196 621961.3830785558 4478037.769722254
2318 2196 623182.7740824182 4478037.541899886
2440 2196 624398.5433682591 4478038.295505305
2562 2196 625618.8619988023 4478038.732250577
2684 2196 626838.1933164742 4478038.897068546
2928 2196 629279.0922314927 4478038.076818238
3538 2196 635378.1790487691 4478038.971485211
4026 2196 640258.4511449863 4478038.70687408
4392 2196 643918.1695673116 4478041.536011716
244 2318 602442.0574172817 4476817.533720219
488 2318 604879.0673445127 4476817.847168697
610 2318 606099.0984136607 4476817.384657883
732 2318 607321.4174870515 4476817.985035924
976 2318 609761.5229335508 4476818.135998832
1220 2318 612198.8903735338 4476818.258884694
1464 2318 614641.0288574352 4476818.060404481
2196 2318 621958.2419848487 4476818.205577572
2440 2318 624398.9331016772 4476819.27301642
2806 2318 628057.9179959946 4476818.356230405
2928 2318 629278.1279502453 4476818.268952355
3538 2318 635379.389920211 4476818.351502308
3660 2318 636598.3057715984 4476818.553645575
3782 2318 637818.4872652403 4476821.088638832
3904 2318 639038.0525352921 4476818.8531987555
4148 2318 641478.3494010953 4476820.592553215
244 2440 602441.4047492036 4475598.053947411
488 2440 604881.7587100894 4475598.198399303
854 2440 608541.4561038464 4475597.965378746
1464 2440 614641.7095506861 4475598.379281846
1708 2440 617078.635822161 4475598.497126244
1952 2440 619518.739154578 4475598.38759958
2074 2440 620738.3019123827 4475597.746732746
2806 2440 628058.6375255778 4475598.24276485
3050 2440 630501.7375732478 4475598.657165119
3294 2440 632938.1681437672 4475599.031774427
4026 2440 640258.3922023928 4475597.907424585
4148 2440 641478.156114025 4475598.752235855
4636 2440 646357.9053417144 4475601.12745343
4880 2440 648798.5854233614 4475598.674758375
732 2562 607318.6704760207 4474378.052210255
1342 2562 613420.8648766965 4474378.019296498
1464 2562 614638.9457356242 4474378.762515748
1708 2562 617078.5816377262 4474378.498554972
1830 2562 618299.0883947848 4474377.469151061
1952 2562 619521.3078773497 4474378.480379324
2074 2562 620741.0240195169 4474378.40794334
2318 2562 623178.7751529443 4474378.1592858005
2440 2562 624398.2480038335 4474378.488601113
2562 2562 625618.4769287339 4474378.635480962
2806 2562 628058.3090159148 4474378.676111605
2928 2562 629277.9538774489 4474378.979513277
3782 2562 637817.4647738044 4474378.694344093
4026 2562 640258.990470045 4474378.049804344
4148 2562 641477.697077662 4474378.777008693
4514 2562 645139.0360014323 4474381.513713073
4636 2562 646358.1890191828 4474378.373067927
4758 2562 647577.9490999703 4474378.887190031
732 2684 607321.2383000947 4473157.823954962
1586 2684 615861.5582632282 4473158.462437419
1708 2684 617078.4022582838 4473158.02104763
1830 2684 618301.1099663019 4473158.310710702
2074 2684 620739.0742953584 4473157.522917198
2562 2684 625618.2696985118 4473158.776185272
2684 2684 626838.7407249154 4473158.819223738
2928 2684 629278.6897623318 4473158.499539802
3538 2684 635378.2478786116 4473162.160469928
3660 2684 636597.9998428635 4473161.315638515
3904 2684 639037.9171814009 4473159.182335212
4026 2684 640257.9927574699 4473159.085406652
4148 2684 641477.6393528017 4473158.052212175
4514 2684 645138.6256493783 4473158.617369625
4636 2684 646358.0247230835 4473158.491741878
122 2806 601221.1847072808 4471937.729297964
244 2806 602441.7860383065 4471938.20167742
854 2806 608541.1572842275 4471937.890780706
976 2806 609761.0865355454 4471938.5036345795
1342 2806 613419.0996924938 4471938.444279423
1708 2806 617082.5413743166 4471938.691857655
1830 2806 618298.2380034254 4471938.435480887
2196 2806 621958.2584989842 4471938.163041988
2318 2806 623177.9170091052 4471938.7438197825
2562 2806 625618.6009499991 4471938.185663843
2928 2806 629279.299372937 4471938.09236443
3050 2806 630498.7364397659 4471938.023759301
3538 2806 635378.6873027505 4471941.117370334
3782 2806 637818.2424565377 4471938.437270893
3904 2806 639037.7649547356 4471938.817121562
4026 2806 640258.0319808263 4471938.553037147
4148 2806 641477.8802606444 4471939.04641207
4270 2806 642697.9649925672 4471941.224623236
4636 2806 646358.520388276 4471942.285920286
244 2928 602441.8751852909 4470718.32806448
732 2928 607322.2720244598 4470719.363016489
1098 2928 610978.8411179633 4470718.18453924
1464 2928 614640.9382376027 4470718.447391452
1708 2928 617077.8634249195 4470718.641054548
2196 2928 621959.0272474599 4470718.248580816
2562 2928 625621.2588841183 4470718.469928008
2928 2928 629280.6631064247 4470718.752037626
3050 2928 630498.806085096 4470718.621483716
3172 2928 631721.594333925 4470718.39968785
3782 2928 637821.5121296291 4470718.480661804
3904 2928 639038.2613589623 4470718.623509335
4026 2928 640258.3277158595 4470718.78714561
4148 2928 641478.4708520913 4470718.966337627
4270 2928 642697.7050868055 4470721.570018138
4636 2928 646358.5254226506 4470718.74991053
122 3050 601221.0349875878 4469497.250124653
366 3050 603662.1289160094 4469498.183275586
732 3050 607320.8258053238 4469497.7545410935
976 3050 609762.0263024769 4469498.057667217
1220 3050 612198.4952137286 4469498.130715157
1464 3050 614638.408706046 4469498.171580472
1586 3050 615858.2077852892 4469498.256075073
1708 3050 617078.6186231407 4469498.771431488
2440 3050 624398.4273518973 4469498.240630412
2684 3050 626839.2407775174 4469498.857902833
3050 3050 630499.1568002921 4469498.384114572
3904 3050 639037.8740539693 4469499.058937993
4026 3050 640257.8766218009 4469501.012331983
4148 3050 641478.1280787565 4469498.408389412
244 3172 602441.7466821506 4468278.186364092
732 3172 607320.9503463894 4468278.959432933
976 3172 609758.972720928 4468278.505374522
1098 3172 610981.792696721 4468278.192136836
1220 3172 612201.5923854867 4468278.328652578
1342 3172 613421.5495638183 4468277.961872939
1464 3172 614637.9702914486 4468277.935842088
1708 3172 617078.8318460289 4468277.737940376
2196 3172 621958.7492443688 4468277.935569895
2318 3172 623178.7756664695 4468278.828711774
2440 3172 624398.3663396201 4468278.941589607
2562 3172 625618.414832216 4468278.521736788
2684 3172 626838.0009284915 4468278.24872391
2928 3172 629279.2105952409 4468278.217373417
3172 3172 631719.1460460316 4468279.44327837
3416 3172 634159.1616063061 4468277.780502756
3904 3172 639038.28202087 4468280.560904232
366 3294 603661.0605626875 4467057.715663671
732 3294 607321.7170461915 4467057.890582399
976 3294 609761.6512262004 4467057.497300439
1342 3294 613418.7956682655 4467057.997398993
1708 3294 617078.8406962467 4467058.562123023
1830 3294 618299.0439202393 4467058.021333009
2074 3294 620741.5119090122 4467058.158223833
2440 3294 624401.287151251 4467058.9463525135
2562 3294 625619.1939214118 4467058.1351231905
2928 3294 629281.5932712401 4467058.18596504
3050 3294 630498.4737779872 4467058.49735313
3294 3294 632941.7461435953 4467060.864793474
3538 3294 635377.1262187592 4467061.028534597
4026 3294 640258.1719399233 4467061.092019954
4148 3294 641477.4879115144 4467061.643380126
4270 3294 642698.6393655267 4467060.838438924
4392 3294 643918.1596760035 4467058.964176771
4514 3294 645137.3470633839 4467060.974193642
244 3416 602441.5630703242 4465838.00439907
488 3416 604881.3454473129 4465838.430219928
854 3416 608540.9998787872 4465837.637888741
1098 3416 610981.3620921833 4465837.415774891
1342 3416 613421.8712455224 4465837.931386261
1464 3416 614640.9338075643 4465837.844086949
1586 3416 615858.7218407278 4465838.617059553
1830 3416 618301.9693981692 4465837.830865894
1952 3416 619518.6694639598 4465838.366896199
2074 3416 620741.2815374164 4465837.964815388
2196 3416 621961.2416176801 4465839.337242626
2440 3416 624398.2913042915 4465838.780584198
2684 3416 626838.8999079737 4465838.61541136
2806 3416 628058.7999221579 4465838.9438045835
3172 3416 631718.208310344 4465838.397431773
3416 3416 634158.6337179233 4465839.544337251
3660 3416 636598.2431548972 4465838.636841277
4026 3416 640258.1205923832 4465838.53619703
4270 3416 642698.236168831 4465838.973591223
4392 3416 643918.4416222627 4465838.20753867
4514 3416 645138.5373227301 4465840.580041943
4636 3416 646358.46074131 4465839.51241688
366 3538 603658.8380111916 4464617.8692151755
854 3538 608541.9747116254 4464618.80844906
1464 3538 614638.593758997 4464618.401257989
1586 3538 615861.4992669888 4464618.343505164
1708 3538 617081.3420205903 4464617.506530404
2196 3538 621958.6628519715 4464618.38935457
2806 3538 628061.7113248794 4464619.03662862
2928 3538 629281.8012447137 4464617.816986543
3416 3538 634158.6993872905 4464618.694449747
3538 3538 635378.4299558614 4464618.707344697
3660 3538 636598.2295351108 4464619.083588817
3782 3538 637818.7015706637 4464620.975556739
3904 3538 639037.2660187562 4464619.382612675
4148 3538 641477.9836699083 4464618.9655981185
4270 3538 642697.5237384884 4464619.49575573
244 3660 602439.0486467694 4463397.945041857
366 3660 603658.6035325672 4463398.171269637
854 3660 608541.2136608402 4463398.270212348
1342 3660 613418.0275531431 4463398.303683762
1830 3660 618301.9576220162 4463397.361872228
2440 3660 624401.2272199419 4463398.254780076
2928 3660 629278.8916569304 4463398.264544951
3050 3660 630501.608937859 4463398.336052311
3538 3660 635378.5402043224 4463398.482570245
3660 3660 636598.7551037186 4463398.473022253
3782 3660 637818.7160678235 4463399.2275315905
4514 3660 645137.8615871853 4463398.586560517
4636 3660 646358.2329272751 4463398.242565116
244 3782 602441.6293454525 4462178.147932153
488 3782 604881.9132365182 4462178.628668378
610 3782 606101.5182428942 4462177.894767221
732 3782 607322.0221785042 4462178.167769535
1342 3782 613422.454480947 4462177.648833371
1586 3782 615858.4933733651 4462178.647809855
1708 3782 617078.75222492 4462178.071101043
1952 3782 619521.5499646334 4462178.0344037125
2318 3782 623181.2713972352 4462178.559001125
2440 3782 624398.2020670486 4462178.405694344
2562 3782 625621.6506085993 4462177.96111431
2684 3782 626841.5999943682 4462178.251339522
2806 3782 628058.3900237273 4462178.683181208
3050 3782 630499.0794976413 4462178.1601899965
3172 3782 631718.238765333 4462178.631246769
3782 3782 637817.4055200674 4462180.50854223
4026 3782 640258.3424959743 4462179.035563237
4148 3782 641477.5737282601 4462178.7970224805
122 3904 601222.1760500246 4460957.814394693
610 3904 606101.6223089083 4460957.883171238
854 3904 608541.5901084291 4460958.112994284
1098 3904 610981.4829837426 4460958.717652079
1342 3904 613421.2438364008 4460958.061194716
1464 3904 614641.4056425964 4460958.212221384
1586 3904 615861.4246537691 4460957.663863482
1830 3904 618298.6873101013 4460957.2145111235
1952 3904 619518.7317349787 4460957.931261599
2196 3904 621961.5381624773 4460957.851757793
2318 3904 623178.1269212378 4460958.219621415
4026 3904 640258.710397759 4460958.918991091
4270 3904 642697.9107240433 4460958.617686718
488 4026 604878.617818829 4459738.817816477
610 4026 606098.405821642 4459738.563882288
732 4026 607320.643888735 4459738.612320194
976 4026 609761.7871781342 4459738.528324607
1464 4026 614641.7770240695 4459737.731409577
1586 4026 615858.5628976944 4459737.90344802
1708 4026 617078.7307576525 4459737.863070856
1830 4026 618301.9770078071 4459737.188922209
2074 4026 620738.5106200004 4459738.113468418
2196 4026 621958.1823398061 4459738.167660037
2562 4026 625621.4768760155 4459738.295776549
2684 4026 626838.7225652505 4459738.320269228
2806 4026 628061.5998999788 4459738.5701531265
2928 4026 629281.2332764263 4459738.964554545
3172 4026 631720.7499942364 4459739.003907355
4026 4026 640258.0896056177 4459738.997690884
4514 4026 645138.5145374543 4459740.353020539
122 4148 601220.8593068577 4458518.056198157
244 4148 602441.3333461075 4458518.320417586
366 4148 603661.8822229415 4458517.567139038
976 4148 609761.4850084842 4458518.625900489
1220 4148 612197.8705671338 4458518.085698195
1586 4148 615861.3832950513 4458517.465175591
1708 4148 617082.1246105247 4458517.691323804
1830 4148 618301.9958466043 4458517.117341924
1952 4148 619518.1590336334 4458518.209788533
2196 4148 621961.4067405107 4458518.374178563
2318 4148 623181.5007964366 4458518.415562469
2440 4148 624398.2664946419 4458518.622749729
2806 4148 628061.1719133167 4458518.780122569
2928 4148 629281.4415237462 4458518.0958560025
3416 4148 634161.7083439834 4458518.6691184
3660 4148 636598.3048232173 4458518.870813251
4514 4148 645138.6086574575 4458519.610277164
1098 4270 610981.9091028284 4457298.243187005
1342 4270 613418.3645940209 4457298.160155678
1464 4270 614641.3624195455 4457298.371001053
1586 4270 615861.6482383003 4457298.3700472675
1708 4270 617080.9339810596 4457297.109162622
1830 4270 618302.2389908258 4457297.46511294
2074 4270 620741.1152541827 4457298.417010699
2196 4270 621958.9748516382 4457298.139984677
2440 4270 624400.9717179529 4457298.589078584
2684 4270 626838.5969689986 4457298.514558005
2806 4270 628058.5447934254 4457298.059721853
3294 4270 632941.6176648582 4457298.622848317
3416 4270 634158.6677149589 4457298.787282205
3782 4270 637818.7871125977 4457298.959604463
4026 4270 640258.2677461049 4457298.203333634
366 4392 603661.0658747025 4456077.9512249
488 4392 604880.832264512 4456078.387561211
610 4392 606099.1172130831 4456078.079530014
732 4392 607321.7770319135 4456078.256640947
1586 4392 615861.6079033748 4456078.0787178045
1708 4392 617081.9729698376 4456078.084807101
1830 4392 618298.6400274787 4456078.192339322
1952 4392 619521.6331880848 4456077.527783857
2196 4392 621958.8415615313 4456078.043007074
2684 4392 626838.5120585789 4456078.302040811
3294 4392 632938.6501737641 4456078.103870255
3538 4392 635378.3944968798 4456078.925266499
4270 4392 642698.4067093089 4456077.729806894
610 4514 606101.9781551175 4454858.007937792
1098 4514 610982.0105988397 4454858.386796975
1220 4514 612202.4678889421 4454857.944413813
1464 4514 614641.4646194715 4454857.3229257995
1708 4514 617081.2629837493 4454858.386037968
1830 4514 618301.0391535767 4454858.382286905
1952 4514 619518.8804584927 4454858.157928307
2074 4514 620738.7970800322 4454858.334880577
2562 4514 625618.6156194292 4454858.230220035
3050 4514 630501.7584739132 4454859.033021656
3294 4514 632938.4460501233 4454858.32239044
3660 4514 636601.3999771959 4454858.65122596
3782 4514 637818.3893683876 4454860.81448382
3904 4514 639038.2935064788 4454858.806302991
4026 4514 640258.5971695607 4454859.9406907465
122 4636 601221.901172922 4453638.203945552
244 4636 602441.7679342044 4453638.076880457
366 4636 603662.0474143259 4453637.650484023
732 4636 607321.7276734274 4453638.192335357
1098 4636 610981.9286119044 4453637.690761156
1220 4636 612201.1284538851 4453638.20193458
1586 4636 615858.2679505876 4453638.2305326415
1708 4636 617081.3624233581 4453637.795400675
1952 4636 619521.5180646558 4453637.844381847
2074 4636 620741.530334218 4453637.9976118
2196 4636 621959.2463209764 4453638.748366552
2318 4636 623181.3190212594 4453638.202842792
2440 4636 624398.8554062907 4453638.229221127
2562 4636 625621.4430023155 4453638.166695346
2684 4636 626839.3944663588 4453638.290466845
2806 4636 628061.3639742625 4453638.620603977
2928 4636 629281.0757661033 4453639.249514699
3538 4636 635379.5910128086 4453638.072441848
3660 4636 636597.7904969301 4453639.383389201
4026 4636 640257.9714466166 4453638.67165691
4392 4636 643918.0460212847 4453640.869546215
122 4758 601221.5685440127 4452418.093732288
366 4758 603661.9162728739 4452418.192525256
488 4758 604881.1223817753 4452417.981146842
610 4758 606101.14063187 4452417.925187272
732 4758 607321.5666111964 4452418.638468535
976 4758 609761.8778824529 4452418.272163887
1098 4758 610981.8908909183 4452417.927923562
1464 4758 614641.6424716348 4452418.108138749
1586 4758 615860.9260449148 4452417.651637893
1708 4758 617081.6787494872 4452417.372972865
1830 4758 618302.0675122065 4452418.005017122
1952 4758 619518.7938095178 4452418.2376459045
2074 4758 620738.741641451 4452418.040522258
2562 4758 625618.4940942951 4452419.545205885
2684 4758 626838.20256731 4452418.517114407
2806 4758 628061.9900743932 4452418.539586876
3172 4758 631718.2545499015 4452418.971643275
3538 4758 635380.8437872963 4452419.344367011
3904 4758 639038.3378714038 4452417.748571164
366 4880 603660.9029894421 4451198.137977196
732 4880 607321.4075844274 4451198.250512281
976 4880 609761.9962016686 4451198.337421663
1220 4880 612201.7774989281 4451197.857526982
1342 4880 613421.5892357656 4451198.033730151
1464 4880 614642.6898975378 4451198.083922723
1586 4880 615861.2574501671 4451197.8720141025
1830 4880 618301.7179721612 4451198.038416758
1952 4880 619520.4305095659 4451197.774195959
2074 4880 620738.5668554724 4451198.018798241
2440 4880 624401.5840601033 4451198.203275294
2806 4880 628061.70917995 4451197.981505579
610 5002 606098.4822579258 4449978.446195503
1464 5002 614641.542864548 4449977.838071024
1586 5002 615861.8900020666 4449978.226366378
1830 5002 618301.9885939601 4449978.001666884
2562 5002 625621.2023252869 4449978.27736235
2684 5002 626838.5466754413 4449978.55265581
2928 5002 629281.3617923766 4449978.610242228
3050 5002 630498.4186769597 4449978.324851947
3294 5002 632937.908023268 4449978.020910695
3416 5002 634158.8734993682 4449979.080018197
3538 5002 635378.2497897566 4449979.034621758
3904 5002 639039.4742080732 4449979.156076333
4270 5002 642698.4871070634 4449981.585339659
244 5124 602438.3530868954 4448758.206056349
610 5124 606098.9990249294 4448757.850141953
1220 5124 612201.2158902357 4448759.423134537
1586 5124 615861.5201301966 4448757.591618064
1708 5124 617078.5361717184 4448758.099166025
1830 5124 618298.9015002749 4448758.241553552
2074 5124 620741.0521150569 4448758.208523404
2196 5124 621961.9295082955 4448757.953560929
2440 5124 624401.4612282992 4448757.952096426
2928 5124 629278.9537499694 4448759.195616797
3050 5124 630498.7207656265 4448758.335437164
3172 5124 631718.6893545397 4448758.8841476645
3294 5124 632938.4190323418 4448761.346347936
366 5246 603661.7255826856 4447537.8728581825
488 5246 604881.6576401816 4447537.880794316
1342 5246 613422.960700411 4447536.953687197
1708 5246 617081.7149206084 4447538.279992642
1830 5246 618301.2163092498 4447538.88986504
2806 5246 628058.3140979413 4447538.314927692
2928 5246 629280.9901966078 4447538.851938537
3050 5246 630498.4220173268 4447538.408107638
3172 5246 631718.1724160847 4447538.399768689
3782 5246 637818.0438753314 4447539.40510669
122 5368 601221.3332398923 4446318.772162303
244 5368 602442.1476140334 4446318.066696206
366 5368 603661.0210975454 4446317.636088094
732 5368 607321.6487066923 4446318.1488535525
854 5368 608540.8257751265 4446318.195202022
976 5368 609761.6367947734 4446318.122093738
1098 5368 610982.0552757952 4446317.388785504
1586 5368 615861.2064062477 4446318.326470171
1708 5368 617081.139745273 4446318.301574886
1830 5368 618301.1908015466 4446318.293586808
1952 5368 619518.7272280015 4446318.109383528
2196 5368 621960.656380906 4446318.115229741
2684 5368 626841.9282383224 4446318.114107241
3050 5368 630499.0067027353 4446318.595726236
3416 5368 634158.8512426518 4446318.518442101
3782 5368 637818.6737562446 4446318.423643208
3904 5368 639038.5754821391 4446321.508727253
4026 5368 640258.4332497274 4446318.449934727
244 5490 602441.7642873992 4445098.018646603
366 5490 603661.7345371108 4445098.144350521
488 5490 604881.9897118605 4445097.987578586
732 5490 607321.2165210084 4445098.52461724
854 5490 608540.9767765913 4445097.960135601
976 5490 609761.2798947919 4445098.3299337225
1098 5490 610978.7290710515 4445098.35790118
1708 5490 617078.9061154356 4445098.17831146
1830 5490 618301.4179333358 4445098.178742431
1952 5490 619520.9789368038 4445097.729428884
2074 5490 620738.0691267586 4445097.996238729
2196 5490 621961.1377475003 4445098.2271212
2318 5490 623181.766538867 4445097.457411604
2440 5490 624401.8664350838 4445097.955230064
2562 5490 625621.643109463 4445097.897307117
3050 5490 630498.6702244001 4445098.578109538
3172 5490 631721.13947446 4445098.5571290525
3416 5490 634157.8707746743 4445098.243229721
3538 5490 635378.2717516706 4445099.952811536
3660 5490 636598.2274527429 4445098.707832029
3782 5490 637818.9285597305 4445098.965305711
4148 5490 641478.285904617 4445098.492325194
244 5612 602441.0212581904 4443877.948718494
366 5612 603662.4942969318 4443877.585828084
610 5612 606100.7130722832 4443877.649262649
854 5612 608542.2699734155 4443878.027115744
1220 5612 612201.1073570104 4443878.626523468
1586 5612 615858.8096155412 4443878.301625063
1708 5612 617079.087024282 4443878.60736799
1830 5612 618299.6516641278 4443877.99882019
1952 5612 619521.4065741317 4443878.627821291
2074 5612 620741.7769219093 4443878.850501882
2196 5612 621961.6330732241 4443878.624106525
2318 5612 623180.6294017084 4443878.408557405
2562 5612 625621.7102658856 4443877.850962423
2684 5612 626837.5631649937 4443878.650084121
3050 5612 630501.4359044402 4443878.751922437
3660 5612 636598.5788970315 4443878.867762695
122 5734 601221.8137365239 4442657.449449418
854 5734 608541.259400804 4442658.247700092
1220 5734 612200.0056240982 4442659.997706998
1464 5734 614641.8654418088 4442657.965417016
1586 5734 615858.581468603 4442657.991695583
1708 5734 617081.8870036451 4442658.16940986
1952 5734 619518.947842952 4442658.437773872
2196 5734 621958.6045204771 4442658.3102236455
2318 5734 623181.5130972163 4442657.936629643
2440 5734 624401.7512784656 4442658.170848031
2806 5734 628061.5753455576 4442658.962672867
2928 5734 629279.0896543064 4442658.949424841
3172 5734 631718.6069390831 4442658.864091125
3294 5734 632938.5727815657 4442658.945473529
3416 5734 634158.282989324 4442658.630966696
3538 5734 635379.1949142625 4442658.654399189
3660 5734 636599.1888659172 4442658.806375589
3904 5734 639038.7100931215 4442658.855010597
122 5856 601218.8150001474 4441438.147884174
488 5856 604881.5767953221 4441438.176115016
610 5856 606100.8468260983 4441438.27218137
732 5856 607321.4576513564 4441438.233141405
1464 5856 614638.4740578383 4441438.3261160115
1586 5856 615858.3330071617 4441437.996290822
2074 5856 620741.2150820174 4441439.200808201
2196 5856 621961.9177062127 4441437.476704579
2440 5856 624401.9572616979 4441438.278833213
2806 5856 628061.6148581097 4441437.891191347
3294 5856 632937.8825685433 4441438.601066295
488 5978 604881.4323134886 4440218.406085793
1098 5978 610981.8483945172 4440217.846433981
1342 5978 613418.6282334737 4440217.742057866
1464 5978 614638.9415634521 4440218.486678365
1830 5978 618298.1697033446 4440217.707702862
2196 5978 621958.5977784436 4440217.757010043
2440 5978 624398.3093214305 4440218.981001857
2806 5978 628061.5204115283 4440218.661202185
2928 5978 629278.2236370873 4440218.708505331
3050 5978 630498.7224179978 4440217.979637041
0 6100 600001.0144848025 4438999.177658564
122 6100 601221.725944794 4438997.864855863
732 6100 607321.7063502788 4438998.4180844305
854 6100 608537.6030113997 4438997.941848641
976 6100 609758.2358172014 4438998.188632725
1098 6100 610981.9054369718 4438997.687618252
1342 6100 613422.5303814076 4438998.212073193
1464 6100 614637.9301530506 4438998.127536537
1586 6100 615861.3028765236 4438998.926385077
1830 6100 618298.1637897915 4438997.961500134
1952 6100 619522.054240789 4438997.583237843
2318 6100 623181.998641163 4438998.06115816
3050 6100 630498.1893836707 4438998.357930154
3294 6100 632938.8224478249 4438998.416495255
3660 6100 636598.1910369229 4438998.051688245
244 6222 602441.6829096096 4437778.053066104
610 6222 606097.9733174316 4437777.6891850345
732 6222 607322.4520904215 4437777.731396905
976 6222 609758.0588092684 4437777.789011921
1098 6222 610981.9203046046 4437777.57011087
1342 6222 613418.5731054532 4437778.356295777
1586 6222 615862.1806221817 4437778.037357372
1830 6222 618301.8212396844 4437778.06316649
1952 6222 619521.0950646072 4437777.761149013
2440 6222 624401.6796769658 4437777.692709015
2684 6222 626841.443580226 4437778.312279125
2806 6222 628061.3695141935 4437778.476936919
3416 6222 634158.7716505923 4437778.451846242
366 6344 603661.4586855621 4436558.31176985
854 6344 608537.5980824402 4436557.405585221
976 6344 609762.6008059606 4436556.2391750915
1220 6344 612202.7952715007 4436557.989740663
1342 6344 613418.5204175538 4436558.099686994
1464 6344 614641.9257179671 4436558.150566426
1586 6344 615858.6203555978 4436558.219083327
1708 6344 617081.7861429232 4436557.739261972
1830 6344 618301.6815061207 4436558.453550125
1952 6344 619518.7848033437 4436558.170726961
2440 6344 624401.5715262612 4436558.250923729
2562 6344 625618.494852576 4436558.454197039
2684 6344 626838.3665212612 4436558.900452345
2806 6344 628061.0049464112 4436557.945103413
3294 6344 632938.4071276942 4436558.213233557
3538 6344 635378.2501084636 4436558.350804138
122 6466 601222.297998256 4435338.193258844
244 6466 602441.7969499311 4435338.218472518
610 6466 606102.1651391746 4435337.662552095
854 6466 608537.6486024635 4435337.574253924
1098 6466 610982.8081682293 4435337.820346839
1342 6466 613421.449500464 4435338.424021642
1464 6466 614640.9820913554 4435338.3940782705
1708 6466 617078.875923781 4435338.456895746
2074 6466 620741.9832227632 4435337.608506604
2318 6466 623181.6942059142 4435338.05147158
2684 6466 626838.6996157415 4435338.236013765
122 6588 601221.9207315642 4434118.03576079
366 6588 603661.2659419028 4434118.066264484
610 6588 606102.1097256101 4434118.057449088
732 6588 607322.0447455655 4434118.099148894
1098 6588 610982.0304422978 4434117.147092062
1220 6588 612201.9855322817 4434117.808557418
1586 6588 615858.536528143 4434118.119873911
1708 6588 617081.3189625482 4434118.339098666
2074 6588 620739.4545201324 4434118.055571037
2196 6588 621961.473473834 4434118.318031766
2318 6588 623178.8331965366 4434117.991364026
2440 6588 624401.5074356694 4434118.485050414
3050 6588 630499.1672890219 4434118.0165869985
3172 6588 631721.0758163659 4434118.265136718
3294 6588 632938.7099376314 4434118.422200681
3416 6588 634158.2438721921 4434118.457247017
122 6710 601221.8931444888 4432899.009070355
244 6710 602441.9823765409 4432898.690810335
488 6710 604881.4012445069 4432897.782124308
732 6710 607321.3901871919 4432898.518260775
854 6710 608541.6883519832 4432897.888621334
1098 6710 610982.4043598128 4432897.543630958
2074 6710 620741.9791158512 4432898.212770706
2196 6710 621961.564418505 4432898.409077922
2440 6710 624400.8594202199 4432898.840313511
2562 6710 625621.5293777685 4432898.3818363715
3172 6710 631718.7217585561 4432898.628663329
3538 6710 635377.9420995604 4432898.631857293
122 6832 601222.2313153273 4431677.816872308
244 6832 602442.2564106443 4431677.924927421
366 6832 603663.0836946279 4431677.811936373
488 6832 604882.5297627588 4431677.440888946
610 6832 606102.1309574452 4431678.417769166
732 6832 607321.3741332508 4431677.476142561
854 6832 608541.7418226249 4431678.137151347
976 6832 609761.1769970673 4431678.238173777
1098 6832 610982.4508174021 4431677.91214324
2196 6832 621961.8469303236 4431679.044636127
2440 6832 624401.5841091278 4431677.659830035
2928 6832 629279.0060627895 4431678.570546294
3538 6832 635377.5685517726 4431678.661970133
122 6954 601222.9582954072 4430458.412423367
244 6954 602442.601889823 4430457.489493482
610 6954 606101.6382009619 4430458.059986294
732 6954 607320.3667742206 4430457.634947666
854 6954 608541.3180227464 4430457.757536163
976 6954 609762.1601190467 4430457.494946076
1098 6954 610982.326251981 4430457.027618353
1220 6954 612202.8795085454 4430457.909313074
1342 6954 613421.2425515436 4430458.075983138
2074 6954 620741.133768332 4430458.705062928
2440 6954 624397.7976421831 4430458.495400461
2806 6954 628061.1156654807 4430458.892002718
2928 6954 629281.2769788095 4430458.779281115
3050 6954 630500.6360135261 4430457.782712676
3416 6954 634158.2912738157 4430458.997725646
3538 6954 635378.5181726369 4430458.411542141
244 7076 602443.5634260821 4429237.1820436865
854 7076 608541.992244488 4429237.563502128
1098 7076 610982.1322490682 4429237.661162839
2440 7076 624401.2529192818 4429237.537065625
3172 7076 631718.138324744 4429238.44073375
3538 7076 635378.6954949838 4429238.85435186
3660 7076 636598.2523036652 4429238.434131348
244 7198 602438.1443689655 4428017.973626342
732 7198 607318.09431078 4428018.338267979
854 7198 608538.3650206727 4428017.676073829
976 7198 609758.6072038804 4428017.92925901
1098 7198 610977.3977662905 4428017.849299438
1342 7198 613418.7787245678 4428017.992670977
1952 7198 619517.8497639452 4428018.547682496
2196 7198 621958.0317559082 4428018.2869984135
2318 7198 623178.5885108532 4428021.082871151
2440 7198 624397.3622558835 4428018.800081052
2684 7198 626837.2358866031 4428018.383595355
2806 7198 628057.2813056463 4428018.389412756
2928 7198 629278.0048470644 4428018.673374641
3050 7198 630497.3952657334 4428018.689370909
3294 7198 632937.3814290237 4428021.349857849
3416 7198 634156.4798925332 4428021.519940616
3538 7198 635376.9156154165 4428018.7697201315
3660 7198 636597.0593418165 4428018.658021592
976 7320 609758.3707200548 4426797.983430579
1098 7320 610977.1921926244 4426798.356526534
1342 7320 613417.7091550139 4426798.245751122
2196 7320 621958.5186299166 4426801.21990172
2440 7320 624397.1822862107 4426801.251429271
2562 7320 625617.747315868 4426801.169655246
2684 7320 626837.2277378751 4426798.901731413
2806 7320 628057.4359342211 4426798.882297974
2928 7320 629277.1303523575 4426798.967545525
3050 7320 630497.8288609276 4426798.459321132
3294 7320 632937.5199289293 4426798.528517618
3416 7320 634157.7603176319 4426801.450626861
3538 7320 635377.3391797012 4426798.524784835
366 7442 603661.7176160995 4425577.903557231
488 7442 604877.5960173188 4425577.8399015125
976 7442 609758.4946095117 4425578.30679642
2318 7442 623176.4742271309 4425578.238087879
2684 7442 626837.8646249262 4425577.513948061
2806 7442 628057.6911784424 4425579.293738176
2928 7442 629277.3018950308 4425578.571148007
3050 7442 630497.559472452 4425580.986336347
3172 7442 631717.341588306 4425578.654013364
3294 7442 632936.9022755693 4425579.513124119
3416 7442 634156.6778954671 4425578.816488847
3538 7442 635377.6508052695 4425578.757367433
244 7564 602439.0287182191 4424357.786426281
2440 7564 624397.570304013 4424358.31153877
2928 7564 629277.151887191 4424360.99838825
3050 7564 630496.6151818967 4424359.770389885
3172 7564 631717.2033739341 4424358.56020357
3294 7564 632937.1031325767 4424358.608561744
3538 7564 635377.5976248408 4424358.638403956
3660 7564 636596.7393234293 4424358.603342887
2562 7686 625618.3543792559 4423141.002296366
2684 7686 626837.2836361493 4423141.541744049
2806 7686 628057.2309786117 4423138.850333791
3050 7686 630496.8831061672 4423138.716005296
3172 7686 631717.6146239433 4423140.387080799
3294 7686 632937.150057864 4423140.716103169
3416 7686 634157.7904526053 4423138.347188039
3538 7686 635377.1973628728 4423140.539808122
1952 7808 619517.619476771 4421918.692336244
2074 7808 620740.6414587564 4421917.375418588
2196 7808 621958.2226412304 4421918.95765327
2684 7808 626837.0791396531 4421921.198017868
2806 7808 628057.3004170146 4421920.995206398
2928 7808 629277.0644360661 4421918.622814499
3050 7808 630497.5039192189 4421919.0489178905
3172 7808 631716.6859893063 4421918.244801567
3294 7808 632936.8335480782 4421921.285783706
3416 7808 634157.3288501523 4421918.828300935
0 7930 599999.3956530942 4420699.165292593
122 7930 601217.9660001888 4420697.418309437
2196 7930 621957.8707120419 4420698.284358317
2440 7930 624396.8805277118 4420698.337644545
2562 7930 625616.7796858592 4420699.468119451
2684 7930 626837.1062312308 4420698.659689954
2806 7930 628057.6835670851 4420698.876496501
2928 7930 629277.4841625821 4420698.754899688
3050 7930 630497.4215731653 4420700.54419303
3172 7930 631716.7563104151 4420698.619363735
3294 7930 632937.3834878602 4420698.54169871
3416 7930 634157.5547973303 4420698.733918789
2318 8052 623178.617600634 4419478.80728073
2440 8052 624397.0471130746 4419481.043752991
2562 8052 625616.2733686368 4419478.568364313
2684 8052 626837.3244475429 4419478.455835681
2806 8052 628057.4856505791 4419478.977651808
2928 8052 629277.110011987 4419478.433391791
3050 8052 630496.389003418 4419481.402854864
3172 8052 631716.5589401113 4419479.129912952
3294 8052 632937.1767163182 4419478.660836928
3416 8052 634157.685016079 4419478.570096688
1342 8174 613418.3131193512 4418258.025739011
2440 8174 624398.4141552673 4418261.387440125
2562 8174 625616.540308868 4418258.81321243
2684 8174 626837.1105515298 4418261.270196089
2806 8174 628057.1079544821 4418258.872600106
3050 8174 630497.3560939399 4418258.38521791
3172 8174 631716.6783681845 4418258.565650423
3294 8174 632937.2243253308 4418258.75822086
1220 8296 612197.4028685436 4417039.004766638
1342 8296 613417.2449468274 4417038.703847083
2318 8296 623178.346825287 4417038.881907259
2440 8296 624397.223786218 4417038.786260947
2562 8296 625617.1291585683 4417041.45051076
2684 8296 626836.8060543255 4417039.123806275
2806 8296 628057.5365374065 4417038.929697379
3050 8296 630497.522941573 4417038.516520908
3172 8296 631717.0517105546 4417038.966030262
1220 8418 612197.7068129004 4415818.383895919
1708 8418 617078.1334174338 4415818.457532963
1952 8418 619518.526973093 4415818.857751249
2074 8418 620738.5989838704 4415817.652150309
2562 8418 625617.3511843045 4415818.570816916
2684 8418 626836.7967504639 4415817.914014763
2806 8418 628057.8834988517 4415818.791444497
2928 8418 629277.1662821827 4415821.001906254
3050 8418 630497.12938036 4415821.079870006
122 8540 601218.6397790125 4414597.790135369
244 8540 602438.6277080402 4414598.39471578
1098 8540 610977.9394216976 4414598.4041664135
1220 8540 612197.2300363618 4414598.045286444
1342 8540 613417.5912780273 4414598.092955117
2074 8540 620737.3503763472 4414601.0952217
2440 8540 624397.8384241821 4414598.53536283
2562 8540 625616.5372324536 4414598.723551986
2928 8540 629276.787889662 4414598.490626398
122 8662 601218.2268264667 4413377.8302570805
244 8662 602437.5365783916 4413378.085113775
1098 8662 610977.8062107011 4413379.073288767
1220 8662 612197.4142184688 4413378.40763232
1342 8662 613417.8684231313 4413378.3470010655
1464 8662 614637.9818778104 4413378.033959231
1586 8662 615857.5836807624 4413378.490589902
1708 8662 617076.940128893 4413378.6498378385
1952 8662 619518.0480636868 4413378.215520312
2074 8662 620737.6441629098 4413378.962923414
2196 8662 621957.8926396886 4413378.735229429
2318 8662 623177.888990934 4413379.131647238
2440 8662 624397.4168862422 4413378.475776342
2562 8662 625617.265809972 4413378.469056075
2684 8662 626837.5396049144 4413378.704171953
122 8784 601218.517376169 4412158.1084789345
244 8784 602437.9882221825 4412157.7790805
366 8784 603658.2577175841 4412157.569099371
488 8784 604877.7430801055 4412157.748183329
1220 8784 612197.988314952 4412157.960322121
1342 8784 613417.9419299895 4412157.950879698
1586 8784 615858.179211545 4412158.0840529455
1708 8784 617077.3416407615 4412158.987680912
1952 8784 619517.6240687614 4412158.256952598
2074 8784 620738.1922854783 4412158.500502132
2196 8784 621957.3620421017 4412158.666263765
2318 8784 623177.0194743314 4412158.955561518
2928 8784 629277.4747709259 4412158.662177665
244 8906 602438.2284848634 4410937.138754274
366 8906 603657.6569292686 4410938.150033042
488 8906 604877.4358977119 4410938.074227655
1342 8906 613418.4533349475 4410938.377704262
1464 8906 614637.943849189 4410938.251606758
1586 8906 615857.4939441868 4410938.472530868
1830 8906 618297.1887371063 4410938.727994556
1952 8906 619517.2383027511 4410938.5309211565
2074 8906 620737.7200897204 4410938.651947106
2196 8906 621957.4358263048 4410938.884862289
2440 8906 624397.154808109 4410940.705255842
2562 8906 625617.2906956816 4410940.506061351
2684 8906 626837.3136720159 4410939.049816303
2806 8906 628058.1387784444 4410940.614265154
122 9028 601217.6806440464 4409718.379729795
244 9028 602437.570312563 4409718.581588557
610 9028 606097.3169633042 4409717.982327002
732 9028 607317.7000950912 4409718.810654148
976 9028 609758.3506077891 4409718.43129219
1220 9028 612197.80380479 4409718.325899018
1342 9028 613417.3515526025 4409718.557059365
1586 9028 615857.5843206311 4409717.701670952
1708 9028 617077.6894902086 4409717.996683605
1830 9028 618298.2680987996 4409718.278290493
1952 9028 619517.8486567097 4409718.563255085
2074 9028 620737.6809299226 4409718.635109669
2196 9028 621957.6472550976 4409718.663669712
2318 9028 623177.260296295 4409718.466874362
2440 9028 624398.0211692225 4409718.0735893315
2562 9028 625617.4121682486 4409721.382328747
2684 9028 626837.1715382442 4409718.578245843
2806 9028 628057.3205495633 4409718.87002953
122 9150 601217.8668914856 4408497.944488709
610 9150 606098.216777573 4408498.206926217
732 9150 607317.8861587244 4408499.253957758
854 9150 608537.4522811371 4408499.124216412
976 9150 609757.9430444315 4408498.747459142
1098 9150 610977.6047190288 4408498.452505843
1220 9150 612197.968826103 4408497.959755952
1342 9150 613417.8145827211 4408498.321110372
1586 9150 615858.9876895616 4408498.9829724245
1708 9150 617078.1048509402 4408498.81005738
1952 9150 619517.5881050494 4408498.835575778
2196 9150 621957.6074307881 4408501.288055603
2440 9150 624397.5782645867 4408498.507370343
2562 9150 625618.8695626879 4408498.909851398
854 9272 608537.8472117819 4407278.972517245
976 9272 609757.6132663408 4407278.44768111
1098 9272 610977.2492057307 4407279.098765883
1220 9272 612197.7438192912 4407278.048410086
1342 9272 613417.3460471379 4407277.957498603
1464 9272 614638.0056675875 4407277.949471624
1586 9272 615857.4559657197 4407278.881964921
1830 9272 618297.8530204888 4407278.417472952
1952 9272 619517.8347598064 4407279.127032064
2196 9272 621957.7240682951 4407278.874257905
2318 9272 623177.9805843709 4407278.8187517505
2440 9272 624398.1818860796 4407278.779026556
122 9394 601217.5077757847 4406058.531334285
244 9394 602437.4575698357 4406057.175606417
366 9394 603657.6210086884 4406057.462875508
488 9394 604877.831066347 4406057.740728271
610 9394 606097.1596570142 4406058.838863498
732 9394 607317.5177055252 4406058.047771507
854 9394 608537.1601647786 4406058.354202243
976 9394 609758.0103332783 4406058.5466545215
1098 9394 610977.5401092183 4406058.404622058
1220 9394 612197.7721366973 4406058.50696958
1464 9394 614638.0997840259 4406058.200457812
1586 9394 615857.905549845 4406058.396976242
1708 9394 617077.7880616961 4406058.110308484
1830 9394 618298.4874177661 4406058.527755312
1952 9394 619517.6712301279 4406058.691720075
2074 9394 620737.7409292847 4406059.341259724
2318 9394 623178.4739909314 4406061.46208275
2440 9394 624397.7019692212 4406058.824231597
122 9516 601218.2713465926 4404839.012459747
244 9516 602437.331538487 4404838.161426815
366 9516 603657.6519368186 4404838.292699712
488 9516 604877.620030612 4404838.400386985
610 9516 606097.1364622066 4404838.453833479
732 9516 607317.7717186675 4404838.398531782
854 9516 608538.065316569 4404838.678341699
976 9516 609757.8441773718 4404839.208063127
1098 9516 610977.0086213391 4404838.840392022
1220 9516 612197.2869089958 4404838.491947271
1342 9516 613417.7671839775 4404838.262318818
1586 9516 615858.0094158566 4404840.938002195
1708 9516 617077.5841046456 4404837.809547623
1830 9516 618297.3933915043 4404838.347512407
1952 9516 619517.9864882856 4404840.936007229
2196 9516 621958.0932316377 4404838.749973454
2318 9516 623177.9953176979 4404837.665084952
2440 9516 624397.9515425754 4404838.522437962
2562 9516 625618.2533042867 4404838.434878284
122 9638 601217.5691559495 4403617.60076323
244 9638 602437.8896999599 4403618.428702958
366 9638 603657.8834338491 4403617.741350677
488 9638 604877.2664456855 4403618.155503133
610 9638 606097.222434681 4403618.569467882
854 9638 608537.733493908 4403618.510465178
976 9638 609757.2642052124 4403618.671672713
1342 9638 613417.6607185103 4403618.988393316
1830 9638 618297.9828487792 4403619.127300458
2074 9638 620737.7164748746 4403619.044856179
2440 9638 624398.34008688 4403618.664584799
122 9760 601217.4729678066 4402398.394611136
244 9760 602437.8058760961 4402398.337228453
366 9760 603657.7329028685 4402398.059331826
488 9760 604877.5730981679 4402398.360776953
732 9760 607317.8296653953 4402399.039993311
854 9760 608537.6794233378 4402398.897112457
976 9760 609758.6577423663 4402397.766628426
1098 9760 610977.7881273271 4402398.136933497
1220 9760 612197.3337980263 4402398.881728058
1342 9760 613417.7371184303 4402398.451796515
1952 9760 619517.3067438785 4402398.42330762
2318 9760 623178.4326223151 4402398.5215775445
2562 9760 625617.5293639331 4402399.526669058
122 9882 601218.0636835038 4401178.270084337
244 9882 602437.8620438806 4401178.498916805
366 9882 603657.3764779441 4401177.711467241
488 9882 604877.5117522811 4401177.881623365
976 9882 609757.8247666758 4401179.029770348
1464 9882 614638.0226268047 4401178.2140787225
1586 9882 615857.1852150633 4401178.75291431
1830 9882 618298.1466885383 4401179.187743259
1952 9882 619517.2711506846 4401178.512937401
122 10004 601218.0906702522 4399958.2557561165
244 10004 602438.062900724 4399958.471513715
366 10004 603657.8039475097 4399957.893153851
488 10004 604877.7315233205 4399958.417073637
732 10004 607318.5738571684 4399958.564278753
854 10004 608537.8090809766 4399958.673270358
1098 10004 610978.4949459309 4399958.610096161
1342 10004 613417.5001655396 4399958.629046028
1464 10004 614637.2078520464 4399958.767777137
1586 10004 615857.0538344575 4399957.76094248
1830 10004 618297.7358024698 4399960.948278873
1952 10004 619518.3702333901 4399958.346119378
122 10126 601217.7161802313 4398738.983981328
244 10126 602438.7641559165 4398737.950700957
488 10126 604878.7942342444 4398738.191599561
732 10126 607317.5730925949 4398738.989144139
854 10126 608537.5274173577 4398739.680120695
976 10126 609757.8713460668 4398738.933329832
1098 10126 610977.5158576274 4398739.057619261
1342 10126 613418.2090975818 4398738.052315289
1952 10126 619517.6301285214 4398737.417850441
2074 10126 620737.9268417236 4398740.946904927
2562 10126 625617.2832364562 4398738.640780402
2928 10126 629279.3151209544 4398740.911969761
122 10248 601217.1222337995 4397517.995666446
244 10248 602438.174079707 4397518.018443608
366 10248 603658.1099340261 4397518.450716041
610 10248 606097.5192731327 4397517.43756874
1098 10248 610978.0774282091 4397517.352770607
1830 10248 618298.0880746521 4397518.041152506
2318 10248 623177.834698427 4397519.268750829
2440 10248 624397.1120623719 4397521.359358234
2684 10248 626837.4035331215 4397520.282127868
244 10370 602438.1523874357 4396297.775371999
366 10370 603657.3920133465 4396298.464283661
488 10370 604877.2536811207 4396299.126500291
976 10370 609757.5038257687 4396299.242335039
1708 10370 617077.5361942544 4396298.422967343
1830 10370 618297.7994032835 4396301.050257384
1952 10370 619517.8263073552 4396300.77122625
2074 10370 620738.2372850784 4396301.081088881
2196 10370 621956.8677785053 4396298.943152975
2440 10370 624398.2803217229 4396297.395011607
2806 10370 628057.6863389954 4396298.851885957
122 10492 601217.3013358446 4395077.5249466635
244 10492 602437.5692440174 4395078.190450432
366 10492 603657.800188468 4395078.655827606
732 10492 607317.5824585939 4395078.796892217
854 10492 608538.0900365877 4395079.039169377
976 10492 609757.6564690664 4395079.376828847
1220 10492 612197.9602789037 4395078.779237376
1342 10492 613417.3540814454 4395079.096304596
1586 10492 615858.331260506 4395079.796334794
1952 10492 619517.3248954465 4395080.912618831
2196 10492 621957.2456381825 4395079.449299661
2318 10492 623177.6125511315 4395080.95130687
2440 10492 624398.0175968723 4395079.286113387
2562 10492 625617.1571743101 4395077.894218863
2806 10492 628057.5794243844 4395078.418380929
2928 10492 629278.4578045115 4395078.726589964
244 10614 602437.6291473705 4393858.102300113
366 10614 603658.1077923133 4393858.794675987
1098 10614 610977.3708369964 4393858.455318408
1342 10614 613417.6053639781 4393857.975784317
1464 10614 614638.431025197 4393858.397373446
1586 10614 615858.3351341706 4393858.015682312
1830 10614 618298.2209360751 4393858.583209596
2074 10614 620738.0228251397 4393861.3761119135
2196 10614 621957.4860149563 4393859.159876499
2318 10614 623177.5842837328 4393861.055066041
2440 10614 624396.8563982391 4393860.630951785
2562 10614 625619.1424356683 4393859.774091259
2806 10614 628057.0704528113 4393858.727895207
244 10736 602437.5292370786 4392638.094899653
610 10736 606098.1238806974 4392638.9467460085
1098 10736 610977.6906520508 4392638.769974631
1342 10736 613417.4154571563 4392639.094320963
1586 10736 615857.247396799 4392638.761886024
2318 10736 623176.7235803232 4392641.204795082
2562 10736 625617.8154200899 4392639.844238337
244 10858 602437.5226240238 4391418.154176618
366 10858 603658.4424695015 4391418.530586842
488 10858 604877.6539697456 4391417.637277263
854 10858 608538.2979360375 4391419.565531741
976 10858 609757.8246433854 4391418.214162685
1098 10858 610977.3275466807 4391419.210829661
1342 10858 613417.9609389084 4391418.706391381
1708 10858 617078.3093124934 4391420.693280621
1952 10858 619517.9926973085 4391419.789163722
2196 10858 621957.8158715508 4391419.213292822
2806 10858 628056.3328841024 4391420.932359345
