1769 2440 335383.48524079495 5151220.783244772
1830 2867 336603.03695731994 5142678.231640498
1891 2928 337822.1805512751 5141464.588541562
2013 2928 340264.3326354038 5141465.611735354
2623 3050 352463.92035206355 5139024.48254737
2501 3111 350022.5119918664 5137801.238963499
2684 3111 353681.07243152405 5137804.30184328
2745 3111 354897.62481529475 5137803.262482183
2806 3172 356122.1023671231 5136584.160695862
2806 3660 356121.06814243185 5126823.19794104
2379 3721 347582.0299437912 5125604.580171441
2440 3721 348803.25922354317 5125607.280073193
2989 3721 359782.8020025686 5125601.733650846
3233 3721 364663.7207037197 5125603.103179853
2440 3782 348799.5434350888 5124381.481619727
2501 3843 350021.628297252 5123160.652997894
2623 3843 352460.6652542497 5123163.719379952
2074 3904 341483.6641432444 5121943.297376749
2135 3904 342703.32433743513 5121946.421105587
2318 3904 346361.87913150474 5121943.629708636
2379 3904 347582.8429766832 5121943.558757856
3050 3965 361002.4035143279 5120726.860021634
2196 4026 343916.7689473328 5119502.689314828
2257 4026 345142.4834097071 5119502.621661716
2440 4026 348804.3402665749 5119497.9128248645
2501 4148 350023.3342064184 5117066.208961181
2867 4209 357341.45997216436 5115844.5765333725
2989 4209 359782.9203925472 5115844.835551208
2867 4270 357343.0079749933 5114617.60048315
3111 4270 362221.68167752476 5114624.9552792935
3233 4331 364662.59272657306 5113404.727212249
3416 4331 368322.44273649773 5113404.140131096
3050 4453 360998.4740907928 5110964.908363329
3233 4453 364662.52755273436 5110964.8964488935
3294 4453 365881.6031369571 5110963.83938114
3050 4514 361003.32440532965 5109736.931206686
3233 4514 364663.07963892363 5109744.734332974
3294 4514 365881.5121615946 5109743.0588261075
3294 4575 365881.55455139803 5108523.954491306
3233 4697 364663.87311054097 5106083.778771049
2745 4758 354900.7680610826 5104864.84030347
3538 4758 370763.2807267065 5104867.0413104305
2684 4819 353683.8425228157 5103641.704266254
