488 366 304881.4357946732 5096344.387660107
854 366 308542.3814323097 5096344.65733039
976 366 309762.26373233605 5096346.579812317
488 488 304883.64636166557 5095126.168702089
488 610 304881.44932166697 5093902.918082959
732 610 307322.29164069827 5093904.590725101
244 1098 302442.8001574312 5089022.524117109
244 1342 302440.19875554054 5086584.374505151
244 1464 302442.8861238857 5085362.58468509
366 1464 303661.79095995123 5085364.714513872
244 1586 302441.6544654747 5084144.020583664
366 1586 303663.2421229104 5084146.163287072
244 1708 302443.4216891141 5082922.883828531
