976 1647 519497.8616786259 4567083.205170811
610 1708 512178.00604076806 4565863.300272825
610 1769 512178.0073158321 4564643.127818954
732 1769 514618.1678740476 4564642.847953496
793 1769 515837.6432714707 4564643.316133582
915 1769 518276.8363806168 4564643.876412386
976 1769 519497.6390748328 4564643.711101915
1037 1769 520717.46081612975 4564643.91517223
1098 1769 521937.3296891789 4564643.953650194
732 1830 514617.73953323654 4563423.2799632
793 1830 515837.6671686527 4563423.799469677
854 1830 517057.6385325303 4563423.914398549
976 1830 519498.0211883459 4563423.700636986
1037 1830 520716.83172018273 4563423.6543602245
1098 1830 521937.62413576315 4563423.641517986
732 1891 514618.06013113976 4562203.486993682
793 1891 515838.011417617 4562203.907258928
854 1891 517057.64997498784 4562203.537319377
915 1891 518277.59696296183 4562203.981181777
976 1891 519497.3784188015 4562203.8030252
1037 1891 520717.24238923716 4562203.537226264
1098 1891 521937.12560184876 4562203.530338425
1220 1891 524377.3339908224 4562203.294032598
671 1952 513397.3672924385 4560982.843767506
732 1952 514618.009664775 4560982.925251272
793 1952 515837.8433796442 4560983.987494892
854 1952 517057.93760384066 4560983.849496841
915 1952 518277.67734956456 4560983.942165045
976 1952 519497.1116350683 4560983.992875205
1098 1952 521937.837390441 4560983.820259684
1464 1952 529257.6155809069 4560983.263362494
793 2013 515837.9846921319 4559763.537362771
854 2013 517057.7680045407 4559763.744209884
915 2013 518277.7354364937 4559764.048629172
976 2013 519497.2550171202 4559764.079807321
1037 2013 520718.1822863524 4559763.630145342
1098 2013 521936.54669690336 4559763.8258291455
1159 2013 523157.930995594 4559763.892972734
1281 2013 525598.0165355807 4559763.35854906
1342 2013 526818.0583868809 4559763.950822956
1525 2013 530477.4029361545 4559763.71753352
793 2074 515837.25292131625 4558544.021953177
854 2074 517057.4773802149 4558543.433206886
915 2074 518276.8266502195 4558543.908914046
976 2074 519498.36651629745 4558543.52974033
1037 2074 520717.33316676994 4558543.652580625
1098 2074 521937.4191518403 4558544.418382911
1159 2074 523157.89801413065 4558544.049630732
1220 2074 524377.6836906166 4558544.08094588
1281 2074 525598.3700454812 4558544.053819882
1342 2074 526817.5125270596 4558544.345137079
1403 2074 528038.0256282871 4558543.116001868
1464 2074 529257.6765136351 4558544.0979398815
1647 2074 532917.2293246923 4558543.765543987
793 2135 515838.136669568 4557323.663391377
854 2135 517058.2242556673 4557324.046608606
915 2135 518277.81182262563 4557323.875670961
976 2135 519498.06282078265 4557323.585040275
1037 2135 520717.978263152 4557324.173576186
1098 2135 521937.7674365127 4557324.119653748
1281 2135 525598.3645382812 4557324.044714133
1342 2135 526817.5826387365 4557324.158893225
1403 2135 528037.5798770553 4557323.772499412
1464 2135 529257.3400805972 4557323.870798585
1525 2135 530477.2988786502 4557324.2172261635
1586 2135 531697.7545651748 4557324.081161772
671 2196 513397.89888000785 4556103.527766843
793 2196 515837.49206085294 4556103.752117082
854 2196 517057.71643066633 4556103.497754582
915 2196 518277.3144526628 4556103.88259246
976 2196 519497.1338873344 4556104.068615553
1037 2196 520717.346592323 4556103.671206298
1098 2196 521937.92592004535 4556103.757296465
1159 2196 523157.124004808 4556104.365975486
1220 2196 524377.4110733296 4556104.1699848445
1281 2196 525598.3604980737 4556104.005327988
1342 2196 526818.2992168395 4556103.6908403095
1403 2196 528037.4018130214 4556103.9622147605
1464 2196 529257.3463372032 4556103.906164636
1525 2196 530477.0810971116 4556103.992428912
1586 2196 531697.314158894 4556104.329809072
1647 2196 532917.4546139168 4556104.560331339
610 2257 512178.31396345 4554883.553863956
671 2257 513397.1991177489 4554884.197024337
732 2257 514617.72781266295 4554883.923059865
793 2257 515837.7551736588 4554883.483236615
854 2257 517057.773067576 4554884.110701655
915 2257 518277.79788414406 4554883.778178009
976 2257 519497.768070578 4554884.109942855
1098 2257 521937.4091560453 4554884.085555853
1159 2257 523157.7492698389 4554884.096833325
1220 2257 524377.6598390837 4554883.605794959
1281 2257 525596.9827602999 4554884.411940246
1342 2257 526817.4397237306 4554883.284773535
1403 2257 528037.5800887678 4554883.728253128
1464 2257 529257.774952068 4554884.200395048
1586 2257 531697.3576699744 4554884.167484084
1647 2257 532917.6298367854 4554884.048245964
1769 2257 535356.4956455576 4554884.261790209
488 2318 509738.04319541843 4553663.507609283
549 2318 510958.3918359929 4553663.501088224
610 2318 512178.18793922063 4553663.036615313
671 2318 513397.4240679631 4553663.614004784
732 2318 514617.85768535885 4553663.627512483
793 2318 515837.74377958354 4553663.632175512
854 2318 517058.20550604846 4553663.985092163
915 2318 518277.0750165422 4553663.674153061
976 2318 519497.88830123807 4553663.439735904
1037 2318 520717.64815211244 4553664.056852088
1098 2318 521937.643522154 4553663.986188585
1159 2318 523157.6471087336 4553663.879441518
1220 2318 524378.0391656144 4553664.124960621
1281 2318 525598.079073855 4553663.742929165
1342 2318 526817.4149320833 4553664.08491252
1464 2318 529256.7666081758 4553664.123585747
1525 2318 530477.0309608016 4553664.482179517
1586 2318 531697.7536877901 4553664.312083395
1647 2318 532917.8699073682 4553663.730811142
1708 2318 534137.1720246783 4553663.756178397
1769 2318 535357.3259325332 4553663.849608877
183 2379 503637.8524829559 4552443.733370478
244 2379 504857.3606945175 4552443.359494512
366 2379 507297.97958594817 4552443.566404714
427 2379 508518.0396042842 4552443.275891404
549 2379 510958.16506074416 4552443.235791894
610 2379 512177.78356957086 4552443.498465917
671 2379 513397.85970069974 4552443.1786756925
732 2379 514617.7266285901 4552443.411380031
793 2379 515837.29324581026 4552443.551399758
854 2379 517057.83816790825 4552444.15599949
915 2379 518277.4402347886 4552443.56233877
976 2379 519497.0067383157 4552443.816895239
1037 2379 520718.01094387285 4552443.763095477
1098 2379 521938.1283624342 4552443.707528209
1159 2379 523157.8859128958 4552444.243829645
1220 2379 524377.7966765375 4552444.183301914
1342 2379 526817.1995022318 4552444.311310748
1403 2379 528036.7034018403 4552444.40360159
1464 2379 529257.2487610112 4552444.062730415
1525 2379 530477.6181580785 4552444.171647807
1586 2379 531698.1467132494 4552443.815112989
1647 2379 532917.2476313115 4552444.13603177
1708 2379 534137.384948371 4552444.103593784
1769 2379 535357.3469238712 4552443.798951752
122 2440 502418.21648620075 4551223.950069677
183 2440 503637.5498054865 4551223.530234213
244 2440 504857.77101941075 4551223.500201133
366 2440 507298.20633315784 4551223.560093966
427 2440 508517.5859495379 4551223.75421809
549 2440 510958.1104989651 4551223.312459264
610 2440 512177.5080716716 4551223.3815752305
671 2440 513396.99003798596 4551223.713338993
732 2440 514617.9228140966 4551223.620482642
793 2440 515838.00562981755 4551223.882201556
854 2440 517058.2234669986 4551223.447413787
976 2440 519497.51455236063 4551224.060533131
1037 2440 520717.99502319365 4551224.206416409
1098 2440 521938.0309071374 4551224.021774872
1159 2440 523157.95761151443 4551223.758142577
1220 2440 524377.4125643668 4551224.329102679
1342 2440 526817.3368929194 4551224.255845045
1403 2440 528037.544789426 4551223.927621703
1464 2440 529257.5804130542 4551224.159214874
1586 2440 531697.2512640252 4551223.742608537
1647 2440 532917.254795461 4551224.48333229
1708 2440 534137.5049578804 4551224.21768167
1769 2440 535357.7543786133 4551224.174679953
1952 2440 539016.8935479079 4551223.480773445
183 2501 503638.033274254 4550003.408238688
305 2501 506078.23796237685 4550003.6016074475
366 2501 507297.96442998556 4550003.452308605
488 2501 509737.3415484798 4550003.551985017
549 2501 510958.0499460722 4550003.4330825955
610 2501 512176.7654827878 4550003.535399978
671 2501 513397.6553873998 4550004.011417933
732 2501 514618.0780263799 4550003.536555118
793 2501 515837.2553138093 4550003.831553044
854 2501 517058.19228570565 4550004.063602738
976 2501 519498.335632062 4550003.753543343
1037 2501 520717.98048388294 4550003.906632141
1159 2501 523158.06534705963 4550004.131521839
1220 2501 524378.0236054114 4550003.614571476
1281 2501 525597.3041929784 4550004.001621397
1403 2501 528037.0817734158 4550004.496379627
1464 2501 529257.8868919236 4550004.324187269
1586 2501 531697.3969182209 4550004.477081619
1647 2501 532917.7840365367 4550003.928791017
1708 2501 534136.9301728148 4550003.970345752
1769 2501 535356.8675372251 4550004.21136398
1830 2501 536577.1967731304 4550004.083120902
61 2562 501198.27326500136 4548783.523748794
183 2562 503638.26409345504 4548783.627242856
244 2562 504858.34104331536 4548783.675929548
305 2562 506078.16928681626 4548783.285063281
366 2562 507298.02607422305 4548783.302434561
427 2562 508518.037967434 4548783.565958541
488 2562 509737.72849039827 4548783.095029499
549 2562 510957.8324094409 4548783.3483408205
610 2562 512177.82151117496 4548783.599580543
671 2562 513397.8316664701 4548783.966443639
732 2562 514617.8350733312 4548783.816983485
793 2562 515837.2012231645 4548783.926571374
854 2562 517057.7182102251 4548783.896613429
915 2562 518277.7153222917 4548783.655867483
1037 2562 520717.76446977205 4548784.038864228
1098 2562 521937.7029388264 4548783.787130439
1159 2562 523157.8466562412 4548784.097230709
1220 2562 524378.001466993 4548783.875186963
1281 2562 525597.1762329711 4548783.820924403
1342 2562 526818.2507185091 4548783.649461356
1403 2562 528037.4121807925 4548784.241344016
1464 2562 529257.9787342462 4548784.345994856
1525 2562 530477.1610641802 4548784.137834039
1647 2562 532917.4739497746 4548784.115277699
1769 2562 535356.7631843253 4548783.980011911
1830 2562 536577.9202848373 4548783.456596484
1891 2562 537797.8977260764 4548783.889125427
122 2623 502417.9214542344 4547563.412207745
183 2623 503638.2608455514 4547563.496596023
244 2623 504858.2818038179 4547563.240643796
305 2623 506078.1060968626 4547563.589855516
366 2623 507298.08590571734 4547563.156254891
427 2623 508518.1655614178 4547563.6257624375
488 2623 509737.7309795553 4547563.484777653
610 2623 512177.44188218814 4547563.621988434
671 2623 513397.32822984527 4547563.7100637965
732 2623 514617.911760986 4547563.4639844475
793 2623 515837.45126621844 4547563.880419735
915 2623 518278.3369931739 4547563.719077481
976 2623 519497.74937981897 4547563.766053763
1037 2623 520717.9528435259 4547563.607497216
1098 2623 521937.6473610352 4547563.7172225
1159 2623 523157.5773668069 4547564.117816919
1220 2623 524377.8519611422 4547563.865633275
1281 2623 525597.4200623243 4547564.020758672
1403 2623 528037.063788317 4547564.002067517
1464 2623 529257.5836298276 4547563.811333933
1525 2623 530477.1790865127 4547563.976359393
1586 2623 531697.2391394824 4547564.101208403
1708 2623 534136.4867248306 4547564.463022091
1769 2623 535356.6508507641 4547564.0172589775
1830 2623 536577.9433209071 4547563.96764264
61 2684 501197.90208007063 4546343.682712306
183 2684 503638.2413159912 4546343.592104345
305 2684 506077.049570658 4546343.406189981
366 2684 507297.45210207824 4546343.211728865
427 2684 508517.58876769256 4546343.110899476
549 2684 510957.31557105354 4546344.227026948
610 2684 512177.3361573238 4546344.02016734
732 2684 514617.894103804 4546343.621942929
793 2684 515837.41382832086 4546344.191412501
854 2684 517057.8279290508 4546343.681975621
915 2684 518277.5676672576 4546343.821945219
976 2684 519497.96149459324 4546344.129169984
1098 2684 521937.8516231327 4546344.277426273
1159 2684 523157.49199375877 4546344.422319751
1220 2684 524377.9228929991 4546344.274257179
1281 2684 525597.6951459346 4546344.01165009
1342 2684 526817.6395765496 4546344.179400726
1403 2684 528036.9805700426 4546344.241622658
1464 2684 529257.7840792041 4546343.880124852
1525 2684 530478.2557537246 4546343.893645634
1586 2684 531697.6952877671 4546344.151836248
1647 2684 532917.1389295682 4546344.390319134
61 2745 501197.9265393099 4545123.57862134
122 2745 502417.2520121449 4545124.024400798
244 2745 504857.96580939525 4545123.148736731
305 2745 506077.2995015747 4545123.399054659
366 2745 507297.8635206557 4545123.237592879
427 2745 508517.9812244742 4545123.342486339
549 2745 510957.4546524105 4545123.505381323
610 2745 512176.90943696955 4545123.685376092
671 2745 513396.9598241141 4545123.562105208
854 2745 517057.489287271 4545123.657456201
915 2745 518277.13969500613 4545123.18503729
976 2745 519497.4852220335 4545123.841097345
1037 2745 520717.68323794374 4545124.146171266
1098 2745 521937.8654669705 4545124.100559904
1159 2745 523157.5029024179 4545124.4646299975
1220 2745 524377.6347966024 4545123.858944585
1281 2745 525597.5971162859 4545123.752777853
1342 2745 526817.9108242802 4545123.964926495
1403 2745 528037.0119985302 4545124.42126351
1464 2745 529257.5113855628 4545124.355784835
1525 2745 530476.935163603 4545124.313091812
1586 2745 531697.451678716 4545124.093945441
1647 2745 532917.3554048805 4545124.062174285
1708 2745 534138.0135664244 4545124.171925228
1769 2745 535357.2388788301 4545124.053914633
1830 2745 536577.6217208032 4545123.822351985
61 2806 501197.882638499 4543904.143556428
122 2806 502418.2031164935 4543903.778988071
183 2806 503637.4177311678 4543903.708863123
244 2806 504857.5968861182 4543903.322466743
305 2806 506077.9742783086 4543903.199810047
366 2806 507298.1308232909 4543903.162072514
427 2806 508517.78075294895 4543903.756921618
488 2806 509737.6837624359 4543903.585129265
549 2806 510957.37886996527 4543903.663472987
610 2806 512177.15042972093 4543903.866078991
671 2806 513398.1130722603 4543903.501427
732 2806 514617.75136236276 4543903.523464224
793 2806 515837.9694795311 4543903.55057017
915 2806 518278.2483249074 4543903.837068751
976 2806 519497.77910668263 4543903.915495936
1037 2806 520718.2579659824 4543904.15757832
1098 2806 521937.58578010724 4543903.624593229
1159 2806 523157.2943059407 4543904.553848712
1281 2806 525597.9897196933 4543903.472982086
1342 2806 526816.9907014677 4543904.078231532
1403 2806 528037.2924903312 4543904.208099559
1464 2806 529257.3033897688 4543904.514096724
1525 2806 530477.5113829195 4543904.075720369
1586 2806 531697.6681434587 4543904.122998775
1708 2806 534137.7634586267 4543904.272836603
1769 2806 535357.6104656821 4543903.7838865295
1830 2806 536577.7002486386 4543903.662870533
0 2867 499977.6528109452 4542683.764813144
61 2867 501197.88174103346 4542683.917636558
122 2867 502417.66049962846 4542684.177781882
183 2867 503637.96734251425 4542683.678843686
244 2867 504857.5792312233 4542683.497452312
305 2867 506077.1802382521 4542683.643112791
488 2867 509738.0358722775 4542683.232821737
549 2867 510958.2766902771 4542683.64990758
610 2867 512177.1777000802 4542684.0836948985
671 2867 513397.4012400797 4542683.660435386
793 2867 515837.74755304155 4542684.052109509
854 2867 517057.4149414962 4542683.408911353
976 2867 519497.0860019656 4542684.327273622
1037 2867 520717.34052533825 4542684.314433051
1098 2867 521937.9747764477 4542684.212617768
1159 2867 523157.62862019887 4542684.433535066
1220 2867 524378.0551541282 4542683.900812514
1342 2867 526817.7372012299 4542683.404981444
1403 2867 528037.9454417013 4542684.085660199
1464 2867 529258.0204218163 4542684.116667711
1525 2867 530477.0462366053 4542684.431278283
1586 2867 531696.9706158438 4542683.739079748
1647 2867 532917.6514454636 4542684.244021984
1708 2867 534137.962902659 4542684.449879927
1769 2867 535357.7661044272 4542684.360438699
61 2928 501198.13883471355 4541463.245345494
183 2928 503638.0082257434 4541463.655131222
244 2928 504857.9824054968 4541463.212076122
305 2928 506078.1509408683 4541463.246184883
366 2928 507297.92553223483 4541463.188961661
427 2928 508517.74769221444 4541463.298267235
488 2928 509737.554358658 4541464.063163163
549 2928 510957.4063281082 4541463.622495422
610 2928 512177.7243164905 4541463.9416134795
671 2928 513396.75375507324 4541463.86196211
732 2928 514617.82463709684 4541463.417070085
793 2928 515837.6829975746 4541463.864707668
854 2928 517057.8762413118 4541463.811382183
915 2928 518277.73933651124 4541463.868389863
976 2928 519497.0756735146 4541464.541960792
1037 2928 520716.96958840085 4541464.135666459
1098 2928 521937.417245817 4541464.628498842
1159 2928 523157.56608006475 4541463.997454301
1220 2928 524377.2022479051 4541464.119808266
1281 2928 525597.4148889289 4541464.041522707
1342 2928 526817.344501826 4541463.926956131
1403 2928 528037.2533503482 4541464.352049111
1464 2928 529256.4805103838 4541463.40259659
1525 2928 530477.0589393949 4541464.345336292
1586 2928 531697.561967832 4541464.256982082
1647 2928 532918.2239889646 4541464.10744901
1708 2928 534137.2113320898 4541464.054013198
1769 2928 535357.5781261045 4541463.911589841
61 2989 501198.083085984 4540243.2804497555
122 2989 502417.9239414465 4540243.164016672
183 2989 503637.46971104475 4540243.570151732
244 2989 504857.4441248975 4540243.166084674
305 2989 506077.82638205925 4540243.502289196
366 2989 507297.8385482402 4540243.27117783
427 2989 508517.824913675 4540243.397794354
488 2989 509737.17936933285 4540244.235272839
549 2989 510957.10474637 4540244.0814743545
610 2989 512177.0130083575 4540244.061722589
671 2989 513397.30016747484 4540243.8885225775
732 2989 514617.55771074543 4540243.717808923
793 2989 515837.5430089968 4540243.630733202
854 2989 517058.06699297903 4540243.630274655
915 2989 518277.89135315194 4540243.810738611
976 2989 519496.89437273104 4540244.290361845
1037 2989 520717.87404376233 4540243.710397963
1098 2989 521937.1080470541 4540244.002071079
1281 2989 525597.3599993263 4540243.942052842
1342 2989 526817.7201229646 4540243.816093903
1403 2989 528037.4535240557 4540244.133556307
1464 2989 529257.3854672969 4540243.953526351
1525 2989 530476.919184393 4540243.673006268
1647 2989 532917.2604515532 4540244.051049737
1708 2989 534136.721686011 4540244.293987198
1769 2989 535357.5469495729 4540244.295447596
0 3050 499978.2973679547 4539023.819391066
183 3050 503637.5518200366 4539023.589792432
244 3050 504858.03924603557 4539023.644614438
305 3050 506077.5942391157 4539023.827021658
366 3050 507298.04703903524 4539023.300334599
427 3050 508517.40493680467 4539023.664125065
488 3050 509737.60365487 4539023.85714026
549 3050 510957.60326754453 4539023.806581965
610 3050 512177.4093380179 4539023.705700277
671 3050 513397.49384539545 4539023.434607935
732 3050 514617.60705394804 4539024.084907817
793 3050 515837.3853737475 4539023.778072616
854 3050 517057.4615645842 4539024.457379942
915 3050 518277.7443476809 4539024.056206122
976 3050 519497.5265232324 4539024.205731106
1220 3050 524377.8428990584 4539023.326660436
1281 3050 525597.4774366065 4539024.111081048
1342 3050 526817.5202265723 4539024.202520584
1403 3050 528036.867291556 4539024.115863129
1464 3050 529257.4140585448 4539024.730455916
1525 3050 530477.3229819324 4539024.092302073
1586 3050 531697.4542106886 4539023.760836585
1647 3050 532917.3710921963 4539023.739892416
61 3111 501197.5234615398 4537803.27880933
122 3111 502416.40024560137 4537803.723239588
183 3111 503637.8900468874 4537803.553219311
244 3111 504857.26272478193 4537803.493727959
305 3111 506077.4336149503 4537803.948850315
366 3111 507297.4333911556 4537803.612095657
427 3111 508516.89503418806 4537803.947433568
488 3111 509736.7655855712 4537804.595350483
549 3111 510957.7677345647 4537803.732109339
610 3111 512176.9347164385 4537804.21497339
671 3111 513396.71215674496 4537804.034199842
854 3111 517056.7586694769 4537804.080771455
1220 3111 524376.4335880626 4537804.504274918
1342 3111 526816.9917330437 4537804.445632581
1403 3111 528036.8578550529 4537804.412899677
1464 3111 529256.9545208551 4537804.29187979
1586 3111 531697.1241146435 4537804.375614709
1769 3111 535357.0408007439 4537803.752299204
61 3172 501197.19766051584 4536583.334288058
122 3172 502417.1148293762 4536583.6333751865
183 3172 503637.25330559973 4536583.616052261
244 3172 504857.7449869994 4536583.337351863
305 3172 506077.7814816096 4536583.224248679
366 3172 507297.73932528903 4536583.1580802575
427 3172 508516.92093676113 4536583.970502126
488 3172 509737.19858748454 4536584.0622218745
549 3172 510956.77429521 4536583.630574085
610 3172 512176.90661148005 4536584.529282748
671 3172 513396.68013434217 4536584.577128987
732 3172 514616.8829483729 4536584.075017977
793 3172 515837.3140862247 4536584.293933531
854 3172 517057.09891235665 4536584.093790963
976 3172 519497.1332408321 4536584.408802311
1098 3172 521936.5320820585 4536584.397210093
1159 3172 523156.9351511301 4536584.22191977
1220 3172 524376.6075431302 4536583.864085728
1281 3172 525597.4418761504 4536584.086229849
1342 3172 526816.9485687832 4536584.0728921415
1403 3172 528036.259207355 4536584.170398851
1464 3172 529257.9757025191 4536584.421161059
1525 3172 530476.7323617317 4536584.661674129
61 3233 501196.65638214565 4535363.934682943
122 3233 502416.9146049306 4535363.699924152
183 3233 503637.4996881091 4535363.608824531
244 3233 504856.38421223196 4535363.70744422
305 3233 506077.42068225297 4535363.533846357
366 3233 507297.60898602847 4535363.29925861
427 3233 508517.1776547971 4535364.153561879
488 3233 509736.35876778833 4535364.273737949
610 3233 512176.52672945894 4535364.442319778
671 3233 513397.29819257796 4535364.262858069
732 3233 514617.81277751655 4535363.192788955
793 3233 515836.79030954925 4535364.3485656055
854 3233 517057.24304958864 4535364.499257813
976 3233 519496.8425736782 4535364.460886329
1098 3233 521936.6287359345 4535364.167575711
1220 3233 524376.382400023 4535364.420721042
1281 3233 525596.8568299651 4535363.842873278
1342 3233 526816.8121810124 4535364.147896763
1403 3233 528036.5995586347 4535363.98810327
1586 3233 531696.8882089618 4535363.939509749
1647 3233 532917.520095427 4535364.289412758
1708 3233 534136.9723344026 4535363.904694601
61 3294 501196.73610109085 4534144.03536613
122 3294 502417.0130622382 4534143.689220851
183 3294 503636.8991661272 4534143.62732507
244 3294 504857.3574835226 4534143.810980634
305 3294 506077.15606636804 4534143.754013616
366 3294 507297.49852340267 4534143.6064631445
427 3294 508517.4964165514 4534144.040756042
488 3294 509736.9289799058 4534144.465183734
549 3294 510957.4107509725 4534144.1225627065
610 3294 512176.99229611986 4534144.2454069145
671 3294 513396.8832000976 4534144.34566404
732 3294 514616.9222607671 4534144.224913322
793 3294 515836.9563120815 4534144.298985073
854 3294 517056.7422056438 4534144.309345665
915 3294 518276.7741164747 4534144.461383866
1098 3294 521936.31949211657 4534144.389740992
1159 3294 523156.6335227145 4534144.2513407525
1220 3294 524377.1726580365 4534143.907779995
1281 3294 525597.0809065201 4534143.972652873
1403 3294 528036.6899374672 4534144.469420557
1464 3294 529256.4755024621 4534144.591033783
1525 3294 530476.4049182761 4534144.3472923925
1647 3294 532916.6074988092 4534144.152605611
0 3355 499977.18856671243 4532923.64635599
61 3355 501196.5424351179 4532923.907681266
122 3355 502417.15531779913 4532923.604501485
183 3355 503637.2228570437 4532923.471819371
244 3355 504856.8712136653 4532924.16320991
305 3355 506077.40253250103 4532923.800563368
366 3355 507296.9216774896 4532924.096922917
427 3355 508517.06538867025 4532924.281197356
488 3355 509737.0650721813 4532923.994432231
549 3355 510956.3598461916 4532924.281258192
671 3355 513397.131685092 4532924.69453949
732 3355 514617.3796929521 4532924.567903427
793 3355 515836.7987272486 4532924.769644778
854 3355 517056.7344768418 4532924.814450052
915 3355 518277.05196709296 4532924.62852419
976 3355 519496.3349393553 4532923.94730622
1037 3355 520716.94747342233 4532924.115034513
1098 3355 521936.9226419253 4532924.281322344
1159 3355 523156.61803206266 4532924.306613637
1220 3355 524376.921491228 4532923.722513646
1281 3355 525596.4387901307 4532924.661025593
1342 3355 526816.7898291663 4532924.170396645
1403 3355 528036.6200614453 4532924.318980233
1647 3355 532916.2376122156 4532924.388569203
61 3416 501196.8265557851 4531703.809869505
122 3416 502416.9281881264 4531703.993597157
183 3416 503636.99224698875 4531703.328742954
244 3416 504856.9386158423 4531703.828927201
305 3416 506077.11190630676 4531703.509294757
366 3416 507296.97862770315 4531704.140444308
427 3416 508516.8282358505 4531704.6056189975
488 3416 509737.1590076684 4531704.229169742
549 3416 510956.62547587225 4531704.465283784
610 3416 512177.2554690402 4531704.265417588
671 3416 513396.4673341761 4531704.288587407
793 3416 515837.03665158927 4531704.220290891
854 3416 517057.8391521248 4531704.056457909
915 3416 518276.81589274877 4531704.3431420475
976 3416 519496.9447470441 4531704.488876036
1037 3416 520716.4707472184 4531704.725918596
1098 3416 521936.6097454336 4531704.376268532
1220 3416 524377.050448866 4531704.222461751
1281 3416 525597.180133435 4531704.2300637
1403 3416 528037.0788734715 4531704.053197259
1464 3416 529256.5244875554 4531704.548440887
1525 3416 530476.3886534402 4531704.285055922
1586 3416 531696.8915621646 4531704.677638495
0 3477 499977.54264930735 4530484.478770179
122 3477 502416.7393964565 4530483.498240498
183 3477 503636.5066797251 4530484.208927347
244 3477 504857.5980066909 4530483.536641503
305 3477 506076.8507341449 4530483.857145263
366 3477 507296.63330882654 4530483.912009455
488 3477 509737.2138091259 4530484.243314698
549 3477 510957.2075543903 4530484.2380528385
610 3477 512176.90753206663 4530484.265208818
671 3477 513397.33579843375 4530483.544447885
732 3477 514616.4662794431 4530484.159536474
854 3477 517057.4930682256 4530484.09468265
915 3477 518277.36536954134 4530484.781674272
976 3477 519497.0502831245 4530484.11895278
1037 3477 520716.5567554765 4530483.559153228
1098 3477 521936.99962197366 4530484.0139957685
1159 3477 523156.7068806323 4530484.378494997
1220 3477 524376.8739553657 4530484.526699205
1281 3477 525596.2791110117 4530483.804791583
1342 3477 526816.5427353744 4530484.855886943
1403 3477 528037.6490771982 4530484.1594049195
1525 3477 530476.9046859997 4530484.32891482
1586 3477 531696.4777121167 4530484.377797044
1647 3477 532916.3439337758 4530484.179220712
61 3538 501197.10840615694 4529263.72010918
122 3538 502416.71698426426 4529263.545254054
183 3538 503637.1914260193 4529263.749340723
244 3538 504857.2842867845 4529263.9208536735
305 3538 506077.2598227237 4529264.045842767
366 3538 507296.5761296729 4529264.347530206
427 3538 508516.5452990151 4529264.424337032
488 3538 509737.52396071865 4529264.482937181
549 3538 510956.9658975645 4529264.398049226
610 3538 512176.8588509631 4529264.862088585
732 3538 514617.2545764612 4529264.289209002
1037 3538 520716.9038435486 4529264.383785282
1098 3538 521936.37412307516 4529264.519820925
1159 3538 523156.4823000609 4529264.307924496
1220 3538 524376.594822151 4529264.804193526
1281 3538 525596.6045001444 4529264.133957054
1342 3538 526816.933494866 4529263.73929373
1403 3538 528036.9001143177 4529264.4261829695
1464 3538 529256.8159250846 4529263.887912273
1525 3538 530476.4656643723 4529264.162258011
1586 3538 531697.1976226226 4529263.992108834
1647 3538 532916.8721963554 4529264.319342655
61 3599 501197.67992805404 4528044.052345678
183 3599 503637.18265650613 4528043.972548998
244 3599 504856.6948561462 4528043.7695301175
366 3599 507297.25373875635 4528043.985647212
488 3599 509736.8926687737 4528043.876368838
549 3599 510957.60506602057 4528043.521287476
610 3599 512177.94989464374 4528044.353696356
732 3599 514617.2631610935 4528044.22205435
793 3599 515837.2771199394 4528044.8023715215
854 3599 517057.3000747501 4528044.004176574
915 3599 518277.9229320895 4528044.711067927
976 3599 519496.81254601537 4528044.782984794
1037 3599 520716.58424497634 4528044.327533792
1159 3599 523156.28441163054 4528044.520917782
1220 3599 524377.6318371051 4528043.790734179
1281 3599 525597.4476510428 4528044.48920822
1342 3599 526817.1195249035 4528044.314302304
1403 3599 528036.5082766224 4528043.88256885
1464 3599 529256.354053553 4528044.487547724
1525 3599 530476.402401312 4528044.353945176
1586 3599 531697.0081753525 4528044.125313492
61 3660 501196.60861770523 4526824.14717393
122 3660 502417.2753810845 4526823.610346062
183 3660 503637.0840652804 4526823.938823646
244 3660 504857.077340808 4526823.579653771
366 3660 507296.6228646507 4526824.36577209
549 3660 510957.5152691647 4526824.588942388
671 3660 513397.6200509921 4526824.317201861
732 3660 514616.701551877 4526824.474961931
793 3660 515837.93869256123 4526824.427862617
976 3660 519496.5984676168 4526824.658471176
1037 3660 520716.98923643323 4526824.358529048
1098 3660 521936.6074994163 4526824.312617064
1159 3660 523156.7516359121 4526824.041041017
1220 3660 524377.3109167193 4526824.561466598
1281 3660 525597.0823136527 4526824.154760627
1342 3660 526817.5612177111 4526823.856632239
1403 3660 528037.0934411598 4526824.839501544
1464 3660 529256.7025350479 4526824.455703887
1525 3660 530476.621898371 4526824.069063542
61 3721 501196.246680485 4525603.789255761
122 3721 502417.3364548311 4525603.4374165
183 3721 503636.9725099703 4525603.778552854
244 3721 504857.51433031796 4525603.864200646
305 3721 506076.3530481148 4525604.157052889
366 3721 507297.2338237895 4525604.222681053
427 3721 508517.63644635165 4525604.099035249
488 3721 509737.04426675657 4525603.977103477
549 3721 510956.7648561975 4525604.166599566
671 3721 513397.3852455339 4525604.792938559
793 3721 515836.9923401465 4525604.7597483415
854 3721 517057.31795430876 4525604.568530466
976 3721 519497.12777796626 4525603.785755006
1159 3721 523157.06921320886 4525604.144711043
1220 3721 524376.8676194155 4525604.106615712
1281 3721 525597.2016737002 4525604.321775743
1342 3721 526817.0353743167 4525604.376518498
1403 3721 528037.4899023804 4525603.895889866
1464 3721 529256.6132793893 4525604.689754041
1525 3721 530477.0630617698 4525603.986686139
1586 3721 531697.1110407242 4525604.444625878
0 3782 499976.8657806254 4524383.807727407
61 3782 501196.5751045138 4524384.06869685
122 3782 502417.33663309796 4524383.797178651
183 3782 503637.121752564 4524383.7227002755
244 3782 504856.61426312913 4524384.304052709
305 3782 506076.49078344856 4524384.701375063
366 3782 507296.53876329184 4524384.199127815
488 3782 509736.59708067554 4524384.3374712635
549 3782 510957.0241125571 4524383.698686209
671 3782 513396.49630887713 4524384.685409753
732 3782 514618.0698247317 4524384.021830104
793 3782 515836.912437269 4524384.600239432
854 3782 517056.88125277276 4524384.647313602
976 3782 519496.79869355157 4524383.805108228
1037 3782 520717.5250694987 4524383.8939349605
1098 3782 521936.93873610644 4524384.521676024
1159 3782 523157.1801714438 4524384.2661864385
1220 3782 524376.7679702019 4524384.446212949
1281 3782 525596.8638553664 4524384.213541519
1342 3782 526816.594837712 4524384.170555121
1403 3782 528037.4499547452 4524384.070937273
1525 3782 530476.5518076308 4524384.527016337
1586 3782 531697.2897386947 4524383.467099138
61 3843 501197.18972480745 4523163.835128703
122 3843 502417.4811208038 4523163.967869125
183 3843 503636.70928758953 4523163.582362865
244 3843 504857.2083768986 4523164.066579391
305 3843 506076.8563714395 4523163.897079617
366 3843 507297.4478394855 4523163.817961333
427 3843 508516.3967081243 4523163.999371708
488 3843 509736.9967727632 4523163.81158323
549 3843 510957.00768724846 4523164.485039033
610 3843 512177.15264434397 4523164.523327926
671 3843 513397.1346125102 4523164.009921897
793 3843 515836.8223209752 4523164.716313037
854 3843 517057.08023203275 4523164.524819996
915 3843 518277.4028453184 4523164.471156927
976 3843 519497.24680273555 4523164.152203597
1037 3843 520717.1957588498 4523164.117985156
1098 3843 521937.23385366745 4523164.203287208
1159 3843 523156.99075418396 4523164.646462748
1220 3843 524377.1008417654 4523164.095282967
1281 3843 525597.3602186604 4523164.203423007
1342 3843 526816.9252068764 4523164.194591443
1403 3843 528036.5692839439 4523164.181130547
1464 3843 529256.902596966 4523164.297507392
1525 3843 530477.350346056 4523164.091846323
61 3904 501197.52551009035 4521944.351233393
122 3904 502417.3512172946 4521943.241037184
183 3904 503636.7222559804 4521944.0814502835
244 3904 504856.62460933137 4521944.172339306
305 3904 506077.00686373987 4521944.444329109
366 3904 507297.48124387674 4521944.332557833
427 3904 508517.28722750983 4521943.668456117
488 3904 509736.746016403 4521944.594093666
549 3904 510956.92245823215 4521944.15896744
610 3904 512176.457158363 4521944.371042664
671 3904 513397.02287751733 4521944.2329627015
732 3904 514616.8726028709 4521944.074994867
915 3904 518276.49160493916 4521943.965457927
976 3904 519497.3495954836 4521944.240321824
1098 3904 521937.0929912731 4521944.142676409
1159 3904 523157.26398588374 4521944.44811885
1220 3904 524376.8098681688 4521943.815579516
1281 3904 525597.293708455 4521943.910129044
1342 3904 526816.6094486866 4521944.221261006
1403 3904 528036.9557049074 4521944.324718759
1464 3904 529256.9955744583 4521944.039198854
1525 3904 530477.0321294236 4521944.428541133
61 3965 501196.686401863 4520723.614977998
122 3965 502417.1423068623 4520723.797053889
183 3965 503636.3446934136 4520724.343477112
244 3965 504856.970686611 4520724.3498478765
305 3965 506076.4792988328 4520724.379943038
488 3965 509736.2040648978 4520724.481333258
549 3965 510957.20357324707 4520724.171015741
610 3965 512176.7073009179 4520724.060423332
671 3965 513397.24530070636 4520723.77972478
732 3965 514616.8054081089 4520724.493497015
793 3965 515836.51116224163 4520724.426993941
854 3965 517056.60484552715 4520724.43652107
915 3965 518276.81649721344 4520723.636629247
976 3965 519496.8158356074 4520724.3817747645
1037 3965 520717.6416278099 4520723.755930951
1098 3965 521937.21891068557 4520724.241002671
1159 3965 523157.90313237475 4520723.8784034075
1220 3965 524376.3341964299 4520724.185222035
1281 3965 525596.966917948 4520723.807717092
1342 3965 526817.1062897304 4520724.16589997
1403 3965 528036.9794131179 4520723.827290159
1464 3965 529257.3061637135 4520724.394528526
1525 3965 530477.1645745097 4520724.026613035
61 4026 501197.4157770458 4519504.068397336
122 4026 502417.132811946 4519503.823720126
183 4026 503637.33352811175 4519504.360288422
244 4026 504856.69397639704 4519504.604001831
305 4026 506077.0572114442 4519504.46384529
488 4026 509736.7746265548 4519504.320474169
549 4026 510957.1007435054 4519503.997609815
610 4026 512176.89655482734 4519503.600734246
671 4026 513396.7720097144 4519503.7877398785
732 4026 514616.6251906882 4519504.299127997
793 4026 515836.68572152 4519504.589540821
915 4026 518276.6733748927 4519504.336273435
1098 4026 521937.295065799 4519503.8463193895
1159 4026 523157.210403637 4519504.50582697
1281 4026 525597.0357263596 4519503.7801266285
1342 4026 526817.4329108532 4519503.736860796
1403 4026 528037.2391757936 4519504.318173603
1464 4026 529257.3267117137 4519504.113670766
122 4087 502416.9342892254 4518283.764984575
183 4087 503636.58976881544 4518284.194599046
244 4087 504857.05988838995 4518284.3420235505
305 4087 506077.4741162781 4518284.062452734
366 4087 507296.317733822 4518283.665099115
427 4087 508516.4273305036 4518284.5255839415
488 4087 509736.62297151407 4518284.514747459
549 4087 510956.88465852494 4518284.582612446
671 4087 513397.3982679531 4518284.094274907
915 4087 518276.35262416786 4518284.456248976
1037 4087 520717.3855378014 4518283.600072473
1098 4087 521936.7101781066 4518284.322679517
1159 4087 523157.3820632791 4518284.2889951235
1220 4087 524377.1993068377 4518284.496105188
1281 4087 525596.7695603757 4518284.15331194
1342 4087 526816.8786074454 4518284.336368741
1403 4087 528036.7418745909 4518284.129745475
1464 4087 529256.678103575 4518283.664933811
122 4148 502417.03777573607 4517063.600968151
183 4148 503636.7956372317 4517064.39766582
244 4148 504857.5628398363 4517064.164690877
305 4148 506077.6888294501 4517064.014968794
366 4148 507296.64062788663 4517064.256967233
427 4148 508516.6068733313 4517064.117991004
488 4148 509736.57977025595 4517064.424155235
549 4148 510956.6598954257 4517064.531527536
610 4148 512177.0691688034 4517064.07021461
671 4148 513396.83634548617 4517064.258554129
793 4148 515837.57796710596 4517064.384145212
915 4148 518276.3712279315 4517063.613057973
1037 4148 520717.117124864 4517064.251267844
1098 4148 521937.11031499365 4517064.259984608
1159 4148 523156.73284122715 4517064.236113103
1220 4148 524377.057009186 4517064.625736277
1281 4148 525597.2400489718 4517063.676175624
1464 4148 529257.5908060478 4517064.238160088
61 4209 501197.21034832706 4515843.494941892
183 4209 503636.3556679826 4515844.688894717
244 4209 504857.37114190863 4515844.409014156
305 4209 506077.10633524595 4515843.72959143
427 4209 508517.3067125534 4515844.261680449
488 4209 509737.50388852926 4515844.125297954
549 4209 510957.32520602556 4515844.015513507
610 4209 512177.2386784681 4515844.752619743
671 4209 513397.1209593321 4515844.666545071
732 4209 514616.98831792205 4515844.7025323175
793 4209 515837.35510017234 4515844.676695291
854 4209 517057.1096684467 4515843.85310813
915 4209 518277.12614762556 4515844.411185744
976 4209 519496.80438350054 4515844.203646819
1037 4209 520716.78865787527 4515844.415487974
1098 4209 521936.686511402 4515844.214486554
1159 4209 523156.3940884491 4515844.253923305
1220 4209 524377.3803001218 4515843.882421939
1281 4209 525597.2095242899 4515844.296741896
1403 4209 528036.2427540726 4515844.5535900965
61 4270 501196.93759913655 4514623.694518239
183 4270 503637.3330195032 4514623.566320272
244 4270 504857.18536406534 4514623.968100571
305 4270 506076.43275610317 4514624.471941639
366 4270 507296.9878941919 4514623.90314893
488 4270 509737.0937679656 4514624.237210464
549 4270 510957.6020989599 4514624.420261673
610 4270 512176.88410228695 4514624.777545822
793 4270 515836.7638842961 4514624.767572539
854 4270 517056.9083683654 4514623.915672771
915 4270 518276.49145118735 4514624.219811064
976 4270 519497.04842990846 4514624.806033941
1037 4270 520717.4552538232 4514624.304986692
1098 4270 521936.5545610072 4514624.365927107
1159 4270 523157.17686798953 4514624.159685569
1220 4270 524377.2780350689 4514624.081370506
1281 4270 525596.7858296117 4514624.458188676
1342 4270 526816.8940414903 4514624.368413778
1403 4270 528036.3292173023 4514624.5411046585
183 4331 503637.3850212638 4513404.115433057
244 4331 504857.67340443406 4513404.293617429
305 4331 506076.8781783858 4513404.477251095
366 4331 507297.7260817539 4513403.893693164
427 4331 508517.3129854612 4513404.181403774
488 4331 509737.78314083366 4513404.014181295
549 4331 510957.0042019638 4513404.587168739
610 4331 512177.27674444614 4513404.589798767
671 4331 513396.9347891758 4513404.722582045
732 4331 514617.1650304037 4513404.497334032
793 4331 515836.4358787706 4513404.951103356
854 4331 517057.3079046241 4513403.921506721
915 4331 518277.1026194979 4513403.942632132
976 4331 519496.700522911 4513404.642556909
1098 4331 521937.1859427338 4513404.065028931
1159 4331 523156.6851017823 4513403.965766158
1220 4331 524376.9622522225 4513404.191864133
1281 4331 525597.0043270261 4513404.390652693
1342 4331 526816.7819104701 4513403.8602843145
1403 4331 528037.1501037566 4513404.123181333
488 4392 509737.57693412184 4512184.2907803245
610 4392 512177.09984187677 4512184.450779886
732 4392 514616.73299216205 4512184.859842785
793 4392 515836.8416212241 4512184.319252346
854 4392 517056.5315592621 4512184.420758468
915 4392 518276.74638483487 4512184.392062357
976 4392 519497.13628648524 4512184.369376005
1037 4392 520717.0845751541 4512184.3661519755
1098 4392 521936.1069570475 4512184.444455655
1159 4392 523156.5264178682 4512184.221423374
1220 4392 524376.6048960715 4512184.864058239
1281 4392 525596.5087492769 4512184.387203778
1342 4392 526816.5970408787 4512184.21359547
1403 4392 528037.0912520088 4512183.555644323
366 4453 507297.3897344051 4510964.070506002
427 4453 508517.1281425579 4510964.390330237
610 4453 512176.55483447167 4510964.412870767
671 4453 513397.1295914999 4510964.800299353
793 4453 515836.9762518541 4510963.994150749
854 4453 517057.79028596584 4510964.121982078
915 4453 518277.79990539455 4510964.188974439
976 4453 519496.9572249949 4510964.263860758
1037 4453 520716.5552708482 4510964.374838551
1098 4453 521936.5087746109 4510963.957054876
1159 4453 523156.1867385977 4510964.102874571
1220 4453 524376.8463223347 4510964.458821869
1281 4453 525597.1151878224 4510964.3189531835
1342 4453 526816.93548859 4510964.617671935
61 4514 501197.23450576817 4509744.20247045
122 4514 502417.2486569854 4509744.078438001
305 4514 506077.78811445046 4509744.412339576
366 4514 507297.14054557955 4509744.016817159
488 4514 509736.9064999688 4509744.245304102
549 4514 510957.25154588383 4509744.557116864
610 4514 512177.1294138181 4509743.83895477
671 4514 513397.01964408305 4509744.979681952
732 4514 514617.25096377276 4509744.751252984
793 4514 515837.4877109025 4509744.363432429
915 4514 518277.33079948556 4509744.051292994
976 4514 519497.0836328603 4509744.5179045955
1037 4514 520716.8351530928 4509743.675852895
1098 4514 521937.2957363658 4509744.283885776
1342 4514 526816.4547908042 4509744.110593968
61 4575 501197.01109268714 4508524.710125791
244 4575 504856.8861037831 4508524.350234274
305 4575 506077.62428862473 4508523.950903174
427 4575 508516.7793106827 4508524.740564751
488 4575 509737.09860045055 4508524.003006944
549 4575 510957.27553923044 4508523.670000215
610 4575 512177.1014565246 4508524.413332095
732 4575 514617.28011356166 4508524.491960929
915 4575 518276.53783126135 4508524.161943332
976 4575 519497.41532012605 4508523.952377723
1037 4575 520716.40476123453 4508524.371474688
1098 4575 521936.59505225444 4508524.228083327
1159 4575 523157.0806568366 4508524.103558123
1220 4575 524377.2772627443 4508523.778319433
1281 4575 525597.0678402848 4508524.067184934
1342 4575 526816.6792530695 4508524.085713236
61 4636 501197.04735474376 4507303.767903783
244 4636 504857.4894442675 4507304.301607412
305 4636 506077.6105112094 4507304.543336792
366 4636 507297.7850622473 4507304.4481671825
427 4636 508516.3097755846 4507304.894550624
549 4636 510957.2422897373 4507304.2853245335
610 4636 512177.0933962437 4507304.786893739
671 4636 513396.9584426422 4507304.567101844
732 4636 514617.30970242707 4507304.918079917
793 4636 515837.3211643202 4507304.117633069
854 4636 517056.77177040686 4507304.353892043
915 4636 518276.7335151149 4507304.388636258
976 4636 519496.16424196685 4507304.49034106
1037 4636 520717.6141733624 4507304.17491346
1098 4636 521937.2328339278 4507304.645816779
1159 4636 523157.0403880911 4507303.920014046
1220 4636 524376.5463658329 4507304.138882753
1281 4636 525596.9462833478 4507303.841543418
1342 4636 526816.6633137071 4507304.08645338
183 4697 503637.5467753129 4506083.810158966
244 4697 504857.91868496535 4506084.193037124
305 4697 506077.08387984295 4506084.127438911
366 4697 507297.1027461605 4506084.560241798
427 4697 508517.1044371737 4506083.832205771
549 4697 510956.863013925 4506084.253650376
610 4697 512177.00247588864 4506084.755039193
671 4697 513397.54849008797 4506084.710955848
793 4697 515837.11740045436 4506084.673937491
854 4697 517056.54619974724 4506084.7416806305
915 4697 518276.43788112514 4506084.088635607
976 4697 519496.4793284185 4506083.750181523
1037 4697 520716.9045623535 4506083.940991256
1098 4697 521936.74826119654 4506083.810332616
1159 4697 523156.928309478 4506083.787991476
1220 4697 524376.7722423137 4506084.129159071
1281 4697 525596.5682008613 4506084.189805512
244 4758 504857.07319608564 4504864.648940908
305 4758 506077.3686919776 4504863.57219149
366 4758 507296.77346974745 4504864.5029725535
427 4758 508517.0320359917 4504864.635819753
549 4758 510957.21574352484 4504864.256786277
610 4758 512177.52026272775 4504864.806472726
671 4758 513397.3888710438 4504864.636557872
732 4758 514616.99483097676 4504864.598978487
793 4758 515836.9717973928 4504864.426284069
854 4758 517056.32472791383 4504863.942698656
915 4758 518276.81142912485 4504863.937364407
1037 4758 520716.55483037926 4504864.3734449
1098 4758 521936.9990766374 4504864.4111046875
1159 4758 523156.26116627926 4504864.368887631
1220 4758 524377.2558088452 4504863.735124917
183 4819 503637.7311392754 4503644.148816894
244 4819 504857.437821447 4503644.080650247
305 4819 506077.2445232525 4503644.176641468
366 4819 507296.93380448286 4503644.400434888
427 4819 508517.46962155873 4503644.5453610215
488 4819 509737.04647965764 4503644.4571563285
549 4819 510957.09049588826 4503644.354826439
610 4819 512177.12029961415 4503644.208042822
671 4819 513397.3341114029 4503643.967333142
732 4819 514616.6615658096 4503644.503152851
793 4819 515836.36512241414 4503643.925705808
854 4819 517057.75415577815 4503644.111777321
915 4819 518276.62718332454 4503643.776875644
976 4819 519497.53309944423 4503644.299992652
1037 4819 520716.8070132856 4503644.057110049
1098 4819 521936.94323192834 4503644.589829507
1159 4819 523156.5841544419 4503644.624392053
1220 4819 524377.5232067592 4503644.009632269
1281 4819 525597.0860787904 4503643.816694418
305 4880 506076.847158902 4502423.5910679735
366 4880 507296.8431683097 4502424.404896944
427 4880 508517.57733240875 4502424.600945475
488 4880 509737.22346880205 4502424.616110622
610 4880 512176.8506378207 4502423.967670508
671 4880 513397.29845723114 4502424.958604961
732 4880 514616.45267627033 4502424.494315696
793 4880 515836.80009636487 4502424.223247284
854 4880 517057.20563109586 4502423.914743854
915 4880 518276.5681232842 4502424.438309221
1037 4880 520716.62995496544 4502424.655529653
1098 4880 521937.22979290754 4502424.565984824
1159 4880 523156.9005382551 4502423.664793069
1220 4880 524377.2794997152 4502424.576029155
122 4941 502416.58241767687 4501204.382147502
305 4941 506077.40018192044 4501204.416323491
366 4941 507297.4351789414 4501204.705686892
427 4941 508517.44202638895 4501204.381696371
488 4941 509737.4586744398 4501204.60706774
549 4941 510957.1502570065 4501204.309354837
610 4941 512177.5783798218 4501204.298917814
671 4941 513396.82828938053 4501204.077685063
732 4941 514617.40548670746 4501203.866061269
793 4941 515836.34606638085 4501204.466442718
915 4941 518276.1433303976 4501204.248193511
976 4941 519496.7043180333 4501204.638105369
1037 4941 520716.6749463551 4501204.484392318
1159 4941 523157.3338789569 4501203.84260106
61 5002 501196.64279512764 4499983.842643555
122 5002 502416.60628020635 4499984.139617637
183 5002 503637.18757838884 4499984.477383968
244 5002 504857.129102773 4499984.705173156
305 5002 506077.2999631426 4499984.259079071
366 5002 507297.30493696773 4499984.922188127
427 5002 508517.2496597596 4499984.176533702
488 5002 509737.3655983277 4499983.801077703
549 5002 510957.6464480327 4499984.347550079
610 5002 512177.31430580904 4499984.001997969
671 5002 513396.49739470903 4499984.379543434
732 5002 514617.2114924861 4499984.38642204
793 5002 515836.91333015583 4499984.321091521
854 5002 517056.44430471846 4499984.43768828
915 5002 518276.61805084307 4499984.4564390965
1037 5002 520716.5478172176 4499984.226368678
1098 5002 521937.0178460382 4499983.972072937
1159 5002 523156.95346926857 4499984.540713514
61 5063 501197.3013756508 4498764.41805831
122 5063 502417.64626018924 4498764.057045308
183 5063 503637.14049056906 4498764.451930122
244 5063 504857.1159780326 4498764.471664784
305 5063 506077.7645281114 4498764.605265888
366 5063 507296.7643059504 4498763.962854032
427 5063 508516.2881024952 4498764.755724077
488 5063 509737.0681109059 4498764.501485989
549 5063 510957.7044453742 4498764.025712824
610 5063 512176.6047072526 4498763.893843578
671 5063 513396.32260634133 4498764.9353297185
793 5063 515837.03717631963 4498764.409596624
854 5063 517056.6048138858 4498764.390909586
915 5063 518277.05246382224 4498764.085421339
976 5063 519496.9279153116 4498764.459655796
1037 5063 520716.11190339125 4498764.128266452
1098 5063 521937.0499029305 4498764.069468978
1159 5063 523157.1292648334 4498764.132875382
61 5124 501196.7962410838 4497544.630657954
122 5124 502417.2845284116 4497544.536821599
183 5124 503636.8915448692 4497544.495420707
244 5124 504857.6594077247 4497544.031197452
305 5124 506077.48600245395 4497544.291037307
366 5124 507296.9657133419 4497544.469943773
427 5124 508517.40974400035 4497544.305586899
488 5124 509736.5496228259 4497544.443809917
549 5124 510956.41672509705 4497544.873671022
610 5124 512176.3666328856 4497544.215088066
671 5124 513397.5779015693 4497544.00429475
732 5124 514617.47550753143 4497543.799785963
793 5124 515837.14597657335 4497544.599217952
854 5124 517056.6817243892 4497544.495824522
915 5124 518276.4233107527 4497544.14522267
1037 5124 520716.9924947775 4497544.633705948
1098 5124 521936.8045118185 4497544.277075164
1159 5124 523157.05880573584 4497544.297013202
61 5185 501197.3867311584 4496324.112472266
122 5185 502417.1526665687 4496324.330671044
183 5185 503637.1074170183 4496324.614660296
244 5185 504857.390080215 4496324.546904923
305 5185 506077.1920562702 4496324.118280089
366 5185 507296.9150695327 4496324.567425129
427 5185 508517.0399244759 4496324.127841847
488 5185 509737.404273598 4496324.0662277425
549 5185 510956.94318302535 4496324.525201217
610 5185 512176.31657546986 4496324.098562155
671 5185 513396.69959250937 4496324.146075709
915 5185 518277.475117492 4496323.876066181
976 5185 519496.38541024964 4496324.358591381
1037 5185 520717.49656852224 4496324.337055524
1098 5185 521937.35038454086 4496324.160494219
1159 5185 523156.83205514593 4496324.339557375
122 5246 502417.2282219656 4495104.533326839
183 5246 503637.0807412107 4495104.65403623
244 5246 504857.40778421477 4495104.533646638
305 5246 506077.61419005546 4495104.22090923
366 5246 507297.25467980036 4495103.818270027
427 5246 508516.4549836908 4495104.889763601
488 5246 509736.8299958883 4495104.514262683
549 5246 510956.9529422242 4495104.67748815
610 5246 512177.4621743588 4495103.925569468
671 5246 513396.57937721175 4495104.509514985
732 5246 514616.7132180979 4495104.861623269
793 5246 515836.4227754546 4495103.940474474
854 5246 517056.6547535491 4495104.255278994
915 5246 518277.5060553602 4495104.133301952
976 5246 519497.2951678815 4495104.324506687
1037 5246 520717.28762446274 4495104.281003214
1098 5246 521936.54388994 4495104.632227704
0 5307 499976.41771848965 4493885.000765844
122 5307 502416.9749211183 4493884.213542029
183 5307 503637.0403355139 4493884.722549254
244 5307 504857.6975396554 4493884.411349827
305 5307 506076.81552620593 4493884.582875304
366 5307 507296.88095912384 4493884.267275127
427 5307 508516.9469804492 4493884.931663143
488 5307 509737.3012797859 4493884.570805846
549 5307 510956.90462079254 4493884.606270213
610 5307 512177.34890169505 4493884.295187111
671 5307 513396.6548245276 4493884.398394203
793 5307 515837.3117226778 4493884.030242203
854 5307 517056.6111212597 4493884.3514583595
915 5307 518276.78001469927 4493884.376881078
976 5307 519496.7853984213 4493884.162732648
1037 5307 520716.75690241257 4493884.277426853
1098 5307 521937.05273294594 4493884.204649742
122 5368 502417.09486755525 4492664.407264916
244 5368 504857.55906593293 4492664.342079225
305 5368 506076.7604012073 4492664.73619164
366 5368 507297.2314146801 4492664.350349891
427 5368 508517.6242026825 4492664.714565532
549 5368 510956.451439789 4492664.989748043
854 5368 517056.67027653044 4492664.337086442
915 5368 518277.14901999215 4492664.52522378
976 5368 519496.83985567355 4492664.022001661
1098 5368 521937.57786727167 4492664.493864467
61 5429 501197.6232633366 4491444.3990794765
122 5429 502417.1677164931 4491444.6157987695
183 5429 503637.53830911586 4491444.322287957
305 5429 506077.04468638636 4491443.972490083
366 5429 507297.4415737171 4491444.131705644
427 5429 508517.2708012531 4491444.796232244
549 5429 510957.30963932653 4491444.693523684
610 5429 512176.5927972565 4491444.458924414
793 5429 515836.9977615959 4491444.271730923
854 5429 517056.953626533 4491444.50935099
915 5429 518276.48789971636 4491444.568214816
1037 5429 520716.8831899566 4491444.4530294435
1037 5490 520716.2618362574 4490224.940766016
