10004 1220 799998.1765425837 5087808.32473193
10004 1342 799998.4276194946 5086587.786136871
10126 1464 801218.2487865493 5085368.654577062
10614 1586 806098.2403446477 5084147.180740848
9882 1708 798778.98908165 5082928.317969804
10492 1708 804881.2843887467 5082924.44825491
10614 1708 806098.7957010019 5082931.144321036
10004 1830 799997.5578816169 5081708.3887484195
10858 1830 808538.074182824 5081708.208067815
10004 1952 799997.3646644726 5080488.837850582
10248 1952 802440.352880723 5080490.819910143
9028 2196 790237.1776101025 5078048.192102361
10248 2196 802436.3188484831 5078044.76397887
10858 2196 808538.0371885713 5078048.148065026
8906 2318 789021.8999542552 5076824.646529003
9028 2318 790237.8969867668 5076829.170056876
9150 2318 791457.4312533757 5076828.726420367
10126 2440 801220.0951593537 5075610.126168425
10370 2440 803661.3872966603 5075608.247353367
8906 2562 789014.3713726131 5074388.928388341
10004 2562 799998.1040478026 5074388.595226052
10248 2562 802438.8696264101 5074390.703739208
10370 2562 803661.0437172567 5074388.777518089
8418 2684 784136.2376408206 5073164.347951532
8540 2684 785361.6727963998 5073168.4994518375
8906 2684 789022.1488356189 5073169.718693093
10126 2684 801217.346677263 5073168.428012019
10248 2684 802436.8811989421 5073164.967235607
10858 2684 808538.4376710363 5073164.298164625
8296 2806 782921.5261678505 5071948.777597242
8784 2806 787797.8556091058 5071944.337209584
8906 2806 789019.4655998882 5071947.448078657
9028 2806 790236.7342876479 5071948.159540389
10492 2806 804879.5303631306 5071947.635707304
10614 2806 806103.0753642154 5071946.857512235
8174 2928 781697.8600189912 5070727.915573485
8662 2928 786579.6043480216 5070729.8331597
9638 2928 796337.7209216334 5070731.209737446
9760 2928 797557.5407104823 5070728.523876297
10126 2928 801221.0289554499 5070728.377194374
10248 2928 802437.6228843463 5070731.716687665
10492 2928 804877.0821084221 5070727.427863776
8906 3050 789017.7838583557 5069507.9678253485
10248 3050 802439.0740451632 5069509.857917681
10492 3050 804877.5322897213 5069507.672973615
10736 3050 807318.2701775593 5069508.349646453
8296 3172 782918.0141896695 5068287.507347486
9516 3172 795118.405288503 5068287.126141938
10004 3172 799999.0724213547 5068291.586496574
10248 3172 802440.1326014852 5068290.061684612
10370 3172 803656.6730992576 5068292.287177899
8296 3294 782917.3619206309 5067071.7019364545
8540 3294 785358.7424455748 5067069.185245906
8784 3294 787802.8073800276 5067067.665407139
8296 3416 782917.6033816836 5065848.699203114
8540 3416 785361.9051819502 5065851.906702305
8662 3416 786581.5939498488 5065844.8065398
10736 3416 807318.6364843001 5065844.963931697
8296 3538 782917.4665367812 5064627.156457543
9150 3538 791455.8235597718 5064632.956984295
9516 3538 795115.7743465535 5064623.1509676855
10126 3538 801218.3032921123 5064628.189277814
10614 3538 806095.3945595853 5064624.159930635
8662 3660 786578.1728322384 5063403.773747134
9394 3660 793895.8918527412 5063404.713387283
9638 3660 796338.6555281925 5063408.24435573
10614 3660 806098.231989121 5063403.017489054
10736 3660 807317.1087931163 5063404.996915863
10858 3660 808539.302164163 5063401.465789703
6344 3782 763401.3494742091 5062192.7699508425
8296 3782 782917.9368022034 5062187.5665953895
8418 3782 784141.4847266892 5062188.55678325
8540 3782 785357.4109092656 5062190.643999601
8662 3782 786576.2419607266 5062184.023957135
9150 3782 791462.605096982 5062192.529872714
10126 3782 801217.119276935 5062186.187393979
7564 3904 775597.3566164488 5060967.349365289
8784 3904 787801.8831261728 5060964.913122319
10126 3904 801219.8930452097 5060964.946252847
10736 3904 807317.778326773 5060963.098509159
6466 4026 764621.1161239764 5059747.528311672
6588 4026 765839.203592754 5059747.747943124
7442 4026 774378.4395472208 5059748.2051860355
8540 4026 785356.045668598 5059744.266806516
9150 4026 791458.7662580817 5059744.70292981
9760 4026 797557.8310761049 5059744.637885247
10370 4026 803658.0807457638 5059744.5346278185
7076 4148 770719.5384652987 5058529.0234372895
7198 4148 771938.1753243151 5058527.286735654
7686 4148 776817.8202381438 5058531.623686938
8784 4148 787796.5110194498 5058529.063726509
10126 4148 801220.96548845 5058522.690745646
10248 4148 802442.9329172502 5058528.023818789
10370 4148 803658.0202310814 5058530.89086448
6344 4270 763400.3752323297 5057308.119968011
6466 4270 764618.7516321852 5057308.713719762
6832 4270 768277.687921511 5057309.203812461
6954 4270 769498.3215070895 5057308.501197332
7564 4270 775596.0454530739 5057304.953348894
8418 4270 784139.374998578 5057308.303692013
8540 4270 785356.9932644076 5057311.38834873
9272 4270 792678.7706907383 5057307.40668951
9638 4270 796341.7077761483 5057310.48023939
6344 4392 763399.7065795496 5056084.955420746
6588 4392 765841.8629312586 5056088.281418935
6954 4392 769498.5332682374 5056088.02041692
7198 4392 771943.0789395147 5056086.2210141085
7442 4392 774379.3053893473 5056092.655937784
8784 4392 787798.811680394 5056089.325102661
9150 4392 791458.2428335964 5056082.808795312
6466 4514 764622.5251225509 5054871.504436466
6588 4514 765841.8633102449 5054864.545764522
6710 4514 767061.7368574695 5054868.258929881
6832 4514 768279.2420757404 5054871.167147691
6954 4514 769498.5521769626 5054867.341269455
7320 4514 773158.0543699277 5054869.283024763
7442 4514 774378.9431552402 5054867.967486163
8662 4514 786578.4454975543 5054871.748690098
8784 4514 787798.3476972511 5054869.053825843
8906 4514 789021.4630337276 5054868.657267127
9150 4514 791456.9711062969 5054872.399179972
9394 4514 793898.8012126755 5054864.046003395
9882 4514 798777.7831815807 5054871.066766632
10004 4514 799997.9672641641 5054872.675677596
6344 4636 763401.396127956 5053647.752055018
8662 4636 786579.6587918865 5053650.066622338
9028 4636 790243.0424842322 5053644.839464038
9760 4636 797561.6284268604 5053648.160492797
7076 4758 770722.2626736372 5052424.533856642
7564 4758 775595.6928096773 5052423.756714849
8296 4758 782916.7665319289 5052427.063214639
8662 4758 786577.0809801782 5052428.527302377
9272 4758 792678.3802295023 5052422.664284542
9394 4758 793897.0928039927 5052427.791782264
6344 4880 763399.8597376476 5051210.05406408
6466 4880 764619.3978374907 5051203.929601929
6954 4880 769496.6762402816 5051208.7364865495
8418 4880 784138.044246787 5051208.9074665075
8540 4880 785357.41163166 5051208.405583988
9272 4880 792677.1407815561 5051210.360876289
9394 4880 793899.911215066 5051209.928420994
6710 5002 767058.66246354 5049992.360639153
8418 5002 784142.4123043761 5049987.867385743
8540 5002 785357.1407239034 5049988.953262178
9028 5002 790236.6949337042 5049991.221753202
6100 5124 760961.5123938263 5048771.18245549
8784 5124 787797.1459912405 5048767.553734514
8906 5124 789017.5933085597 5048768.831483447
6588 5246 765841.6919161245 5047543.616686144
8662 5246 786580.1853485155 5047550.12195599
8784 5246 787797.6430851684 5047547.549756743
6222 5368 762177.1038484727 5046325.999815878
6832 5368 768279.0209681086 5046322.169179883
8418 5368 784140.1195409788 5046329.901022705
6344 5490 763397.2157957229 5045102.623570863
6588 5490 765838.5355085924 5045103.217531322
8296 5490 782917.6848289309 5045111.334679708
5978 5612 759741.4764521851 5043888.951435157
6100 5612 760956.8052014865 5043884.950456792
6588 5612 765839.0544270176 5043882.8605063055
5856 5734 758518.6404472401 5042668.215306368
5978 5734 759741.7180683443 5042664.199514992
7808 5734 778036.9927987927 5042667.672979118
7930 5734 779261.4036086191 5042668.274422933
6954 5978 769501.1208944403 5040226.915053883
7320 5978 773155.5453759817 5040225.132320134
7442 5978 774379.2428626637 5040231.5502411965
6100 6344 760955.1554859938 5036563.938213195
6100 7198 760957.139199251 5028023.76875847
5734 8906 757301.5169368444 5010944.382381461
5856 9150 758518.3091449359 5008508.419829427
6100 9272 760962.9790912443 5007287.766690417
6100 9394 760960.7217641172 5006064.566103397
5856 9516 758522.9039884179 5004847.8997348305
6100 9638 760957.8765555819 5003631.310591264
6100 9760 760958.3746083777 5002408.085257629
5124 10126 751199.7750262659 4998742.973179105
5612 10126 756078.001997068 4998748.8542856155
6222 10248 762180.0749396961 4997527.477250293
6344 10248 763401.2991207523 4997527.494659779
5490 10370 754862.2649363533 4996304.993681105
5246 10492 752417.731456462 4995089.007633781
5490 10492 754858.1257831185 4995088.449372029
