610 0 506081.62490466156 4499998.77070321
854 0 508521.8352186989 4499999.236370584
3172 0 531699.053998102 4499998.950892136
3538 0 535359.8343118713 4499999.275126673
9638 0 596358.0490028998 4499997.957224884
9760 0 597579.2406444056 4499999.29769621
9882 0 598799.404475006 4499999.141442419
10004 0 600018.4783742642 4499998.286515193
10248 0 602461.7221624602 4499997.252108843
122 122 501200.58812132385 4498780.426808203
488 122 504862.2952594241 4498777.88237995
732 122 507301.65539621154 4498778.36284177
1464 122 514622.2444084319 4498778.293211104
1830 122 518282.57625597477 4498777.853867477
2196 122 521941.48136084125 4498779.10686452
2440 122 524381.4897411647 4498778.826688774
3294 122 532919.3561601662 4498778.968269793
4026 122 540241.3878210713 4498778.471590637
5612 122 556101.4586772226 4498777.822881118
5856 122 558541.4490683237 4498778.105722649
6466 122 564641.3598455326 4498778.408689266
7442 122 574401.0349994593 4498778.133556478
7564 122 575622.3742044258 4498778.136104596
9272 122 592698.5070703311 4498778.562333256
10248 122 602458.3038124716 4498777.493924264
10370 122 603678.7250860097 4498777.432627509
10492 122 604900.7956497582 4498777.964918009
10736 122 607338.50231362 4498777.978290047
0 244 499981.5902934196 4497559.079841707
122 244 501201.7791222865 4497558.149211965
244 244 502422.11428109254 4497559.400649373
488 244 504861.1173627039 4497557.794433755
610 244 506081.2587217705 4497557.738839406
1342 244 513401.9625933875 4497558.571517873
1464 244 514622.1821122099 4497557.8798466595
1830 244 518282.39478146256 4497557.804077104
2318 244 523161.33960854163 4497558.998814809
2562 244 525601.1136235113 4497559.013780656
2684 244 526821.5679067366 4497558.788029124
3050 244 530479.4031556146 4497558.162815687
3172 244 531699.4137308724 4497558.274164146
3782 244 537798.9770428708 4497558.909951882
4026 244 540239.1131828319 4497559.066212381
4148 244 541460.4477876213 4497559.4051255705
4270 244 542680.7539032423 4497558.597718732
6466 244 564642.2013073207 4497558.01000729
7686 244 576842.322157006 4497558.169715513
9028 244 590258.8201119178 4497557.932261506
9394 244 593921.6458545995 4497556.837898896
10858 244 608560.6067001317 4497558.18099688
366 366 503641.83385273034 4496338.967518479
732 366 507301.4470304782 4496338.308126239
1342 366 513401.4269276187 4496338.7273905
1464 366 514621.1850044676 4496338.690440925
1830 366 518281.49804898043 4496338.340762753
2440 366 524380.9384111427 4496338.591077295
2684 366 526821.1933845795 4496338.649541775
5368 366 553661.7255117777 4496337.220872875
7564 366 575619.6924917607 4496337.553088646
7686 366 576840.7918191858 4496338.025525635
9028 366 590258.7096991081 4496338.033632189
9394 366 593920.0736207145 4496337.402643697
9760 366 597579.1560238756 4496337.882505148
10126 366 601237.8413658 4496337.390940317
10370 366 603681.4064969269 4496337.868305452
10492 366 604898.5153364281 4496337.2536702985
10736 366 607342.0582420067 4496338.250521111
122 488 501203.27878479316 4495121.7855248805
1830 488 518281.3593147756 4495119.215150341
1952 488 519500.5606748813 4495119.315784614
2196 488 521940.87837026786 4495118.64591555
2684 488 526821.1657323241 4495118.310830175
2806 488 528041.033331303 4495118.100959115
2928 488 529259.2309748766 4495118.923882616
3050 488 530479.0108329789 4495118.773387287
4880 488 548780.9296733718 4495119.1250805175
5612 488 556101.8218491536 4495118.886771741
5734 488 557321.3443853817 4495118.879572303
7564 488 575620.3487007536 4495120.373762225
7686 488 576840.8263947086 4495118.594901189
8052 488 580499.0666993522 4495119.70721127
9760 488 597581.6225604414 4495116.764657242
10004 488 600019.5409320123 4495117.610357714
10126 488 601239.0093647259 4495118.141522331
10248 488 602459.1624364747 4495117.649931213
10370 488 603680.7454178163 4495116.577309101
10492 488 604901.3383325033 4495117.460616987
10614 488 606121.6881971378 4495117.221106245
10736 488 607338.5460044063 4495118.439035142
366 610 503641.9174457727 4493899.3323909035
732 610 507301.3635689477 4493899.593920221
1220 610 512181.7615976898 4493898.6658254275
1464 610 514622.45665325696 4493897.528452391
2196 610 521941.678954499 4493898.342689341
2684 610 526821.071296257 4493897.988833646
4514 610 545121.5418050054 4493897.965876569
5002 610 549999.3139705857 4493898.884963752
5856 610 558541.3526827829 4493898.862506316
6100 610 560981.1379304596 4493898.647330606
6344 610 563420.0112489465 4493899.998621674
8174 610 581721.6745112124 4493899.210349249
8296 610 582938.997730047 4493899.041931014
9638 610 596358.3784369393 4493897.633152528
9882 610 598798.0288632796 4493896.800358966
10370 610 603678.6161795313 4493897.803090067
10492 610 604902.2066906721 4493896.782852375
10614 610 606118.3301058842 4493896.974453039
10736 610 607341.5463585889 4493896.362193328
1464 732 514621.6689950054 4492678.046834223
2318 732 523161.16000282625 4492679.478382023
2440 732 524381.438772728 4492678.784328876
2684 732 526821.6788305044 4492677.989433805
2928 732 529261.2556349139 4492678.8746751435
4270 732 542680.2826460316 4492677.966490629
5734 732 557322.9669806792 4492678.030988851
6222 732 562201.8303561399 4492678.614188431
7320 732 573180.3898173567 4492677.76314215
8174 732 581721.0489232752 4492679.194234409
9516 732 595137.6658570708 4492677.594041125
9760 732 597580.6140533912 4492677.810802343
10370 732 603678.0608572344 4492677.678815615
10614 732 606121.6190507363 4492678.102251302
976 854 509741.5217948625 4491458.1333467215
1220 854 512181.62314037024 4491459.111615538
1342 854 513402.1019479729 4491460.267854041
1464 854 514621.2181240298 4491458.106887932
1586 854 515841.75964293245 4491458.974931276
1708 854 517062.111524633 4491458.674420902
1830 854 518281.33775407524 4491458.31762438
2440 854 524381.0213585582 4491459.378639081
3416 854 534140.4850955359 4491458.830667317
4270 854 542681.4912542459 4491458.219674915
4636 854 546339.1705656984 4491458.095035398
5734 854 557321.4791726847 4491458.5685650045
5856 854 558539.2244666689 4491457.790946284
5978 854 559760.1977826229 4491457.653219226
8052 854 580499.2451620796 4491458.159696436
8174 854 581721.611517118 4491458.290184369
8296 854 582940.4576948456 4491458.949679024
8662 854 586598.3399487017 4491458.73980035
9638 854 596359.1034269284 4491458.157347619
9882 854 598798.2050204896 4491457.041932735
10004 854 600018.2886771436 4491458.036796224
10370 854 603681.4778576475 4491459.331959485
10614 854 606121.5761676054 4491457.936443076
10858 854 608558.4074331175 4491458.011284151
732 976 507301.3253724053 4490238.618218857
976 976 509740.2292153568 4490238.552350255
1586 976 515840.83312280255 4490239.077033523
1952 976 519502.0526957951 4490238.368883029
3416 976 534141.3331548091 4490238.395463468
3782 976 537798.9909869123 4490238.700087011
4636 976 546338.6983384538 4490238.180849084
5612 976 556101.2256476888 4490238.89998572
5856 976 558540.6119743143 4490239.1070852075
6710 976 567080.7641583709 4490238.736684582
7808 976 578061.4238200998 4490238.525288819
7930 976 579282.1177707595 4490238.646352069
8540 976 585381.2658051706 4490238.580632506
8662 976 586600.5735067048 4490238.604547394
8906 976 589039.0067161454 4490238.7191700805
9028 976 590258.3546689097 4490238.820120922
9394 976 593917.9237171869 4490238.0933843795
9760 976 597577.85394612 4490237.8624841105
9882 976 598799.0772749083 4490238.274978167
10004 976 600018.723773269 4490238.7445645435
10248 976 602461.6812565391 4490238.611748725
10492 976 604901.6601551597 4490238.676270768
10614 976 606120.4941745301 4490238.4728098875
10736 976 607341.5313717363 4490237.918508111
488 1098 504862.2711294163 4489018.331586916
610 1098 506081.6110034169 4489018.729513716
1098 1098 510961.69893927244 4489018.891720342
1342 1098 513400.9114531227 4489017.766185869
1586 1098 515840.7445537074 4489018.67807363
1830 1098 518280.94710272393 4489019.146469098
5734 1098 557322.2078994344 4489018.567457911
5856 1098 558541.7905648923 4489017.231095272
5978 1098 559761.067780209 4489018.584765148
8662 1098 586598.2579335481 4489018.196552364
8906 1098 589041.7912531052 4489017.95275346
9150 1098 591480.6878711651 4489019.082766369
9394 1098 593918.4665305146 4489018.458581639
9516 1098 595137.8097563407 4489018.155112472
9638 1098 596357.9556305578 4489017.34848452
10004 1098 600017.4956663258 4489017.796820835
10126 1098 601238.046704239 4489017.762727431
10248 1098 602460.7960638853 4489017.9077594215
10492 1098 604901.7240727727 4489017.99740461
10614 1098 606121.0440697138 4489018.567587642
10736 1098 607341.56072896 4489018.678842668
10858 1098 608561.179915609 4489018.9937196635
10980 1098 609780.5351381674 4489019.214731477
1220 1220 512180.59287826205 4487799.6133689545
1708 1220 517061.0744307835 4487798.35760185
1830 1220 518280.47001918976 4487798.918531202
3660 1220 536580.3677868957 4487801.012046447
3904 1220 539020.4882184815 4487799.26593526
4148 1220 541459.5324421218 4487800.181860054
4270 1220 542678.839308323 4487798.888182874
4392 1220 543898.9564099836 4487798.42320941
5856 1220 558542.0228348433 4487797.788409603
5978 1220 559763.1231766867 4487798.500199915
6100 1220 560982.4522784215 4487798.734380277
6222 1220 562202.2591557426 4487799.196475148
9028 1220 590262.0662765232 4487797.80747454
9272 1220 592701.6701147426 4487798.119656223
9394 1220 593920.8272204453 4487798.215775141
9638 1220 596358.311063612 4487798.264758499
9760 1220 597578.3363245999 4487799.007701694
10126 1220 601238.9288876657 4487797.1132847415
10248 1220 602460.7172428177 4487797.588566988
10370 1220 603679.2651910097 4487797.363348164
10736 1220 607341.1166917896 4487798.038462616
10858 1220 608561.815040885 4487797.840040621
122 1342 501202.8238623665 4486577.907702478
732 1342 507302.49169381056 4486577.088117616
1220 1342 512182.1435858057 4486579.398891989
1342 1342 513401.86744717136 4486579.241079704
1464 1342 514621.6591661306 4486578.86282951
2074 1342 520722.07413255185 4486578.316890961
4148 1342 541460.8627242194 4486578.493770271
4880 1342 548779.2694391806 4486578.756056194
5002 1342 549998.603244197 4486578.434540359
5246 1342 552441.5948992145 4486579.398944205
5856 1342 558541.4022636747 4486578.375381648
6100 1342 560981.6251610172 4486578.984108645
8662 1342 586600.103231177 4486578.579910888
8906 1342 589041.5543121358 4486578.278375557
9272 1342 592698.0873030631 4486578.349775216
9394 1342 593917.9405527611 4486578.028778318
9516 1342 595137.9801746822 4486577.587874201
9760 1342 597581.0653125652 4486578.632213708
10248 1342 602458.635095862 4486577.666100166
10370 1342 603681.2629909716 4486577.595103847
10492 1342 604901.088903595 4486578.106010942
10614 1342 606120.6731116246 4486577.458434039
10736 1342 607340.9762126098 4486577.690507427
1098 1464 510961.8015230226 4485357.949308661
1464 1464 514621.6215562552 4485358.388064717
5124 1464 551221.3098380803 4485358.521115619
5246 1464 552441.5436831365 4485358.560060536
8662 1464 586602.1411994556 4485357.760300589
8784 1464 587818.4924595661 4485358.356146161
8906 1464 589038.9990785846 4485358.2912793355
9028 1464 590259.3766525296 4485358.877564839
9272 1464 592701.5331371183 4485358.252731576
9394 1464 593917.7906506152 4485357.827398614
9638 1464 596358.136088477 4485358.091711629
9760 1464 597578.3847213055 4485358.612194654
10248 1464 602461.5003262605 4485359.080068546
10492 1464 604898.7123434446 4485358.398025162
10736 1464 607342.1477296415 4485357.303536456
10858 1464 608561.3615906533 4485357.856762025
488 1586 504861.7256266998 4484138.2880531335
610 1586 506082.2905619462 4484138.918822887
1342 1586 513401.1564509214 4484138.16813013
1464 1586 514621.3458449341 4484138.218083388
1708 1586 517061.29709317925 4484139.154054207
1952 1586 519500.93016469234 4484138.933949217
2196 1586 521940.9869895079 4484137.856451381
4026 1586 540241.7027998852 4484137.1234513465
5246 1586 552441.3737410996 4484138.166563973
6100 1586 560981.8627501181 4484137.969139424
6588 1586 565861.1878489782 4484137.159997835
7320 1586 573181.9245875992 4484138.774911273
8662 1586 586599.4493562279 4484138.462213002
8784 1586 587819.0107625558 4484138.353633563
8906 1586 589040.9074322006 4484138.08057084
9028 1586 590261.5645579507 4484137.88217815
9272 1586 592699.0960593906 4484138.697159933
9394 1586 593919.0508784528 4484138.758054034
9516 1586 595139.4437129709 4484138.378908303
9760 1586 597581.5965696875 4484138.537128394
9882 1586 598798.0471304553 4484138.566534391
10004 1586 600018.8176494642 4484137.593776096
10126 1586 601239.384028059 4484138.5632031355
10248 1586 602461.0468817798 4484138.003346162
10370 1586 603681.0562503531 4484138.687513856
10492 1586 604900.8704137448 4484138.515469507
10614 1586 606121.1938699608 4484138.711010573
10736 1586 607341.2143884993 4484138.431443134
10858 1586 608558.2332913361 4484138.970055252
1220 1708 512181.0389004625 4482918.3220091155
1586 1708 515841.37087308656 4482918.52481706
1952 1708 519501.60355378373 4482918.9846680965
2440 1708 524380.9798207688 4482918.755977917
4514 1708 545120.3436049415 4482917.715568392
5734 1708 557321.451562654 4482918.308455192
5856 1708 558541.4352407525 4482919.36074087
6222 1708 562200.7199464529 4482918.683489801
6588 1708 565862.1978190574 4482917.727819948
8662 1708 586597.8610052116 4482918.873313796
8906 1708 589038.5166017127 4482918.326904238
9028 1708 590259.1343311904 4482918.199561851
9150 1708 591478.9980676842 4482918.60375537
9394 1708 593921.1126812592 4482918.742679411
9516 1708 595141.8586779232 4482917.090278664
9760 1708 597579.0722259062 4482918.729151221
9882 1708 598799.6150209068 4482919.156903519
10004 1708 600021.3769986114 4482917.904926997
10248 1708 602458.2892728718 4482917.907900038
10370 1708 603681.5089375575 4482917.660442539
10492 1708 604900.9481019289 4482918.214945269
10736 1708 607341.1867681877 4482918.325862347
10858 1708 608561.4937003921 4482918.56922611
610 1830 506080.83871012996 4481699.071034996
854 1830 508521.82669730624 4481699.272054039
1342 1830 513401.46431573055 4481698.269009679
1464 1830 514620.79305021313 4481697.845211965
1586 1830 515841.1281212292 4481698.178751747
1708 1830 517060.679089803 4481698.472663569
1830 1830 518280.8732307211 4481697.813624549
2318 1830 523161.4630205377 4481699.101909773
2440 1830 524381.9401711256 4481698.377307502
5368 1830 553660.7564295861 4481699.146921119
5490 1830 554881.0368330613 4481699.056437517
5734 1830 557322.1175559317 4481699.026817445
6710 1830 567080.9832960381 4481699.029103703
8296 1830 582938.3256148592 4481697.373066716
8418 1830 584158.4175964631 4481698.151983972
8540 1830 585379.3438299911 4481697.681443453
8784 1830 587818.67032215 4481697.954556557
9150 1830 591481.4536606211 4481698.114393023
9272 1830 592698.4419588835 4481698.164041057
9394 1830 593918.6079607784 4481698.689906357
9516 1830 595139.3989837399 4481698.728925073
10004 1830 600020.6447453399 4481698.043125116
10126 1830 601240.9128455303 4481697.464533416
10370 1830 603681.654512509 4481697.325659652
10492 1830 604901.1863625594 4481697.517401836
10614 1830 606121.9549700397 4481697.6410933
10858 1830 608561.2087144377 4481698.430170209
610 1952 506080.7383896825 4480478.537904945
1098 1952 510961.6238167145 4480478.884567649
1220 1952 512182.4325937054 4480479.361523453
1464 1952 514621.9134512065 4480478.726999254
1708 1952 517061.10601054446 4480478.121447532
1952 1952 519501.1104444904 4480478.511499486
2196 1952 521941.1616111252 4480478.167745578
2318 1952 523162.31820632383 4480478.122577349
2440 1952 524381.4594643938 4480478.188348615
2562 1952 525599.0508902746 4480478.280798056
3172 1952 531701.7477107919 4480478.358465969
4148 1952 541459.3568318491 4480478.967151172
4636 1952 546338.2720134681 4480478.428367871
8052 1952 580498.3570153536 4480478.555452353
8540 1952 585378.0262492986 4480478.629736411
8662 1952 586598.1204845574 4480477.278927437
8906 1952 589040.8934139503 4480477.637554759
9028 1952 590259.65886928 4480477.535260466
9150 1952 591478.7984137984 4480478.173246426
9272 1952 592698.8777802449 4480478.459666366
9394 1952 593917.7900364965 4480477.82839865
9516 1952 595138.8450230358 4480478.217557185
9760 1952 597578.6840889864 4480479.014371691
10004 1952 600021.5509918239 4480478.24833111
10248 1952 602460.7335716137 4480478.780341325
10370 1952 603680.9098455613 4480477.91501758
10492 1952 604901.0571684532 4480477.686222763
10614 1952 606121.569159656 4480477.049405332
10736 1952 607342.253079483 4480476.936822121
10858 1952 608558.78989367 4480477.279888308
10980 1952 609778.5398983299 4480478.590022138
2684 2074 526819.9028658221 4479259.031487365
2928 2074 529258.865182396 4479258.60324049
3416 2074 534141.2522353632 4479258.555351657
4636 2074 546339.0136264039 4479258.9382060105
4758 2074 547559.0088109812 4479258.693379283
5612 2074 556101.9735633063 4479258.484370624
5734 2074 557319.2947354428 4479259.102664207
8540 2074 585378.3479015811 4479258.264959767
8662 2074 586598.2916782706 4479258.347373615
9028 2074 590258.3516768168 4479257.530080044
9150 2074 591478.444972595 4479257.890452384
9272 2074 592699.1821563456 4479257.267978896
9394 2074 593919.1037668611 4479257.7748163035
9638 2074 596358.309907275 4479258.465722376
9760 2074 597578.833940662 4479258.645442131
9882 2074 598801.177111449 4479258.244757193
10492 2074 604901.0675455127 4479258.644852334
10614 2074 606120.4119634973 4479258.730413144
10736 2074 607340.9617600946 4479258.43777027
10858 2074 608561.4973873213 4479257.190125416
488 2196 504861.2368364262 4478039.524370807
610 2196 506080.9576562154 4478039.047226225
854 2196 508521.9652741874 4478038.130081726
1342 2196 513402.4366788118 4478037.550029308
2074 2196 520721.7659405076 4478038.055822083
3050 2196 530479.1639397861 4478039.028566073
3172 2196 531698.7219918099 4478039.435159588
4758 2196 547558.5032462584 4478039.039990935
4880 2196 548781.5882022267 4478038.187901977
5734 2196 557319.063648135 4478037.328248801
6100 2196 560980.9713216228 4478039.22502559
6222 2196 562200.7982543306 4478039.165233106
6710 2196 567082.8144992887 4478037.489697539
7930 2196 579278.5710692724 4478038.1792856455
8174 2196 581719.2238185143 4478038.94263147
8296 2196 582939.23024795 4478038.630000759
8540 2196 585378.9425020913 4478038.220116769
8662 2196 586598.2755859424 4478038.288628188
9028 2196 590257.6783690874 4478038.483044452
9150 2196 591478.3667810566 4478038.503390327
9882 2196 598801.5689585537 4478037.604573264
10004 2196 600021.0822001935 4478038.064887975
10126 2196 601242.6001218733 4478037.486724137
10370 2196 603681.7130880967 4478038.209868178
10492 2196 604901.4035925971 4478038.620367901
10614 2196 606121.8579204963 4478038.677643154
10736 2196 607341.5223060925 4478038.756843659
10858 2196 608560.6847799395 4478038.815674259
732 2318 507301.8000609208 4476820.878955127
854 2318 508521.9765786372 4476819.011378718
1464 2318 514621.4516115976 4476818.198201965
2074 2318 520721.32616623456 4476818.179758145
2196 2318 521941.94315629185 4476818.416602857
2440 2318 524381.9008286243 4476817.372041646
2806 2318 528041.7630650412 4476821.754868417
3172 2318 531700.8463805534 4476819.136955957
4758 2318 547559.6013152502 4476819.430557735
5124 2318 551219.0378732439 4476818.7766328035
5856 2318 558542.5132926701 4476817.384277175
6832 2318 568300.7739987646 4476818.007380661
8418 2318 584158.4269617116 4476818.35504527
8540 2318 585379.038979311 4476818.924677696
8662 2318 586600.8492717644 4476818.329534446
9150 2318 591478.4787699265 4476818.1965242345
9394 2318 593918.0658774422 4476818.260987038
9516 2318 595137.4645446414 4476817.669778421
9760 2318 597578.4134409486 4476817.8101889035
9882 2318 598800.6050170243 4476818.16981708
10004 2318 600021.0430784508 4476817.383994085
10126 2318 601240.7455811512 4476817.230433263
10248 2318 602461.6321956201 4476817.73708871
10370 2318 603680.6158876831 4476817.787808615
10614 2318 606121.5687889899 4476817.967323445
10736 2318 607341.3507712629 4476818.533130769
10858 2318 608561.7085969388 4476818.534477923
10980 2318 609780.8373773794 4476819.104115411
732 2440 507302.26349450945 4475598.738336815
854 2440 508521.65345766785 4475599.147473684
1098 2440 510961.76444545086 4475598.233235819
1586 2440 515841.44971212285 4475598.525444781
2196 2440 521941.1329805468 4475598.941229261
2318 2440 523160.6451382789 4475597.797751132
3538 2440 535359.2535260636 4475599.005941447
5856 2440 558541.3466840112 4475598.457481127
7076 2440 570740.9261067198 4475598.93170979
8906 2440 589038.958861467 4475598.818651276
9028 2440 590259.1912622559 4475598.522681408
9272 2440 592698.7049473951 4475598.125970264
9638 2440 596358.242392183 4475598.194405188
9882 2440 598801.5680118816 4475598.324835856
10004 2440 600022.1965736428 4475598.07157757
10126 2440 601241.4471904757 4475597.8946583755
10370 2440 603681.6895761166 4475597.848807615
10492 2440 604902.2287103344 4475597.65885773
10614 2440 606120.9900108757 4475597.543456845
10736 2440 607341.5022542111 4475597.548108166
10858 2440 608561.3005656607 4475597.340312469
122 2562 501201.97105905105 4474377.804820305
244 2562 502421.52571514243 4474377.774316657
976 2562 509741.5239824872 4474380.520950645
1098 2562 510961.57009780704 4474378.974904066
1830 2562 518281.7241684525 4474377.962594915
2928 2562 529259.2011232468 4474381.513043923
3050 2562 530479.4324808756 4474381.36049057
3416 2562 534141.2260095701 4474378.408788566
6100 2562 560980.8640912694 4474378.988411732
7076 2562 570741.3785743872 4474378.542130362
8662 2562 586600.6235533337 4474378.02414801
8784 2562 587819.8714226872 4474378.998786759
9394 2562 593919.2628722452 4474378.990399813
9516 2562 595139.4163459152 4474378.47533091
9638 2562 596359.0348486186 4474377.730917256
9760 2562 597581.5161631069 4474377.815829962
10004 2562 600021.9921463664 4474377.468350135
10248 2562 602461.4893122908 4474378.765144359
10614 2562 606122.0325706096 4474377.783766935
10858 2562 608561.9867354624 4474377.670252253
366 2684 503642.0018594194 4473159.129222197
1586 2684 515841.4105391323 4473158.665980409
2074 2684 520721.04124566837 4473158.637956231
2318 2684 523161.87314063986 4473158.431637
4880 2684 548781.9045728598 4473159.258275012
6100 2684 560981.7471200476 4473158.765442811
7320 2684 573179.2947519782 4473159.359967973
8784 2684 587820.5309252273 4473157.912908255
8906 2684 589040.6671654296 4473157.867282635
9516 2684 595138.3088882465 4473158.486080435
9882 2684 598800.6466946524 4473157.507587566
10004 2684 600021.6125252405 4473157.389780743
10126 2684 601242.334406171 4473157.427854837
10248 2684 602461.8733140773 4473157.521261841
10736 2684 607342.096729032 4473158.071307468
10858 2684 608561.7339092859 4473158.450933725
854 2806 508521.6195635387 4471937.657016721
1220 2806 512181.8660488575 4471941.004129163
1708 2806 517061.180872775 4471938.514489432
1830 2806 518281.088125508 4471939.045365474
2196 2806 521940.93833722506 4471938.306944008
2806 2806 528040.3507778939 4471939.427264831
3050 2806 530479.0961772269 4471938.859973517
3172 2806 531700.958528577 4471938.471485681
4514 2806 545121.1049307715 4471941.076220309
5124 2806 551221.4228975128 4471939.170420253
8418 2806 584158.5536170165 4471937.639059137
8906 2806 589041.568085663 4471937.124874872
9516 2806 595140.537052664 4471938.524808423
9638 2806 596359.5375755413 4471938.407695039
9760 2806 597582.0382305419 4471938.154923507
9882 2806 598798.3626743018 4471937.737367642
10004 2806 600021.4807538174 4471938.032163175
10614 2806 606122.069364411 4471938.018841996
10858 2806 608562.4406630255 4471937.456566542
488 2928 504861.8306051542 4470717.80143425
610 2928 506082.06541799684 4470721.438573002
1464 2928 514622.0198490496 4470720.970775885
2684 2928 526822.150646045 4470718.114938278
2928 2928 529260.639244093 4470718.286581375
3172 2928 531699.3627948915 4470719.513304399
4880 2928 548779.2353954156 4470717.845118312
5002 2928 550000.7846659108 4470718.571100452
9882 2928 598801.8455749371 4470717.9181931345
10614 2928 606120.9666605617 4470717.413226523
10736 2928 607341.3193441783 4470717.559654771
10858 2928 608561.4771297132 4470717.074361486
244 3050 502422.3127379156 4469499.242554258
488 3050 504861.7243265012 4469498.955870852
610 3050 506080.9683518801 4469499.231754759
732 3050 507301.112631002 4469498.762025436
976 3050 509741.2792089704 4469498.397601641
1342 3050 513401.2199705078 4469498.701658131
2074 3050 520721.3707285055 4469498.69975925
2196 3050 521939.0590670809 4469498.812592566
2806 3050 528041.7229025273 4469497.3567242045
3172 3050 531699.1021468977 4469498.779143264
8052 3050 580502.0126631275 4469499.072946984
9882 3050 598802.0606580325 4469497.2491116775
10126 3050 601242.0415168754 4469497.12077502
10614 3050 606121.8535271443 4469498.047106405
10736 3050 607341.1301319639 4469498.308334127
244 3172 502421.0212158112 4468279.478299578
366 3172 503640.93280552636 4468280.859992529
976 3172 509741.6056415701 4468278.324480534
1098 3172 510962.1035958602 4468278.581609007
1708 3172 517061.52493956464 4468279.474634131
1830 3172 518278.5911530274 4468278.942731469
3172 3172 531702.0236679056 4468278.000449516
3294 3172 532921.5686736691 4468277.9674847955
3538 3172 535360.3618002112 4468279.18455612
4636 3172 546341.3335342123 4468278.543041082
4880 3172 548781.3999821661 4468280.32249426
5490 3172 554881.4790584864 4468278.259304591
8052 3172 580499.0829662882 4468280.050765151
8174 3172 581719.0881125615 4468279.117337312
8296 3172 582940.9017007491 4468278.874285173
9028 3172 590259.6610076714 4468278.678652077
9150 3172 591479.6163746689 4468278.485468863
10126 3172 601242.4720244459 4468277.691066456
10248 3172 602462.296356112 4468277.531043965
10492 3172 604901.7428637866 4468278.213282647
10736 3172 607342.0440806848 4468278.437287036
488 3294 504861.23184403963 4467059.475816779
610 3294 506081.3419133228 4467060.079050028
732 3294 507300.5934196149 4467059.198016789
854 3294 508520.8073154957 4467060.655048529
976 3294 509740.3485202046 4467060.965901084
2318 3294 523160.6034988681 4467060.487530302
2440 3294 524379.0442358007 4467061.235252921
2562 3294 525599.5400438756 4467060.744992843
2928 3294 529259.3626702197 4467059.025331663
3050 3294 530478.7342249993 4467058.6375897415
4514 3294 545121.380280786 4467058.47442852
4636 3294 546342.148737686 4467058.8556646155
4758 3294 547562.5730651224 4467058.42516363
5124 3294 551221.483652619 4467060.0912817735
8906 3294 589038.8498317521 4467059.209828909
9150 3294 591480.5438898861 4467058.139309272
9272 3294 592699.7967776947 4467059.0232008435
9882 3294 598801.5874938812 4467058.133506447
10370 3294 603681.7837672541 4467057.53362064
10492 3294 604902.0877440217 4467057.758723788
10614 3294 606122.4030174597 4467057.636744354
10858 3294 608561.8283369432 4467057.076787365
366 3416 503641.1588894051 4465838.406991787
610 3416 506081.0467350911 4465840.327864423
732 3416 507301.35327873164 4465839.732304307
854 3416 508521.2998525414 4465840.7314000195
1098 3416 510961.53653194266 4465838.633887254
1220 3416 512181.882647319 4465838.310727885
1342 3416 513401.76981347473 4465837.812106221
1464 3416 514621.4637214424 4465839.106242876
1586 3416 515840.8156615996 4465838.4340521535
1708 3416 517059.03619754384 4465837.766882378
1830 3416 518281.03307019005 4465839.071755341
2074 3416 520721.05704173044 4465838.3395906575
2806 3416 528041.1733277608 4465840.980995022
3050 3416 530481.501288786 4465839.482506876
5002 3416 549998.5071741603 4465839.182519345
5246 3416 552442.2855657984 4465837.404129543
5368 3416 553661.4814884996 4465838.574419993
7320 3416 573181.399268186 4465838.158765474
9028 3416 590260.901960951 4465838.407986807
9272 3416 592698.5986903193 4465838.7689103875
9394 3416 593918.3730766473 4465838.858022471
9516 3416 595139.0396819937 4465838.998928057
9638 3416 596362.0537559895 4465837.28265298
10004 3416 600020.7371388715 4465838.992495501
10126 3416 601240.6501002209 4465838.158950795
10248 3416 602461.4180191967 4465838.122659677
10614 3416 606120.8450813375 4465837.267429804
10736 3416 607341.1869193534 4465837.79486311
10858 3416 608561.077209362 4465837.652597199
488 3538 504861.59860350116 4464618.406164777
610 3538 506081.1546720535 4464618.991654401
732 3538 507301.0769843373 4464620.613549365
854 3538 508521.4223654102 4464618.997101088
1098 3538 510961.53306422965 4464619.001405023
1708 3538 517061.9639411776 4464617.286640291
2074 3538 520718.9383808216 4464619.107248803
2318 3538 523160.97313581215 4464618.622499006
3538 3538 535358.4506860084 4464618.953888872
4880 3538 548781.5591939285 4464618.616505697
5124 3538 551222.2591970845 4464620.585834808
5612 3538 556101.4868024853 4464618.518250846
7686 3538 576841.9177096683 4464618.859140644
8906 3538 589041.6167550798 4464616.893752188
9394 3538 593919.7283486429 4464618.961905471
9516 3538 595141.6749254295 4464618.582357187
9638 3538 596360.9001455468 4464617.687146639
9760 3538 597581.446786738 4464617.962755398
10004 3538 600020.9999175943 4464618.035008431
10126 3538 601238.0301360975 4464618.319345927
10248 3538 602461.7394286189 4464618.43534829
10370 3538 603680.8924658017 4464618.123951331
10492 3538 604901.1323054394 4464618.5411661295
10614 3538 606121.201028269 4464618.48651322
10736 3538 607341.8240644315 4464617.735160623
10858 3538 608561.5029485866 4464618.032901961
854 3660 508521.2864416513 4463399.312722098
1220 3660 512181.24982309283 4463399.234841044
1952 3660 519502.1400544171 4463397.50679378
2562 3660 525599.2504499481 4463399.217284534
2684 3660 526818.8465965996 4463398.502938082
3050 3660 530481.949796885 4463397.924958615
3782 3660 537801.3416137958 4463398.72928804
4636 3660 546341.9287014584 4463398.391434571
4758 3660 547561.4463082538 4463398.252554959
5002 3660 550001.372530797 4463398.356878378
5124 3660 551221.4108225626 4463398.910746982
5246 3660 552441.5016768544 4463400.600943621
5368 3660 553661.1048879151 4463399.004518578
5612 3660 556101.5414043319 4463398.961018803
5734 3660 557321.8098770834 4463399.290583616
5856 3660 558541.3766258338 4463399.425109911
7198 3660 571961.60647776 4463399.028747294
9516 3660 595141.7287600746 4463398.04199955
9638 3660 596361.8824950454 4463397.398260087
9760 3660 597581.8033082334 4463397.391684286
10370 3660 603681.4052174101 4463397.894305027
10492 3660 604902.0759949395 4463396.755534375
10614 3660 606122.4118884609 4463398.258867241
10736 3660 607342.1882850046 4463398.511053609
10858 3660 608561.8677516945 4463398.580335109
488 3782 504862.3701859315 4462178.407253425
854 3782 508522.08865281276 4462178.61719147
1098 3782 510960.98781611206 4462179.086854588
1464 3782 514618.5408768644 4462178.884636269
2318 3782 523159.27707365336 4462181.100303971
2440 3782 524379.4931499315 4462179.090792063
2684 3782 526818.6826527936 4462179.649308375
3782 3782 537799.8361272933 4462180.805800929
3904 3782 539020.2478835615 4462179.415605313
4758 3782 547562.1709272193 4462178.335287719
4880 3782 548782.4944483526 4462177.573461649
5246 3782 552441.3489352168 4462178.2395805465
5734 3782 557321.4946723529 4462178.409503095
7198 3782 571958.8684334198 4462179.264859505
7320 3782 573179.8374943625 4462179.491903016
9394 3782 593918.1007987922 4462177.203751559
9516 3782 595140.8091245079 4462178.913997656
9638 3782 596360.8276834359 4462178.7403208595
9760 3782 597581.5153376393 4462178.318428216
9882 3782 598801.5453995331 4462178.078381476
10370 3782 603681.6869563292 4462177.303485265
10492 3782 604901.2378720501 4462177.26275696
10614 3782 606121.5206703653 4462177.607094959
10858 3782 608561.9564797708 4462177.794389897
244 3904 502420.9064190124 4460958.305656025
1098 3904 510961.60482773324 4460958.17241607
1586 3904 515840.74874139705 4460959.177083151
1708 3904 517058.6184868829 4460959.123932963
1830 3904 518279.0333369694 4460958.451739223
2196 3904 521941.9678397852 4460957.3310607225
4636 3904 546341.4228301246 4460958.172461074
4758 3904 547561.4565025005 4460958.405253494
5002 3904 550002.6068071922 4460957.905622436
5246 3904 552442.0077792848 4460958.030463005
5612 3904 556098.8299691369 4460961.038219728
5856 3904 558541.6528416828 4460958.610433861
6588 3904 565861.4169594548 4460958.70118735
7076 3904 570742.0867839608 4460958.639178305
7442 3904 574398.6400060256 4460959.069499352
9394 3904 593918.698472156 4460958.633258857
9516 3904 595141.1971582938 4460957.833256644
9638 3904 596361.5216683778 4460958.120748955
9760 3904 597581.2087979116 4460958.239061908
9882 3904 598801.276007225 4460958.568998648
10004 3904 600021.6324043798 4460958.173378544
10126 3904 601241.1735707262 4460958.32735247
10248 3904 602462.1499115145 4460958.232291089
10370 3904 603681.8156451876 4460957.089598139
10492 3904 604901.8713800394 4460957.802061057
10614 3904 606121.9040619599 4460957.906331866
10736 3904 607341.5513437949 4460957.685984123
10858 3904 608561.4322870683 4460957.474883309
0 4026 499981.9345767544 4459737.247385493
976 4026 509741.26630698453 4459738.232876059
1586 4026 515839.43935990374 4459738.828807275
1952 4026 519498.5080353008 4459740.632812712
2318 4026 523159.02336445544 4459739.31608663
2440 4026 524381.9665679552 4459741.069004433
4880 4026 548782.2155314866 4459738.0309571475
5490 4026 554878.2738818022 4459737.185917661
5978 4026 559761.4007834715 4459738.424343936
6466 4026 564642.1698830259 4459738.266361494
7198 4026 571961.6776033858 4459738.434835065
7442 4026 574401.4551191402 4459738.464984575
9516 4026 595142.469765411 4459737.551662656
9638 4026 596361.3195835829 4459737.3380565345
9760 4026 597581.6212755466 4459737.544694886
9882 4026 598801.0868129726 4459737.611292206
10004 4026 600021.324036787 4459737.810474012
10126 4026 601241.5431440827 4459738.184900904
10248 4026 602461.8618214696 4459738.142427809
10370 4026 603681.7230499075 4459738.807109983
10736 4026 607342.2051311852 4459738.427297013
10858 4026 608561.5806762883 4459738.1157493135
10980 4026 609781.0577592824 4459738.066704333
122 4148 501200.2517245792 4458518.372382777
244 4148 502420.59783844947 4458518.594140609
1586 4148 515841.1636557436 4458518.73933314
2562 4148 525601.9003983235 4458517.466028554
2806 4148 528042.7739216133 4458521.570456572
4758 4148 547560.7625143372 4458519.060031956
4880 4148 548780.9989981516 4458518.834483935
5368 4148 553662.2949898223 4458518.007266215
6100 4148 560981.7205500031 4458518.036540713
6344 4148 563421.6685687621 4458518.759739295
8174 4148 581722.0308164186 4458518.025556725
9638 4148 596362.0107743068 4458517.608311114
10004 4148 600022.2619458162 4458517.1324647255
10370 4148 603682.1668805811 4458517.331447237
610 4270 506081.72522465547 4457298.395987934
732 4270 507301.314273362 4457298.377085261
976 4270 509740.8788786862 4457298.465070952
1464 4270 514622.5374136384 4457298.253965456
2074 4270 520722.21369146556 4457298.855984079
2562 4270 525598.0624053369 4457298.901972638
2684 4270 526821.4280205166 4457298.981802844
5002 4270 550001.8653368845 4457299.254984898
5124 4270 551220.941684479 4457300.118154067
5246 4270 552440.6798312792 4457298.869504487
5490 4270 554881.0566650834 4457298.209679054
8906 4270 589038.5747867663 4457298.056709916
9028 4270 590258.8699450367 4457297.979303117
9394 4270 593918.5910961146 4457299.071745691
9516 4270 595140.9624284594 4457298.037743179
9638 4270 596361.5606636025 4457297.911620008
9760 4270 597581.5359052491 4457297.874674469
10126 4270 601241.9265968606 4457297.608642246
10370 4270 603681.915339222 4457298.217766028
1464 4392 514621.54706613364 4456078.361571715
1708 4392 517060.6925486833 4456079.27062081
2074 4392 520719.54253827577 4456081.108814126
2440 4392 524381.0339092519 4456078.456061209
4758 4392 547562.2049404169 4456078.467095585
4880 4392 548781.9352744521 4456078.812134839
5368 4392 553661.5690554185 4456078.800912484
5612 4392 556100.6486177804 4456080.73860666
6344 4392 563422.6638689179 4456077.799063192
8418 4392 584161.6286711367 4456078.419092724
8906 4392 589041.5751031152 4456078.420905324
9028 4392 590261.5123775896 4456078.777131291
9150 4392 591478.0000144541 4456078.1010797275
9272 4392 592698.4465110574 4456078.358143871
9882 4392 598801.3839692394 4456078.600996039
10004 4392 600021.6143973704 4456077.847812337
10370 4392 603681.4089889931 4456078.142361298
10492 4392 604901.7443640094 4456078.529557981
122 4514 501202.0125201289 4454858.299634902
244 4514 502422.39589188364 4454857.581942316
366 4514 503641.5967469343 4454857.954779085
610 4514 506080.5582194314 4454861.751505687
2196 4514 521939.530868364 4454858.884025314
3538 4514 535359.7714009234 4454859.446098408
3660 4514 536579.5539821689 4454859.111844333
4880 4514 548781.8152457251 4454858.532644271
5246 4514 552441.3476528355 4454858.950255938
5368 4514 553661.8016733029 4454859.041645823
6100 4514 560981.2863787774 4454858.758528975
6222 4514 562201.6603801769 4454858.248542462
7686 4514 576839.2744325502 4454859.589879932
8418 4514 584161.8687195163 4454857.775071255
8906 4514 589040.8364878478 4454858.226623221
9150 4514 591478.7678634453 4454858.384011585
9882 4514 598801.6790258395 4454859.016529168
10004 4514 600018.61949622 4454858.649809485
10126 4514 601241.6302542666 4454858.934323659
10248 4514 602461.4335962713 4454858.53321725
10370 4514 603680.5250685785 4454858.5362353185
10492 4514 604900.8869020029 4454859.243217567
10614 4514 606121.1351217041 4454858.444666496
10736 4514 607341.4657477519 4454858.253638142
10858 4514 608561.4976638581 4454858.075566734
244 4636 502421.1922296786 4453638.517278745
732 4636 507301.8637461244 4453638.072371256
854 4636 508521.78883102717 4453637.970336738
1464 4636 514622.4454112093 4453642.0000545075
1586 4636 515842.04392779095 4453637.391714426
1708 4636 517062.21788613114 4453637.862356182
1830 4636 518281.07957955985 4453638.182897804
2440 4636 524381.6018845421 4453638.775187665
3416 4636 534138.8427478403 4453639.3050640635
4514 4636 545121.913675099 4453638.209105616
4636 4636 546342.5515606914 4453637.7993128495
4758 4636 547562.313899533 4453637.683961007
4880 4636 548782.599964337 4453637.814501125
5124 4636 551221.2716994038 4453638.941006058
5368 4636 553661.0153567988 4453639.050517735
6100 4636 560981.4043406661 4453639.183203591
6222 4636 562202.0173797824 4453638.461187457
6344 4636 563421.9727221533 4453638.403241796
7442 4636 574399.2362528688 4453638.3907198375
7808 4636 578060.3627166467 4453639.541066022
8174 4636 581719.1588292159 4453638.679916723
8418 4636 584157.8711377988 4453637.726324882
9028 4636 590261.321899642 4453638.410807366
9150 4636 591481.1770544224 4453637.707865825
10248 4636 602461.6612981593 4453638.371921102
10492 4636 604901.0694603468 4453638.230538853
10614 4636 606121.1245370233 4453638.944680471
10858 4636 608561.0784854728 4453638.545010372
366 4758 503641.7535967096 4452418.080247158
732 4758 507302.3100526407 4452417.893897214
976 4758 509742.22170817625 4452417.56669576
1220 4758 512181.6838879727 4452418.04673364
1586 4758 515842.20265155163 4452418.885666081
1708 4758 517062.8622013824 4452418.352128384
1952 4758 519501.3234407372 4452418.799024883
3904 4758 539017.7051350144 4452418.930409699
4758 4758 547561.3391644047 4452418.672204393
4880 4758 548782.3100442276 4452418.504866587
5124 4758 551222.0517894889 4452418.481060006
5368 4758 553661.6721801267 4452418.862333478
5734 4758 557321.1127929108 4452419.4662091695
6100 4758 560981.0399171312 4452419.273615208
6222 4758 562200.7889202782 4452419.3232392585
6344 4758 563420.7582626827 4452419.208266524
6466 4758 564640.9492249829 4452419.093520455
9028 4758 590257.8268925266 4452417.133368244
9516 4758 595138.3418852887 4452418.24151827
9638 4758 596361.4495125115 4452418.451732813
9882 4758 598801.7056479646 4452417.64835223
10004 4758 600022.0061714457 4452417.343672343
10126 4758 601241.4025253921 4452417.25877775
10614 4758 606122.0280901274 4452418.853937476
10736 4758 607341.4526748292 4452418.95282385
366 4880 503641.8194175653 4451198.147136893
488 4880 504862.563691346 4451197.320957115
732 4880 507302.0819506721 4451196.935542736
976 4880 509742.35474490724 4451197.438023078
1220 4880 512182.3804316788 4451197.8838239815
2196 4880 521940.66191162844 4451199.028597053
3172 4880 531698.3185542972 4451197.518625184
3294 4880 532918.2558224901 4451198.227060958
3904 4880 539019.0803236992 4451200.899029041
4392 4880 543900.8553603785 4451198.832105983
5246 4880 552441.74749534 4451198.792138181
5612 4880 556102.3197812748 4451198.3453924125
5856 4880 558541.9475691009 4451198.586574782
6100 4880 560981.262254302 4451199.479266187
6344 4880 563421.0778527962 4451201.087248169
9150 4880 591477.9763696354 4451198.9598193355
9516 4880 595141.8060780969 4451198.700843777
10126 4880 601242.0108017105 4451197.660619249
10370 4880 603681.2674342936 4451198.238067641
244 5002 502421.93539317534 4449978.6551989205
366 5002 503642.0406329424 4449978.210477674
732 5002 507301.7662238136 4449977.278014237
854 5002 508521.09616192034 4449977.8365349835
976 5002 509741.5950993807 4449977.504822396
1098 5002 510962.3489858146 4449977.777679786
1586 5002 515842.1453882563 4449977.669302326
2562 5002 525599.2615886189 4449981.258508868
3294 5002 532918.1862146715 4449978.954017444
3416 5002 534138.2956309826 4449979.072618575
4270 5002 542681.0594867105 4449978.27075375
5856 5002 558541.9356806693 4449979.034149375
6100 5002 560982.1947915743 4449977.923791544
7442 5002 574400.1816123498 4449979.201405941
8296 5002 582942.5279459576 4449978.008022478
9394 5002 593921.5515231781 4449979.014964656
9516 5002 595141.4998757569 4449979.0868759025
9760 5002 597582.0817698204 4449978.513299982
9882 5002 598802.0333284618 4449977.560430405
10004 5002 600022.0868688214 4449978.095552406
10126 5002 601241.4613200356 4449978.433871403
10248 5002 602462.1369877963 4449978.345011466
10370 5002 603681.6775269508 4449978.41228546
10492 5002 604901.3731660877 4449978.318702045
10614 5002 606121.1730265275 4449978.458415347
244 5124 502421.37277482025 4448758.943496996
488 5124 504861.12066262215 4448758.528443879
610 5124 506080.9235532696 4448758.591905673
732 5124 507301.26195540157 4448758.659321078
1586 5124 515841.7336178673 4448758.16293807
2074 5124 520721.71857787966 4448758.297952315
2196 5124 521938.4635061196 4448757.997489785
2562 5124 525598.9097326932 4448761.160313126
2684 5124 526821.8049340105 4448761.368823219
3782 5124 537799.1625750139 4448758.772404463
4026 5124 540239.0951604557 4448758.70646425
5856 5124 558542.5553795651 4448758.275530591
5978 5124 559762.113150477 4448758.28001383
6344 5124 563421.8611276307 4448758.343464634
7320 5124 573180.7346552663 4448757.913240874
7442 5124 574401.0417541843 4448758.447680554
7686 5124 576840.4509072516 4448758.735510619
7930 5124 579281.6965743575 4448758.617803336
9516 5124 595141.3552125404 4448757.832614675
9760 5124 597581.2240778902 4448759.0715909
10004 5124 600021.6223479323 4448759.05357613
10126 5124 601241.5660295233 4448758.964158112
10370 5124 603681.0669053601 4448758.158113236
10492 5124 604901.6457604293 4448758.035270845
10614 5124 606121.9455518255 4448758.359755042
10858 5124 608561.1220295699 4448758.935976062
976 5246 509740.89014924195 4447539.571129413
1586 5246 515841.73969877284 4447538.259860753
1830 5246 518280.5216225298 4447539.645447643
2074 5246 520720.2905334276 4447539.221512809
3904 5246 539019.2664795977 4447539.504561416
4270 5246 542681.4413096644 4447538.931767941
4392 5246 543901.893882639 4447538.596475602
4758 5246 547558.8742616882 4447538.57425586
5368 5246 553662.7012329734 4447537.967995893
5612 5246 556102.5936866899 4447537.571224226
5978 5246 559762.7466217764 4447538.63293137
7320 5246 573181.1036932346 4447536.958559877
7442 5246 574400.6072123551 4447537.948241684
8052 5246 580498.6350112662 4447538.512801375
8784 5246 587821.3954010732 4447537.206846177
9028 5246 590257.0220731625 4447537.661062421
9150 5246 591480.8397853363 4447538.03375462
9272 5246 592701.8379856885 4447537.648808638
9394 5246 593921.2906890908 4447538.363624379
9638 5246 596357.9825862417 4447537.836634968
9760 5246 597581.7695994568 4447537.898163823
10004 5246 600021.5322300857 4447538.175131157
10248 5246 602461.0191599336 4447538.923243904
10370 5246 603681.7852968526 4447538.587838753
10492 5246 604901.4245257722 4447539.2485784795
10614 5246 606121.2868115585 4447539.199910457
10736 5246 607341.3312615585 4447538.560071235
10858 5246 608561.187780625 4447539.008989667
1464 5368 514622.362055116 4446317.724932797
1830 5368 518282.47792007815 4446318.221297587
2684 5368 526818.4781299904 4446318.601597812
2806 5368 528038.4813896839 4446318.752491392
3904 5368 539022.132979762 4446318.1402632
4392 5368 543901.90924617 4446318.638739228
4514 5368 545121.4740103169 4446318.94086929
6100 5368 560982.2890818896 4446317.968050094
7564 5368 575622.1467259433 4446317.295925203
7808 5368 578058.6138281594 4446317.971061818
8174 5368 581722.4018958791 4446317.718718404
8784 5368 587820.6343039956 4446318.7711363975
8906 5368 589039.5189750179 4446319.314320624
9150 5368 591478.2564711773 4446317.420274151
9272 5368 592701.6461160061 4446317.608327481
9516 5368 595141.5342952465 4446317.791111499
9638 5368 596361.5495285436 4446319.197328349
10614 5368 606121.9945071258 4446318.348816671
10736 5368 607341.3191148903 4446318.236559646
10858 5368 608561.1426620403 4446318.864287884
1342 5490 513401.99701779295 4445097.5523793455
1708 5490 517062.2053880687 4445097.923721245
1830 5490 518281.5114930582 4445097.625176456
2196 5490 521940.86074087926 4445101.058785334
2562 5490 525601.6551633498 4445100.907449745
3416 5490 534138.7568881179 4445098.182905741
3660 5490 536579.3627251738 4445098.4491078295
4026 5490 540241.1559022142 4445098.45013475
4148 5490 541461.4367979157 4445099.54551287
4270 5490 542681.8415685609 4445098.551860086
4514 5490 545121.1342205554 4445098.947584453
5124 5490 551221.0429740774 4445098.597545625
5246 5490 552441.2088411687 4445098.302279976
5612 5490 556102.002276826 4445097.485811776
6222 5490 562201.3580040232 4445097.29119566
8662 5490 586601.0236677926 4445098.507568444
8784 5490 587819.0877941316 4445099.005052192
8906 5490 589039.3781276108 4445098.748853678
9028 5490 590260.6933725802 4445098.184302427
9150 5490 591480.8429913691 4445098.11117911
9394 5490 593921.3861884123 4445097.981660178
9760 5490 597581.9337277219 4445097.912014754
9882 5490 598801.427386767 4445097.851865611
2318 5612 523159.83890881645 4443881.562268773
2440 5612 524381.6267825279 4443881.646629781
3538 5612 535358.2352457612 4443878.270833022
3660 5612 536579.5051171712 4443878.4584030025
3904 5612 539018.3493014036 4443878.676220758
4270 5612 542680.5887971306 4443879.0782486135
4636 5612 546341.5679480243 4443878.03144158
4758 5612 547561.9912873807 4443877.851530379
4880 5612 548782.1777260448 4443878.27103153
5856 5612 558541.2740043305 4443878.312544257
6222 5612 562201.7168648974 4443877.1555682495
6344 5612 563421.6363422181 4443878.23203041
7442 5612 574401.915240411 4443878.308384384
7930 5612 579281.3482167763 4443879.256698745
8784 5612 587821.0467207519 4443877.682354631
8906 5612 589040.5929980306 4443877.458198432
9028 5612 590258.3991461451 4443878.458033146
9150 5612 591481.2883897529 4443878.040740139
9272 5612 592701.3847245446 4443878.454024534
9394 5612 593920.5966810755 4443878.781030324
9638 5612 596361.4726955155 4443878.357206778
9760 5612 597581.6792530067 4443878.228156145
10004 5612 600021.7560755746 4443877.638205014
1586 5734 515840.26620436064 4442659.229675381
2318 5734 523160.6803522179 4442658.3340108525
2440 5734 524380.7850602854 4442658.846290195
2562 5734 525600.8321438285 4442661.435628226
2684 5734 526820.8372709819 4442658.338921397
3172 5734 531699.1242339136 4442661.359872556
3538 5734 535361.5498370717 4442660.226529839
3660 5734 536578.1727006261 4442659.75512031
3782 5734 537798.7382345323 4442659.107788384
4148 5734 541461.7630197862 4442658.281618057
4270 5734 542681.8846881967 4442658.389683355
4392 5734 543901.3961473609 4442659.0568100065
4758 5734 547561.0050543067 4442658.626216156
5246 5734 552442.0775249909 4442657.786408848
9028 5734 590261.1295378166 4442659.109192727
9150 5734 591481.0710893916 4442658.627962166
9272 5734 592701.3368091902 4442658.366090965
9882 5734 598801.2162043632 4442658.034769271
10004 5734 600021.9686283517 4442657.976292527
10126 5734 601241.7602515847 4442658.0247320635
10370 5734 603681.9154614536 4442657.473311635
10492 5734 604901.5275221057 4442657.7333939625
2684 5856 526821.4946070404 4441437.801320225
2928 5856 529259.1985947861 4441438.85626046
3172 5856 531698.0898263607 4441438.345288098
3782 5856 537798.7830742842 4441441.063382825
4636 5856 546340.6166589223 4441438.405597689
4758 5856 547560.8150074454 4441437.972559676
4880 5856 548780.3346376362 4441438.854875522
5002 5856 550001.1902454449 4441437.918108831
5124 5856 551220.8352851409 4441438.71004933
5246 5856 552442.0535935634 4441438.465879758
6344 5856 563420.7847657739 4441438.648957068
7564 5856 575620.6022511395 4441437.634573735
9028 5856 590261.4140573598 4441439.025518608
9150 5856 591480.8371851151 4441439.059024172
9272 5856 592701.3540887369 4441438.893950007
9394 5856 593920.8581237443 4441439.07260286
9760 5856 597581.4806910311 4441438.83821186
9882 5856 598800.9405357279 4441438.2834055
10004 5856 600021.1708921061 4441438.821303746
10126 5856 601241.3393655552 4441438.022963922
10248 5856 602461.354082756 4441438.148342728
10736 5856 607341.3896899371 4441438.301961272
2074 5978 520721.28330389794 4440218.301759883
2196 5978 521938.77773332177 4440219.06150405
2440 5978 524378.4722459338 4440218.559939469
2684 5978 526818.074892799 4440217.919423561
3904 5978 539021.6072729749 4440218.471607306
4148 5978 541462.191986119 4440218.880516518
4392 5978 543902.3367204636 4440218.370790176
5124 5978 551219.150384461 4440217.999409788
5368 5978 553660.7431320143 4440218.317499401
6344 5978 563421.358948741 4440218.133238247
6466 5978 564638.9957734696 4440218.648343585
9638 5978 596361.4408299843 4440219.044355045
9760 5978 597581.1198796296 4440218.704705237
9882 5978 598801.1391836121 4440218.8939085025
10004 5978 600021.0541858489 4440218.901198368
10126 5978 601239.5413231354 4440218.705651507
10248 5978 602460.9773997369 4440218.447194992
10370 5978 603681.0046753377 4440218.192890592
10492 5978 604901.34655271 4440218.4412708925
10980 5978 609781.4839474007 4440218.6951677445
4148 6100 541462.401943428 4438998.313320644
4392 6100 543901.7223298469 4439000.8538650675
4636 6100 546341.1866679057 4438998.3683865685
4758 6100 547562.0706471656 4438998.123626976
5002 6100 550001.6863675895 4438998.917608661
5124 6100 551220.6406538028 4438998.825797568
5490 6100 554881.0630486936 4438998.4773130175
6344 6100 563422.2250341068 4438998.054925092
6466 6100 564641.544201401 4438998.7375863595
6588 6100 565860.9038889514 4438998.309451007
6832 6100 568300.7613333919 4438998.31793081
9150 6100 591482.0626537208 4438998.336471263
9272 6100 592702.0064105778 4438998.285422821
9394 6100 593922.0123874045 4438998.0148686655
9638 6100 596361.9394173697 4438998.222161169
10004 6100 600021.6883499157 4438998.740941631
10126 6100 601241.6050058829 4438998.330980644
10614 6100 606120.9219590309 4438998.309638872
10736 6100 607341.300193561 4438998.520658038
10858 6100 608561.6879677956 4438997.558092961
10980 6100 609781.4774279124 4438997.958253125
2196 6222 521941.22700576065 4437779.26544325
3416 6222 534140.99095337 4437778.417835586
3538 6222 535359.4914034961 4437778.5019970685
3904 6222 539021.9236941097 4437778.462294187
4514 6222 545121.6880772794 4437779.164771974
4758 6222 547562.6848259994 4437778.930404225
4880 6222 548781.3113691164 4437778.761817541
5246 6222 552441.8348617023 4437778.89381209
5368 6222 553661.8808551674 4437778.406292452
5490 6222 554881.6128886936 4437778.288415146
5612 6222 556101.320754338 4437778.163251509
5734 6222 557321.6283130745 4437777.735994542
5856 6222 558541.481711329 4437778.151105499
5978 6222 559761.0340627667 4437778.309948462
6466 6222 564641.6837033154 4437778.937174597
8784 6222 587820.683199285 4437778.3057777565
9760 6222 597581.5887955807 4437778.090576368
10492 6222 604901.7239781015 4437778.031896313
2684 6344 526820.4027282515 4436559.152883402
4148 6344 541462.2330853124 4436559.560112525
4758 6344 547561.0899274214 4436558.55837321
5002 6344 550001.8736272729 4436558.598001083
5124 6344 551222.2583015041 4436558.983694341
6100 6344 560981.3659986503 4436558.086744122
6344 6344 563421.9290701917 4436557.812884184
7198 6344 571961.2736721667 4436557.599427634
8296 6344 582938.4368593921 4436558.213874151
8418 6344 584158.3523468503 4436558.722410916
9150 6344 591481.7860497416 4436557.826236877
9272 6344 592701.7294130044 4436557.392291227
2806 6466 528041.6791967064 4435341.529221574
3172 6466 531700.3987936478 4435340.393514956
3782 6466 537802.6814774491 4435338.4087295495
3904 6466 539022.1067240848 4435340.849950897
5978 6466 559762.1464748768 4435338.822732418
6466 6466 564640.6288067994 4435338.156621042
6588 6466 565861.190751667 4435338.214617806
8296 6466 582938.2469095421 4435338.500100688
8784 6466 587821.6893203901 4435338.310085572
9394 6466 593921.0227322511 4435338.354867147
9516 6466 595141.4146597709 4435338.568109844
10370 6466 603681.4128711591 4435339.089591963
10614 6466 606121.5238393508 4435338.83385019
10858 6466 608558.2444848998 4435338.778740019
2928 6588 529261.4559571131 4434118.788228096
3416 6588 534138.0360499509 4434120.607380806
3538 6588 535358.5840244305 4434118.969467141
3782 6588 537802.1424939932 4434118.972033012
3904 6588 539022.3078595859 4434118.095548266
4026 6588 540242.3916135564 4434118.313701204
7320 6588 573182.0559178786 4434118.312180903
8296 6588 582940.712489959 4434118.14259969
9150 6588 591481.6660808378 4434118.518289924
9516 6588 595141.7138835734 4434117.091669704
10004 6588 600021.6951366514 4434117.74094237
10614 6588 606121.5425676223 4434118.381197139
10736 6588 607341.0630494482 4434119.024937025
10858 6588 608561.0484986993 4434118.748081422
2684 6710 526820.8166269134 4432901.176841333
3050 6710 530480.1034194825 4432901.048854393
3172 6710 531700.3622929358 4432898.92508236
3294 6710 532919.6205911392 4432901.058853555
3904 6710 539021.282919577 4432898.788041226
4026 6710 540242.0006186604 4432898.036524394
5490 6710 554880.5091716392 4432898.325658065
5612 6710 556098.3170483685 4432897.957640281
6954 6710 569521.9318458324 4432898.123356881
7198 6710 571958.47376854 4432897.9225035105
7442 6710 574400.7217356157 4432898.372160719
8418 6710 584161.2970665968 4432897.805265787
8784 6710 587819.0679156547 4432898.038719101
9150 6710 591476.953714252 4432897.192715891
9638 6710 596361.4152620039 4432897.851666747
9760 6710 597581.7706290121 4432897.674937874
10858 6710 608561.1589911387 4432898.478557111
2806 6832 528041.436439455 4431677.883004497
3050 6832 530481.2635242009 4431681.493117421
3294 6832 532919.4606492908 4431680.813133945
3416 6832 534139.1166631401 4431681.264055326
3538 6832 535359.0266326516 4431681.5215560105
3660 6832 536579.2080371121 4431680.838122851
6710 6832 567081.6495822924 4431678.454386048
9272 6832 592698.0648759904 4431677.88424686
9394 6832 593919.0719454377 4431678.5496051395
9638 6832 596360.8606883336 4431678.75503134
9760 6832 597581.6858104933 4431677.956189797
9882 6832 598801.5826794512 4431677.869021497
10614 6832 606121.4678663949 4431677.921541678
3172 6954 531700.4179288243 4430458.22259081
5856 6954 558541.0322037961 4430458.566925436
6710 6954 567082.4022706005 4430458.224592234
7076 6954 570741.2359447981 4430458.868269653
7320 6954 573179.2861993451 4430458.7658588765
7442 6954 574400.7036904871 4430458.48287557
8418 6954 584161.5456470931 4430457.886488672
8540 6954 585381.6037225311 4430458.245828256
8784 6954 587820.9997431529 4430457.618069671
9028 6954 590256.3225282022 4430457.073448975
9760 6954 597581.2560885169 4430457.465086843
9882 6954 598801.1256427467 4430458.0277425265
10248 6954 602461.4834691812 4430457.674862805
10370 6954 603680.8774752308 4430457.122922345
3538 7076 535360.4583178102 4429238.075232305
3660 7076 536581.0535907466 4429238.911787106
5856 7076 558538.3954687329 4429237.602230205
5978 7076 559761.6118518726 4429238.204135742
6954 7076 569521.6982233401 4429238.775624866
7198 7076 571961.3839374109 4429238.891923261
7320 7076 573181.2453001539 4429238.587679133
7442 7076 574400.6929345462 4429239.138867
7564 7076 575620.7262347536 4429238.378078109
8418 7076 584158.2876801239 4429238.286956684
8540 7076 585378.8227666321 4429237.968308122
8662 7076 586601.1456027154 4429238.027880483
8784 7076 587821.615343903 4429237.389254718
10004 7076 600021.4528917883 4429238.339251784
10126 7076 601241.5065799847 4429237.87332601
10248 7076 602461.4600055476 4429237.614307588
10492 7076 604901.3557664454 4429237.756373346
10614 7076 606121.4780610623 4429237.736214965
3416 7198 534141.9177911794 4428017.388111675
6588 7198 565860.8160321645 4428019.180676748
6954 7198 569518.4149529225 4428018.5327232
7198 7198 571958.4760020162 4428021.184852885
7320 7198 573178.482921657 4428018.755724909
7442 7198 574398.6648999755 4428018.6296951445
8540 7198 585377.7516488701 4428018.657625622
8784 7198 587818.158549511 4428017.883162677
9028 7198 590257.540633331 4428017.429204702
9150 7198 591476.5855474495 4428017.3077094
9272 7198 592697.2989592752 4428017.883697934
9394 7198 593917.7286114227 4428017.756812188
9882 7198 598797.9060318267 4428017.979777811
10004 7198 600018.0809109557 4428018.231704792
10126 7198 601237.9308574178 4428017.9752519475
10248 7198 602458.9600602314 4428018.037104302
10492 7198 604898.8835981896 4428018.436988608
10614 7198 606118.5182707681 4428017.902243192
10736 7198 607338.5680287424 4428017.971610808
10858 7198 608558.8102892872 4428017.681981351
6100 7320 560978.0976899428 4426798.182424493
6954 7320 569518.6226543067 4426798.350486088
7442 7320 574396.853737764 4426798.501553043
8296 7320 582938.6822247037 4426798.908978782
8418 7320 584158.95810488 4426798.887233762
8540 7320 585378.0060479066 4426798.926424937
8662 7320 586598.892808903 4426798.372686585
8784 7320 587819.1811538165 4426798.328139877
8906 7320 589037.8333808444 4426798.175640117
9150 7320 591478.6786054113 4426797.436055862
9272 7320 592697.8985515698 4426797.660771479
9394 7320 593917.4228841509 4426797.092675043
9516 7320 595137.7000810876 4426797.31560844
9638 7320 596357.3857578265 4426798.206666407
9882 7320 598798.6491751097 4426798.584541817
10126 7320 601238.1725201297 4426798.324622593
10492 7320 604897.3766695752 4426798.201896717
10614 7320 606117.4672111208 4426798.343115926
10736 7320 607338.0059483512 4426797.8761422485
6222 7442 562198.7359124575 4425580.486953494
6466 7442 564638.4833534684 4425578.398776565
7076 7442 570738.6560667665 4425581.02469926
8296 7442 582938.4146487168 4425578.629637919
8418 7442 584158.5853908446 4425578.991058092
8662 7442 586597.9346909802 4425577.541575139
9028 7442 590258.4555962223 4425578.591948308
9150 7442 591478.1438092655 4425578.1301541
9516 7442 595138.2613157821 4425578.102516858
9638 7442 596358.6794463695 4425578.23166604
9760 7442 597578.2675929749 4425577.5803261995
10004 7442 600017.8041735296 4425578.310669472
10126 7442 601237.9934494848 4425578.191617498
10248 7442 602458.305339548 4425578.075336315
10370 7442 603678.7931432447 4425578.5114269005
10492 7442 604897.7504488425 4425578.090606777
10614 7442 606118.3482890278 4425578.312018936
10736 7442 607338.8290431845 4425578.072013718
10858 7442 608558.053513312 4425577.51294513
6832 7564 568298.6183394603 4424359.028135815
7198 7564 571957.0823313885 4424357.872552445
7564 7564 575618.2766479587 4424360.805161151
7686 7564 576838.7575756476 4424359.161636997
8418 7564 584157.7597163818 4424358.718040303
8662 7564 586598.218849129 4424357.584150416
8784 7564 587817.5066384431 4424357.140848619
9028 7564 590257.312936946 4424357.385223466
9150 7564 591478.109337844 4424357.509316737
9272 7564 592698.2421195868 4424358.038382293
9638 7564 596358.361256968 4424357.475153123
9882 7564 598798.0010376654 4424357.8740570005
10004 7564 600018.7650333191 4424357.734333945
10126 7564 601238.3994782267 4424357.843490567
10492 7564 604897.833763802 4424358.811057133
10614 7564 606118.8885558767 4424358.246926886
10736 7564 607338.908351935 4424357.728080613
10858 7564 608558.6115258536 4424358.267353915
10980 7564 609778.8237605245 4424359.216326381
6466 7686 564637.7172907457 4423138.746432144
6710 7686 567077.9719197308 4423138.749438647
7076 7686 570738.0338562563 4423139.554023166
7198 7686 571958.5065705469 4423138.849434435
8296 7686 582938.2787892213 4423138.337985141
8906 7686 589038.863888152 4423137.95402335
9150 7686 591477.7211704715 4423138.319831861
9272 7686 592697.7894380009 4423137.987571224
9394 7686 593917.7896380429 4423138.076225179
9516 7686 595138.5719205819 4423138.323028776
9638 7686 596358.2995378843 4423137.911103385
9760 7686 597578.4651592437 4423137.961119935
9882 7686 598798.5554258255 4423137.273178978
10004 7686 600017.6157315255 4423137.194382459
10492 7686 604896.9359500213 4423137.000031859
10736 7686 607338.6393507944 4423138.42084545
10858 7686 608558.941331835 4423138.409684074
7198 7808 571957.2463162233 4421918.647292234
7320 7808 573176.744266062 4421918.124437146
7808 7808 578058.110787512 4421918.073062467
8784 7808 587817.3548303999 4421917.303093891
9028 7808 590257.7515041304 4421917.305105173
9150 7808 591478.6432275847 4421917.324583142
9272 7808 592698.5332658532 4421918.012015155
9394 7808 593918.2115111433 4421918.74708276
9516 7808 595138.5512090819 4421918.285216274
9760 7808 597577.9980015733 4421918.086427317
10004 7808 600017.8755209967 4421916.814916534
10492 7808 604897.4567283913 4421917.094972357
10614 7808 606118.6424203997 4421916.763676658
10980 7808 609776.8049680807 4421917.043219583
6832 7930 568300.4789418795 4420699.108313774
7320 7930 573178.015591409 4420698.948606168
7930 7930 579277.9479005139 4420698.919084048
8540 7930 585378.8024171598 4420698.198023997
8662 7930 586598.5196857422 4420698.760461615
8784 7930 587818.4626786445 4420698.533034712
8906 7930 589038.6655601952 4420698.1686680205
9028 7930 590258.3742252488 4420697.963199063
9150 7930 591478.110972498 4420697.59566533
9394 7930 593917.8846162669 4420697.744231293
9638 7930 596358.4763818961 4420698.9413898215
10004 7930 600019.0825600058 4420698.279109566
10126 7930 601238.0581133934 4420697.657363321
10248 7930 602458.1820188477 4420697.894191469
10736 7930 607337.6671956372 4420697.280443552
10858 7930 608557.3187495355 4420697.045109286
6710 8052 567079.228479594 4419480.793559236
6954 8052 569518.1621842298 4419479.153297921
7076 8052 570738.0031568583 4419478.741699956
8052 8052 580496.9765038753 4419478.84807391
8296 8052 582937.494218448 4419478.927377489
8540 8052 585377.6706232325 4419478.30471824
9028 8052 590259.21520167 4419478.697349328
9150 8052 591478.8083727823 4419478.620298744
9272 8052 592698.7094338444 4419478.644874688
10614 8052 606118.8434259534 4419477.445672149
10736 8052 607339.0177684192 4419477.189255971
6832 8174 568298.6543772087 4418259.112601085
6954 8174 569518.3317184751 4418261.011961927
7930 8174 579277.10009176 4418258.647866722
8418 8174 584158.4194440255 4418258.847240542
8662 8174 586597.9921825249 4418258.269929796
8784 8174 587818.2094980944 4418258.177309518
8906 8174 589038.7169674023 4418257.595931566
9028 8174 590258.1073238865 4418257.716722752
9150 8174 591477.9709904317 4418258.324266192
9272 8174 592698.1521433811 4418258.8942845585
10736 8174 607341.0944042578 4418257.942177165
10858 8174 608558.6236765329 4418257.288242952
10980 8174 609778.2025685805 4418258.874741817
6954 8296 569519.0995077661 4417039.3061903
7076 8296 570739.2383192286 4417039.339429904
7198 8296 571958.9028400937 4417039.341318379
7808 8296 578058.4524507355 4417038.859336706
7930 8296 579277.9744074121 4417038.7038669735
8052 8296 580498.1548438146 4417038.953822719
8174 8296 581717.2076731708 4417038.840254329
8418 8296 584157.9496704605 4417038.522956574
8540 8296 585378.1199053039 4417038.529833101
8662 8296 586598.3062348822 4417038.787781611
8784 8296 587818.6106274961 4417038.756935703
8906 8296 589038.2220285011 4417037.877038792
9028 8296 590257.6761978744 4417038.053648264
9760 8296 597578.8655849692 4417038.29881129
10736 8296 607337.2684406715 4417036.849789084
10858 8296 608558.5253214522 4417037.735187251
6954 8418 569519.1318369906 4415818.504441875
7076 8418 570738.8134161185 4415819.167619954
7198 8418 571959.0820030108 4415819.5490477225
7808 8418 578059.0480141011 4415819.271087513
7930 8418 579278.3747246838 4415819.144669567
8052 8418 580498.2426335396 4415820.566748215
8296 8418 582938.87969014 4415818.568207491
8540 8418 585378.7363164414 4415818.180637482
8906 8418 589038.4641033283 4415818.581806657
9028 8418 590258.2075873597 4415818.371211474
9638 8418 596359.3993926102 4415818.6785108615
10004 8418 600019.0194728163 4415818.656783542
10858 8418 608557.6990592317 4415818.415997327
10980 8418 609778.530385786 4415819.255437042
7076 8540 570737.9635675147 4414598.351257505
7442 8540 574398.9985908344 4414598.891506315
7686 8540 576839.035036255 4414598.884682208
7808 8540 578058.743282444 4414599.585517852
7930 8540 579278.9689311377 4414599.022013142
8052 8540 580498.4481017042 4414600.695896576
8296 8540 582938.9384498864 4414598.67194468
8418 8540 584159.278234107 4414598.759924585
8540 8540 585378.7437731165 4414598.401010241
8906 8540 589038.0262128792 4414598.082578116
9516 8540 595139.0161103434 4414599.001490455
10004 8540 600018.8745959413 4414597.622043763
10248 8540 602458.4311552895 4414598.215108569
7076 8662 570738.4934052606 4413378.553335703
7564 8662 575617.9949503165 4413378.586170668
7930 8662 579278.7820347538 4413378.852562665
8174 8662 581718.7554232331 4413379.043780103
8296 8662 582938.4667238405 4413379.012748229
8418 8662 584157.8655910708 4413379.118008824
8540 8662 585377.9542184765 4413378.528240159
8662 8662 586598.1595536962 4413378.2874221755
8784 8662 587818.4631116211 4413378.156563495
9882 8662 598799.18446789 4413378.8139283955
10126 8662 601237.7775156065 4413377.474980405
10248 8662 602458.0433239251 4413377.987272119
10370 8662 603678.5748194121 4413377.542241053
10492 8662 604898.1122605526 4413377.567264811
10614 8662 606117.969275872 4413378.281752239
10736 8662 607338.9267631622 4413378.160744551
7076 8784 570737.8991787415 4412158.371174585
7320 8784 573179.452390855 4412158.225406852
7564 8784 575618.5712965073 4412158.681207396
8174 8784 581718.6515623162 4412158.640725697
8296 8784 582939.3336899409 4412158.583163
8418 8784 584158.9196944323 4412158.685617178
8540 8784 585378.5461070269 4412158.094833879
8662 8784 586598.5309799924 4412158.35269304
8784 8784 587818.349646817 4412158.248180523
9516 8784 595138.3839091132 4412158.968679607
9638 8784 596358.8760534283 4412158.649340792
9760 8784 597578.2308965414 4412158.582547267
9882 8784 598798.8787557627 4412158.951917409
10004 8784 600018.3106504579 4412158.773718134
10126 8784 601238.8836592471 4412158.468549518
10614 8784 606118.8615206992 4412158.129374575
10736 8784 607337.5326853129 4412157.339786413
10858 8784 608558.0482471819 4412157.407671321
6832 8906 568297.3876046157 4410938.0441119075
6954 8906 569517.8339013903 4410937.851980884
7076 8906 570737.6793210916 4410938.183508269
7442 8906 574396.8613624847 4410937.625606266
8052 8906 580498.5469605459 4410938.22228651
8174 8906 581718.4368835005 4410937.784909902
8418 8906 584160.4181506962 4410937.687790647
8784 8906 587820.7174882084 4410938.924711551
8906 8906 589039.0270090954 4410938.320476929
9516 8906 595138.4594819945 4410938.494165196
9638 8906 596358.4093751346 4410938.757670324
9882 8906 598798.4724906293 4410938.975143056
10248 8906 602458.5380500021 4410938.78406551
10370 8906 603678.9577261386 4410938.781943969
10492 8906 604899.1140851916 4410938.276215929
10614 8906 606119.104195175 4410938.327608598
10736 8906 607338.593736734 4410937.897829315
10858 8906 608558.3725393516 4410937.657315595
10980 8906 609778.5320382 4410937.524073748
6832 9028 568299.0884627032 4409718.51434245
7442 9028 574397.4687015505 4409717.512555917
7686 9028 576837.2127033321 4409717.7394041065
7930 9028 579277.28563083 4409717.96773336
8418 9028 584158.228263254 4409717.379466345
9028 9028 590259.6905694426 4409718.413246418
9760 9028 597578.7150952598 4409718.206828043
9882 9028 598798.7447098258 4409718.703108604
10004 9028 600018.5700196868 4409718.908079285
10126 9028 601238.2806973404 4409717.993632613
10614 9028 606119.7042477189 4409718.5841477625
10736 9028 607338.4327792655 4409718.768857224
10980 9028 609778.8594623513 4409718.780751351
6832 9150 568298.014638477 4408497.596340945
6954 9150 569518.6350711575 4408497.814211847
7076 9150 570738.4155391861 4408497.875386185
7198 9150 571958.6837410129 4408498.171126509
7320 9150 573177.9400626835 4408498.594546026
7442 9150 574397.3825211078 4408498.472712296
7686 9150 576838.0514733996 4408498.832306069
7930 9150 579277.281497652 4408497.589377063
8052 9150 580497.5146154794 4408497.687902161
8174 9150 581718.2025195309 4408496.750593116
8296 9150 582937.9794688234 4408497.57699768
8906 9150 589039.074268244 4408498.822724397
9516 9150 595139.0783869203 4408498.102978722
10004 9150 600018.2920184216 4408498.370056779
10126 9150 601239.4489401509 4408498.593414993
10492 9150 604898.3331672577 4408499.015333893
10614 9150 606118.3169158965 4408497.504387333
10736 9150 607338.8447757661 4408498.631653685
6954 9272 569518.0461558757 4407277.516957162
7320 9272 573179.3613389819 4407277.886720478
7564 9272 575619.4238725227 4407277.820067701
7686 9272 576837.7108534814 4407278.467247361
7808 9272 578057.5038760274 4407278.146501027
7930 9272 579277.7887544676 4407277.346792942
8174 9272 581717.9500539209 4407277.251924864
10126 9272 601238.0455310668 4407277.883069774
10248 9272 602457.6404086389 4407278.2350842925
10858 9272 608557.3385495737 4407277.910796953
7198 9394 571957.9773191354 4406058.097256371
7320 9394 573178.032929353 4406057.975021806
7930 9394 579277.9457973596 4406058.341208488
8052 9394 580498.401584574 4406057.909603534
9760 9394 597579.0857697629 4406057.707406903
9882 9394 598797.7129931136 4406057.7271320345
10004 9394 600018.311659551 4406058.409032765
10126 9394 601239.3642541751 4406058.735784265
10248 9394 602458.6602976604 4406057.933209473
10614 9394 606117.7532565307 4406058.336988456
10736 9394 607337.2064807494 4406058.340715215
10858 9394 608557.1915224711 4406058.021795449
7442 9516 574397.6584399549 4404837.670996194
7564 9516 575617.3810440546 4404837.755968294
7930 9516 579277.3997919313 4404838.075210355
8052 9516 580498.5592666543 4404838.5429870775
8174 9516 581717.3150298159 4404838.196976655
8296 9516 582937.4857496389 4404837.202764591
9760 9516 597578.089502736 4404837.846724971
10126 9516 601239.0447338724 4404839.085453729
10370 9516 603677.838721307 4404838.593954995
10492 9516 604899.008370908 4404838.444159195
10736 9516 607337.6732585444 4404839.207750235
10858 9516 608557.5720019472 4404838.7297444455
7564 9638 575618.5084675152 4403618.5750385495
7686 9638 576838.1961237461 4403617.669546957
7808 9638 578058.2743692024 4403617.769611016
7930 9638 579277.6826398951 4403618.047591221
8052 9638 580498.5772484844 4403619.073821756
8174 9638 581718.4403297871 4403618.631886903
8296 9638 582938.356652261 4403618.950163779
8540 9638 585377.6649949071 4403618.57301404
9272 9638 592697.6852448636 4403618.105086155
9394 9638 593918.0560427794 4403618.224075643
9760 9638 597578.2139748991 4403617.885738327
10126 9638 601239.0627592677 4403617.25355238
10248 9638 602458.729269739 4403617.331009587
10370 9638 603677.9414961091 4403618.035891576
10492 9638 604898.7169652138 4403617.852974077
10614 9638 606118.7530438 4403618.268099325
10858 9638 608557.8602752131 4403618.460883298
7320 9760 573177.7690040551 4402398.933533407
7442 9760 574398.3021299588 4402399.077889119
7564 9760 575618.079186379 4402398.488074201
7808 9760 578056.9462055843 4402397.869776409
8052 9760 580498.4400517424 4402398.208983696
8906 9760 589038.8063633806 4402398.139316747
9394 9760 593918.7470788069 4402397.792389948
9638 9760 596358.7251349515 4402398.394745296
9760 9760 597578.1724610453 4402398.216843263
9882 9760 598797.911518314 4402397.192279756
10004 9760 600018.0482474598 4402397.333700616
10126 9760 601238.141241227 4402397.718334551
10370 9760 603678.8603575827 4402397.508813142
10614 9760 606117.5016263619 4402398.935416106
10736 9760 607338.3715668363 4402398.540034987
7320 9882 573177.2821160129 4401177.8511346085
7564 9882 575617.1557003232 4401178.049196742
7808 9882 578058.3772584212 4401178.93127126
7930 9882 579277.9575768211 4401177.683019825
8052 9882 580498.7333416658 4401177.664949186
9150 9882 591478.4137791824 4401178.433169798
9272 9882 592698.9334562593 4401178.865714026
9638 9882 596359.0336314522 4401178.660495411
10004 9882 600019.123371223 4401177.0109610995
10126 9882 601239.3006445344 4401177.701464736
10370 9882 603678.5223982389 4401178.22631386
10980 9882 609779.0620121954 4401178.042932964
7076 10004 570738.2862131805 4399958.613408849
7564 10004 575617.2075599071 4399957.433661928
8052 10004 580498.605323018 4399957.217885475
8296 10004 582937.4604542307 4399958.148755342
8418 10004 584157.5762096506 4399957.813360823
9150 10004 591477.7604558994 4399958.373903647
9272 10004 592698.6414026525 4399958.994475161
9882 10004 598798.6406387952 4399958.382490535
10126 10004 601238.2383517174 4399958.2678015595
10248 10004 602458.5476323969 4399957.772708407
7320 10126 573178.2962491333 4398738.295044547
7442 10126 574398.5940894746 4398739.1385303475
7686 10126 576837.324653214 4398738.257193033
8052 10126 580498.2702414063 4398738.31258914
8174 10126 581720.8561182341 4398737.6154233115
8784 10126 587818.4582278191 4398737.676069858
8906 10126 589037.9034130364 4398738.0262014335
9272 10126 592698.7255227342 4398737.937034414
9516 10126 595139.0020813851 4398739.159919288
9638 10126 596358.9547491604 4398738.427177264
9882 10126 598798.3806080639 4398737.982200762
10004 10126 600018.1867039208 4398737.990142329
10126 10126 601238.1531841452 4398737.697540696
10858 10126 608558.1597211505 4398737.785584248
7442 10248 574397.131770695 4397517.848764609
7564 10248 575618.2415590826 4397518.551733998
8784 10248 587820.9894880578 4397517.354564569
8906 10248 589037.876152836 4397517.328758256
9150 10248 591478.8998229192 4397517.625252996
9272 10248 592698.2025242294 4397517.445023474
9516 10248 595138.6358423337 4397518.397546887
9760 10248 597578.5293284131 4397519.234698427
9882 10248 598799.4684648206 4397518.626092502
10736 10248 607337.1331378787 4397517.234570831
7198 10370 571957.7463165472 4396298.348088091
7930 10370 579277.5798210464 4396298.315412106
8052 10370 580498.6490732417 4396298.363892444
9150 10370 591478.4365700233 4396296.589666007
9516 10370 595138.7550531875 4396298.018132847
9882 10370 598797.6802474614 4396298.248447777
10370 10370 603678.2471276459 4396297.772720227
10492 10370 604898.3480580342 4396298.584088926
10614 10370 606119.0347508168 4396297.893173132
10736 10370 607338.9121411673 4396298.16403194
10858 10370 608559.0342412661 4396298.158906394
7442 10492 574398.3064146368 4395077.521180669
8784 10492 587819.2065694651 4395078.156611269
8906 10492 589038.6896433695 4395078.4788708845
9882 10492 598798.7977699239 4395077.424789538
10736 10492 607339.0285448683 4395078.614271962
10980 10492 609778.7648677785 4395078.55158121
7320 10614 573178.1344999692 4393857.406921618
7442 10614 574397.8806754281 4393858.225720159
7686 10614 576838.1336418865 4393857.855659898
7930 10614 579278.8174125017 4393857.988954229
8662 10614 586598.9187090972 4393858.786555672
8906 10614 589037.709615563 4393858.430492124
9028 10614 590258.4066422218 4393858.885984885
9516 10614 595138.2597755467 4393857.96937586
9760 10614 597577.6877027529 4393857.366721521
10248 10614 602458.1901729822 4393857.906094577
7564 10736 575618.2696995642 4392638.46039213
7686 10736 576838.1252933978 4392638.155269962
7930 10736 579279.366444071 4392637.3860170655
8784 10736 587819.4487784278 4392637.999852546
8906 10736 589040.8087023286 4392638.0179632725
9028 10736 590259.0800985659 4392638.687150354
9150 10736 591479.442962746 4392639.405313579
9272 10736 592699.4523854984 4392639.045531491
9394 10736 593918.2129505895 4392638.453854815
10004 10736 600017.9579893524 4392638.651919169
10126 10736 601236.925700389 4392638.919756003
10248 10736 602457.6256356859 4392637.433961681
10370 10736 603676.9177087406 4392637.500067445
7564 10858 575618.3439323411 4391418.990965956
7808 10858 578059.2507856716 4391418.880356749
8418 10858 584157.0549580199 4391417.987426201
8540 10858 585378.2294711517 4391417.050453795
8662 10858 586598.6744584808 4391417.429667357
8784 10858 587817.5061393912 4391417.5442255065
9150 10858 591480.5209802653 4391418.2426724825
9272 10858 592698.7481490369 4391417.910165479
10004 10858 600018.4671218928 4391418.259222726
10248 10858 602458.4978134207 4391417.417889634
10370 10858 603678.7287236669 4391417.707255149
10492 10858 604898.1302762384 4391417.170514599
10614 10858 606119.3921488537 4391418.12037275
