1586 732 315858.8773431557 4792677.375793342
488 854 304882.1426005441 4791457.651586285
610 854 306100.9848809948 4791457.622326649
1098 854 310979.45969714713 4791458.666746396
1220 854 312202.00040095986 4791457.91627251
1830 854 318300.3859831144 4791455.278753396
2074 854 320741.5747293338 4791456.902269705
488 976 304881.5555826833 4790238.204262449
610 976 306101.03558693174 4790237.060780781
732 976 307321.98315090436 4790236.775346632
854 976 308541.48980968824 4790236.89257359
1098 976 310981.24465201795 4790237.713264595
1342 976 313420.8257958241 4790237.630018361
1952 976 319521.89385637135 4790236.963617628
2074 976 320741.62669604656 4790236.850158707
488 1098 304881.4574177385 4789017.770790707
610 1098 306098.4041988947 4789017.514187896
854 1098 308538.23040588864 4789018.025654837
976 1098 309761.6535483701 4789016.939556246
1098 1098 310981.4558368349 4789017.605520457
1220 1098 312198.5925089344 4789017.579846956
610 1220 306098.4611920672 4787798.070616012
732 1220 307318.3373381206 4787797.446113391
854 1220 308541.47703271284 4787797.437027116
1220 1220 312201.47081713076 4787797.552411503
1830 1220 318297.91052773304 4787798.249624669
1952 1220 319520.917373285 4787797.957282832
122 1342 301221.11227733316 4786578.285319611
610 1342 306101.28317706834 4786577.561438336
854 1342 308539.0129859905 4786577.727121809
1098 1342 310978.409223224 4786577.585155584
1220 1342 312200.0858252913 4786580.123517062
1708 1342 317078.2300325791 4786577.407037696
1830 1342 318298.4079802377 4786577.335931909
976 1464 309758.5172049717 4785357.298421768
1098 1464 310978.7340654359 4785357.937075447
1220 1464 312198.47580633376 4785357.250735623
1342 1464 313417.95460643544 4785356.827588901
0 1586 299998.6158721937 4784138.940844505
