9638 2318 396383.50447068404 4876844.1616101265
10614 2440 406138.325259211 4875624.92731376
10736 2440 407362.11162354925 4875624.274503073
10492 2806 404921.9129523776 4871964.2507292535
9516 2928 395157.9448489805 4870743.432963079
10736 2928 407358.7880686984 4870744.314306073
9150 3172 391496.96648850886 4868303.324576484
10004 3538 400042.30248337 4864644.978093037
8540 3660 385402.03041712224 4863427.596731772
8906 3660 389063.0284695846 4863424.312345138
8540 3782 385404.8835949779 4862203.1838898305
8662 3782 386618.33630996244 4862207.887290438
9028 3904 390280.94659947196 4860984.1547734225
8784 4026 387837.33051592676 4859768.59532932
8662 4270 386623.20561076974 4857323.301528584
10858 4270 408581.61334352195 4857327.090106115
9150 4392 391502.6051889062 4856104.683192252
10004 4392 400042.6707281485 4856107.7190731615
10004 4514 400042.04841840465 4854886.916822225
8906 4636 389061.45034563815 4853664.804515854
9760 4636 397602.70018170786 4853664.981896635
9882 4636 398817.58467963105 4853667.203881264
10370 4636 403702.8354532834 4853668.061345604
10736 4636 407365.7861124873 4853672.814927661
9272 4758 392721.7373988406 4852447.678843031
9638 4758 396378.28740026837 4852447.552736564
8174 4880 381741.81478237174 4851224.268613214
8784 4880 387842.08491299296 4851227.45276104
8174 5002 381741.56068216736 4850006.427885896
