5246 793 504883.76622358477 4484137.711119605
5307 793 506102.95865441876 4484137.8507861225
5246 854 504883.00928573066 4482918.141226043
5307 854 506104.0463838242 4482918.562354189
5246 915 504883.48521000944 4481698.89625528
5307 915 506103.1893570598 4481698.80710128
5124 976 502442.4574165316 4480479.1822140515
5185 976 503662.3156655232 4480480.748476881
5246 976 504882.1374918555 4480479.207881385
5307 976 506102.0184103849 4480480.434477407
5246 1037 504883.06887659524 4479258.461076829
5429 1037 508543.20863796247 4479257.347267843
5124 1098 502443.87894856767 4478037.596178178
5185 1098 503663.5642831132 4478037.626138892
5368 1098 507323.2155474044 4478037.609925641
5063 1159 501224.19386379234 4476817.029424659
5185 1159 503663.5087962658 4476817.268417575
5246 1159 504883.4573944796 4476817.995461831
5124 1281 502442.38223840605 4474379.901907751
5185 1281 503661.9978455217 4474379.18315474
5063 1342 501223.17999755754 4473159.362426948
5185 1342 503662.39857980964 4473159.673984726
5246 1342 504882.6998964279 4473159.074627714
5002 1403 500002.15124040446 4471938.29626517
5063 1403 501222.3518459826 4471939.137424516
5124 1403 502442.2647132797 4471937.543411235
5185 1403 503662.9833961233 4471937.96808013
5246 1403 504882.91199374327 4471938.284597794
5246 1464 504882.44965770555 4470717.771242279
5368 1464 507322.59987883153 4470718.576332709
5429 1464 508542.857383875 4470718.296948492
5124 1525 502443.26034230244 4469498.046278292
5246 1525 504882.53685712675 4469497.932793877
5307 1525 506102.49769332324 4469497.375182155
5429 1525 508542.62060953135 4469498.555727402
5124 1586 502443.08969267434 4468277.587936749
5185 1586 503662.560387429 4468278.383042617
5124 1647 502444.1535948367 4467058.1064936
5185 1647 503664.1837955127 4467057.382342869
5246 1647 504883.40973241767 4467057.930210968
5002 1708 500004.2092193022 4465838.133493453
5063 1708 501224.3976104606 4465837.6412690785
5124 1708 502443.89825016196 4465837.544309859
5185 1708 503664.0639034743 4465837.728578031
5246 1708 504884.26717655436 4465837.95607864
5307 1708 506104.1788586017 4465837.991014085
5368 1708 507324.2931850827 4465837.979889626
4819 1769 496343.149152667 4464619.088234824
4880 1769 497564.2208242278 4464618.743556884
4941 1769 498784.23901258584 4464618.159804013
5002 1769 500005.0653865979 4464617.68093512
5246 1769 504883.865806584 4464618.066046262
5307 1769 506104.19726082584 4464617.705689306
5368 1769 507323.41747757164 4464619.031334022
5429 1769 508544.0692340135 4464617.984819609
4819 1830 496343.3481310811 4463398.665521637
4880 1830 497562.3866628447 4463399.107226983
4941 1830 498783.0197283628 4463399.508471194
5002 1830 500003.1163411923 4463399.40242907
5368 1830 507323.7456223975 4463398.319192755
4819 1891 496343.5159393904 4462178.664622067
4880 1891 497563.49687284604 4462179.12300328
4941 1891 498783.25551133003 4462178.939868343
5185 1891 503662.7079226126 4462180.378620497
5368 1891 507323.45957070286 4462178.7629944375
5429 1891 508543.99465285725 4462178.362835706
4880 1952 497562.9865547095 4460959.153122331
4941 1952 498783.00638432836 4460958.549488205
5002 1952 500002.846458664 4460957.845833201
5185 1952 503663.54151142057 4460959.023732605
5246 1952 504883.0945143607 4460958.804050699
4819 2074 496342.81458814314 4458519.177455373
5246 2074 504884.0304289598 4458518.588682881
4880 2135 497562.97310605826 4457299.821422183
4941 2135 498781.9734025662 4457299.300728801
5002 2135 500002.4059323852 4457299.4340530215
5063 2135 501224.70703029004 4457296.773342336
4636 2196 492681.50309483235 4456078.177276831
4697 2196 493902.80742042506 4456078.764011881
4758 2196 495123.31986507 4456079.057013649
4819 2196 496343.49416779994 4456078.686034912
5002 2196 500002.9842655935 4456078.847472241
4636 2257 492680.98722854134 4454858.889805709
4697 2257 493903.953637692 4454858.149170873
4758 2257 495123.48218010744 4454858.646612768
4697 2318 493902.05996296514 4453639.535566945
