3660 2928 673197.1490304384 5141456.292034209
2562 5368 651238.5883286333 5092657.023224314
3294 3904 665878.1041716972 5121937.524309981
3233 1403 664656.8125449052 5171957.961016587
2501 5307 650017.465935203 5093877.859025373
3538 3599 670758.6155680409 5128038.1119228415
2379 5368 647582.3118392533 5092656.294514472
4270 3538 685401.3986086696 5129263.773444612
305 3904 606096.2512294025 5121945.1710875
3721 2013 674417.6657474412 5159756.133014312
3172 5246 663438.7097493978 5095097.7734304415
2745 1525 654901.4487390122 5169517.056187354
2745 4758 654895.5323290235 5104857.989398148
4026 3599 680518.2475800632 5128044.062385771
3843 2928 676856.3297982645 5141463.512265576
3721 3172 674417.1974937776 5136576.453742971
2989 4636 659778.8342440964 5107297.081027432
3904 2867 678075.6530035482 5142677.765953907
2745 5124 654897.6863169605 5097536.43429416
3477 2257 669543.43149242 5154875.977358216
3355 4941 667097.6388589815 5101195.622940319
3538 4209 670758.6040035527 5115837.2088510925
3660 3111 673199.9916498517 5137800.005455022
3904 2806 678077.2918314565 5143901.741314547
3965 2379 679298.5035754135 5152437.521157858
4453 4819 689058.076756945 5103638.015413499
3660 3294 673197.9781753479 5134138.60832805
4819 4636 696379.5034348995 5107300.950710571
3050 4209 661003.4871198618 5115837.279684081
3965 2257 679297.866019885 5154877.363562146
3416 3782 668318.2367035531 5124378.958509549
3843 3050 676858.0556467811 5139017.023184742
3599 3050 671982.4621262149 5139016.707912318
2989 1769 659781.9442331987 5164643.613762862
2013 3416 640258.8145781787 5131704.264398875
61 4270 601221.5438463518 5114618.157440735
3721 5124 674420.0 5097539.8385627875
3294 1281 665878.4449966679 5174398.226706133
3172 4209 663437.4063447304 5115839.155105317
3172 5185 663437.523213677 5096318.552567845
3965 2562 679298.8492609203 5148776.893596674
2928 4697 658559.1875719043 5106079.575058609
305 2623 606097.0762354024 5147563.893456303
3782 2562 675641.2504607859 5148780.075944989
1952 1708 639042.5693296489 5165857.638380903
427 3843 608536.2689496438 5123164.867488774
4148 3843 682955.9267439189 5123162.610660805
3416 1769 668317.6612170847 5164637.339229734
3233 4880 664658.1392820643 5102417.7297806
2989 4697 659777.1409234857 5106078.207715223
2562 4514 651240.8946475621 5109741.855041956
3904 5185 678075.9099130852 5096316.136723423
2379 1647 647579.0504065959 5167075.982650168
3294 1708 665877.7138408623 5165857.482459775
3355 2623 667102.6682149795 5147564.996303102
3050 4453 660997.5239312478 5110956.481027748
2806 1342 656122.2021059116 5173183.67585299
4270 2379 685397.4875670712 5152436.380904265
3355 4697 667098.5829021627 5106077.051124383
3721 2928 674417.9135133731 5141456.904238517
183 5002 603658.2115485478 5099981.738288566
3233 4819 664658.6892124367 5103638.077474015
3355 1586 667097.9771807358 5168298.336556223
2257 1708 645141.5281001438 5165857.113944139
5124 1220 702478.5650947442 5175617.463886703
3233 4453 664660.239677548 5110957.819950055
3050 2562 661003.241440515 5148784.706304701
4758 549 695158.7592024509 5189043.129883656
3111 4636 662219.399548058 5107296.921120477
3416 2440 668317.6930028257 5151224.562620486
2440 4575 648803.6190082068 5108517.317538448
3965 2501 679298.2489342949 5149997.599593609
2379 5490 647578.0417090587 5090217.814379074
3599 4819 671977.8336896587 5103639.160244378
2928 4636 658560.3341388848 5107300.946936325
3538 1159 670758.1218574796 5176843.18493522
4026 2196 680517.8329577754 5156097.269213302
3782 5124 675637.4262942685 5097537.731071764
2989 1647 659782.7944649098 5167083.616607912
3416 2806 668321.2492755484 5143904.239505102
5063 854 701258.0880038904 5182937.312654737
3172 4758 663438.828068911 5104859.109963765
2623 1586 652458.4279804262 5168297.04750126
3782 2806 675639.1349975397 5143900.769683682
3294 2562 665882.1184801897 5148782.551141473
183 4087 603661.4924449372 5118282.1270329775
2684 2745 653678.4919112291 5145124.4232437825
3965 2806 679298.4169782079 5143897.681169114
4087 5063 681738.1609845631 5098757.793395516
183 4880 603661.2379288025 5102417.454038959
3233 5185 664657.8726804096 5096318.540315436
3416 2135 668318.8784163625 5157317.25388426
2867 2623 657338.8204265326 5147563.748836901
122 5246 602440.653385068 5095097.579954199
3050 2623 661002.4748580938 5147564.369158306
3294 1525 665879.3533931242 5169517.239226874
3477 3782 669537.2518873519 5124378.773866587
3965 2989 679296.8674741033 5140237.020299115
3233 4026 664659.4575054193 5119498.303388794
3294 4758 665877.2057843322 5104857.537439033
2623 5063 652458.4908340366 5098756.979115074
3050 3904 661001.4396390988 5121936.853561561
3599 2867 671977.6684041037 5142678.141877486
4453 4880 689061.1731098717 5102417.923216225
3355 3843 667096.5484905504 5123158.350955132
3538 3721 670757.0435118591 5125597.918278775
3050 4697 661001.9884989554 5106076.588020096
3416 4209 668322.5942539085 5115837.342757994
3355 2989 667102.9293194752 5140236.302368742
2806 4697 656117.9971373677 5106078.263926975
3721 2989 674420.713524062 5140235.575384505
3782 3111 675641.8592549036 5137796.492597493
3477 1952 669538.3406071801 5160977.671736975
5246 5063 704921.0972762062 5098759.364708069
2440 5185 648797.4727195236 5096317.969588705
3965 1830 679302.6203880265 5163424.360546716
3721 3416 674418.3450064196 5131697.7883508885
3477 4697 669537.4845771706 5106077.7338863425
122 5368 602438.9493671441 5092660.631251759
3721 3904 674421.1693654378 5121943.296643785
3233 5124 664659.0992254775 5097538.958643594
3721 3355 674416.9630135207 5132917.473809336
3355 1708 667098.6812981984 5165857.1195965465
2684 1525 653681.7327706587 5169516.3325165855
3660 2989 673197.9927071546 5140236.253218726
3538 3538 670758.9242620589 5129257.253004561
3355 1037 667102.1379985288 5179283.14353651
3416 2745 668323.1601875138 5145123.865031862
3233 4697 664658.1092265017 5106077.025848777
4209 5002 684178.4049865898 5099980.938473767
2806 4758 656118.3398154756 5104857.8337623095
4026 2623 680518.2906200618 5147557.836854215
3599 3355 671977.7945747743 5132917.206519885
4087 1952 681738.0897133694 5160976.773582256
3111 4392 662216.7293803995 5112175.7411385
3294 3233 665879.1846396002 5135363.803124997
122 4514 602438.3752332282 5109736.480028738
4941 4941 698820.7452300033 5101197.39988657
3050 3965 660998.2604359464 5120717.070333714
3172 1220 663441.9654754844 5175620.598474105
3233 1464 664658.1145837879 5170736.892716813
3904 2501 678079.2798521062 5149998.2605240075
2684 4697 653681.4768785244 5106077.180023852
