4941 0 498783.2004827709 4200001.043296355
5002 0 500001.45095501444 4200001.932838691
5124 0 502442.34166868334 4200001.006829998
5185 0 503663.21177020954 4200001.94460804
4941 61 498783.5164707088 4198781.6645915145
5002 61 500003.31199700746 4198781.539896254
5063 61 501222.93939929607 4198781.892081299
5124 61 502443.7720663204 4198782.065213737
5185 61 503662.464497426 4198782.187069363
5246 61 504883.4920909739 4198782.006857109
5368 61 507323.02288125077 4198782.167777191
5429 61 508543.10922908376 4198781.5154127125
5063 122 501223.2299985095 4197561.703041589
5185 122 503662.84512303566 4197562.554103573
5246 122 504883.1133422969 4197562.149305485
5307 122 506103.70959009154 4197561.70424656
5368 122 507322.8852140456 4197561.9705641335
5429 122 508543.5753178755 4197561.827623992
5002 183 500002.92637715506 4196342.113943857
5063 183 501222.98441653163 4196341.143497409
5124 183 502442.9995236804 4196341.593225307
5185 183 503662.92234916746 4196342.110956051
5307 183 506103.1610905475 4196341.953998956
5368 183 507323.2429104555 4196342.128317324
5429 183 508543.6319987279 4196342.104438734
4880 244 497562.6856366477 4195122.099071686
4941 244 498783.0246145497 4195121.816836735
5063 244 501223.24727604684 4195121.9096984435
5124 244 502443.0244555501 4195121.859277983
5307 244 506102.21568805387 4195121.868489371
5368 244 507323.3050703214 4195121.339981636
5429 244 508543.67961308 4195121.49326466
4819 305 496342.44418929564 4193901.3105307836
4880 305 497562.44889308175 4193901.842228202
4941 305 498782.6601493965 4193901.9527838565
5002 305 500003.0095178508 4193901.4768734453
5063 305 501223.3564751812 4193900.9949028213
5124 305 502442.6739382332 4193901.7249900047
5185 305 503663.2336155362 4193901.151513125
5246 305 504883.0951368309 4193901.325498935
5307 305 506103.0739112017 4193901.878616521
5368 305 507322.74180945975 4193901.6885857703
5429 305 508543.0797319471 4193901.4060141733
4941 366 498783.4443976091 4192681.1260520443
5063 366 501223.11202050454 4192681.6623068843
5124 366 502443.2992471056 4192681.816626886
5185 366 503662.6638356632 4192681.598371053
5246 366 504882.86661375535 4192681.3939876603
5307 366 506103.338364045 4192681.3360914504
5368 366 507322.73154194583 4192681.2640835373
5429 366 508543.25313149573 4192681.3693008646
4880 427 497563.23714425403 4191461.1527651455
4941 427 498783.03982122743 4191461.4000195013
5002 427 500003.5192821558 4191461.2872129753
5063 427 501222.83895112877 4191461.7354517393
5185 427 503662.9076787504 4191461.263082237
5246 427 504883.36786579544 4191461.673410722
5307 427 506103.53298868623 4191461.9763388094
5368 427 507322.961186765 4191461.6372511033
5429 427 508543.0487601245 4191461.6487068795
4819 488 496343.31157125055 4190241.152533057
4880 488 497562.921932294 4190241.8609704245
4941 488 498782.7921694394 4190241.465276786
5002 488 500003.21216921165 4190241.176406484
5124 488 502442.6782463082 4190241.1712750364
5185 488 503663.2118288855 4190241.2750375625
5246 488 504883.33296461945 4190241.7965323282
5307 488 506103.40333211323 4190241.718163492
5368 488 507323.09335506306 4190242.145372089
5429 488 508542.99088512815 4190241.116257455
4758 549 495122.3902734191 4189021.431405614
4819 549 496342.8230984017 4189022.4322617473
4880 549 497562.7842439442 4189022.0851487713
4941 549 498782.99736287264 4189021.7809003033
5002 549 500003.28064037446 4189021.4291201783
5124 549 502442.7861935306 4189022.1555351447
5185 549 503663.0542576858 4189021.9179936145
5246 549 504882.9081298485 4189021.794312449
5307 549 506103.10390000994 4189021.759262978
5368 549 507322.5059882144 4189021.4410945857
5429 549 508543.0068393278 4189021.495864453
4758 610 495123.205377423 4187802.1181796696
4819 610 496343.3595904897 4187801.8597933203
4880 610 497563.08717192913 4187801.1969529185
4941 610 498782.87389706523 4187801.9286231967
5002 610 500002.812239547 4187801.8327219076
5063 610 501223.16804486513 4187801.6711564325
5124 610 502442.63134217483 4187801.41367119
5185 610 503663.0236769569 4187801.1020331522
5246 610 504883.300156529 4187801.495619091
5307 610 506103.0324540697 4187801.4449259723
5368 610 507323.1019862254 4187802.0894189887
5429 610 508543.1248494146 4187801.958395523
5490 610 509762.71233165235 4187801.439936664
4758 671 495122.9640671353 4186581.241045396
4819 671 496342.5574108433 4186581.550959008
4880 671 497562.6355249242 4186582.115810236
5063 671 501223.0300774408 4186582.1002773065
5185 671 503662.82547449844 4186581.643633046
5246 671 504882.8804207694 4186581.108096893
5307 671 506102.2728501283 4186581.6159850983
5368 671 507322.7677916537 4186581.592589301
5429 671 508543.2727202909 4186581.6053137295
4758 732 495122.73848136555 4185361.751289718
4880 732 497562.6190273669 4185361.8506805543
4941 732 498783.1589632484 4185362.483656862
5063 732 501222.5919646791 4185361.580757535
5124 732 502443.0959671494 4185361.126695903
5246 732 504881.9488696351 4185361.3066961104
5307 732 506101.9053746049 4185361.9301589597
5368 732 507322.9551269109 4185361.32909095
5429 732 508542.79867503716 4185361.815726431
4758 793 495122.5898071921 4184141.4500432247
4819 793 496342.67769193643 4184142.243508937
4880 793 497562.4583044976 4184142.546866947
5002 793 500003.12880811386 4184142.1387260137
5063 793 501222.1586284835 4184142.043435295
5185 793 503662.9028411273 4184141.561916774
5368 793 507322.40555424005 4184141.660702722
5429 793 508542.1327767814 4184142.1215044046
4697 854 493902.7558876741 4182921.423745009
4758 854 495122.52814688155 4182921.6803003093
4819 854 496342.54021979077 4182921.749460635
4880 854 497563.5302203717 4182922.703371563
5002 854 500003.28474293917 4182922.2874344727
5185 854 503662.61066655396 4182921.6165443575
5307 854 506102.1935997779 4182921.1140555264
5368 854 507322.7279439482 4182921.963905789
5429 854 508542.7900346452 4182922.0502363443
5490 854 509762.2906473234 4182921.8258163948
4697 915 493902.6032174953 4181701.3946162127
4758 915 495122.53281550197 4181701.567243682
4819 915 496342.3284454277 4181702.2253052294
5063 915 501222.88528529095 4181702.0327552184
5124 915 502442.42970660166 4181701.925703926
5185 915 503662.9592246555 4181701.7363770185
5307 915 506103.1168150942 4181702.1922010193
5368 915 507322.4658375012 4181702.2324714866
5429 915 508542.9062213019 4181701.9838865725
4697 976 493902.9300589495 4180482.8065445693
4758 976 495122.30739248556 4180482.0308797946
4819 976 496342.24344716646 4180482.213492034
4880 976 497562.7760833578 4180482.5444991915
5429 976 508543.0882346557 4180482.0487027727
4697 1037 493902.52106437087 4179262.0735958805
4758 1037 495122.92623643874 4179262.033336606
4819 1037 496343.06565516035 4179262.549633815
5185 1037 503662.6320703972 4179262.448685578
5246 1037 504882.1273324138 4179262.392635314
5307 1037 506102.2276962284 4179262.2885523904
5429 1037 508542.69923423865 4179261.851849459
5490 1037 509762.51757491706 4179261.353273986
4697 1098 493902.592454814 4178041.2854703777
4758 1098 495122.41521199455 4178041.7652008254
4819 1098 496342.6325682806 4178041.902377382
5246 1098 504882.2378175306 4178042.0571739078
5307 1098 506103.14687408035 4178041.644444272
5429 1098 508542.3440520669 4178041.8264897903
4636 1159 492682.97989663156 4176821.6763853813
4697 1159 493902.4750304194 4176821.8554573944
4758 1159 495122.3919766366 4176821.6916576726
4819 1159 496342.5640740256 4176821.6700603133
4880 1159 497562.6046726931 4176821.9479727075
5307 1159 506103.1621278882 4176822.0987641187
5368 1159 507322.86434859724 4176822.1751343664
5429 1159 508542.260336436 4176822.481952044
4636 1220 492682.7238872763 4175601.145568854
4697 1220 493902.56964128127 4175601.618137384
4758 1220 495122.10516277916 4175601.3564177537
4819 1220 496343.01374472154 4175602.078617838
4941 1220 498781.6716384775 4175601.362214743
5246 1220 504883.39598938805 4175602.750993995
5307 1220 506102.8738190177 4175601.357174854
5368 1220 507322.4866813781 4175601.850300054
5429 1220 508542.38321399 4175602.2474051947
5490 1220 509762.91051865806 4175601.6839243146
4636 1281 492682.77950167016 4174381.4793564808
4697 1281 493902.58194623527 4174381.2805343485
4758 1281 495122.5614653573 4174381.807446045
4819 1281 496342.58249157626 4174381.528763287
4880 1281 497562.5033726233 4174381.682322098
5063 1281 501222.6070518014 4174381.7002472915
5124 1281 502442.68951713125 4174382.3231373793
5307 1281 506102.5493186225 4174382.9456108063
5368 1281 507323.14030529064 4174382.728521008
5429 1281 508543.055246415 4174381.1841323776
4575 1342 491462.7335887248 4173161.55721746
4636 1342 492682.6465571369 4173161.0122939553
4697 1342 493902.5804060509 4173161.6199565837
4758 1342 495122.78632363 4173161.8460423267
4819 1342 496342.66756026633 4173161.908862496
4880 1342 497562.6714150155 4173161.4155103117
4941 1342 498782.22132198367 4173161.9602866527
5124 1342 502442.65487403277 4173162.5617265785
5185 1342 503663.3741251078 4173162.421927387
5246 1342 504882.0439736859 4173162.6764673647
5307 1342 506102.57447362447 4173162.3516962687
5429 1342 508542.96767749154 4173161.664065619
4575 1403 491463.352361698 4171941.656554533
4636 1403 492683.2065950171 4171941.239720759
4697 1403 493902.82909294317 4171941.7986723064
4758 1403 495122.8904894036 4171941.5983473808
4819 1403 496342.33921294013 4171941.6560900854
5002 1403 500003.4208489448 4171942.8305203253
5124 1403 502442.0556212901 4171942.124805766
5185 1403 503662.4274580555 4171942.4862660747
5246 1403 504883.30708396836 4171943.046494499
5307 1403 506102.45933461067 4171941.519648697
5429 1403 508542.87985606334 4171941.921840869
4575 1464 491463.1076119752 4170721.5417985525
4636 1464 492683.0701956365 4170721.9375411384
4758 1464 495122.8951207311 4170721.13620013
4819 1464 496343.07802626217 4170721.629525179
4880 1464 497562.772078769 4170722.0658016093
5002 1464 500002.9474740873 4170721.7997614425
5063 1464 501223.000258597 4170723.086132557
5124 1464 502443.0423795898 4170722.188012221
5185 1464 503663.23822882987 4170721.6300476063
5246 1464 504882.61904850363 4170721.3283552937
5307 1464 506102.25239552907 4170722.3509971527
4575 1525 491463.53874004004 4169501.4596652044
4636 1525 492683.1091808593 4169501.729535044
4697 1525 493903.06653099897 4169501.63050704
4758 1525 495123.19607807713 4169501.394810276
4819 1525 496343.0772280226 4169501.6774676815
4880 1525 497562.53049530816 4169502.0462783333
4941 1525 498781.97962286894 4169502.115219537
5002 1525 500002.7929627935 4169501.7863689633
5063 1525 501222.81749114033 4169502.1287025
5124 1525 502442.66528780694 4169501.9867523797
5185 1525 503662.6062366137 4169502.7216646224
5246 1525 504882.8690709495 4169502.311052271
5307 1525 506102.59578795865 4169501.8751620054
5368 1525 507322.93787036877 4169502.148274185
5429 1525 508543.13101449306 4169501.5958492765
4514 1586 490242.7305438523 4168281.1464314554
4575 1586 491463.664433216 4168281.6510336976
4636 1586 492683.54879063857 4168281.757639028
4697 1586 493902.8866292402 4168281.347227767
4758 1586 495122.87943287886 4168281.958279672
4819 1586 496342.796599205 4168281.6294659013
4880 1586 497562.62916960655 4168281.8317903783
4941 1586 498782.6719940581 4168282.0313936155
5002 1586 500003.0740075873 4168281.852762228
5063 1586 501222.51795982046 4168282.2429613043
5124 1586 502441.9099733455 4168282.566559281
5246 1586 504882.33662396186 4168282.097588472
5307 1586 506102.5263239545 4168281.8216421567
5368 1586 507322.5656247618 4168281.4257970983
5429 1586 508542.75938663055 4168281.365999976
4575 1647 491463.1312923793 4167061.6539101787
4636 1647 492682.82090032817 4167061.577769922
4697 1647 493903.0800713667 4167061.6214150563
4758 1647 495123.27391712565 4167061.42526087
4880 1647 497562.42530584877 4167061.920236958
4941 1647 498782.78592828306 4167061.7781632096
5002 1647 500002.7758904351 4167062.2141370205
5063 1647 501223.0649357536 4167062.5274025407
5124 1647 502442.2864036082 4167061.7336285925
5185 1647 503662.77357738913 4167062.1933894064
5246 1647 504882.95925916114 4167061.656231176
5307 1647 506103.00879766204 4167061.543751427
5368 1647 507322.4310641945 4167062.277443786
4575 1708 491463.25529359624 4165841.0952198794
4636 1708 492682.9689013579 4165841.3868888067
4697 1708 493902.6154101155 4165841.8920269813
4941 1708 498783.27635541675 4165841.7923564594
5063 1708 501222.6008914222 4165842.330272982
5124 1708 502442.5880349054 4165842.1027185563
5185 1708 503662.5111514197 4165842.1549974466
5246 1708 504882.9025646855 4165841.716947117
5307 1708 506103.0225972189 4165842.2652590107
5368 1708 507322.88685627497 4165841.9554950455
4636 1769 492682.9800300648 4164621.5181759167
4697 1769 493903.03275561996 4164621.5982996654
4758 1769 495123.0302005257 4164621.6209713304
4819 1769 496343.58669103816 4164621.1832709964
4880 1769 497563.2517392089 4164621.571162753
5002 1769 500002.4446597942 4164621.776768447
5124 1769 502443.2524290045 4164621.1590194264
5185 1769 503663.2789577671 4164621.572701335
5246 1769 504883.12032359396 4164622.274011477
4636 1830 492682.93439953896 4163401.581140374
4697 1830 493903.1859667736 4163401.438368544
4758 1830 495123.0887081208 4163401.9001006708
4819 1830 496342.7600145726 4163401.9066894967
4880 1830 497562.84387755435 4163402.2260086657
4941 1830 498782.9025961871 4163401.772092768
5063 1830 501222.94915517594 4163402.1597902915
5185 1830 503663.246160691 4163401.1418890264
5307 1830 506103.37430781306 4163401.6681446936
5368 1830 507323.35695214 4163401.8665526127
4453 1891 489022.86037576164 4162181.892949555
4575 1891 491462.92918853916 4162181.8268219205
4697 1891 493903.10045627155 4162182.0451005567
4758 1891 495122.6409017986 4162181.980358635
4819 1891 496342.61455170804 4162182.437610859
4880 1891 497563.10344921635 4162181.6432669824
5002 1891 500003.17769634665 4162182.2201644965
5063 1891 501223.165328355 4162182.034975876
5185 1891 503663.220651168 4162181.713690986
5246 1891 504883.22972762305 4162181.6430904083
5307 1891 506103.43537582323 4162182.03427992
5368 1891 507323.475250722 4162181.4574044673
4453 1952 489022.87421782623 4160961.153839021
4514 1952 490242.5746345782 4160961.8385116057
4575 1952 491463.2218946935 4160962.035973577
4636 1952 492682.89351204695 4160962.091874253
4697 1952 493902.91615446017 4160961.7931604544
4819 1952 496343.2148112005 4160962.119645495
4880 1952 497563.4127117473 4160961.2302835407
4941 1952 498783.27036791877 4160961.9059877163
5063 1952 501223.31285711523 4160962.1404435905
5246 1952 504883.37234251475 4160961.4087850284
5429 1952 508543.0152458402 4160961.4569862206
4453 2013 489023.3262194458 4159741.62519601
4514 2013 490242.9385413632 4159741.7962224884
4575 2013 491463.22022207896 4159741.4006160293
4636 2013 492682.66008203226 4159741.8089845544
4697 2013 493902.3900375312 4159742.0552497776
4758 2013 495122.5439203322 4159741.476378912
4819 2013 496342.69361897145 4159742.1796521526
4880 2013 497563.4540763674 4159741.5736481454
4941 2013 498782.88463433756 4159741.8172283173
5002 2013 500003.4881181681 4159741.9569159923
5063 2013 501223.10884294816 4159741.9625251377
5124 2013 502442.8720771466 4159741.779589664
5307 2013 506102.96554232424 4159741.591547368
4392 2074 487801.8870648524 4158521.618928275
4453 2074 489022.71160837845 4158521.1241919445
4819 2074 496343.2039177283 4158521.0983404685
4880 2074 497563.1393669978 4158521.4955659835
4941 2074 498782.9608676549 4158521.8186801933
5063 2074 501222.8048881886 4158521.8234686796
5124 2074 502443.52577320626 4158521.8765357714
5185 2074 503663.5951827623 4158521.5685308464
5368 2074 507323.3713248171 4158521.413921484
5429 2074 508543.2952854947 4158520.9178501414
4392 2135 487803.26318762515 4157302.0980432844
4453 2135 489022.645993173 4157301.466051601
4514 2135 490242.9781350243 4157301.911020546
4758 2135 495122.62687535596 4157301.757227107
4880 2135 497562.44329126 4157301.988373804
4941 2135 498782.6963819456 4157302.6885567503
5002 2135 500003.3407814463 4157301.7968187695
5124 2135 502443.0658513731 4157301.4692099392
5185 2135 503663.09939787316 4157301.538983697
5246 2135 504883.2755572323 4157301.473732248
5307 2135 506103.46806304605 4157301.7625554306
4392 2196 487802.5978160981 4156082.1505020224
4453 2196 489022.41859192395 4156081.9315968994
4758 2196 495123.0073476186 4156081.856398116
4819 2196 496342.92555206944 4156082.004499562
4880 2196 497563.0200605898 4156081.795356009
5002 2196 500002.0722713931 4156081.931246532
5063 2196 501222.5622251059 4156082.1182043403
5124 2196 502443.04767162463 4156082.4759399695
4453 2257 489022.84297872055 4154862.0029703462
4575 2257 491462.7665483191 4154861.503958024
4636 2257 492683.0305276159 4154861.673696204
4697 2257 493903.220418571 4154862.1222719895
4758 2257 495123.42974070425 4154861.0629641283
5063 2257 501223.0122254418 4154861.904850783
5124 2257 502443.30303936807 4154861.3173137484
4453 2318 489022.7497010028 4153642.0204190053
4514 2318 490243.1326837908 4153641.5502802767
4575 2318 491463.3633189569 4153642.433937058
4636 2318 492682.6346896969 4153641.0468817456
4758 2318 495122.91312307515 4153641.4228822533
4819 2318 496343.4340641937 4153641.976032108
4880 2318 497562.880199922 4153642.1109097777
4941 2318 498783.265989993 4153641.714191653
5002 2318 500003.24962846434 4153642.221805862
5063 2318 501223.4276641246 4153641.9846382234
5124 2318 502443.4945904451 4153641.8794607995
5429 2318 508543.1741794487 4153641.26452455
4331 2379 486582.45628303324 4152421.8846170045
4392 2379 487802.0391491607 4152421.8908901634
4453 2379 489022.82115306257 4152422.5482743494
4514 2379 490243.0820245958 4152421.9174324367
4636 2379 492682.90888765315 4152422.181436074
4758 2379 495122.49745695275 4152421.89246371
4819 2379 496342.8592862088 4152422.0977101056
4880 2379 497562.4054499236 4152421.8444585567
4941 2379 498782.69948764466 4152422.503119425
5002 2379 500003.25592263846 4152421.862906346
5185 2379 503663.2218444062 4152421.601513584
4453 2440 489021.70527241175 4151202.0440824246
4514 2440 490243.08325660217 4151201.443797039
4575 2440 491462.5120049334 4151201.7547133546
4636 2440 492683.2216470301 4151201.6816996615
4697 2440 493902.28969124245 4151202.212249659
4758 2440 495123.1176391724 4151201.3008609544
4819 2440 496342.8340148536 4151202.040870079
4941 2440 498782.7146454705 4151202.140772287
5002 2440 500003.1857974013 4151201.3734009517
4392 2501 487802.56108613784 4149982.3694916004
4514 2501 490242.5909369956 4149981.44460572
4636 2501 492683.0616168962 4149981.8114898475
4697 2501 493903.06545778335 4149981.562038522
4819 2501 496343.03716850973 4149981.7823740626
4941 2501 498782.3227637656 4149982.4612348666
5002 2501 500002.80466918665 4149981.6256907824
5063 2501 501222.78368353186 4149982.237642125
5124 2501 502442.58036658197 4149982.050402104
5368 2501 507323.652383599 4149981.2243543984
4331 2562 486582.7119995742 4148762.26423609
4453 2562 489023.0787629446 4148761.839335829
4514 2562 490242.82428795646 4148762.0025408613
4636 2562 492682.72823323973 4148762.4603429576
4697 2562 493902.510223775 4148762.5481585497
4758 2562 495122.99628111074 4148762.3540286655
4819 2562 496342.3727251477 4148762.1725074863
4880 2562 497562.5476186913 4148762.0765555575
4941 2562 498782.75713736995 4148762.3358137542
5063 2562 501223.18716186314 4148761.593398966
5185 2562 503664.21122774534 4148761.9176025875
5246 2562 504883.0031759657 4148761.7003039066
4453 2623 489022.8221412899 4147542.0535902483
4514 2623 490243.1800453014 4147542.0348006086
4575 2623 491463.30504598806 4147542.164901755
4636 2623 492682.9796671013 4147541.800163797
4758 2623 495123.2749459337 4147541.6529656406
4819 2623 496343.0093952378 4147542.308504913
4941 2623 498782.45446566504 4147542.1492864033
5002 2623 500002.56578320864 4147541.894898506
5185 2623 503662.3305689393 4147541.759442753
4270 2684 485362.4737415411 4146321.953698012
4392 2684 487802.49458307103 4146321.886707102
4575 2684 491462.565752771 4146321.3355204323
4636 2684 492682.85608248966 4146321.8792486815
4758 2684 495122.8880951591 4146321.775776813
4819 2684 496343.587072218 4146321.891996854
5063 2684 501222.73801612976 4146321.99166278
5124 2684 502442.73415376554 4146321.692358818
5185 2684 503661.9598011519 4146321.6481575873
5307 2684 506103.25943280535 4146321.7564379536
5368 2684 507322.21600589657 4146321.5170902945
4270 2745 485361.9462479691 4145102.352458737
4392 2745 487803.2889970672 4145101.990538421
4453 2745 489023.079774652 4145102.4276944483
4514 2745 490242.5665266896 4145102.488621101
4575 2745 491462.34147325257 4145102.0026156018
4636 2745 492683.33486240485 4145102.5695534516
4758 2745 495122.31308868347 4145102.7998586614
4819 2745 496343.0681329087 4145102.1933114
4880 2745 497562.7663386791 4145102.2873207266
4941 2745 498783.3442535004 4145101.227418431
5063 2745 501222.46044348105 4145101.876133263
5124 2745 502442.58945853973 4145102.0794757716
5307 2745 506103.2517916525 4145102.131507621
5368 2745 507323.18508972693 4145101.7055968307
4392 2806 487803.11455530114 4143881.7882869616
4575 2806 491462.7480347111 4143881.4133860087
4636 2806 492682.71746688103 4143881.9245875394
4697 2806 493903.40832524543 4143880.948286392
4758 2806 495122.3698869021 4143881.4892236944
4819 2806 496342.13966222416 4143881.255832388
4880 2806 497562.281837677 4143882.40937561
5002 2806 500002.97264515405 4143881.852750038
5063 2806 501222.8184256504 4143880.9078823775
5124 2806 502443.1131208436 4143882.2233724967
5307 2806 506102.7139857445 4143881.495591698
5368 2806 507323.4692600054 4143882.4271038584
4270 2867 485362.8693376428 4142662.762564769
4331 2867 486582.7823414746 4142661.343342988
4392 2867 487802.9919301261 4142661.77375428
4453 2867 489022.320498397 4142662.336341816
4514 2867 490242.8681087655 4142661.2522645006
4575 2867 491463.37889570865 4142661.0634495765
4636 2867 492682.5385482329 4142662.258996588
4697 2867 493902.3647303179 4142662.0000082348
4819 2867 496341.9845679406 4142661.5797002027
4880 2867 497562.9946140386 4142662.8982854355
4941 2867 498782.2098557866 4142661.811686896
5368 2867 507323.47194322373 4142661.495867474
4331 2928 486582.409533108 4141441.572407974
4392 2928 487803.16328835726 4141440.9277897617
4453 2928 489022.6990483522 4141442.4818870826
4575 2928 491462.98841354996 4141442.1343778474
4636 2928 492682.25015305355 4141441.664926165
4697 2928 493903.0959528702 4141441.1438435307
4758 2928 495122.42245294026 4141441.512082981
4880 2928 497563.1910754211 4141441.8033867953
5002 2928 500002.0396717724 4141442.392518444
5124 2928 502442.8934094305 4141442.2040337045
5307 2928 506103.82485724316 4141442.4476843346
4270 2989 485363.1832927558 4140221.4523199927
4331 2989 486582.388780374 4140222.3660732387
4514 2989 490242.3791231797 4140221.6530658435
4575 2989 491463.1812955215 4140221.8783538546
4697 2989 493902.397962439 4140221.9409324387
4758 2989 495122.24063012836 4140221.9944913276
4880 2989 497562.51585323625 4140222.0155940875
5063 2989 501222.2743779081 4140222.0783947455
5124 2989 502442.97817869415 4140221.6100115906
5185 2989 503663.1737900169 4140222.6580782738
4270 3050 485362.52400570747 4139001.430109564
4331 3050 486582.9311456399 4139001.761970631
4514 3050 490242.8186436691 4139001.368578567
4697 3050 493902.21113191533 4139002.175114873
4758 3050 495123.0882748995 4139002.0006436603
4941 3050 498783.3013739836 4139002.5207352843
5063 3050 501223.17881106527 4139002.2259962
5185 3050 503662.5480850414 4139001.0477177817
5246 3050 504882.69287434354 4139000.9609924974
4209 3111 484143.31731282437 4137781.270972525
4331 3111 486583.4530209007 4137781.7983957585
4392 3111 487802.82286238583 4137781.3865354545
4453 3111 489022.33823247225 4137782.7172649605
4514 3111 490242.5729364852 4137782.7648890913
4575 3111 491463.2422702141 4137781.287643603
4697 3111 493902.07507671556 4137782.512456877
4819 3111 496343.6777769359 4137782.041085464
5063 3111 501222.48483324103 4137781.8688662704
5185 3111 503662.69906728674 4137782.070479027
5246 3111 504883.41167440265 4137781.3806832368
5307 3111 506103.638117813 4137781.95174867
4148 3172 482921.15143844776 4136562.1185698947
4209 3172 484142.31461244746 4136561.7092461605
4331 3172 486583.50369094405 4136562.3505004086
4392 3172 487802.65166360774 4136561.5114944987
4636 3172 492683.2740589692 4136561.418630151
4758 3172 495121.9599879399 4136561.5877278233
5124 3172 502442.41129722045 4136561.8202274945
5246 3172 504882.1879895803 4136561.423202104
4148 3233 482921.8302516961 4135341.367275741
4209 3233 484142.68461821944 4135341.327461441
4270 3233 485362.6508444111 4135342.988524073
4331 3233 486583.27175577485 4135342.5091767274
4392 3233 487802.59961613506 4135341.278542747
4575 3233 491461.9259862331 4135341.6356908334
4697 3233 493902.4866609791 4135341.803996348
4880 3233 497562.21729387366 4135341.4780416954
4941 3233 498782.19905043754 4135341.6961317873
5124 3233 502442.1129712362 4135341.4578219065
5185 3233 503662.53217505873 4135342.086357616
5246 3233 504882.65174850734 4135341.377551363
5307 3233 506103.1926125239 4135341.6682604626
5368 3233 507323.2303183762 4135341.9346569544
4148 3294 482921.5925343594 4134121.8651559744
4209 3294 484141.9884651854 4134122.5666425955
4270 3294 485362.87836297747 4134120.9886292145
4331 3294 486582.2666470825 4134122.3637286928
4392 3294 487802.4661516438 4134121.661332907
4453 3294 489022.6507794252 4134122.1210800316
4514 3294 490242.33580188785 4134122.0131426193
4819 3294 496342.56023769884 4134122.398635624
4941 3294 498782.30599149724 4134122.3133414863
5002 3294 500002.55446419114 4134121.2445878442
5063 3294 501222.7766417771 4134121.6872862075
5124 3294 502443.57469353493 4134120.577914088
5185 3294 503662.54709271 4134121.088697455
5246 3294 504882.8599628615 4134121.2861051178
5368 3294 507323.3273228589 4134121.7508594766
4209 3355 484142.49616354227 4132901.542113985
4270 3355 485362.92298056255 4132902.378282191
4331 3355 486582.46533135336 4132902.104822007
4392 3355 487802.67924776836 4132902.5048731016
4453 3355 489022.24962531985 4132901.547869671
4514 3355 490242.28132025694 4132901.900745946
4575 3355 491462.9352735493 4132901.051248165
4697 3355 493902.8863608086 4132901.6295074234
4758 3355 495122.9617626663 4132901.7500195345
4819 3355 496342.68198340817 4132902.324515391
4880 3355 497562.44625235273 4132901.464676718
4941 3355 498782.7867493357 4132902.1636609845
5002 3355 500002.9698775116 4132902.3003192265
5063 3355 501222.6693194736 4132902.104186558
5307 3355 506103.8189389182 4132901.906513541
4087 3416 481702.31905993004 4131681.1359442296
4270 3416 485362.8675083127 4131681.7731340174
4331 3416 486583.10643915884 4131681.943289038
4392 3416 487802.39056201634 4131682.306402441
4453 3416 489022.1275520473 4131681.955374852
4514 3416 490242.7539303496 4131681.7174308654
4575 3416 491462.52242012945 4131682.390732955
4636 3416 492682.7450216574 4131682.1546664424
4697 3416 493902.1568468703 4131681.7254887093
4941 3416 498783.3571195665 4131681.550455964
5002 3416 500002.78703135456 4131681.258163709
5063 3416 501222.84665076813 4131681.690639956
5124 3416 502442.683116342 4131681.7535073385
5185 3416 503662.25184063194 4131682.260439247
4148 3477 482922.4844682849 4130461.9160685185
4209 3477 484142.3684205926 4130462.2368244985
4331 3477 486583.3382194876 4130462.1774115814
4392 3477 487802.49786824995 4130461.713891278
4514 3477 490243.145337662 4130461.446494491
4575 3477 491462.6686385311 4130461.523214842
4636 3477 492682.14159567066 4130461.8703755643
4941 3477 498782.3829629554 4130461.770783699
5002 3477 500002.763359055 4130461.8152001128
5063 3477 501223.0824569534 4130462.192995278
5185 3477 503663.04392558517 4130461.56237799
5246 3477 504882.7490955233 4130461.5884946277
5307 3477 506102.425084473 4130461.425514115
4087 3538 481702.5347872969 4129241.710976273
4148 3538 482922.35956439807 4129241.3922735117
4209 3538 484142.92672888626 4129242.2591703637
4270 3538 485362.4705073232 4129241.9466141034
4331 3538 486582.7542520192 4129242.0843899436
4392 3538 487802.49400242773 4129241.7468388146
4453 3538 489022.49880410056 4129242.235539155
4575 3538 491462.6318928659 4129242.1783317514
4636 3538 492683.27226202463 4129242.0847394736
4697 3538 493902.057511953 4129242.4816793455
4819 3538 496342.72400805063 4129242.506174988
4880 3538 497562.79435762163 4129241.139085318
4941 3538 498782.3137604189 4129241.438003283
5002 3538 500002.381266769 4129242.171122391
5063 3538 501222.77078718814 4129241.8563334886
5124 3538 502442.67018121365 4129241.688769729
5185 3538 503663.06120940304 4129241.803648717
5246 3538 504882.65635355643 4129241.566210028
5368 3538 507322.5579448961 4129241.8239568826
5429 3538 508542.7677992747 4129242.403009844
4087 3599 481702.67639458564 4128021.781644768
4209 3599 484143.20856482594 4128021.845644475
4453 3599 489021.87207422516 4128022.396482656
4514 3599 490242.22838550404 4128020.7587243617
4636 3599 492683.22887656686 4128020.8755575037
4697 3599 493902.2784165285 4128021.921540307
4758 3599 495122.90456736187 4128021.237289414
4941 3599 498783.0088850719 4128021.5997227896
5002 3599 500003.67923080164 4128021.8159758877
5063 3599 501223.0657934338 4128021.9810875924
5124 3599 502443.19373465236 4128021.4691483853
5185 3599 503663.1343643112 4128021.860250001
5246 3599 504882.76414420945 4128021.6431745226
5429 3599 508543.26715304516 4128022.360948517
4148 3660 482922.330708725 4126802.2156635886
4209 3660 484142.70994439226 4126801.6904089497
4270 3660 485362.9630805307 4126801.6666713264
4392 3660 487802.48357146274 4126802.2716472717
4514 3660 490242.43345612695 4126801.8156059654
4575 3660 491462.8334502424 4126802.2699052365
4636 3660 492682.1889052718 4126802.2619151985
4697 3660 493902.90387516154 4126801.782442185
4758 3660 495122.44048975647 4126800.833847491
4880 3660 497562.9988380086 4126801.679666999
4941 3660 498783.05161571485 4126801.321408988
5002 3660 500003.74314486666 4126801.765270604
5063 3660 501223.147299675 4126801.426995038
5124 3660 502442.69706197013 4126801.424593486
5246 3660 504882.45261192 4126801.8152549267
5307 3660 506102.90990523336 4126801.887280143
5368 3660 507323.2860900881 4126801.9391780905
5429 3660 508543.0666057515 4126802.046408073
4026 3721 480481.7811029518 4125582.108104136
4148 3721 482922.1579891852 4125582.055870547
4209 3721 484142.54076152353 4125581.269184091
4331 3721 486582.37892587925 4125581.2315954436
4453 3721 489021.5683136993 4125581.2010539956
4514 3721 490242.324823791 4125581.9706788957
4575 3721 491461.8575173789 4125582.3654824505
4697 3721 493903.0185778294 4125581.167113496
4758 3721 495122.8046298659 4125582.0948698176
4819 3721 496343.24373394274 4125581.327455813
4880 3721 497563.0318233729 4125581.6637726845
5002 3721 500003.80633112567 4125581.307295235
5063 3721 501223.8697993587 4125581.6880209018
5124 3721 502443.1581944094 4125581.813106967
5185 3721 503662.76276242465 4125581.6764367335
5246 3721 504882.9610028359 4125582.076038096
5307 3721 506103.0785702798 4125581.791961747
5368 3721 507323.2038257045 4125581.3004767923
5429 3721 508544.0451675413 4125580.953870829
4026 3782 480481.5438525692 4124361.6825565854
4087 3782 481701.8752619531 4124361.3346899766
4148 3782 482922.84735997993 4124361.8937130207
4209 3782 484142.2936778993 4124361.8941141116
4270 3782 485362.3151458687 4124361.1984945657
4331 3782 486582.41533534613 4124362.0708249426
4453 3782 489022.28042532236 4124362.0286301486
4514 3782 490242.99992845237 4124362.1285366686
4575 3782 491463.1294115086 4124361.766211667
4636 3782 492683.0142085859 4124362.1782005597
4758 3782 495122.6713118716 4124361.5178566743
4880 3782 497562.9546676693 4124361.6458073743
4941 3782 498783.1388823098 4124361.3171515083
5002 3782 500003.0547333133 4124362.3308034567
5063 3782 501223.37345620577 4124361.7723430237
5124 3782 502442.780968578 4124361.6278468566
5185 3782 503663.5702613331 4124361.8309493065
5246 3782 504883.0906943588 4124361.6199132865
5307 3782 506103.0039279708 4124361.7517905077
5368 3782 507323.1766006516 4124361.568437931
5429 3782 508542.80613538437 4124362.3929317817
4026 3843 480482.6991975832 4123142.0171292545
4087 3843 481702.12968523666 4123141.7553750537
4148 3843 482922.75395388657 4123141.3458075644
4209 3843 484142.91287516727 4123142.100796558
4270 3843 485362.480837978 4123141.978163992
4331 3843 486583.25309700187 4123142.412823268
4392 3843 487802.64864575857 4123142.2152403714
4453 3843 489022.21845456184 4123142.0228610085
4514 3843 490242.8519848987 4123142.0595414117
4575 3843 491462.6151657579 4123141.8062235806
4636 3843 492681.8849307587 4123141.7975091655
4819 3843 496342.7665365893 4123141.471442487
4880 3843 497562.6475669108 4123142.1282462133
4941 3843 498782.80995560996 4123141.797969592
5002 3843 500002.6336035249 4123141.61001221
5063 3843 501222.416734508 4123141.1474142447
5124 3843 502442.6120482463 4123141.505626226
5185 3843 503662.64222082176 4123141.8200370446
5246 3843 504882.7809779399 4123142.040256599
5307 3843 506102.61781219055 4123141.634187932
5368 3843 507323.39614783885 4123141.9628427206
5429 3843 508543.5968179514 4123141.704465882
4026 3904 480482.252425869 4121921.691988785
4087 3904 481703.0203036744 4121921.4242496165
4148 3904 482922.2063410561 4121921.6770711783
4209 3904 484143.0779557277 4121922.2682301085
4270 3904 485363.4705922024 4121921.6468699984
4331 3904 486582.6856945466 4121921.2663503345
4392 3904 487802.7564533989 4121922.685837021
4453 3904 489022.4469063866 4121922.1049839025
4514 3904 490242.2215889526 4121922.1934015835
4575 3904 491462.4598115005 4121921.892421105
4819 3904 496342.9266108131 4121922.068850075
4880 3904 497562.50698473194 4121921.852515947
4941 3904 498782.56856926373 4121921.6184893353
5002 3904 500003.12092134816 4121921.968730039
5063 3904 501222.29589952517 4121920.9220778653
5124 3904 502442.5919181094 4121921.352181242
5185 3904 503662.32883939525 4121921.409131392
5246 3904 504882.70742697554 4121921.500146064
5307 3904 506103.4002238886 4121921.578940793
5368 3904 507323.5451995459 4121922.330239025
5429 3904 508543.13309491734 4121922.106317126
4026 3965 480482.87988388404 4120701.7705618525
4209 3965 484142.8507011634 4120702.541120939
4270 3965 485362.6515465024 4120701.99428399
4331 3965 486582.2586719233 4120701.1312624253
4392 3965 487803.16340026644 4120702.3289584666
4453 3965 489023.3628032 4120701.7172125336
4575 3965 491462.51298745436 4120701.3107317304
4636 3965 492682.6640479202 4120701.8598025367
4758 3965 495122.68116182636 4120701.1958972374
4819 3965 496342.6672572622 4120702.155016332
4880 3965 497562.7293113969 4120701.8641615203
5002 3965 500003.0017810735 4120702.201530516
5063 3965 501222.59600058023 4120700.9668090623
5124 3965 502442.75353368185 4120700.9160101917
5185 3965 503662.94322406984 4120701.5289890654
5246 3965 504882.9897212446 4120701.6574585093
5307 3965 506103.2556948354 4120701.8594141826
5368 3965 507323.41010643594 4120701.925303124
3965 4026 479263.2070841242 4119481.9733797414
4148 4026 482923.57402620476 4119481.9586717654
4209 4026 484142.94053065195 4119481.7983831326
4270 4026 485362.429570361 4119481.5916408794
4331 4026 486582.3568228299 4119481.9205728928
4392 4026 487802.97174212185 4119482.03807234
4453 4026 489022.9106934716 4119482.231362192
4575 4026 491462.0774179216 4119481.832679063
4636 4026 492682.5980430398 4119482.1341627156
4697 4026 493902.55540420854 4119482.2721428787
4819 4026 496342.57651766716 4119481.4657124085
4880 4026 497563.3174288336 4119481.9375182968
4941 4026 498782.97504754254 4119481.1131871697
5002 4026 500002.54717541655 4119480.8248215048
5063 4026 501222.7743569307 4119481.583151973
5124 4026 502442.6498018865 4119481.818865602
5185 4026 503662.8923086758 4119481.4901795536
5246 4026 504882.8348635226 4119481.6544927433
5307 4026 506103.01866235095 4119482.326801518
5368 4026 507322.57462064584 4119481.496029471
5429 4026 508542.95380835683 4119482.1527343364
3965 4087 479262.5193094892 4118261.258691027
4026 4087 480481.85283144045 4118261.0799378864
4087 4087 481702.21815461386 4118261.11801528
4148 4087 482922.67722267145 4118261.5565834474
4270 4087 485362.7217766707 4118261.433000895
4331 4087 486582.7834145477 4118261.9648207137
4392 4087 487803.13111063495 4118262.177264869
4575 4087 491462.86438814836 4118262.1634066505
4636 4087 492682.66707459674 4118262.1112715453
4697 4087 493902.68592502555 4118261.5544294044
4758 4087 495122.78355766204 4118261.8568588924
4880 4087 497562.6403970935 4118261.725760012
4941 4087 498782.0696777423 4118262.0271891113
5002 4087 500002.8405870807 4118261.8144989125
5063 4087 501222.7090709824 4118261.8627301287
5124 4087 502443.2015487051 4118261.6777449036
5185 4087 503662.7425984366 4118261.5091523444
5246 4087 504883.06186612014 4118261.4543440407
5307 4087 506103.2308692377 4118261.9719491685
5368 4087 507323.1404492764 4118262.19487108
5429 4087 508543.19418008917 4118261.744409783
3965 4148 479262.2989003654 4117041.6600147625
4026 4148 480481.92337866535 4117041.5205915086
4087 4148 481702.6864194347 4117041.790086494
4148 4148 482922.50677393755 4117041.678298883
4209 4148 484142.51944592013 4117042.2385854935
4270 4148 485363.0768509223 4117041.807230184
4331 4148 486582.6900480256 4117042.0195452105
4392 4148 487803.0032851793 4117041.5841497136
4514 4148 490242.03904941026 4117041.815700137
4575 4148 491462.64962467586 4117041.9920114037
4697 4148 493902.4550591007 4117042.3113363283
4758 4148 495122.38585959934 4117041.9216542793
4819 4148 496342.9687262867 4117041.9992881743
4941 4148 498782.4170337854 4117042.4412974175
5002 4148 500003.4858249904 4117041.7735259766
5063 4148 501222.9497269215 4117041.4254012853
5124 4148 502442.67044921004 4117041.409241542
5246 4148 504882.8989871 4117041.835827308
5307 4148 506102.39734141214 4117042.1669542026
5368 4148 507323.14613424346 4117041.852601816
5429 4148 508543.21121845994 4117042.1096668663
3965 4209 479262.65233940794 4115821.3028236246
4026 4209 480482.443146432 4115821.1044324106
4087 4209 481702.58607777464 4115821.002177364
4148 4209 482922.5588364562 4115821.1231344296
4209 4209 484142.0796577326 4115820.992796432
4270 4209 485363.3987769397 4115821.864413671
4331 4209 486582.3120669993 4115821.4508865615
4392 4209 487802.66940688825 4115822.2176550273
4453 4209 489022.58552734193 4115821.7677403484
4514 4209 490242.2524560647 4115821.4695344325
4575 4209 491462.7600739388 4115822.0802813023
4697 4209 493902.88773471094 4115822.2684319895
4758 4209 495123.1172160388 4115822.1313539734
4819 4209 496342.52950601775 4115822.099521417
5063 4209 501222.7249059965 4115821.388748375
5124 4209 502443.08391362854 4115821.54740055
5185 4209 503663.2005339103 4115821.1290447647
5246 4209 504882.84268346423 4115821.2040907526
5307 4209 506103.30585893703 4115822.158113719
5368 4209 507323.54635971313 4115821.802351624
5429 4209 508543.19590431376 4115822.275970136
4026 4270 480482.5012884409 4114601.4234680217
4087 4270 481702.3865179815 4114601.538644192
4148 4270 482922.8568093255 4114601.0856187595
4209 4270 484142.46118594555 4114602.4610951254
4331 4270 486582.4985077572 4114602.154318912
4392 4270 487802.8429115976 4114601.815138286
4514 4270 490242.5127591858 4114601.771860252
4575 4270 491462.68084852863 4114601.7584601855
4636 4270 492682.8124246179 4114602.0395632926
4697 4270 493902.5023322562 4114601.8594606146
4758 4270 495122.96748574596 4114602.1383197764
4819 4270 496342.7293106977 4114601.69195176
4880 4270 497562.7327982642 4114602.35306538
5002 4270 500003.0145022539 4114601.4123519296
5063 4270 501222.68520999776 4114601.3461022386
5124 4270 502443.12875487766 4114601.839254353
5185 4270 503662.8962839383 4114601.4546773853
5246 4270 504883.1513619073 4114601.5494974907
5307 4270 506103.2505009863 4114602.0107999593
5368 4270 507323.45396894444 4114601.7404694147
5429 4270 508543.43412211415 4114602.132105303
3904 4331 478042.6610062415 4113381.625147566
3965 4331 479263.0698789674 4113381.2422164986
4026 4331 480482.95515564014 4113381.992722351
4087 4331 481703.1277433103 4113381.5204205234
4148 4331 482922.4146744146 4113381.806216811
4209 4331 484142.65961924917 4113382.3824974624
4270 4331 485362.82882273814 4113381.5510912566
4331 4331 486582.4556019704 4113381.045954847
4392 4331 487802.7472306562 4113381.4094877364
4453 4331 489022.2186095346 4113382.1768449508
4514 4331 490242.6880242215 4113382.0257290015
4575 4331 491462.7539185808 4113381.860868847
4636 4331 492682.9322582046 4113381.216775229
4697 4331 493902.4474884216 4113381.5337954555
4758 4331 495122.7310451759 4113381.864766253
4880 4331 497562.4677354945 4113381.4266588725
4941 4331 498782.4212912711 4113382.058670696
5002 4331 500002.8371553406 4113381.5186216664
5063 4331 501222.7848372011 4113381.318214114
5124 4331 502443.0619006645 4113381.4794599907
5246 4331 504883.2633546882 4113382.3405682156
5307 4331 506103.37044180854 4113382.3089644434
5368 4331 507323.16338978853 4113382.2039302476
5429 4331 508542.94220488437 4113381.7834626576
3904 4392 478043.0928656322 4112161.872590104
3965 4392 479263.08491164824 4112161.868242421
4026 4392 480483.056888554 4112161.747347041
4087 4392 481703.14194967254 4112161.9535744004
4148 4392 482922.8192616071 4112161.8449530117
4209 4392 484142.86209483177 4112161.536585857
4270 4392 485362.1321872622 4112161.707419007
4331 4392 486582.89532325446 4112162.0389352357
4392 4392 487802.87819181144 4112162.133612275
4453 4392 489023.01140966784 4112161.850056204
4514 4392 490242.54571082676 4112161.87224859
4575 4392 491462.737251945 4112162.130182693
4636 4392 492682.9565916141 4112161.945254214
4697 4392 493902.64107334014 4112161.9356794907
4758 4392 495122.7016488165 4112161.9330169093
4819 4392 496342.01503432373 4112162.0469310945
4880 4392 497562.4899484195 4112162.0878241463
4941 4392 498783.10150356375 4112161.7285565175
5002 4392 500003.0241143638 4112161.9631647253
5063 4392 501222.8343833699 4112161.9707998047
5185 4392 503663.6575186811 4112161.559677069
5246 4392 504882.7848938949 4112161.97795902
5307 4392 506103.4850737435 4112162.4828672493
5368 4392 507323.8928068511 4112161.918787553
5429 4392 508543.1315629033 4112162.2500479463
5490 4392 509763.52738446917 4112161.651540978
3904 4453 478042.1989539545 4110941.930820996
3965 4453 479263.1948179443 4110941.5990279354
4026 4453 480482.6855784298 4110941.6870193537
4087 4453 481703.61009777593 4110941.806490238
4148 4453 482922.6430872567 4110941.8766154833
4209 4453 484142.94377371075 4110942.0347162792
4270 4453 485363.39138938196 4110941.463212312
4331 4453 486582.8374246572 4110942.0676528253
4392 4453 487802.5009439358 4110941.7618053854
4453 4453 489022.32249226625 4110942.217403912
4514 4453 490242.00500308926 4110942.3576248344
4575 4453 491463.30668748805 4110941.901352023
4636 4453 492682.58447387884 4110941.137129086
4697 4453 493902.7383911624 4110941.7886303114
4758 4453 495122.7984306241 4110941.5335949305
4819 4453 496343.18331091217 4110941.7239548024
4941 4453 498783.36896546383 4110941.6018391913
5002 4453 500003.4958233246 4110941.5360411266
5063 4453 501223.1870886971 4110941.6094749803
5124 4453 502443.2844770969 4110941.9960461156
5185 4453 503663.2239080019 4110941.6454636203
5246 4453 504883.0280526071 4110941.294556642
5307 4453 506103.06446323043 4110941.782179674
5368 4453 507323.59180063184 4110941.9518528897
5429 4453 508543.55712327955 4110942.300356323
3843 4514 476822.40433896385 4109721.7119290903
3965 4514 479261.8889037631 4109721.519456583
4026 4514 480482.2606227154 4109722.1933181416
4087 4514 481702.7563344939 4109721.7953985725
4148 4514 482922.5048595597 4109722.1834821114
4209 4514 484141.5926079834 4109721.51892584
4270 4514 485362.91909237154 4109722.136758265
4331 4514 486583.0119010442 4109721.9872591924
4392 4514 487802.56461084384 4109722.2120698486
4453 4514 489022.17863767396 4109721.9869954446
4514 4514 490242.48019743443 4109722.134717698
4575 4514 491462.5495944232 4109721.523566925
4636 4514 492682.38931610686 4109721.960657811
4697 4514 493902.7016429937 4109721.344516756
4758 4514 495122.6249675835 4109721.5060166065
4819 4514 496342.53091445006 4109721.7560649365
4880 4514 497562.7708629823 4109722.134037503
4941 4514 498782.0510099394 4109721.3083954407
5002 4514 500003.0617392634 4109721.9574642517
5063 4514 501224.1324230503 4109722.018407734
5246 4514 504883.6857698163 4109721.905867493
5307 4514 506103.2928154111 4109722.3481413648
3843 4575 476822.8233158237 4108502.0632351963
3904 4575 478041.72280824307 4108501.888427824
3965 4575 479262.11146213196 4108501.3073969977
4026 4575 480482.3213816924 4108501.2995088566
4087 4575 481702.7879841706 4108501.70534682
4148 4575 482922.5850537458 4108501.649716083
4209 4575 484142.4254652291 4108501.4932039306
4270 4575 485361.6615622589 4108501.8085555276
4331 4575 486582.64900464803 4108502.41591289
4392 4575 487802.79780838924 4108502.0092157098
4453 4575 489022.71445910016 4108501.5314371083
4514 4575 490242.47345639276 4108502.1507626045
4575 4575 491462.5366095466 4108501.9972919067
4636 4575 492682.4656082625 4108501.6887116367
4697 4575 493902.8912291341 4108501.903306202
4758 4575 495122.69625594054 4108501.999378239
4819 4575 496342.9884587881 4108501.8733092155
4880 4575 497562.648375048 4108502.5432982715
4941 4575 498783.3516609255 4108502.0944181522
5063 4575 501224.1961938242 4108502.1194591587
5124 4575 502442.9197697738 4108501.3657296114
5185 4575 503662.8255251782 4108501.746318779
5246 4575 504883.3616546502 4108502.3430419834
5307 4575 506103.3116593633 4108502.0551172923
5368 4575 507322.7050517322 4108501.8454792397
5429 4575 508543.0316484951 4108501.3885044
3843 4636 476822.94878326537 4107281.6824242417
3904 4636 478041.7020881424 4107282.3775178418
3965 4636 479262.8031183063 4107281.934361859
4026 4636 480481.8714450299 4107281.6411410756
4087 4636 481702.2872936129 4107282.2732262807
4148 4636 482922.4767469349 4107282.13596128
4209 4636 484143.4335453501 4107282.1620342964
4270 4636 485362.86407596193 4107281.9828807916
4331 4636 486582.60837212304 4107281.7860947335
4392 4636 487802.41990733583 4107281.730473873
4453 4636 489022.56663827423 4107282.1509237066
4514 4636 490243.0092896529 4107281.8050073283
4575 4636 491463.0599755072 4107281.8237255756
4636 4636 492683.42655878194 4107282.0387779903
4697 4636 493902.9344551783 4107281.799831491
4758 4636 495122.5374785449 4107281.7746364903
4819 4636 496342.71931820293 4107282.1414292846
4880 4636 497562.8894532057 4107281.780332677
5002 4636 500003.0196478664 4107281.3014622256
5063 4636 501222.70132541726 4107281.3833351973
5124 4636 502442.37813598587 4107281.6835000804
5185 4636 503663.045617042 4107281.732595049
5246 4636 504882.9968494008 4107281.972749915
5307 4636 506103.59323446825 4107282.021538076
5368 4636 507323.4423968259 4107282.4897943037
5429 4636 508542.9069161316 4107282.1971451044
3843 4697 476822.47025473136 4106062.237909124
3904 4697 478042.3589967336 4106062.350329497
3965 4697 479263.4869920621 4106061.5815827893
4026 4697 480482.8703230307 4106061.962193326
4087 4697 481702.525594462 4106061.5370463403
4148 4697 482922.6298580636 4106061.4725736342
4209 4697 484142.3562407424 4106062.1157823876
4270 4697 485362.5354531857 4106061.860545125
4331 4697 486582.9002205549 4106061.6709008785
4392 4697 487803.3405119256 4106061.5470305504
4453 4697 489022.85868195473 4106062.0532063814
4514 4697 490242.7065334791 4106062.2621916113
4575 4697 491462.27896251285 4106062.500419422
4636 4697 492682.81330491585 4106061.657538714
4697 4697 493902.5874564391 4106061.54412507
4758 4697 495123.5016788315 4106061.7769511417
4819 4697 496342.66799459956 4106062.0041261613
4941 4697 498783.0884046927 4106061.5966568375
5002 4697 500002.6622084917 4106061.2787196143
5063 4697 501222.99571609066 4106061.6120944405
5185 4697 503663.5464995403 4106062.278481314
5246 4697 504883.87368223176 4106061.980000957
5307 4697 506102.8645740862 4106062.1114020357
5368 4697 507322.9005671229 4106062.030384114
5429 4697 508543.50275119406 4106062.3527788464
3782 4758 475602.2976148755 4104841.1700616423
3843 4758 476823.3161186911 4104841.6360719623
3904 4758 478042.8759646703 4104842.1279066578
4026 4758 480483.04322810797 4104841.414095738
4087 4758 481701.64492670377 4104841.580608816
4148 4758 482923.1207776037 4104842.074199263
4209 4758 484142.82222076686 4104842.008383085
4270 4758 485362.545569812 4104841.889614816
4331 4758 486582.8797366978 4104842.0534925777
4392 4758 487803.3168027323 4104841.6507455166
4453 4758 489022.86576936 4104841.771878206
4514 4758 490243.04852740053 4104841.7880150955
4575 4758 491463.1009709809 4104841.8714734986
4636 4758 492682.5755989192 4104841.991881796
4697 4758 493902.7919068048 4104842.51851583
4758 4758 495123.28615032154 4104842.0962383086
4819 4758 496342.7466391153 4104842.035967867
4941 4758 498783.16796662245 4104841.4702774873
5002 4758 500002.97757940355 4104841.491767577
5124 4758 502442.80857672833 4104841.5418414567
5185 4758 503662.96987580543 4104841.5573493615
5246 4758 504883.3071835313 4104841.892694881
5307 4758 506102.8328668834 4104842.116832489
5368 4758 507322.6059129393 4104841.745661198
5429 4758 508542.84217664483 4104842.2463846393
3782 4819 475601.62125900347 4103621.6037657447
3843 4819 476823.07554270717 4103621.7274052147
3904 4819 478042.7506455358 4103622.210400898
3965 4819 479263.2830302662 4103622.3726123236
4026 4819 480483.16792405106 4103621.7349669654
4087 4819 481702.9806143572 4103621.927592625
4148 4819 482922.46141686424 4103621.795607716
4209 4819 484143.31835548294 4103621.707697707
4270 4819 485362.521103476 4103621.620587471
4331 4819 486582.31373640656 4103621.8722953303
4392 4819 487802.5016367102 4103622.3008059897
4453 4819 489022.6082840657 4103621.9634416383
4514 4819 490243.3708391666 4103621.498745202
4575 4819 491463.1270243391 4103621.225266278
4636 4819 492683.1775083955 4103622.654618009
4697 4819 493902.6674440428 4103622.3184370557
4758 4819 495122.9330537867 4103621.834076589
4819 4819 496343.1889846119 4103621.903673972
4941 4819 498782.6812618251 4103621.475783009
5002 4819 500002.41575830994 4103621.903711467
5063 4819 501223.36961268657 4103621.486929275
5185 4819 503663.119098109 4103621.528202541
5246 4819 504883.66071702074 4103622.182454868
5307 4819 506103.0572282987 4103621.806635333
5368 4819 507323.091926141 4103622.0851543946
5429 4819 508542.71776962833 4103622.143204513
3782 4880 475602.5227183117 4102402.0655413447
3843 4880 476822.92095920513 4102401.900705116
3904 4880 478042.51492746273 4102401.399629389
3965 4880 479262.526747091 4102401.547502937
4026 4880 480482.86766378814 4102402.0468514273
4087 4880 481702.6309654853 4102402.5753586832
4148 4880 482922.73200831923 4102401.5754215186
4209 4880 484141.92223101895 4102401.879851144
4270 4880 485362.6063561636 4102402.225256916
4331 4880 486582.5623100574 4102401.390135778
4392 4880 487802.60677488137 4102402.035657214
4453 4880 489023.0002984734 4102402.0824036635
4514 4880 490242.70283253083 4102401.850361541
4636 4880 492682.85865739704 4102401.831599459
4758 4880 495123.2668627794 4102401.740637867
4819 4880 496342.5360145482 4102401.4924737485
4941 4880 498782.60062315274 4102401.7536590584
5124 4880 502442.71042240167 4102402.1881350745
5185 4880 503662.9850143354 4102401.745148794
5246 4880 504883.6451288613 4102401.915585749
5307 4880 506102.79650825524 4102401.5164072635
5429 4880 508542.6820383168 4102401.951486704
3782 4941 475602.40100914286 4101182.5198515775
3904 4941 478043.067716189 4101182.1798329987
3965 4941 479262.8091214468 4101181.9717901843
4026 4941 480482.8897090427 4101182.095838554
4148 4941 482922.56873266463 4101182.4201380964
4209 4941 484142.83372774976 4101182.166697846
4270 4941 485363.1801184474 4101182.454607024
4331 4941 486582.56118993857 4101182.0141060343
4392 4941 487802.5816556821 4101181.6931782393
4453 4941 489022.48814926395 4101181.9027087595
4514 4941 490243.7791512656 4101181.419430375
4575 4941 491463.21678019664 4101181.883540515
4636 4941 492682.63457013614 4101181.58329041
4697 4941 493903.20201459946 4101182.065511559
4758 4941 495123.0610768854 4101181.889170033
4819 4941 496342.5870222315 4101181.89090492
4941 4941 498782.8792078405 4101182.2491794955
5002 4941 500003.21526712354 4101182.282288282
5063 4941 501223.76616193 4101182.0968052344
5124 4941 502443.8615951927 4101182.663502977
5185 4941 503663.0898279557 4101181.5858164886
5246 4941 504882.85986775364 4101181.878315529
5307 4941 506102.7927994977 4101182.1822069557
5368 4941 507323.52221250447 4101181.4902014537
3721 5002 474382.2320579321 4099962.1819615783
3843 5002 476822.6064032048 4099962.364047263
3904 5002 478042.59351165756 4099961.8883205084
3965 5002 479263.65341783053 4099961.8848972386
4026 5002 480483.10279658274 4099962.226438486
4087 5002 481703.25648741535 4099962.0738062374
4148 5002 482922.92981010035 4099961.532251443
4209 5002 484142.63485643343 4099962.3095799536
4270 5002 485362.5708462959 4099961.7700793976
4331 5002 486581.83770540275 4099962.199464569
4392 5002 487803.454078604 4099962.046672713
4453 5002 489022.9831640047 4099961.737123047
4514 5002 490242.550475822 4099961.9993936727
4575 5002 491462.7446334967 4099961.783854248
4697 5002 493902.65508684836 4099961.5180525593
4758 5002 495122.8875386715 4099961.9408918433
4819 5002 496342.61242326774 4099962.10538634
4880 5002 497562.59145122144 4099961.440781149
5002 5002 500002.64334444824 4099962.40053438
5063 5002 501222.8699952485 4099962.159981101
5124 5002 502442.9747487343 4099962.133425123
5185 5002 503663.28302605206 4099961.970789184
5246 5002 504882.7115337618 4099961.791048485
5307 5002 506102.4948946683 4099961.400432083
5368 5002 507322.7648068462 4099961.642442434
3721 5063 474382.4113563186 4098741.874321698
3782 5063 475601.9636929098 4098741.8350245245
3843 5063 476822.675969885 4098741.678518691
3904 5063 478043.1286082136 4098741.6200193195
3965 5063 479262.81209966773 4098741.719792854
4026 5063 480482.37114665523 4098742.082615181
4087 5063 481702.86333707126 4098742.324755987
4148 5063 482922.68134198163 4098742.255624962
4209 5063 484142.57433120755 4098741.623941455
4270 5063 485362.3229239538 4098742.5354240946
4331 5063 486583.1073817211 4098741.7353035267
4392 5063 487803.15636057564 4098741.914801143
4453 5063 489022.8546942631 4098742.4002365815
4514 5063 490243.2629030038 4098741.710840448
4575 5063 491463.27508542297 4098741.653219172
4636 5063 492682.9306573357 4098741.7364300815
4697 5063 493903.1395167095 4098741.604436336
4758 5063 495122.57085927523 4098741.861848276
4819 5063 496342.8716592562 4098741.6917605465
4880 5063 497562.80972767854 4098741.547020401
4941 5063 498782.4948385594 4098741.8616099227
5002 5063 500003.19951273064 4098742.0744720288
5063 5063 501222.88068122417 4098742.0425981646
5124 5063 502443.28585756413 4098742.277812998
5185 5063 503663.44718045194 4098742.3862274326
5246 5063 504883.0868005542 4098742.1121592224
5307 5063 506102.97454088775 4098741.8632449443
3721 5124 474382.2442414136 4097521.219460533
3782 5124 475601.4721336049 4097522.3958860124
3904 5124 478041.9537385464 4097522.2024990497
3965 5124 479263.0226429917 4097522.1892588744
4026 5124 480482.74236306787 4097522.220021898
4148 5124 482922.5652280082 4097522.053608506
4209 5124 484142.80840210395 4097522.0236374615
4270 5124 485362.5345688003 4097521.50451387
4331 5124 486583.1715882071 4097522.436882275
4392 5124 487802.521044826 4097522.1896515945
4453 5124 489022.2866803932 4097521.613714923
4514 5124 490242.8158567396 4097521.750641578
4575 5124 491462.5347665377 4097522.0068907617
4636 5124 492683.01272856863 4097521.28452631
4697 5124 493902.52867683675 4097522.05265309
4758 5124 495122.57646274404 4097521.6830813214
4819 5124 496342.8423624524 4097521.439359164
4880 5124 497562.8757972783 4097521.6657991167
4941 5124 498782.41637844534 4097521.429903635
5063 5124 501223.3303620013 4097522.6865598923
5124 5124 502443.0035841606 4097522.3153784266
5185 5124 503662.60538041056 4097521.873572369
5246 5124 504883.07997422974 4097522.3116730163
5307 5124 506102.7511662113 4097521.8506096983
5368 5124 507322.8493407307 4097522.0702797016
5490 5124 509762.8422522923 4097521.8920063972
3721 5185 474383.16559204465 4096301.923720452
3782 5185 475602.68162890733 4096301.93847154
3843 5185 476822.6793865664 4096301.2891034745
3904 5185 478042.87689071085 4096301.3584788973
3965 5185 479262.5174465282 4096302.181183215
4026 5185 480482.12315966934 4096301.8926460063
4087 5185 481702.88460972626 4096302.309669541
4148 5185 482922.2659619899 4096302.2416569004
4209 5185 484142.8457832534 4096301.511803721
4270 5185 485362.5891355934 4096301.8745719576
4331 5185 486583.28509566304 4096301.998096682
4392 5185 487802.5682257663 4096301.889457019
4453 5185 489022.2022293423 4096301.844273365
4514 5185 490242.7174522065 4096301.4866831135
4575 5185 491463.0259563759 4096301.4187203003
4636 5185 492682.9478671898 4096301.761697457
4697 5185 493903.0403574257 4096300.999642971
4758 5185 495122.30631929304 4096301.5930221146
4819 5185 496342.6082348401 4096300.8340574177
4880 5185 497563.00229308434 4096302.1804961683
5002 5185 500002.47457682586 4096301.276418439
5124 5185 502442.72179974226 4096302.3527221614
5185 5185 503662.6592043166 4096302.2281359127
5246 5185 504883.2047779148 4096301.984693827
5307 5185 506102.8948732455 4096301.5663291262
5368 5185 507323.95134885306 4096302.0293018185
3721 5246 474381.20533582213 4095082.2012017807
3782 5246 475602.68539683707 4095082.044515171
3843 5246 476822.43523592164 4095081.850031199
3904 5246 478042.31826125295 4095082.1154879658
3965 5246 479263.01961843134 4095082.1383942235
4026 5246 480482.23031591205 4095082.065022799
4087 5246 481702.32876039227 4095082.0049098935
4148 5246 482922.7485639362 4095082.1463332046
4209 5246 484142.437638623 4095081.9584478373
4270 5246 485362.8167656713 4095082.1536908913
4331 5246 486582.70901418047 4095081.4840173014
4392 5246 487802.4143749275 4095082.0266399607
4453 5246 489022.6200284516 4095081.618001165
4514 5246 490242.80834384606 4095080.741497389
4575 5246 491462.55860961287 4095082.1369880885
4697 5246 493902.7958547427 4095081.8193177143
4758 5246 495122.7492745027 4095081.3105926206
4819 5246 496342.7546471457 4095081.787098337
4880 5246 497563.12475946476 4095081.402291201
4941 5246 498783.1097276488 4095081.3588301884
5002 5246 500002.2915924864 4095082.023832118
5124 5246 502442.73783299176 4095082.0058933645
5185 5246 503662.6525438696 4095081.970429071
5307 5246 506102.5692018402 4095081.52698279
5368 5246 507323.14427253144 4095082.1424112497
3721 5307 474383.3908814658 4093861.9953657156
3782 5307 475603.1403434659 4093862.149722595
4087 5307 481703.4747351011 4093862.3666737247
4148 5307 482923.1420640911 4093862.137308539
4209 5307 484143.66726597556 4093862.0064245416
4270 5307 485363.80895371485 4093861.892671788
4331 5307 486583.7606734195 4093861.0976903187
4453 5307 489023.6446471329 4093861.396220755
4514 5307 490243.3061186241 4093861.81725026
4575 5307 491463.86199260515 4093861.8697152464
4636 5307 492682.8095302953 4093861.7355643567
4697 5307 493903.5963041067 4093861.079002479
4758 5307 495123.4377694473 4093861.941092858
4819 5307 496343.6409726579 4093861.3052094392
4880 5307 497563.53444880026 4093861.727754348
4941 5307 498783.36501166434 4093861.4472127566
5002 5307 500003.425972924 4093862.2305282606
5063 5307 501224.0811157185 4093861.8009642838
5124 5307 502443.82974449964 4093861.9799137833
5185 5307 503663.77504165645 4093861.436392014
5368 5307 507323.2704881989 4093861.9566997197
5429 5307 508543.7500047379 4093861.4416693486
3660 5368 473162.7847166115 4092641.801131502
3904 5368 478042.8976792117 4092642.417826792
4148 5368 482923.4490000794 4092641.8608515197
4209 5368 484143.73637694 4092641.6449061204
4270 5368 485363.26409704983 4092641.906344043
4331 5368 486582.69189207896 4092641.7453512046
4392 5368 487803.33452925086 4092641.6382707423
4453 5368 489023.4854106954 4092642.0530024916
4514 5368 490243.3038158123 4092641.629222757
4636 5368 492683.6035208623 4092641.5493129576
4697 5368 493904.0692228031 4092641.77021816
4758 5368 495123.87221566215 4092641.205146306
4819 5368 496343.5713579829 4092641.2811609516
4880 5368 497563.3407912511 4092642.0358864088
4941 5368 498782.9263044191 4092640.2913181176
5002 5368 500003.614151087 4092641.1043328224
5063 5368 501223.41171179427 4092641.0686867684
5124 5368 502443.5023532139 4092641.9427363677
5185 5368 503663.46031427494 4092642.092484922
5368 5368 507323.9894025797 4092641.8707598513
5429 5368 508543.29827937426 4092641.9945893995
4148 5429 482923.4038885039 4091421.37067106
4209 5429 484143.2213941741 4091421.4329897137
4270 5429 485363.5056950956 4091422.1078926073
4331 5429 486582.9912599171 4091421.408361625
4392 5429 487803.4537446097 4091421.789815617
4453 5429 489023.79218339815 4091422.0893856604
4514 5429 490244.06238233414 4091421.1417770926
4575 5429 491463.73181923275 4091421.2036941284
4636 5429 492684.016931809 4091421.3231758727
4697 5429 493903.9240632048 4091421.9546032324
4758 5429 495123.15855604014 4091421.087017264
4880 5429 497563.5130636758 4091421.4413819797
4941 5429 498783.5160113286 4091421.6974094063
5002 5429 500003.7024815771 4091421.925112536
5063 5429 501223.22360432555 4091422.1159316273
5124 5429 502443.32369310176 4091422.103608909
5246 5429 504883.03895562806 4091421.5223285723
5307 5429 506103.2217494454 4091421.6175882956
5368 5429 507323.2294827412 4091421.773893242
5429 5429 508543.8978595544 4091421.859888059
3904 5490 478042.7220068353 4090201.0079491213
4514 5490 490243.82549906825 4090201.4682371337
4697 5490 493903.2460616242 4090202.023755092
4819 5490 496343.2314210889 4090201.1205700543
4880 5490 497563.51966416097 4090201.0409901747
5063 5490 501223.8927608668 4090201.463611086
5124 5490 502443.40257674735 4090201.9770393427
5185 5490 503662.86894538446 4090200.9674425926
5246 5490 504883.1040306194 4090200.7261606418
