8540 1830 585377.2143006268 4581721.2983701015
8540 1952 585377.7945791351 4580501.838599023
8662 1952 586598.168506769 4580501.78450066
9394 1952 593917.5350994896 4580502.215764456
8296 2074 582937.1099831543 4579281.800252178
8540 2074 585377.5705347713 4579281.549535879
8662 2074 586597.8998359875 4579281.29939516
9516 2074 595137.4763249287 4579282.309693431
9882 2074 598797.7689509715 4579282.881612295
8296 2196 582936.9383399903 4578061.981894177
8540 2196 585377.9943056578 4578061.601536377
8662 2196 586597.75522464 4578061.835598842
8906 2196 589037.4660849746 4578061.455635266
9394 2196 593917.3082008441 4578061.631728093
9516 2196 595137.9447259586 4578061.843941597
9760 2196 597577.824890218 4578062.319382573
10004 2196 600017.7285821864 4578060.985241539
10126 2196 601237.686436255 4578062.729734454
8296 2318 582937.6798449713 4576842.0000678515
8418 2318 584157.8144722063 4576840.95455942
8540 2318 585377.8219339328 4576841.499103565
8662 2318 586597.9366222348 4576841.883027161
9028 2318 590257.4284739327 4576841.934280394
9516 2318 595138.0691829731 4576842.887672849
9638 2318 596357.4518009281 4576842.27530917
9760 2318 597577.494616868 4576842.1630347
10004 2318 600017.30369163 4576842.491326677
10126 2318 601236.9329850161 4576842.023599574
8296 2440 582938.223822809 4575621.661972584
8418 2440 584157.7666258232 4575622.289693728
8662 2440 586597.684216405 4575621.039576274
8784 2440 587817.8590281811 4575621.350692207
8906 2440 589037.1200019886 4575621.48674507
9028 2440 590257.5662471099 4575621.2885927735
9150 2440 591477.4471979921 4575622.438507261
9272 2440 592697.3660858369 4575622.235156977
9394 2440 593917.3570602997 4575621.919560882
9516 2440 595137.0242222567 4575621.6943808375
9638 2440 596357.1549229978 4575622.003378255
9760 2440 597576.6741241296 4575622.411412601
10004 2440 600017.4569807916 4575622.332705874
8418 2562 584157.9437009497 4574401.633566119
8906 2562 589037.2671421693 4574402.039796561
9272 2562 592697.4818307222 4574401.704142271
9516 2562 595137.9833435202 4574402.017460532
9638 2562 596356.4808751422 4574402.262669677
9760 2562 597576.7172242717 4574402.761186611
9882 2562 598797.305858454 4574401.684481648
10004 2562 600017.5048173878 4574401.450525937
8418 2684 584157.5568970402 4573181.917283139
9150 2684 591477.3991317676 4573182.288671103
9272 2684 592697.4895566652 4573181.556622446
9394 2684 593917.4112817589 4573182.37565243
9516 2684 595136.9045131546 4573182.266007964
9638 2684 596357.3035186175 4573181.725797135
9760 2684 597577.3706967048 4573182.027209753
9882 2684 598797.1097632607 4573181.700677748
10004 2684 600017.1344319365 4573181.589604262
8540 2806 585377.8228689923 4571962.037938987
8662 2806 586597.644643958 4571961.762997253
9150 2806 591477.6672113088 4571961.875785504
9394 2806 593917.1375200104 4571961.351385872
9516 2806 595137.0447403986 4571961.403008313
9760 2806 597577.0441141517 4571962.351792475
9882 2806 598797.7513966006 4571961.935669333
10126 2806 601237.9359428626 4571962.327595252
8662 2928 586597.3459577884 4570741.7500973875
8906 2928 589037.5445711615 4570741.537912292
9150 2928 591477.3751325416 4570741.790997523
9272 2928 592697.018632252 4570742.479705807
9394 2928 593917.1819076366 4570741.602299001
9516 2928 595136.9667207014 4570741.9518671725
9638 2928 596357.1787623654 4570742.393379703
9882 2928 598797.3427626514 4570742.338108402
8906 3050 589037.010773967 4569522.184889831
9028 3050 590257.209300115 4569521.948327934
9150 3050 591477.341005876 4569521.345331059
9272 3050 592697.6061111484 4569522.364039586
9394 3050 593917.0889421352 4569520.77416676
9516 3050 595137.7466067073 4569522.111296707
9638 3050 596357.5418683358 4569522.284336809
9760 3050 597577.1044464489 4569521.847399028
9882 3050 598797.2413748709 4569521.939384242
8784 3172 587817.9267305583 4568301.634181543
8906 3172 589037.85558037 4568301.591117347
9028 3172 590256.582906107 4568301.775839096
9150 3172 591477.5387230986 4568302.478283024
9272 3172 592697.3318568144 4568302.45922331
9394 3172 593917.2177763989 4568302.045957239
9516 3172 595136.9847493835 4568302.3360047275
9638 3172 596357.3398165064 4568302.117597994
9760 3172 597577.5088994879 4568301.765975204
9882 3172 598796.9387805117 4568301.502205417
8906 3294 589038.2462098214 4567081.392083437
9150 3294 591477.6777649419 4567082.250009444
9272 3294 592697.0470544712 4567081.099138362
9394 3294 593917.0184778199 4567081.859953142
9516 3294 595137.095320046 4567082.154820935
9638 3294 596357.3310218854 4567081.839823078
9760 3294 597577.4500548225 4567082.295000809
9882 3294 598796.8446875478 4567082.347312808
9394 3416 593917.128488786 4565862.086338795
9516 3416 595136.6362741339 4565862.596251893
9638 3416 596357.483588208 4565861.860005356
9882 3416 598797.3742463014 4565862.037674785
8174 3538 581717.5540551769 4564642.051512294
8296 3538 582937.3088195461 4564641.911024036
9272 3538 592697.0972302437 4564641.464957037
9394 3538 593917.667489694 4564642.335357615
9516 3538 595137.0053906017 4564641.969473471
9882 3538 598797.3786116452 4564642.3913638545
10004 3538 600017.403999025 4564642.115195585
10126 3538 601237.2131379193 4564642.146329756
8418 3660 584157.4597507702 4563421.789238295
8540 3660 585377.3056848004 4563421.832824944
8662 3660 586597.5764987489 4563421.307900673
9272 3660 592697.0257319284 4563421.601346981
9516 3660 595137.3684245348 4563422.152570438
9638 3660 596357.5431442219 4563422.441925572
9760 3660 597577.1670430789 4563422.421939001
9882 3660 598797.4078656532 4563421.81043794
10004 3660 600017.5597534168 4563422.208336697
10126 3660 601237.2331488726 4563422.026914636
8418 3782 584157.4948426235 4562201.941109858
8540 3782 585377.8268999481 4562201.685881081
9028 3782 590257.6332634316 4562202.177598598
9150 3782 591477.0632891627 4562202.1817271225
9272 3782 592696.8442177267 4562202.087724141
9516 3782 595137.4402822345 4562201.77081588
9638 3782 596357.3948238529 4562202.124557231
9760 3782 597577.6269742702 4562202.138219461
9882 3782 598797.07939048 4562202.35371686
10004 3782 600017.2721857058 4562202.11068987
10126 3782 601237.8513888726 4562201.411945475
9150 3904 591476.7347205548 4560982.732966656
9272 3904 592696.8311465301 4560982.311213406
9516 3904 595137.1236492792 4560981.738832996
9638 3904 596357.5572950479 4560982.482984887
9760 3904 597577.000055277 4560982.500089074
9882 3904 598797.5930241235 4560982.480502719
10004 3904 600017.4922828589 4560982.2782184975
10126 3904 601237.4302086604 4560982.126748438
9028 4026 590257.017376776 4559762.068498795
9150 4026 591476.7099667822 4559762.143551524
9272 4026 592696.9926492405 4559762.678109476
9394 4026 593916.6253325293 4559762.542932796
9516 4026 595136.9792289303 4559762.223489913
9638 4026 596357.8122942026 4559761.810916489
9760 4026 597577.0355298653 4559762.400634895
9882 4026 598798.0510441388 4559762.165744303
10004 4026 600017.1757968444 4559762.24192466
10126 4026 601237.5181064473 4559761.817412615
10248 4026 602457.3462566654 4559761.913038388
9272 4148 592697.1001362421 4558542.0436205035
9394 4148 593916.8013349064 4558542.265880224
9638 4148 596357.5284464115 4558542.258437222
9760 4148 597577.5445681418 4558542.22343035
9882 4148 598797.6642983295 4558541.944010856
10004 4148 600017.3080148369 4558542.01411934
10126 4148 601237.4506830878 4558542.055257476
9394 4270 593917.486049134 4557321.745247458
9516 4270 595138.2199821279 4557322.1254791785
9638 4270 596357.5713979194 4557322.226911556
9760 4270 597577.4447013314 4557321.972483486
9882 4270 598797.4060378503 4557321.8876616955
10004 4270 600017.6256973842 4557321.715127824
9516 4392 595137.2806289333 4556102.015079848
9638 4392 596357.2914744058 4556101.759645662
9760 4392 597577.5086503528 4556102.24124695
10004 4392 600017.5270943601 4556102.090868296
9028 4514 590257.1226294949 4554882.021048315
9516 4514 595137.1833971465 4554881.506473584
9760 4514 597577.9270790089 4554881.888778486
9882 4514 598797.7808565416 4554881.647824207
10004 4514 600016.9296814695 4554881.751889292
10492 4514 604897.8335023216 4554881.327801181
9150 4636 591476.2662499137 4553662.131209884
9882 4636 598797.4601145573 4553661.614206204
10004 4636 600016.6933633727 4553661.934646418
10126 4636 601237.40817795 4553661.348652072
10248 4636 602457.6841623113 4553661.975742783
10370 4636 603677.935937051 4553660.884034935
10492 4636 604898.0784071644 4553662.093129007
9150 4758 591476.7622294672 4552442.1793613825
9882 4758 598797.206007523 4552441.216699289
10004 4758 600017.256860463 4552441.684227381
10126 4758 601237.9838586767 4552442.152593874
10248 4758 602458.3661072993 4552441.744921976
9760 4880 597577.620532979 4551221.895692099
9882 4880 598797.1969298978 4551221.899523725
10004 4880 600017.0766319148 4551221.510753662
10126 4880 601237.2814018126 4551222.234923167
9394 5002 593917.5749288499 4550002.47525015
9516 5002 595137.7830449652 4550001.230893576
9638 5002 596357.2695736181 4550001.371362336
9760 5002 597577.2694041941 4550001.924541235
9882 5002 598797.6879114752 4550001.47681299
10004 5002 600017.2045222224 4550001.730867135
10126 5002 601237.7081600499 4550002.502033356
9272 5124 592697.4862638166 4548781.441103263
9394 5124 593918.0077627427 4548781.595858606
9516 5124 595137.2602893397 4548781.752277702
9638 5124 596357.5858391495 4548781.366948831
9882 5124 598797.0838237082 4548782.023702268
10126 5124 601237.2243429016 4548782.076218318
9394 5246 593917.0386726747 4547561.801538542
9760 5246 597577.6085878555 4547561.669534161
9882 5246 598796.6898472358 4547562.33178915
10004 5246 600017.084801357 4547562.030570801
10370 5246 603677.4482504341 4547561.684466229
10492 5246 604897.8319422593 4547562.041320115
10614 5246 606117.8419782906 4547561.919264438
9638 5368 596356.5675080051 4546341.432557533
9760 5368 597577.0875867205 4546342.721859743
10126 5368 601237.281754755 4546341.377497233
10248 5368 602458.0401346965 4546341.418465066
9760 5490 597577.1454469146 4545122.49676942
9882 5490 598797.6604237393 4545122.1510445215
10004 5490 600017.2337800057 4545122.3557857685
10248 5490 602458.2678064702 4545121.151996269
10370 5490 603676.6185009686 4545121.6295939535
10126 5612 601236.652804578 4543901.229455591
9760 5734 597576.6025679081 4542682.405665823
9882 5734 598796.6355016746 4542682.5346424775
