2562 3477 351243.02784907405 4230493.458161819
2623 3477 352463.3680169884 4230492.040689007
2562 3538 351243.805332762 4229273.384793066
2623 3538 352463.5311026802 4229273.163214612
122 3660 302443.0998680824 4226832.519444591
2440 3660 348805.38057865243 4226829.380475462
61 3721 301225.52104536205 4225612.747983708
183 3721 303662.983859475 4225613.462400078
2013 3721 340264.72574680985 4225615.18100885
2074 3721 341483.5612515178 4225613.593598436
183 3782 303663.10550131457 4224395.942395988
1952 3782 339044.04362136795 4224394.050423789
2013 3782 340262.99587790313 4224394.046291121
2257 3782 345142.6926048455 4224393.053959266
2318 3782 346363.84423053777 4224392.629247368
2379 3782 347584.17089132866 4224392.695543929
2440 3782 348803.88415351184 4224392.12326007
122 3843 302443.9151476581 4223172.57539201
183 3843 303662.3087140303 4223177.163896451
1525 3843 330503.18015774956 4223174.090889428
2013 3843 340263.022348458 4223176.193187776
2074 3843 341485.3476708113 4223177.190651636
2196 3843 343923.5429678381 4223173.599110626
2257 3843 345143.0204584138 4223174.324580773
61 3904 301224.00895503454 4221954.442244804
1708 3904 334163.320178126 4221951.69601004
1830 3904 336606.56376052223 4221951.68578431
1891 3904 337823.71802984097 4221952.777667661
1952 3904 339043.8113429983 4221953.739123734
2318 3904 346366.05566453637 4221952.478848848
2379 3904 347582.9589336944 4221954.385217503
2440 3904 348803.2790987594 4221951.738810304
61 3965 301223.4426180118 4220732.651743588
183 3965 303666.79694308445 4220733.673427902
244 3965 304884.2103859889 4220737.415443058
1586 3965 331723.3649869563 4220733.320670063
1708 3965 334164.56629010825 4220726.753380399
1952 3965 339043.1861958501 4220734.136938589
2257 3965 345143.9528345261 4220734.107744205
122 4026 302444.26517233945 4219514.37274576
183 4026 303663.42855187075 4219517.211315156
244 4026 304883.05058690405 4219517.373461222
1586 4026 331723.5626910941 4219513.4151602425
1708 4026 334162.7940936141 4219512.873570767
1769 4026 335383.8994094129 4219515.932085611
1891 4026 337823.3738332705 4219514.529178463
1952 4026 339042.23509447736 4219512.097595423
2135 4026 342703.61997391743 4219516.19196042
2196 4026 343924.06770976586 4219516.981201816
2257 4026 345143.51041147305 4219513.696638931
183 4087 303664.59439395956 4218296.080085015
244 4087 304884.4098699084 4218296.32291862
1647 4087 332944.47863556567 4218292.340376378
1708 4087 334163.85313340265 4218293.496269802
1769 4087 335384.3446155638 4218288.553185602
1952 4087 339043.4820647449 4218293.5266699325
2013 4087 340266.0983351852 4218291.256631564
2074 4087 341483.43182553625 4218294.35096201
2135 4087 342704.6157554696 4218297.0031451965
2196 4087 343923.7378746934 4218294.413817105
61 4148 301224.79061640456 4217073.85624984
122 4148 302443.58970258187 4217073.552961738
183 4148 303662.02607768384 4217072.664534797
244 4148 304886.5804973972 4217077.591170769
366 4148 307322.96546054137 4217076.204666487
1647 4148 332944.0251714592 4217072.528096773
1830 4148 336603.5817829324 4217075.733719262
3538 4148 370764.55980431044 4217074.156769119
366 4209 307323.053500197 4215852.853102538
1525 4209 330502.78902680555 4215853.750317906
1647 4209 332943.2028039043 4215854.252719635
1708 4209 334164.81930148933 4215852.747327483
1891 4209 337823.8016687784 4215852.717648828
1952 4209 339043.91039561015 4215853.228886527
2013 4209 340264.7732677983 4215854.784269621
2684 4209 353685.82470032456 4215856.367426286
122 4270 302444.5730600685 4214633.454095111
427 4270 308543.7869901286 4214633.600047267
488 4270 309762.3224321232 4214633.305797265
1403 4270 328063.1824686003 4214633.715449777
1586 4270 331721.7409911956 4214631.915260076
1708 4270 334161.6201940377 4214633.390792715
1891 4270 337823.2163488715 4214635.937984325
2074 4270 341484.7213385623 4214632.813198135
2135 4270 342704.2538275838 4214627.6846604375
2257 4270 345144.3490328268 4214633.402417321
0 4331 300006.2083885319 4213412.250441245
61 4331 301224.1096064592 4213414.673169144
122 4331 302443.1571390973 4213413.069037954
244 4331 304886.63372054434 4213412.168285511
366 4331 307322.0846491644 4213412.357651372
427 4331 308543.5713750092 4213413.761608488
549 4331 310983.1008319763 4213406.940410175
1342 4331 326843.8730641524 4213412.946832982
1830 4331 336602.8872081882 4213413.485849358
2135 4331 342704.1680545376 4213412.533397315
3538 4331 370763.36046676576 4213412.888096123
427 4392 308543.19677752885 4212192.7328888
549 4392 310982.0733724491 4212192.623849842
1159 4392 323183.4752001934 4212191.700725906
1342 4392 326844.17904021364 4212192.811064644
1403 4392 328064.12522350263 4212193.143695364
1464 4392 329283.63157653296 4212194.41666078
1525 4392 330503.3343218493 4212192.809577147
1586 4392 331722.6875724853 4212194.046779207
1647 4392 332943.60687202524 4212187.378299546
1891 4392 337823.2254296168 4212196.07820353
2074 4392 341482.62091444555 4212192.283004015
2135 4392 342702.83262850565 4212194.528469778
2196 4392 343923.23329079634 4212194.143328651
2379 4392 347582.9838552642 4212195.518327729
3599 4392 371984.5577230648 4212193.337502248
427 4453 308543.9943876087 4210972.438277038
976 4453 319523.25274601724 4210973.352680542
1037 4453 320742.835288855 4210973.478916036
1098 4453 321963.9086183735 4210973.105878701
1159 4453 323183.74204741 4210973.624955207
1281 4453 325622.69451113057 4210971.60206601
1464 4453 329284.19144794776 4210972.279619174
1525 4453 330503.1336657298 4210974.435755739
1586 4453 331724.4190725221 4210973.158857294
1708 4453 334163.0862015048 4210966.872759979
1769 4453 335383.5440756981 4210972.10476866
1830 4453 336603.9289702108 4210973.095887331
1952 4453 339042.4055592787 4210973.145928121
2074 4453 341482.96564559214 4210973.056388795
2196 4453 343924.5086484675 4210974.808297676
2379 4453 347583.1917502039 4210971.393822773
2440 4453 348804.11992884224 4210976.489708385
3538 4453 370763.413290167 4210972.663599736
183 4514 303663.69513625745 4209757.818128454
427 4514 308543.09880320565 4209753.093520245
793 4514 315862.330521895 4209753.049187832
915 4514 318303.41316390847 4209753.455491786
976 4514 319523.2564872202 4209754.067861095
1098 4514 321964.51139287493 4209756.310349572
1281 4514 325623.07578041044 4209753.118961425
1403 4514 328062.3335672623 4209752.430157677
1464 4514 329282.86292637367 4209753.156849064
1525 4514 330502.2603975282 4209754.220145739
1586 4514 331722.7976540134 4209753.285126908
1708 4514 334163.6829279103 4209753.365005559
1830 4514 336603.31268667476 4209751.638299426
1952 4514 339042.9919177787 4209753.078418149
2135 4514 342702.64959338855 4209752.613946942
2196 4514 343923.3795295703 4209752.579407534
2318 4514 346366.4618481016 4209757.259838944
2379 4514 347584.06703782495 4209747.803844726
2501 4514 350024.0020545532 4209753.290900607
2562 4514 351243.4086646772 4209754.8861463
2623 4514 352462.8314842897 4209752.59072364
244 4575 304883.4342232287 4208536.071550666
305 4575 306102.7784761046 4208536.328667036
366 4575 307324.26253642055 4208533.896019571
549 4575 310984.44760152744 4208534.185956562
610 4575 312204.195594326 4208532.30955214
671 4575 313422.73548346135 4208528.581912906
793 4575 315863.5265730599 4208533.54063683
854 4575 317083.66222024435 4208533.646207588
1037 4575 320743.68489298125 4208532.173707628
1220 4575 324404.3552881866 4208533.401915721
1281 4575 325624.5062140938 4208532.978385947
1403 4575 328064.0138841542 4208532.268528819
1464 4575 329282.4667998188 4208532.712358643
1525 4575 330503.80494939315 4208533.906833567
1586 4575 331725.54308702145 4208532.817158557
1647 4575 332942.9937395592 4208533.019624932
1952 4575 339043.9381420719 4208533.036368164
2013 4575 340262.08333344513 4208532.632451455
2074 4575 341483.60289112123 4208533.437931034
2257 4575 345142.5116882699 4208531.523465154
2501 4575 350023.94607314485 4208532.334988621
2562 4575 351241.9603886302 4208533.64645701
2623 4575 352463.0139606431 4208532.677537095
2684 4575 353682.6313758898 4208531.579952146
2745 4575 354904.34479373036 4208531.058483282
3477 4575 369543.8608399827 4208534.195840856
122 4636 302444.02101360465 4207307.524541837
183 4636 303664.74490986235 4207313.290060207
244 4636 304884.0149495595 4207308.040307191
366 4636 307322.8683458691 4207315.72630504
488 4636 309762.66682021576 4207307.4865325205
549 4636 310984.64778639394 4207312.143637973
610 4636 312203.9989649105 4207312.122307373
793 4636 315866.8089556159 4207314.030898866
1159 4636 323184.1237822753 4207312.139194658
1220 4636 324402.7565194237 4207311.578501217
1403 4636 328063.9423505073 4207316.438490886
1464 4636 329286.71931402234 4207313.874420519
1708 4636 334164.01573729183 4207313.448008433
1952 4636 339044.21917817544 4207313.284818605
2013 4636 340263.64768101514 4207312.857776878
2074 4636 341483.4150613918 4207312.287659774
2135 4636 342706.3440539768 4207311.631115164
2196 4636 343924.5455596955 4207312.388277257
2440 4636 348804.1739610741 4207312.728877877
2684 4636 353685.92735017696 4207311.209602422
2745 4636 354903.6702270127 4207312.457036869
3416 4636 368323.6610301575 4207313.832576006
3477 4636 369542.0624484001 4207313.98333441
3538 4636 370762.02780342655 4207312.873630201
3599 4636 371983.3523978347 4207312.597661578
122 4697 302441.3114971733 4206093.051991649
244 4697 304883.4961393798 4206092.203666162
366 4697 307325.8754321389 4206092.153698839
610 4697 312204.90374773025 4206091.821161339
671 4697 313423.74006728514 4206092.563337694
732 4697 314643.8297007098 4206093.404070496
793 4697 315863.04564813495 4206094.130187809
854 4697 317081.436322804 4206091.167861646
915 4697 318303.32098066685 4206093.567179336
976 4697 319523.9062908658 4206092.050618689
1281 4697 325623.6878441429 4206087.807034489
1403 4697 328063.16620382894 4206092.353376266
1464 4697 329282.88508773176 4206092.426392673
1525 4697 330504.5387891712 4206095.778232797
2074 4697 341491.4330942254 4206093.136594217
2196 4697 343922.5113385376 4206087.518720908
2257 4697 345142.465108606 4206093.038455879
2562 4697 351244.34459149075 4206093.183624562
2623 4697 352464.5718844636 4206093.720402366
2684 4697 353683.5838370534 4206092.92517973
2745 4697 354903.239030828 4206095.920409532
2806 4697 356123.65833665174 4206091.081376658
2928 4697 358561.9309039912 4206089.450715504
2989 4697 359786.3965842233 4206086.869066183
3172 4697 363444.3408943618 4206093.275709511
3416 4697 368323.1407268137 4206092.925109054
3538 4697 370764.00329365715 4206092.675191136
183 4758 303663.2747137592 4204873.570350379
244 4758 304882.99163135246 4204872.410965454
305 4758 306106.5136732918 4204873.491501706
366 4758 307325.54934724665 4204873.884250684
427 4758 308544.1564741019 4204872.927520868
488 4758 309763.3642505361 4204874.325098978
610 4758 312203.28362522734 4204873.74669233
732 4758 314641.2001569686 4204872.463098645
1281 4758 325623.6252058684 4204872.29871717
1342 4758 326842.9906862117 4204872.055699175
1403 4758 328063.1232708716 4204872.265738883
1525 4758 330506.5736824596 4204871.081927468
1830 4758 336602.3905017109 4204873.737311196
1891 4758 337824.496398995 4204874.21821279
2135 4758 342704.8966295853 4204872.3049073
2257 4758 345144.27077042504 4204872.504960685
2623 4758 352464.14710448834 4204873.45048865
2745 4758 354904.64005413145 4204872.955113035
2867 4758 357343.66573081777 4204872.932632132
2928 4758 358566.33659567905 4204873.20060774
2989 4758 359784.8728940049 4204868.086847916
3111 4758 362222.32490105653 4204873.371160915
3355 4758 367104.08028534136 4204872.785147523
183 4819 303662.50766256737 4203651.868879662
244 4819 304882.9835019703 4203656.654777617
427 4819 308543.56628187705 4203653.211828739
488 4819 309761.00680859166 4203652.994884778
549 4819 310984.9596585969 4203654.684699038
610 4819 312207.19398998184 4203656.689632387
671 4819 313422.73665300425 4203648.199397903
1098 4819 321962.5402547859 4203653.171504645
1281 4819 325624.5830644676 4203652.052069582
1342 4819 326846.46523335064 4203658.693156398
1403 4819 328062.8933306353 4203656.723877471
1464 4819 329283.0883408439 4203648.212354625
1525 4819 330503.8621629011 4203653.537665502
1769 4819 335386.57281084015 4203652.067245382
1891 4819 337825.54532890173 4203653.53461521
1952 4819 339046.52449959825 4203653.214914186
2196 4819 343923.5440413407 4203653.693471134
2928 4819 358563.70546206477 4203652.164935917
2989 4819 359784.9649479009 4203647.981359223
3050 4819 361003.88752553286 4203651.180012521
3416 4819 368324.4547162554 4203653.608672165
3538 4819 370764.1439082506 4203651.79786005
4758 4819 395164.9784193149 4203653.78651132
305 4880 306104.2633860222 4202432.920816338
427 4880 308543.3660691054 4202427.7119334405
671 4880 313423.1639817306 4202432.503515125
793 4880 315862.25480777567 4202431.945717262
1037 4880 320743.302432756 4202431.733325878
1342 4880 326846.7671110205 4202437.0888609635
1464 4880 329287.11666606634 4202433.5223298725
1525 4880 330503.11434089707 4202434.048431805
1586 4880 331724.4749361068 4202432.253130254
1647 4880 332942.13208362466 4202434.7445559455
1708 4880 334163.3296878544 4202433.021236666
2013 4880 340264.81209063675 4202433.511185423
2379 4880 347583.8248737319 4202433.6812421745
2501 4880 350022.612911081 4202432.174220894
3538 4880 370763.63537547435 4202436.421778963
4758 4880 395164.23504533287 4202432.09632701
4819 4880 396383.8155362352 4202432.364965354
488 4941 309768.0320121277 4201212.917586532
610 4941 312203.54986534687 4201212.73420731
671 4941 313424.37677054136 4201207.859721448
732 4941 314643.89943355526 4201211.581416017
793 4941 315864.1026836538 4201208.314747752
854 4941 317082.53493165824 4201211.457423215
915 4941 318303.5233095539 4201214.474201193
1098 4941 321962.9530453228 4201212.363129822
1159 4941 323183.30671345996 4201213.594381371
1220 4941 324401.98837746825 4201211.537025008
1342 4941 326843.13412197167 4201216.659993942
1586 4941 331724.03727096383 4201213.01071669
1647 4941 332944.7693987465 4201213.918309869
1708 4941 334163.47025325143 4201212.519778694
1830 4941 336603.6597436517 4201206.930293506
1891 4941 337822.6947223946 4201213.471531153
2013 4941 340263.55899645924 4201218.541092565
2989 4941 359785.53587877256 4201213.763959996
3050 4941 361004.1740077874 4201213.294444583
3233 4941 364664.1516156565 4201214.805549432
3538 4941 370762.9661782235 4201212.032892213
3660 4941 373206.20507074316 4201213.683356938
4514 4941 390284.0325183946 4201216.955126029
4575 4941 391505.7900054809 4201215.603175614
4636 4941 392726.46447589755 4201215.104285741
4941 4941 398823.8777625981 4201212.560303924
305 5002 306103.2564643385 4199997.034673924
427 5002 308543.6063932586 4199992.355465397
488 5002 309762.48811457574 4199992.608745529
793 5002 315863.4958834351 4199992.33070724
915 5002 318296.5755446186 4199993.512198229
976 5002 319524.2506233027 4199992.532065071
1098 5002 321962.737355538 4199992.739693422
1159 5002 323184.2767021001 4199994.696471631
1281 5002 325623.11502676865 4199992.8530995
1342 5002 326843.01124644966 4199990.6021162225
1769 5002 335382.3228617319 4199992.73819489
1830 5002 336597.5492599446 4199996.632945012
2257 5002 345143.2379619942 4199996.722139347
2989 5002 359783.70785762847 4199994.083039408
3050 5002 361004.1508990648 4199993.212543766
3599 5002 371982.9555205497 4199993.588668762
3782 5002 375643.0264382799 4199992.339832856
4270 5002 385403.8237883213 4199992.907543583
4331 5002 386623.91249925 4199992.817525116
4636 5002 392724.11775451974 4199992.82494164
122 5063 302443.4147942195 4198767.278589363
427 5063 308542.5643887487 4198771.851893916
549 5063 310986.72827483976 4198772.823740102
671 5063 313422.95734574104 4198773.755666552
732 5063 314643.9251461279 4198773.325795456
793 5063 315862.57757717866 4198772.59740326
854 5063 317082.7222307079 4198771.561211212
915 5063 318302.1436757088 4198773.549056279
1220 5063 324396.5317680478 4198773.616847959
4209 5063 384183.7500209854 4198772.36702224
4270 5063 385402.4627645237 4198771.325066201
4392 5063 387843.5530060424 4198771.350664698
4636 5063 392727.0648670253 4198776.491619122
4697 5063 393943.9499576385 4198777.102639313
244 5124 304881.8529623209 4197553.889919702
427 5124 308544.2256475343 4197554.076089134
488 5124 309764.3628588568 4197552.249640523
610 5124 312203.74268043763 4197553.59142911
671 5124 313423.64888046664 4197556.039803483
732 5124 314641.9857075991 4197547.719494866
854 5124 317086.5549877253 4197557.079695406
1098 5124 321964.2169225548 4197554.41947698
1220 5124 324403.21601383155 4197553.567339888
1342 5124 326842.7700966848 4197547.159247055
1525 5124 330504.3224264054 4197551.859103789
1586 5124 331724.6530753331 4197552.9284928385
2806 5124 356123.9061901314 4197555.07913716
2867 5124 357343.7563024403 4197552.216028483
3050 5124 361003.44900521176 4197550.824244843
3111 5124 362223.89603205863 4197551.949463113
3172 5124 363444.55214404734 4197552.26130729
3416 5124 368323.7317231827 4197552.474839726
4026 5124 380524.4316368548 4197552.477446674
4087 5124 381742.39561832463 4197552.76924991
4453 5124 389064.2138005181 4197552.167096196
61 5185 301223.58699628746 4196333.477538265
183 5185 303664.76414956606 4196331.909441698
305 5185 306106.1278094011 4196332.408285758
366 5185 307324.55661276623 4196332.551216145
427 5185 308543.26423746435 4196333.163709746
549 5185 310978.34994571545 4196338.650542339
610 5185 312206.54457933793 4196333.324254111
793 5185 315858.8242415589 4196331.780918522
1098 5185 321962.0503167021 4196334.102122592
1403 5185 328063.2238479062 4196332.33053898
1525 5185 330503.090885458 4196332.636610517
1586 5185 331723.9989345083 4196334.156536577
1708 5185 334164.33633820445 4196333.411332768
1891 5185 337823.8116473958 4196331.314056969
1952 5185 339041.8814181256 4196331.722679453
2135 5185 342702.9816279982 4196332.134181795
2806 5185 356123.95729068865 4196331.94638952
2867 5185 357343.1585424997 4196331.089681986
2928 5185 358565.72307177103 4196333.368303889
3050 5185 361002.4380007258 4196332.951105544
3477 5185 369542.194095097 4196333.1927791685
61 5246 301222.4410719205 4195112.396683184
122 5246 302442.22561930306 4195112.290530576
366 5246 307323.96843399614 4195115.661222847
427 5246 308542.8213138882 4195112.814764578
549 5246 310986.80535774666 4195113.074506928
610 5246 312204.0517232212 4195111.668885662
671 5246 313424.3770133144 4195115.175983319
854 5246 317083.5826839781 4195113.545327465
976 5246 319524.9749594083 4195112.600810952
1464 5246 329287.7914354452 4195116.968634009
1647 5246 332945.6785939609 4195116.1397047695
1891 5246 337823.78239929513 4195113.172978354
1952 5246 339037.07428793685 4195113.241229601
2745 5246 354902.7238370746 4195112.999937545
2867 5246 357346.1845803319 4195108.360462982
3050 5246 361002.8787801744 4195112.160053312
3111 5246 362224.8224740932 4195106.838051914
4087 5246 381743.7047891133 4195114.429533042
4148 5246 382966.31095358485 4195112.734810571
4209 5246 384184.4018698625 4195114.047048557
4514 5246 390283.827659277 4195112.076735109
183 5307 303662.9204179562 4193896.431857045
366 5307 307323.72200779367 4193892.9505581073
427 5307 308544.346598876 4193893.850992606
488 5307 309763.7719511568 4193892.3043206763
610 5307 312203.3829174478 4193893.487527538
732 5307 314647.5805691071 4193891.6648257775
793 5307 315864.45966052305 4193892.616094429
854 5307 317081.9990926647 4193892.2202880243
1647 5307 332943.6440567696 4193896.4683612715
1708 5307 334164.1041094459 4193897.3092380883
2745 5307 354903.59887066676 4193892.4891345566
2867 5307 357344.00619039737 4193892.7471329123
2928 5307 358566.0028338725 4193893.032658588
3050 5307 361005.95838183584 4193888.7945133727
3965 5307 379303.1176281526 4193896.385112701
4026 5307 380522.20034501114 4193896.8715018295
244 5368 304881.9610229643 4192672.742398207
366 5368 307322.85218834487 4192673.4452171037
488 5368 309761.1421137936 4192671.8394654533
549 5368 310983.18275734695 4192669.2508380106
610 5368 312206.47928456427 4192676.9574717497
793 5368 315862.10423847055 4192667.5348245194
854 5368 317084.3804498797 4192673.976711072
1037 5368 320742.17039019417 4192667.8123551263
1830 5368 336604.3228340126 4192673.3960369825
2867 5368 357344.78455631074 4192667.2646595193
2928 5368 358564.0716047779 4192670.7619652897
183 5429 303664.50358485465 4191452.741706919
244 5429 304884.52964081557 4191452.6339087216
305 5429 306103.66109762614 4191448.1062425235
427 5429 308542.8455458096 4191457.7637617523
488 5429 309762.5209229909 4191452.028929526
549 5429 310983.7775283785 4191454.4021945866
610 5429 312204.05072308425 4191453.90544461
671 5429 313424.08202218876 4191456.5881974883
732 5429 314642.2916051666 4191455.7145035667
793 5429 315867.1254492755 4191456.7758097723
976 5429 319522.77898364316 4191454.366924626
1708 5429 334164.54652581224 4191455.8325551804
3111 5429 362226.3025123381 4191456.674812165
3355 5429 367103.8668143976 4191451.7402555076
3843 5429 376864.2104800585 4191453.398357074
4209 5429 384185.88658987306 4191453.7836633837
4270 5429 385406.42564050504 4191453.929950444
4575 5429 391503.21412313695 4191451.9960869066
4697 5429 393942.5980720611 4191452.369748867
4758 5429 395164.30262088415 4191452.951681313
4819 5429 396383.9942166811 4191453.0329981344
366 5490 307324.17491735483 4190235.601815461
2928 5490 358562.47409898555 4190231.8181181885
