610 0 506079.3426992358 4500000.651020785
732 0 507299.19972518657 4500001.117551032
1098 0 510958.7349072432 4500001.69062398
1708 0 517058.5997180476 4499999.030875699
2196 0 521937.54088555404 4500001.218353672
2684 0 526819.3783007318 4499999.85431589
3904 0 539018.0299613136 4500001.623015468
4514 0 545119.0356748496 4500001.860055629
4636 0 546340.4821310472 4500000.920025697
4758 0 547559.0399401062 4500000.377979237
4880 0 548781.238675465 4500001.56708071
5124 0 551218.7801966602 4500001.495799783
5368 0 553659.9219357097 4500000.855809236
5612 0 556099.3097762957 4500001.013958944
122 122 501198.54840546637 4498781.439757756
244 122 502417.7142891606 4498781.220795215
366 122 503637.583313192 4498781.13597582
488 122 504858.29558540025 4498781.015142659
732 122 507299.27608928253 4498781.207649785
854 122 508519.4239234791 4498780.99803389
2074 122 520718.5411794041 4498781.47024225
2440 122 524379.7663525492 4498780.500096897
2562 122 525600.238229932 4498779.427862448
3904 122 539017.8773769399 4498782.10816248
4026 122 540237.9316267241 4498782.049511426
4148 122 541458.4021199383 4498781.796054036
4270 122 542678.6358862307 4498781.48481989
4392 122 543898.8071074663 4498781.5926491385
4514 122 545119.3494892968 4498781.039801492
4758 122 547559.8051478326 4498780.966722567
5246 122 552438.8294763064 4498781.458737686
5612 122 556099.6421889786 4498781.797352682
5978 122 559761.7005339391 4498782.136469839
488 244 504858.2796285405 4497561.200819328
610 244 506079.0705120264 4497561.013360335
732 244 507299.67099717667 4497560.675133184
854 244 508519.05417247425 4497560.92924429
1220 244 512178.52386341715 4497561.80470556
1952 244 519498.946405895 4497562.124610222
3782 244 537798.8735057013 4497561.892853643
3904 244 539019.3129178036 4497561.455860231
4026 244 540239.079412204 4497561.658535738
4148 244 541459.0686721057 4497561.5079269055
4270 244 542679.5549808182 4497561.333809436
4392 244 543899.2632631952 4497561.094355147
4514 244 545119.4821679203 4497560.76680089
4636 244 546340.3394075137 4497560.839153692
5246 244 552442.0450143573 4497561.5466363225
5368 244 553661.9025611226 4497561.901004083
5490 244 554881.6740631121 4497562.142364094
5856 244 558540.9825742354 4497562.617117142
6100 244 560980.3010644594 4497561.487366491
6222 244 562202.4166526913 4497562.086660693
366 366 503638.153516266 4496340.9607824655
488 366 504857.874440643 4496341.353300815
610 366 506078.8569856626 4496341.071798603
976 366 509739.24655105674 4496341.197372186
2318 366 523158.76647860213 4496341.100424477
3050 366 530478.543709887 4496340.745627675
3294 366 532919.5533332514 4496340.684268244
3782 366 537799.14311216 4496341.165294925
3904 366 539019.1016564679 4496341.095504237
4026 366 540239.0467537834 4496341.210746728
4148 366 541458.7719430267 4496341.303964444
4270 366 542678.5124879234 4496340.844310371
4514 366 545118.2722693229 4496341.533875822
4636 366 546338.1661266971 4496340.9576851325
4758 366 547561.7964831863 4496341.495667157
4880 366 548781.7490467769 4496341.893013598
5002 366 550001.8055229881 4496342.015224312
5856 366 558539.272308923 4496342.619688155
5978 366 559759.5322386195 4496341.824537128
244 488 502418.7980153767 4495121.060357268
366 488 503637.9675573588 4495121.245768032
610 488 506078.7053769063 4495121.302463533
2562 488 525599.2718798409 4495120.393961358
2684 488 526819.076158318 4495119.575300427
3782 488 537798.9839664873 4495121.807608427
4026 488 540238.9229534522 4495120.909857575
4148 488 541459.0036788238 4495120.988338983
4514 488 545118.2203886372 4495121.607402671
4636 488 546338.6847101328 4495121.703327901
4758 488 547558.5585893795 4495121.972188666
4880 488 548778.7450476596 4495122.15534022
5124 488 551219.2347717407 4495121.975222965
5246 488 552440.5668939287 4495121.997113453
5368 488 553660.6999688232 4495122.28367872
5490 488 554879.1782133188 4495122.539584168
5612 488 556099.0391763423 4495122.129755642
5856 488 558540.2304021949 4495122.046418008
5978 488 559759.4220157344 4495122.168407039
6222 488 562200.7249161771 4495120.722573484
122 610 501198.0513020189 4493901.077641822
610 610 506078.9860210284 4493900.758094586
732 610 507299.3353667381 4493900.993483145
1586 610 515838.0332943115 4493901.843683972
2196 610 521938.47382390994 4493901.166655848
2440 610 524377.9200533904 4493901.09059875
2928 610 529260.6775774808 4493900.808272841
3904 610 539019.4184842743 4493901.271518213
4026 610 540239.0389552405 4493901.402472915
4148 610 541458.6457883145 4493900.841233188
4392 610 543898.3791690308 4493901.150603832
4514 610 545118.2491524343 4493901.453749856
4636 610 546341.2143198423 4493901.608242288
4880 610 548779.3641783171 4493901.934351896
5002 610 550000.5906177848 4493902.204650399
5124 610 551220.438227094 4493902.177155829
5368 610 553658.7815943686 4493902.460757744
5490 610 554881.4239920095 4493902.267869307
5612 610 556101.7619775981 4493902.283566916
5734 610 557321.5567269352 4493902.321228812
6222 610 562200.5506530299 4493900.565238301
0 732 499978.6911004555 4492679.4069466675
1098 732 510959.0761109408 4492681.319765155
1586 732 515839.94408616005 4492680.742593284
1952 732 519497.801318913 4492679.407438265
2562 732 525599.3279408615 4492680.456796209
2806 732 528039.6184744687 4492680.427694566
3660 732 536579.2982268266 4492681.108926852
3782 732 537798.9501034316 4492680.736883014
3904 732 539018.7783814755 4492680.907829869
4026 732 540238.8177524146 4492680.973339058
4148 732 541461.3317626768 4492681.169906354
4270 732 542678.3937524292 4492681.367759713
4392 732 543898.3971969453 4492681.157824018
4514 732 545121.5470973694 4492681.241291652
4636 732 546338.5404938259 4492681.793218409
4758 732 547558.9074678135 4492681.9908918105
4880 732 548779.335480195 4492682.171455058
5002 732 549999.468222266 4492682.080295335
5124 732 551220.5822445855 4492682.027578189
5246 732 552441.059538164 4492681.534234706
5490 732 554881.6559681818 4492681.482038039
6222 732 562201.9423414036 4492682.0360557055
244 854 502419.3232565307 4491460.821961984
1830 854 518278.58522354154 4491461.4082810525
2074 854 520719.5464693076 4491460.97970225
2562 854 525599.1606183583 4491459.540971307
2806 854 528038.5917513177 4491460.617418192
2928 854 529258.3949120091 4491460.8703052215
3782 854 537798.8521836195 4491460.90458206
3904 854 539018.8067986232 4491460.905765029
4392 854 543898.329905387 4491461.638962485
4514 854 545118.4237785795 4491461.489193574
4636 854 546338.6535249669 4491461.585876865
4758 854 547559.2805689005 4491461.715672712
4880 854 548779.7457044625 4491462.097948002
5002 854 550000.4866124258 4491461.957871144
5124 854 551221.27442212 4491462.253178654
5246 854 552441.4496149255 4491462.337179085
5734 854 557322.0213264867 4491462.498110777
5856 854 558539.8396206183 4491460.054753302
5978 854 559759.5949638016 4491462.19215641
6100 854 560981.7475861389 4491461.935085752
122 976 501199.42472437397 4490239.589207748
488 976 504858.3365073198 4490241.576685311
1830 976 518278.79106170125 4490241.543847211
2440 976 524377.9716544095 4490241.1721286485
3660 976 536579.0405157362 4490241.24679626
3782 976 537798.6518635715 4490240.988062644
3904 976 539018.6409360092 4490241.50633284
4026 976 540238.0222360367 4490241.237959734
4148 976 541457.7751011914 4490241.009058349
4270 976 542678.4009815981 4490241.533587061
4636 976 546339.4795439094 4490241.937637487
4758 976 547560.6741501675 4490241.7353178905
4880 976 548779.4628809997 4490242.126463653
5002 976 549999.1949999211 4490242.114132497
5124 976 551221.2089796793 4490242.095709195
6222 976 562202.0726268054 4490241.809853926
6344 976 563422.0267542859 4490241.811891215
0 1098 499978.614912529 4489021.350196489
122 1098 501198.930699804 4489021.388234636
488 1098 504858.26330146706 4489021.350712234
976 1098 509739.06133000675 4489020.841435242
1708 1098 517059.23198534333 4489020.63915112
2928 1098 529259.3748142559 4489020.626847564
3050 1098 530480.6827127011 4489020.826986824
3782 1098 537799.3205566216 4489021.021809785
3904 1098 539018.6928287314 4489021.047530594
4148 1098 541458.1786146798 4489021.314188727
4270 1098 542678.3603414355 4489021.602338802
4392 1098 543898.4708760346 4489021.238932998
4758 1098 547560.7706937178 4489021.612491172
5002 1098 550001.3344444392 4489022.2215906
5124 1098 551221.2922236095 4489022.347826015
5978 1098 559760.6612336983 4489021.680955822
6588 1098 565861.1760434132 4489022.394862799
1708 1220 517058.478001829 4487801.409374558
1830 1220 518279.4887374579 4487800.9406864075
2318 1220 523159.1585439292 4487801.1172444
2440 1220 524379.7617769237 4487800.649113965
2562 1220 525598.3117348284 4487801.062281815
3294 1220 532918.2369839437 4487801.120640447
3782 1220 537799.2951838779 4487801.49753937
3904 1220 539019.5511009088 4487800.853266516
4270 1220 542681.6037837618 4487801.358421484
4392 1220 543898.224608269 4487801.735399423
4514 1220 545118.2677521692 4487801.711845534
4636 1220 546339.2969227254 4487802.139462632
4758 1220 547561.2022789139 4487802.157737189
5002 1220 550001.0638098745 4487801.589620837
5124 1220 551221.2696741794 4487802.166762514
5612 1220 556099.1561314308 4487800.507529858
5978 1220 559761.7985895955 4487801.5524593815
6222 1220 562201.2985532263 4487802.0367124025
6588 1220 565862.2455275741 4487802.031616071
122 1342 501198.04971873004 4486581.179639199
244 1342 502418.41628945427 4486580.980475575
1464 1342 514618.37844178214 4486581.498058291
1586 1342 515838.2801701829 4486581.5248570815
1708 1342 517058.5295262362 4486581.213696288
1952 1342 519499.4832109411 4486580.797984594
2684 1342 526820.3574099778 4486581.386290384
3172 1342 531699.542269173 4486581.384321863
3538 1342 535359.202560471 4486581.65669625
3782 1342 537799.340599483 4486581.2112364145
3904 1342 539019.2929033628 4486581.369850169
4026 1342 540239.0626827572 4486580.93372342
4148 1342 541461.3596022322 4486580.866399802
4392 1342 543898.0034316443 4486581.893866534
4636 1342 546338.5955806954 4486582.67635562
4758 1342 547558.594577533 4486582.480037194
5246 1342 552441.7179630208 4486582.148746475
5368 1342 553661.9030752322 4486582.245975208
5612 1342 556100.6407425491 4486582.443759186
5856 1342 558538.769526286 4486581.699843512
6222 1342 562199.2975379638 4486581.929336568
6344 1342 563421.1515836297 4486581.922860968
6588 1342 565861.388876764 4486582.414756559
6710 1342 567081.2671294888 4486581.665259378
6832 1342 568301.3317000973 4486582.125482824
122 1464 501199.0409327649 4485361.411845016
244 1464 502418.90559344966 4485361.6739991745
1220 1464 512179.1701260331 4485360.6276078755
1342 1464 513399.16020824085 4485360.549118159
1464 1464 514619.32144236896 4485360.827117716
1586 1464 515839.3752750897 4485360.729965479
1708 1464 517059.156967582 4485360.719034579
1952 1464 519499.441962449 4485360.386217108
2196 1464 521938.4233594153 4485360.827245393
2684 1464 526819.2668536373 4485361.429123776
3294 1464 532918.4687187119 4485360.871404928
3538 1464 535358.200423992 4485361.031036808
3660 1464 536578.037100015 4485361.440040992
4026 1464 540238.2002874244 4485361.653299848
4148 1464 541458.5497619623 4485361.439129394
4270 1464 542678.2330434031 4485361.679608961
4392 1464 543898.2691456922 4485361.653955757
4514 1464 545118.3171211239 4485361.649350308
4758 1464 547560.976908422 4485362.682671688
4880 1464 548779.3669526365 4485362.157110866
5002 1464 550000.6308330069 4485361.996697181
5124 1464 551219.3119425746 4485362.210541818
5246 1464 552441.4420457431 4485362.208986054
5368 1464 553661.2868345777 4485361.675408287
5734 1464 557318.8888529108 4485361.759684672
6100 1464 560981.3639105819 4485362.0128809465
6466 1464 564640.512194464 4485361.986273569
6588 1464 565860.656973663 4485361.810037859
6832 1464 568301.8095185747 4485362.4170124205
6954 1464 569521.2788369281 4485362.289476782
122 1586 501198.64511047944 4484141.654426845
1586 1586 515838.4343705298 4484141.197420898
1708 1586 517059.3496838498 4484141.17622394
1830 1586 518278.9353777808 4484141.278891117
2074 1586 520719.1276084585 4484140.96144087
2196 1586 521938.910345857 4484141.585987351
2318 1586 523159.2279877445 4484141.518057058
2440 1586 524378.9292046751 4484141.031569744
2684 1586 526819.6366510426 4484141.423180369
2928 1586 529260.6413676647 4484141.078995408
3050 1586 530480.9038106799 4484141.356447508
3416 1586 534137.960528258 4484141.441349937
3660 1586 536578.6062268728 4484141.436008711
3782 1586 537798.9381284835 4484141.346969781
3904 1586 539018.5775632262 4484141.505786006
4148 1586 541458.940916092 4484141.526974815
4270 1586 542679.4375959246 4484141.680344454
4392 1586 543899.4369518436 4484141.4999529775
4636 1586 546339.8670324925 4484141.3047607
4758 1586 547560.6227625688 4484142.019383707
4880 1586 548780.5728902625 4484141.839282118
5002 1586 550000.5452835887 4484141.748707162
5124 1586 551220.9643277472 4484142.375491992
5246 1586 552440.8562992982 4484141.9905812545
5368 1586 553661.2818654964 4484141.884503759
5734 1586 557320.7202292599 4484142.055145065
5978 1586 559761.8285572401 4484142.091321416
6344 1586 563421.3761412206 4484141.870972014
6466 1586 564641.0309013615 4484142.034675539
6588 1586 565860.6986450884 4484142.075064597
488 1708 504859.1280027677 4482921.757165103
610 1708 506079.03961915587 4482921.420894204
1830 1708 518278.9105252644 4482920.474835498
1952 1708 519498.5696700613 4482920.879011094
2440 1708 524377.8532772583 4482921.616670233
2684 1708 526818.4075187517 4482922.091691484
3660 1708 536578.9342492444 4482921.225007881
3782 1708 537800.5185363864 4482921.312586758
3904 1708 539019.818267655 4482921.149116574
4026 1708 540240.5492553734 4482921.322447559
4148 1708 541460.6036392478 4482921.558274048
4270 1708 542681.2181980147 4482921.882470816
4514 1708 545121.5355568691 4482921.927004398
5246 1708 552442.1522843014 4482922.3851604415
5734 1708 557321.7307068114 4482922.432223555
5856 1708 558542.0425179575 4482921.893462289
5978 1708 559761.7474163441 4482921.7455175435
6100 1708 560981.281075355 4482921.802323962
6222 1708 562200.9753024911 4482921.899615116
6344 1708 563420.7220058977 4482921.421459885
366 1830 503638.77800532157 4481701.613573428
976 1830 509739.8492497091 4481700.655539018
1220 1830 512178.30873866583 4481700.942065169
1342 1830 513398.2761960061 4481701.740952938
1464 1830 514619.32338946743 4481701.668687672
1586 1830 515840.25130768545 4481700.986398761
2318 1830 523159.5794305446 4481701.3276008405
2562 1830 525599.5217030471 4481701.796905291
2684 1830 526819.7930345824 4481702.28871896
2806 1830 528038.8401215816 4481701.842494655
3660 1830 536578.4034497312 4481701.49755176
3782 1830 537799.3249209077 4481701.420421779
3904 1830 539019.5770988491 4481701.24720923
4026 1830 540240.6787829371 4481700.957980762
4270 1830 542681.2152431102 4481701.851355554
5124 1830 551218.4470138294 4481702.216042344
5490 1830 554878.6222739889 4481702.192445427
5734 1830 557321.8682168545 4481702.6123102605
5978 1830 559761.4333915683 4481702.014328282
6100 1830 560981.7311402987 4481702.306016712
6222 1830 562201.2875047826 4481702.425914203
6344 1830 563421.3732161091 4481702.095475991
6832 1830 568301.7965206874 4481701.932111055
0 1952 499978.62501491175 4480480.871175533
854 1952 508518.86561436194 4480481.0473321015
976 1952 509739.4536063509 4480480.706773767
1708 1952 517059.5659310002 4480481.667267023
2440 1952 524380.5594750803 4480481.703331936
3294 1952 532918.6891492757 4480481.130428433
3538 1952 535360.7003291699 4480480.953390471
3660 1952 536579.1675474329 4480481.564775864
3904 1952 539018.7058841062 4480481.928030093
4148 1952 541460.0967166673 4480481.633588509
4270 1952 542680.4184744003 4480481.523836528
4392 1952 543901.5377912268 4480482.1902210405
4880 1952 548778.9053548645 4480482.817771111
5124 1952 551218.7529235634 4480481.768720006
5246 1952 552438.8087532491 4480481.680516239
5368 1952 553659.3013894716 4480481.517624327
5490 1952 554879.4074268129 4480481.661396964
5612 1952 556098.7531781308 4480481.819699645
5734 1952 557321.2948769717 4480482.025152115
5856 1952 558541.2979355212 4480481.707830941
6344 1952 563420.6818612872 4480481.808581559
6466 1952 564640.5501485172 4480481.985018042
6710 1952 567080.9957666306 4480482.082087002
732 2074 507298.38057716016 4479261.816185255
1464 2074 514617.96954520553 4479261.679905667
1586 2074 515838.57716801576 4479261.528651668
1708 2074 517059.1150444224 4479261.482715741
1830 2074 518279.7256924966 4479261.814721891
2074 2074 520718.00429456227 4479261.977700577
2318 2074 523158.39565945294 4479262.546394205
2440 2074 524378.8078754458 4479262.0682317875
2562 2074 525600.6739946977 4479261.380768502
2684 2074 526818.9215919806 4479260.296149016
3416 2074 534139.329194681 4479261.162441836
3538 2074 535359.2746713138 4479261.091218232
3660 2074 536580.3858692248 4479261.172117147
3782 2074 537800.9793554808 4479261.489787934
3904 2074 539021.1570674499 4479261.574249447
4270 2074 542678.6378355506 4479262.486660883
4392 2074 543899.0089263176 4479261.837869269
4514 2074 545118.4787687862 4479262.081116536
5002 2074 549998.666209547 4479262.5224038055
5124 2074 551219.3469308643 4479261.7333659865
5246 2074 552438.9616281351 4479262.008685087
5368 2074 553659.3141578038 4479261.596328532
5490 2074 554880.9765810103 4479261.508177449
5734 2074 557321.872574447 4479262.206161665
5978 2074 559759.1761308047 4479261.509587271
6100 2074 560980.7447514583 4479261.187525435
6222 2074 562201.6229842473 4479261.679631519
6588 2074 565860.5987923035 4479262.139390971
6710 2074 567080.9368853113 4479261.979083478
732 2196 507298.89679946157 4478040.95249653
854 2196 508519.5190760575 4478040.387530529
1708 2196 517058.90239278425 4478042.285530645
1830 2196 518279.21493958356 4478042.1001245715
2074 2196 520719.3082815937 4478041.839990621
2684 2196 526819.5232190068 4478041.707666666
2806 2196 528038.9063268369 4478040.898394356
2928 2196 529258.6179594039 4478040.679686874
3416 2196 534140.7639232916 4478041.07574958
3538 2196 535361.1119325311 4478040.993713144
3660 2196 536581.0692764835 4478041.147690674
3782 2196 537801.0825275086 4478041.31027191
3904 2196 539018.9080269957 4478041.2587941345
4514 2196 545118.9854629108 4478042.251271451
4636 2196 546339.0604240733 4478042.068163793
5368 2196 553659.27859953 4478041.62285288
5490 2196 554880.9096615501 4478041.505938517
5734 2196 557321.9809900523 4478041.993757832
5856 2196 558542.0579428782 4478041.767072533
5978 2196 559762.1762204133 4478042.21363083
6222 2196 562199.0941062276 4478042.229073062
6344 2196 563420.4200798263 4478041.882933785
6588 2196 565862.2347159967 4478041.327548037
488 2318 504859.0297216901 4476820.786824405
610 2318 506078.34753746097 4476821.977128088
732 2318 507298.52168214176 4476820.677448269
1220 2318 512179.1919840692 4476821.652140752
1342 2318 513398.7357379071 4476821.318375964
1464 2318 514619.26848204725 4476821.94003707
1586 2318 515839.1046458499 4476821.980027327
1708 2318 517059.3386398301 4476822.132583186
1830 2318 518279.4527989555 4476821.730688797
3294 2318 532918.9449912737 4476821.71389313
3416 2318 534138.9997742175 4476821.764441474
3538 2318 535358.7648509473 4476822.226164451
3660 2318 536578.7444971559 4476821.978176992
4392 2318 543898.4211467537 4476822.646888493
4514 2318 545118.376132377 4476822.301918958
4636 2318 546338.9571726804 4476821.996217781
4758 2318 547559.2335717283 4476822.553350783
4880 2318 548779.1664973657 4476821.732452858
5002 2318 550000.7979955678 4476821.2811553795
5124 2318 551218.4925358357 4476821.502884086
5490 2318 554878.9063192273 4476822.0161304455
5612 2318 556101.6388050958 4476821.85301744
5734 2318 557321.8355692439 4476821.38028393
366 2440 503638.4793410214 4475601.241288437
488 2440 504858.46198046836 4475601.1342461705
1098 2440 510958.9791647123 4475601.224159365
1220 2440 512179.23836213024 4475601.518990733
2440 2440 524378.3627279447 4475601.5730071245
2562 2440 525598.957359873 4475601.082708047
2684 2440 526819.4104096862 4475600.751353868
3172 2440 531699.2865920365 4475600.71815419
3538 2440 535360.9637768997 4475601.21050213
3660 2440 536581.2785779231 4475601.198423695
3904 2440 539020.8486848345 4475601.917810719
4026 2440 540238.7891891393 4475601.990700588
4148 2440 541460.9268971788 4475601.807616709
4270 2440 542678.9567304535 4475601.6597238155
4758 2440 547560.7767064017 4475602.358020022
4880 2440 548778.6110999103 4475601.479342345
5002 2440 549999.4173321598 4475602.0264047915
5124 2440 551218.6557811889 4475601.733683507
5246 2440 552438.7039422375 4475601.431451381
5612 2440 556101.7717335698 4475602.158450875
5734 2440 557320.5734477198 4475600.780325974
5856 2440 558540.6148782007 4475601.01412865
6100 2440 560979.5926491475 4475600.697364262
6222 2440 562200.2672255682 4475600.985577774
6466 2440 564640.559875392 4475601.913050395
610 2562 506079.2602262712 4474381.376419658
976 2562 509738.6129496512 4474381.553532117
1098 2562 510959.0258083859 4474381.5475754365
1220 2562 512179.53860319743 4474381.580963039
1586 2562 515837.9358250916 4474381.905219862
1708 2562 517057.5944552857 4474382.419965346
2318 2562 523159.2334258065 4474381.415461586
2440 2562 524379.2864142959 4474380.858078425
3172 2562 531699.1842480851 4474382.126605433
3294 2562 532920.4583917161 4474381.777712202
3416 2562 534141.2591053469 4474381.719075841
4026 2562 540238.7736133419 4474382.259791131
5246 2562 552441.6645941442 4474381.674089592
5368 2562 553661.8291975899 4474381.034232115
5734 2562 557321.4171919909 4474381.352142908
5978 2562 559761.6784003731 4474381.24931168
6100 2562 560981.5469409076 4474381.107427387
6222 2562 562202.0960143281 4474381.70099387
488 2684 504857.93426112866 4473161.144764632
854 2684 508518.3232735233 4473161.647634387
1220 2684 512179.62968388706 4473161.718187288
1586 2684 515838.08973475936 4473161.916693991
1708 2684 517057.84933324903 4473161.973223461
1830 2684 518278.0063023226 4473162.163681339
3538 2684 535359.2401498391 4473162.399673038
3660 2684 536581.1837647634 4473162.232172978
4026 2684 540238.5325141901 4473162.696448224
4148 2684 541458.9851338787 4473162.526110243
4270 2684 542679.7921072971 4473161.84635425
4392 2684 543899.7794243097 4473162.178175869
4514 2684 545119.2100970303 4473161.785328434
4636 2684 546338.8734495639 4473161.937338173
4758 2684 547560.5747571161 4473161.32311987
4880 2684 548779.5507052661 4473161.5137726795
5002 2684 549999.246528678 4473161.066407963
5124 2684 551219.7506707174 4473160.939310041
5246 2684 552440.1865273409 4473159.76093098
5490 2684 554880.915326243 4473163.558800428
5734 2684 557320.4126216335 4473161.037851205
5856 2684 558539.6932603323 4473160.867963957
5978 2684 559759.4397928144 4473160.9404623015
6100 2684 560980.1677601817 4473160.793186168
6222 2684 562200.7501724386 4473160.496201132
6344 2684 563420.8265625124 4473160.989003086
976 2806 509738.8822093926 4471941.829944314
1098 2806 510959.37232300837 4471941.5274143405
1586 2806 515837.87874820316 4471942.242732892
3050 2806 530479.2595651229 4471941.340534706
3172 2806 531699.514823768 4471942.423543636
3294 2806 532918.9885648133 4471942.34755028
3660 2806 536578.3433192258 4471942.372275997
3782 2806 537798.7435747003 4471942.016316488
3904 2806 539019.1590521715 4471941.439226946
4026 2806 540238.5733608794 4471941.537710964
4392 2806 543899.5690760801 4471941.852441192
4514 2806 545119.0208754305 4471941.3385848515
4636 2806 546340.9843095536 4471941.225677655
4758 2806 547561.7631881248 4471940.97192159
4880 2806 548778.4279641355 4471941.881458181
5246 2806 552441.2966987351 4471940.584142997
5490 2806 554879.3095561655 4471942.4529233575
5734 2806 557321.4572413018 4471941.589526055
5856 2806 558540.768072818 4471941.118822124
5978 2806 559759.9000113264 4471940.612316242
6222 2806 562201.2797082548 4471940.914236474
6344 2806 563421.5030785962 4471940.409442612
488 2928 504859.1452595783 4470721.030166893
610 2928 506078.33209883416 4470720.883228576
732 2928 507298.49108104425 4470721.33607409
1464 2928 514618.5265058661 4470722.051121541
1586 2928 515837.64779561973 4470722.564827585
2806 2928 528038.5176650914 4470720.985355933
2928 2928 529259.3487502749 4470721.008616
3050 2928 530479.1225105238 4470721.883611806
3172 2928 531700.6192265744 4470722.024095678
3294 2928 532919.5822994215 4470722.573868687
3416 2928 534139.0041195198 4470722.298962049
3538 2928 535358.4700713921 4470722.03134221
3660 2928 536577.8565329502 4470722.225002827
3782 2928 537798.439019723 4470721.481680293
3904 2928 539017.9324902676 4470721.602280192
4026 2928 540238.9101190551 4470721.949426636
4148 2928 541459.3599791911 4470720.943546746
4270 2928 542678.7945964793 4470721.215897244
4392 2928 543898.350620064 4470721.549929565
4514 2928 545118.6446449436 4470721.222839592
4636 2928 546340.5930346324 4470721.520666463
4758 2928 547560.3548129876 4470720.996119557
5368 2928 553658.723092481 4470721.829032277
5612 2928 556102.0099476506 4470720.984777679
5734 2928 557322.1402625144 4470720.938475786
6100 2928 560980.4772482577 4470721.08736038
6222 2928 562200.4698117669 4470721.396044416
6344 2928 563421.1158029602 4470720.9104873445
854 3050 508518.9410645775 4469501.409196569
976 3050 509739.98790629074 4469501.233310124
1342 3050 513398.0616733469 4469501.932924883
1708 3050 517058.276638074 4469501.977856424
1830 3050 518278.7055481484 4469501.547325055
1952 3050 519499.01508415793 4469501.556518634
2928 3050 529259.3769404024 4469501.626415121
3294 3050 532917.8526260775 4469502.355506952
3782 3050 537798.2377628323 4469501.714252738
4026 3050 540238.4375070302 4469502.139218753
4148 3050 541458.6196057085 4469501.483218383
4270 3050 542679.3836783788 4469501.259710121
4392 3050 543899.5425379719 4469501.036207133
4514 3050 545120.9282505742 4469500.74167804
4636 3050 546341.6194520905 4469501.329450078
4880 3050 548778.9466624423 4469501.92343576
5124 3050 551221.4181172758 4469501.789973358
5368 3050 553661.8779945476 4469501.754498721
5490 3050 554881.6592138356 4469501.733206625
5612 3050 556101.6682139216 4469501.394029287
976 3172 509739.5048432535 4468281.29422381
1708 3172 517058.5876594985 4468281.973615071
1952 3172 519499.06547834503 4468281.300244935
2074 3172 520718.7696724504 4468280.890338325
2928 3172 529260.4581410408 4468280.8249622155
3172 3172 531699.4058929863 4468282.098673337
3294 3172 532919.7422609397 4468281.78791689
3416 3172 534139.5260536338 4468281.808318114
3660 3172 536578.9156121624 4468281.202789502
3782 3172 537799.3842895376 4468281.5293065
3904 3172 539019.4317850093 4468281.222604402
4026 3172 540239.4964279104 4468281.24463452
4148 3172 541459.7941353753 4468281.2894383455
4270 3172 542679.5003914661 4468280.996136045
4392 3172 543899.3976179457 4468281.0974643845
4514 3172 545119.5082091722 4468281.048577125
4636 3172 546340.857384529 4468281.189883378
4758 3172 547561.7848248989 4468281.540354853
4880 3172 548781.9388637468 4468281.659380547
5124 3172 551220.9390749617 4468282.374545054
5246 3172 552440.8023437406 4468282.399207293
5368 3172 553660.2955750339 4468281.869216722
5734 3172 557322.1052857889 4468281.246274134
5856 3172 558542.2499328422 4468281.738428799
366 3294 503639.02939382056 4467061.9166051615
488 3294 504858.4287119378 4467061.113675931
854 3294 508518.38062519097 4467062.072014098
976 3294 509739.11115705204 4467062.033951274
1708 3294 517058.67746555206 4467062.5597083885
1830 3294 518279.38118343643 4467061.738978105
2318 3294 523157.40027888154 4467061.772813978
2440 3294 524378.0205999847 4467061.031014175
2806 3294 528039.416857958 4467061.003983726
3050 3294 530477.8939257222 4467062.29025213
3294 3294 532918.1710626415 4467062.302638219
3538 3294 535358.4305881758 4467061.605000205
3660 3294 536578.5028994187 4467061.626808861
4148 3294 541461.5671368785 4467061.308815383
4392 3294 543901.6936746347 4467060.882157416
5002 3294 550002.0092018766 4467062.195737824
5246 3294 552441.5290577109 4467062.894650486
5612 3294 556101.764158738 4467062.444033426
488 3416 504858.4891519981 4465840.550478518
610 3416 506078.1537780236 4465841.185135865
732 3416 507298.83750462503 4465841.547980233
854 3416 508518.6030693211 4465841.65436806
1098 3416 510959.59861058346 4465841.83250693
1464 3416 514618.22958958027 4465842.115725708
1830 3416 518278.70459858683 4465841.819903285
1952 3416 519498.7554891062 4465841.635394042
2074 3416 520719.1241685952 4465841.182479782
2318 3416 523158.01192348904 4465841.305523587
2684 3416 526818.5662428658 4465841.433579079
2806 3416 528039.0200926334 4465841.48346717
3294 3416 532918.0588732122 4465841.812237554
3416 3416 534138.6381966067 4465841.676500034
3538 3416 535359.2107820379 4465841.234960287
3782 3416 537799.651113739 4465840.969468971
4270 3416 542680.6240877665 4465841.404245542
4392 3416 543900.4987820559 4465841.647849438
4514 3416 545120.5073590096 4465841.990983055
4636 3416 546340.555417224 4465842.068042846
4758 3416 547561.1999291675 4465842.204870082
5002 3416 549998.7697881323 4465842.574344507
5246 3416 552440.8526153564 4465842.321028064
5490 3416 554880.9035384847 4465841.99729325
5734 3416 557320.533942049 4465841.763599729
366 3538 503638.2713241253 4464622.377262144
488 3538 504859.119998231 4464621.713736511
732 3538 507299.71116801526 4464621.678868688
1342 3538 513398.1446138576 4464621.936293819
1464 3538 514617.9906247008 4464622.42014991
1952 3538 519498.6791047584 4464621.298245647
2074 3538 520719.44947603194 4464621.098682545
2562 3538 525597.7921704822 4464621.316206733
3294 3538 532918.9043235986 4464621.234463835
3416 3538 534138.1095500024 4464621.271514872
3538 3538 535358.5520035428 4464621.371651994
3660 3538 536580.3846585671 4464621.278769949
3904 3538 539020.963475938 4464620.898888528
4148 3538 541461.7675817241 4464621.434274804
4392 3538 543901.883001229 4464621.631342813
5246 3538 552441.9483728225 4464622.571550416
5490 3538 554881.1154603205 4464622.1518998835
5734 3538 557321.2106757096 4464620.336024693
244 3660 502418.8552331694 4463401.950368227
366 3660 503638.5545882633 4463402.291608829
732 3660 507298.77268516435 4463401.293628152
1342 3660 513398.3409651607 4463402.194123891
1464 3660 514618.6460046797 4463402.495459645
1586 3660 515838.6217554669 4463402.223668067
1708 3660 517058.7020610567 4463402.130719782
1952 3660 519499.23129272525 4463401.964886747
2074 3660 520719.07558972697 4463401.276433846
2318 3660 523158.7232302367 4463399.30286964
2806 3660 528039.4854451555 4463401.28072492
2928 3660 529260.670957444 4463401.989528342
3172 3660 531698.6279614449 4463401.7906039655
3294 3660 532919.1640737148 4463401.301406951
3416 3660 534139.9832370668 4463401.184438852
3538 3660 535360.8733029712 4463400.930021901
3660 3660 536581.6737533679 4463401.459849199
3782 3660 537801.3968358301 4463402.171933062
3904 3660 539019.7090627286 4463401.830572377
4026 3660 540240.2619748242 4463401.8644151725
4148 3660 541461.5362803179 4463401.800259477
4270 3660 542681.709608297 4463401.942546671
4514 3660 545121.7115454418 4463402.371479165
4758 3660 547559.3556287603 4463402.266723471
4880 3660 548779.3033395248 4463402.422716909
5002 3660 550000.610520791 4463402.554954557
5124 3660 551219.4423786574 4463402.522094445
5490 3660 554881.2232140591 4463401.877637893
1220 3782 512178.55905565096 4462181.981785061
1464 3782 514619.2836452228 4462181.868771791
1708 3782 517058.96307728527 4462181.4719006475
1952 3782 519498.8887440897 4462180.925730334
2074 3782 520718.2327128298 4462181.5160497725
2196 3782 521937.63188057713 4462181.227475853
2562 3782 525598.4978111328 4462180.740151615
2806 3782 528039.5737993256 4462180.850037314
3416 3782 534138.7182978874 4462181.801830759
3538 3782 535359.6776717122 4462182.084430713
3660 3782 536580.1781646967 4462181.8561951965
3782 3782 537801.0599481976 4462181.562074225
4270 3782 542680.3987410397 4462182.147599264
4392 3782 543901.193613836 4462182.039281731
4758 3782 547559.1985158781 4462182.206187963
5002 3782 549999.3833175674 4462182.04768959
5246 3782 552440.5554078859 4462182.35296524
5490 3782 554880.5764876677 4462181.968102579
244 3904 502418.84221954196 4460961.996415028
976 3904 509738.55554552586 4460961.746826724
1220 3904 512179.12424340425 4460961.545810855
1708 3904 517057.8965541469 4460961.425123756
1830 3904 518277.92845378735 4460961.484514034
2074 3904 520718.1834615761 4460961.447779702
2196 3904 521938.6577933318 4460960.949483104
2440 3904 524378.9757156654 4460960.704370673
2684 3904 526819.3986426954 4460961.214939284
2806 3904 528039.187676955 4460960.584060166
3294 3904 532918.8301148501 4460961.738844618
3416 3904 534139.065701784 4460962.089981935
3660 3904 536579.6943498333 4460962.227656613
3782 3904 537800.1237813805 4460961.892931249
3904 3904 539019.261016529 4460962.2158358535
4392 3904 543901.2829376586 4460962.6197169805
5124 3904 551219.4792454032 4460961.42064526
5246 3904 552438.764218669 4460962.593983688
5368 3904 553660.6995437465 4460961.791810801
244 4026 502417.86829627195 4459742.401936497
610 4026 506078.7956191494 4459742.090568205
1342 4026 513399.17588025256 4459741.966301168
1464 4026 514618.14418451197 4459741.638384583
1952 4026 519499.0075096943 4459741.211351991
2074 4026 520719.3817591352 4459740.971263595
2318 4026 523159.5688394664 4459740.62019389
2440 4026 524380.3989546708 4459740.515964743
2562 4026 525600.4917825805 4459740.549943579
2684 4026 526818.9450328653 4459740.612143965
2806 4026 528038.657978101 4459740.864949598
3172 4026 531701.2619707247 4459740.932508775
3294 4026 532920.8712937012 4459741.425235041
3538 4026 535361.3401616982 4459741.634489439
4270 4026 542681.6153639188 4459742.300417976
4880 4026 548779.0572181551 4459741.003534409
5246 4026 552441.4818051643 4459741.918113494
244 4148 502418.6162913552 4458521.5848591495
854 4148 508519.1599134106 4458521.900761012
976 4148 509739.0497412276 4458521.574203753
1342 4148 513398.15255332354 4458521.421989371
1464 4148 514619.2194625188 4458521.414329657
1586 4148 515839.0411978395 4458520.671876274
2074 4148 520719.1426704032 4458520.759228917
2196 4148 521939.38683164533 4458520.42159096
2318 4148 523159.10822730773 4458520.399049974
2684 4148 526818.5324189046 4458521.506310464
3050 4148 530478.7090566799 4458522.079677547
3172 4148 531698.9359444258 4458521.80543922
3294 4148 532918.9710949322 4458521.936334174
3782 4148 537798.4885573861 4458522.231508327
3904 4148 539018.434030595 4458522.408498583
4514 4148 545118.3917825886 4458521.689174634
4758 4148 547558.8959312628 4458521.324626277
5124 4148 551219.5229649043 4458521.862749463
5246 4148 552440.7115135733 4458522.000769846
244 4270 502418.5907848902 4457301.813131308
488 4270 504858.62369682326 4457302.093402891
1098 4270 510958.8883495848 4457301.858765906
1220 4270 512178.33544612944 4457301.480083843
1586 4270 515838.8090993638 4457300.801345796
2074 4270 520718.4174358116 4457301.314095488
2196 4270 521938.9848412173 4457301.06473764
2684 4270 526819.2611170241 4457301.132228167
3172 4270 531699.2415532826 4457302.104319835
3294 4270 532920.6715074807 4457302.33666508
3416 4270 534140.6351464931 4457301.489279971
3538 4270 535360.8877691041 4457301.873509129
4270 4270 542680.7706115975 4457301.638034485
4392 4270 543900.8713566988 4457301.568852851
4514 4270 545119.191741624 4457301.397116594
4758 4270 547559.0869749354 4457300.762218151
4880 4270 548779.7390152598 4457300.983689247
5002 4270 550001.1628798726 4457300.914013502
5124 4270 551220.7326581117 4457301.526482385
1464 4392 514617.9484268182 4456081.6894065235
1586 4392 515838.1505821615 4456081.158977636
1708 4392 517059.1800952386 4456080.606476508
2196 4392 521938.411740639 4456081.25411091
2684 4392 526818.6307327644 4456081.525396126
2806 4392 528040.7243413045 4456081.042897263
3172 4392 531698.6348602166 4456082.579822428
3294 4392 532919.3366696836 4456082.229711793
3416 4392 534139.3968240158 4456082.101427403
3782 4392 537798.213343737 4456081.48933545
4392 4392 543898.3159848044 4456081.740851401
4758 4392 547558.6098546516 4456081.4785249345
5002 4392 550001.5527962195 4456082.216297402
5246 4392 552441.0233910308 4456081.80969388
122 4514 501199.5047814654 4454861.422061796
854 4514 508518.9080171258 4454861.430748125
976 4514 509739.0562635055 4454860.944745984
1098 4514 510959.33151561307 4454861.2415192
1342 4514 513399.03915690497 4454860.766104811
1464 4514 514619.2493568667 4454860.54475512
1586 4514 515839.28595275537 4454860.625805592
1708 4514 517059.3936179475 4454860.594257326
1952 4514 519499.3477141499 4454860.285310147
2074 4514 520718.8294816966 4454860.677470294
2196 4514 521938.5868099224 4454860.6415527025
2562 4514 525600.2826023134 4454861.261344687
2806 4514 528039.1891070732 4454861.940285554
2928 4514 529259.7254998612 4454861.672039702
3050 4514 530481.1647757713 4454861.443357679
3782 4514 537798.2204691463 4454861.400031092
4270 4514 542678.8949489968 4454861.570652275
4392 4514 543899.3152881314 4454861.270794952
4514 4514 545120.4713296096 4454861.358803116
4636 4514 546339.7390415911 4454861.118696133
4758 4514 547560.1366837611 4454860.756611815
4880 4514 548779.5788331488 4454861.2927316725
5002 4514 550001.2601826834 4454861.669680056
5124 4514 551220.8532454909 4454861.810449023
5246 4514 552441.0305029734 4454861.806395004
610 4636 506079.05314766883 4453641.6868340885
976 4636 509738.54801528336 4453641.637875761
1098 4636 510957.9846755306 4453640.97085522
1342 4636 513397.9060273255 4453640.935334328
1586 4636 515838.2653834224 4453641.329667768
2074 4636 520718.4839790811 4453641.411238409
2318 4636 523158.4079142516 4453641.457250528
2440 4636 524378.7355111303 4453641.348895341
2806 4636 528038.0744181126 4453641.964781457
2928 4636 529258.8464476264 4453642.3796318825
3172 4636 531699.5725541527 4453642.119263031
3660 4636 536579.138706842 4453641.454583055
3782 4636 537799.4594437355 4453641.46736252
4270 4636 542678.2338290634 4453641.574081731
4392 4636 543899.0379697555 4453641.193993303
4514 4636 545119.7118993383 4453641.2796906205
4636 4636 546340.5565153105 4453641.270535367
4758 4636 547561.4588678649 4453641.476243434
4880 4636 548781.901517258 4453641.791423255
5124 4636 551222.0017391081 4453641.941314569
366 4758 503638.3598260712 4452421.263443775
610 4758 506078.76269016054 4452421.087929521
732 4758 507299.5497127401 4452420.646607863
1098 4758 510957.96662479884 4452421.346304954
1220 4758 512178.46844541986 4452420.924852652
1342 4758 513399.0436557541 4452420.810467781
1464 4758 514619.4154701484 4452420.617374289
1586 4758 515839.8420556885 4452420.270256137
1830 4758 518280.65918337565 4452420.875737676
1952 4758 519500.6905799293 4452420.992294067
2074 4758 520720.87005933473 4452421.387489085
2440 4758 524380.3648942593 4452421.132929822
2562 4758 525599.4007367208 4452421.270145402
2806 4758 528038.4781602393 4452421.5247066375
2928 4758 529258.9151966544 4452421.457328213
3172 4758 531699.6325048814 4452422.143424073
3294 4758 532920.6848019175 4452421.838260339
3416 4758 534138.9649944792 4452421.914034005
3538 4758 535361.2635850939 4452421.795829376
3904 4758 539019.1908982403 4452421.302411674
4026 4758 540239.3507179249 4452421.112204865
4148 4758 541460.7386879488 4452421.083987747
4514 4758 545118.5287962925 4452421.797918528
4636 4758 546340.7658113877 4452421.58089608
4758 4758 547560.874120553 4452421.460307717
4880 4758 548781.4492912496 4452421.624139107
5002 4758 550001.493001763 4452421.737416311
244 4880 502418.4967459169 4451200.830843455
366 4880 503639.7043866017 4451200.762794214
488 4880 504859.34781307937 4451200.369370298
610 4880 506078.4179237303 4451200.776703268
854 4880 508518.5641173682 4451201.417416999
976 4880 509739.33588074654 4451200.588628016
1098 4880 510958.5940822817 4451201.086751439
1220 4880 512178.33050992235 4451200.74925427
1342 4880 513399.1803164415 4451201.187697746
1464 4880 514620.2154032764 4451200.844531747
1586 4880 515839.29107483255 4451200.964868608
1708 4880 517058.72902830184 4451201.059984308
2074 4880 520718.4953986081 4451201.711795948
2196 4880 521938.75586926163 4451201.501090116
2562 4880 525598.8574361624 4451201.6377369
2684 4880 526819.6847012725 4451200.963171944
2806 4880 528039.873780141 4451201.15045805
3050 4880 530480.6345901478 4451200.937904871
3172 4880 531700.7830610937 4451201.050497061
3660 4880 536577.9981406669 4451202.337159065
4026 4880 540238.6460825169 4451201.219114504
4148 4880 541459.5559742405 4451201.109995114
4270 4880 542680.3852863491 4451200.907059481
4392 4880 543900.7662276742 4451200.821395137
4514 4880 545121.481347226 4451201.451562703
4636 4880 546341.8580898922 4451201.346614252
4758 4880 547558.6967643858 4451201.992754552
4880 4880 548779.3479653625 4451201.7986652
5246 4880 552441.9219479933 4451202.33843296
122 5002 501198.1986749466 4449980.627800481
366 5002 503638.5327833813 4449981.150839777
488 5002 504859.4107249025 4449980.93733567
610 5002 506079.57085184637 4449980.485534397
854 5002 508518.50375581847 4449981.180214108
1342 5002 513398.24112875754 4449982.323956246
1464 5002 514618.0616370996 4449982.430364092
1586 5002 515838.99500868167 4449982.501219592
2074 5002 520718.39300181984 4449982.32162307
2196 5002 521939.21441621037 4449981.904323949
3172 5002 531698.3148468233 4449982.049182906
3660 5002 536581.6538416556 4449982.154880672
4148 5002 541458.8421251879 4449981.406285439
4270 5002 542679.6020009865 4449981.161348814
4392 5002 543899.3946751268 4449981.340245607
4514 5002 545120.6983232927 4449981.267386459
4636 5002 546341.762123246 4449981.656543873
4758 5002 547561.9959200865 4449981.854369872
5002 5002 549998.592812853 4449982.251134764
5246 5002 552441.6375003264 4449981.579225459
244 5124 502419.6298582352 4448760.452823655
976 5124 509738.08104429126 4448761.182274104
1098 5124 510958.14065931836 4448761.601501099
1220 5124 512179.1155322013 4448761.896896842
1342 5124 513399.1558148166 4448761.811201811
1586 5124 515838.1787212548 4448761.868269937
1952 5124 519498.85477416625 4448761.394084677
2440 5124 524379.4853276361 4448761.133874524
2562 5124 525598.3550350494 4448761.2934176745
3050 5124 530479.2997224882 4448761.711611322
3172 5124 531700.7279812219 4448761.908950886
3416 5124 534139.0982799584 4448762.295685716
3538 5124 535358.9729023414 4448762.558094516
4026 5124 540239.3451186864 4448761.527639171
4148 5124 541459.5566575743 4448761.40804804
4392 5124 543899.4872988446 4448761.217732767
4514 5124 545119.1459469297 4448760.706327177
4636 5124 546341.1240388087 4448761.003136132
4758 5124 547561.260395634 4448761.390952376
5002 5124 550001.1161154186 4448762.022487046
5246 5124 552439.6710101175 4448761.470674743
366 5246 503638.35042385047 4447541.175348309
488 5246 504859.0070611286 4447541.070109534
610 5246 506078.70665924606 4447542.432790693
732 5246 507298.57595085667 4447541.310923352
854 5246 508518.8305461851 4447541.237003612
976 5246 509738.5220884539 4447541.389810023
1098 5246 510959.1678935707 4447541.366034327
1342 5246 513399.2557272738 4447541.741493272
1464 5246 514618.96922558546 4447541.865945315
1830 5246 518277.6940467318 4447541.875411757
2196 5246 521939.3724381267 4447540.943757645
3050 5246 530480.3263423406 4447541.608715861
3294 5246 532921.2469643491 4447541.665627776
3416 5246 534141.1617236983 4447542.046257766
4636 5246 546341.6880594565 4447541.247076661
4758 5246 547561.8502689465 4447541.5557809835
4880 5246 548781.6549772902 4447542.154440555
5124 5246 551219.4312780048 4447542.052830931
122 5368 501199.5859711832 4446320.435487051
1464 5368 514618.2377130779 4446322.107118387
1586 5368 515838.3253651178 4446321.88319499
1952 5368 519498.3215984195 4446321.776358238
2562 5368 525600.2741830561 4446320.867329806
4514 5368 545121.2715285812 4446321.868301887
4636 5368 546338.38956909 4446321.565243294
4880 5368 548779.3995757978 4446321.905070153
5124 5368 551221.4862537042 4446321.342198418
5246 5368 552441.7358251361 4446321.561267223
1464 5490 514619.0441189034 4445101.461040448
1586 5490 515839.2111194899 4445102.137544569
1830 5490 518279.3203147542 4445101.115899555
2074 5490 520719.46264951344 4445101.1560488725
2806 5490 528040.4314238827 4445101.186185808
4392 5490 543899.6985730731 4445101.2258241745
4514 5490 545119.7107742379 4445101.2208725475
4636 5490 546340.5219996565 4445101.476053797
5002 5490 550000.4507540663 4445100.874613376
5124 5490 551219.3563510074 4445101.260752853
5368 5490 553661.2502493762 4445101.719916239
732 5612 507298.9209866214 4443882.203229024
1098 5612 510958.66895026516 4443882.179147917
4392 5612 543899.5330243631 4443881.13798705
4514 5612 545120.7621837076 4443880.904404699
4636 5612 546341.1028954459 4443881.459794554
5002 5612 550001.451082935 4443880.882616919
5246 5612 552441.5340478786 4443881.293476832
5368 5612 553661.3342286334 4443881.086687331
5490 5612 554881.4125058455 4443881.414833584
1952 5734 519498.94800222997 4442660.710951371
2196 5734 521939.2620215193 4442660.683512566
2318 5734 523158.40098220925 4442660.856725831
4148 5734 541461.8369044971 4442661.478895204
4392 5734 543898.3961112862 4442661.801314698
4514 5734 545120.6152819332 4442661.128391125
4636 5734 546340.5044260914 4442661.35063213
5002 5734 550000.4743875049 4442660.72748494
5124 5734 551221.3006338913 4442660.6404138245
5246 5734 552441.7525058705 4442660.830783264
488 5856 504858.1741491576 4441442.117488267
1342 5856 513398.8434691875 4441441.198535993
1464 5856 514618.0480256092 4441441.0575890895
1586 5856 515838.4191832636 4441441.613126011
1830 5856 518279.53412161267 4441440.630303712
3904 5856 539018.8297299353 4441441.88374164
4026 5856 540239.1982547587 4441441.5357945
4148 5856 541460.4269911626 4441440.830748916
4270 5856 542681.0717456085 4441441.018885593
4392 5856 543901.5790348083 4441441.213652682
5246 5856 552440.7154070956 4441441.494029546
5368 5856 553660.6648120994 4441440.793678733
5490 5856 554881.3113296002 4441440.799836942
5734 5856 557321.6548677017 4441440.881062322
244 5978 502417.7266095805 4440221.413716593
976 5978 509739.37744816864 4440220.924855374
1098 5978 510958.39003261656 4440221.395352135
1342 5978 513397.8223242324 4440221.2436031215
1464 5978 514619.3893820396 4440221.478617047
3904 5978 539018.5630897449 4440222.303543634
4026 5978 540238.9815460292 4440221.855980683
4148 5978 541459.17343775 4440221.672635364
4270 5978 542680.3744564905 4440221.221464421
4392 5978 543900.5796016564 4440220.734298432
4514 5978 545121.2510626899 4440220.9783118535
4636 5978 546341.6575508384 4440221.851976672
4880 5978 548781.1326684395 4440221.101378726
5002 5978 550001.5272442624 4440221.3674445385
5490 5978 554881.0062691792 4440221.817579411
5612 5978 556100.6274433944 4440221.399563438
5734 5978 557321.4964375773 4440221.419901937
244 6100 502419.1726579558 4439001.9380365955
610 6100 506079.0909557981 4439001.227130255
1342 6100 513398.27318095573 4439001.243772421
1464 6100 514618.49094724905 4439001.299524945
1708 6100 517059.6724731866 4439000.839381922
3904 6100 539019.5221968523 4439001.839444142
4148 6100 541459.0736314665 4439001.735378736
4270 6100 542679.4731350355 4439001.480802061
4392 6100 543899.4702957259 4439001.262503308
4514 6100 545119.3566632213 4439001.022221847
4758 6100 547562.0447550955 4439001.767277684
5124 6100 551221.9259707764 4439001.370529043
5246 6100 552441.7701573488 4439001.154261178
5368 6100 553662.3236621493 4439001.619664744
5734 6100 557321.1509873387 4439002.11865213
5856 6100 558540.8333670658 4439001.799956153
5978 6100 559761.018175097 4439001.579610916
122 6222 501198.42998226604 4437781.245000522
4270 6222 542678.4258187059 4437781.503765061
4514 6222 545121.5191781288 4437781.611333787
4636 6222 546340.8979808348 4437781.288876338
5002 6222 550001.6444583135 4437781.931467099
5612 6222 556101.7630364753 4437781.951552085
5856 6222 558541.2847467898 4437782.089411356
5978 6222 559760.6926096397 4437781.9398854785
6222 6222 562200.8721076131 4437781.428898756
3904 6344 539019.1161683714 4436561.9531628685
4026 6344 540239.1892457181 4436561.890286469
4636 6344 546341.6770502615 4436562.284446864
5124 6344 551221.2333997621 4436561.795987835
5246 6344 552441.2764806058 4436561.634042346
5368 6344 553660.9364488173 4436561.739403205
5490 6344 554880.8896415683 4436561.857001343
5612 6344 556100.8679690643 4436561.760039091
5734 6344 557320.9020484217 4436561.784492148
5856 6344 558540.9167246826 4436561.900653704
5978 6344 559760.8038607195 4436561.857938322
6100 6344 560980.802235681 4436561.73512353
6222 6344 562200.4927154861 4436561.693044219
4026 6466 540240.6946766643 4435341.738419168
4270 6466 542681.1017288185 4435341.73959318
4392 6466 543901.1079437854 4435341.361831815
122 6588 501198.7569788572 4434122.500911957
4148 6588 541459.5831585375 4434121.437914196
4270 6588 542680.6255533592 4434121.836592925
4514 6588 545121.8784944024 4434122.277641383
5124 6588 551221.3441014583 4434122.813660552
5246 6588 552441.0863132286 4434122.337627402
5368 6588 553660.8991502858 4434122.514539518
5490 6588 554880.9314789723 4434121.610878187
5612 6588 556100.6786947933 4434121.938467672
5734 6588 557321.0777851437 4434122.081057719
6100 6588 560981.0524048319 4434122.23635213
122 6710 501198.8281504659 4432901.245312428
366 6710 503639.37346214155 4432901.001582792
4514 6710 545120.7297248377 4432901.989466046
4636 6710 546341.9488937479 4432902.236928805
4758 6710 547558.9880472621 4432901.875829567
4880 6710 548780.6774551212 4432901.852365098
5002 6710 550001.1873459393 4432902.024572418
5124 6710 551221.9493080807 4432901.977954759
5368 6710 553661.303560659 4432902.828918753
5612 6710 556100.897527965 4432901.7207622165
5734 6710 557321.7775249897 4432902.281497909
366 6832 503639.04171806783 4431681.377919962
732 6832 507298.6821224204 4431680.741287982
4270 6832 542678.9341594588 4431681.71427252
4392 6832 543901.3779770893 4431681.399691307
4514 6832 545121.8007210488 4431681.610733328
5124 6832 551220.7208735445 4431682.022364845
5246 6832 552441.3540904708 4431681.667121195
5368 6832 553661.5433762848 4431681.723450724
5734 6832 557320.5891035548 4431681.915968399
5978 6832 559761.6583214015 4431681.886644141
244 6954 502419.0045743667 4430461.749966602
366 6954 503639.2170014333 4430461.733522225
488 6954 504859.0700450476 4430461.147496599
610 6954 506078.79495575425 4430460.989951749
732 6954 507298.4809388496 4430461.29527571
4514 6954 545121.1177081472 4430461.372989689
4880 6954 548781.9820632592 4430461.961786468
5002 6954 550001.7806709772 4430461.683319493
5124 6954 551221.8061720128 4430462.054339941
5490 6954 554880.609229226 4430461.823014668
5612 6954 556101.2498313512 4430461.827587906
5734 6954 557321.9970086713 4430462.286408622
5856 6954 558541.5708805602 4430462.396371122
854 7076 508518.0018030484 4429241.938695684
3904 7076 539021.3968448164 4429242.039866371
4026 7076 540240.9055976837 4429242.213057306
4880 7076 548779.2345161651 4429242.262032337
5368 7076 553660.5202081373 4429241.89864165
5490 7076 554880.3875497407 4429240.891528665
5612 7076 556100.3360990097 4429241.279640195
5734 7076 557320.8910381079 4429241.15593774
5856 7076 558541.4256029949 4429241.159437525
5978 7076 559759.2328180843 4429242.644305032
3782 7198 537800.6450485089 4428022.212348102
4148 7198 541459.0216527586 4428022.479702956
5002 7198 550001.2579415705 4428021.477462494
5124 7198 551221.1534537897 4428021.4880847335
5368 7198 553661.4308951995 4428020.898203079
5490 7198 554880.5982968335 4428021.040199708
5612 7198 556101.229134964 4428021.112377768
5734 7198 557321.3592736432 4428020.849028507
122 7320 501198.1693479579 4426802.346098425
244 7320 502418.489040221 4426801.842662192
488 7320 504858.8864047748 4426801.635851657
854 7320 508518.7872152404 4426800.795937664
1342 7320 513398.04247580003 4426800.952364352
4026 7320 540241.1891734129 4426802.619741106
4148 7320 541461.6088488639 4426802.201813682
4270 7320 542678.6941233105 4426802.305874129
4392 7320 543898.53729738 4426802.111254591
5246 7320 552440.6987341426 4426800.704378345
122 7442 501197.9556758764 4425581.790929096
488 7442 504858.74235406367 4425581.21978528
3782 7442 537800.9338147906 4425582.615142787
3904 7442 539019.2587317126 4425582.38095512
4026 7442 540239.2728109544 4425582.228686559
4880 7442 548778.951421076 4425581.318585297
5002 7442 550000.2667796523 4425581.103269509
5124 7442 551220.317648497 4425581.444928122
5246 7442 552440.3714828035 4425580.96903869
5490 7442 554880.443805661 4425581.157152354
5612 7442 556100.6578635871 4425580.978431517
488 7564 504858.67092934944 4424361.651794356
976 7564 509737.5545166537 4424361.492041189
4148 7564 541459.2253733734 4424362.138710253
4270 7564 542680.6070511965 4424361.659822663
5246 7564 552440.6379796726 4424360.962447271
488 7686 504858.1465398902 4423141.5992331775
854 7686 508518.9116654386 4423140.89502641
3538 7686 535360.91261424 4423141.718025113
3904 7686 539018.8575472056 4423142.624041753
5124 7686 551221.6703614992 4423141.403010449
5368 7686 553660.6556732706 4423140.766766888
244 7808 502418.73971950717 4421921.873909216
3294 7808 532920.7437485906 4421921.525061485
4026 7808 540241.6825978411 4421922.699390923
4148 7808 541461.7481646029 4421922.478361242
5124 7808 551221.2215196046 4421920.748337831
3294 7930 532919.3179930045 4420700.96477227
4148 7930 541461.5309914055 4420701.7989649745
4270 7930 542679.2569050741 4420703.111242558
4392 7930 543899.7728130971 4420701.0616162
5002 7930 549999.577943387 4420701.171861312
5124 7930 551220.4317845581 4420700.87051816
5246 7930 552440.9216945766 4420700.747971699
5368 7930 553661.5750117217 4420701.169514543
0 8052 499979.2885109097 4419481.788528683
4148 8052 541461.2619118344 4419481.73465557
4392 8052 543899.0216122728 4419481.0713270875
4880 8052 548780.8410208375 4419481.363138921
5246 8052 552440.9169338824 4419481.557786779
5368 8052 553661.4490201881 4419481.1005420275
5490 8052 554881.4772670133 4419481.217395302
5978 8052 559761.436414673 4419481.899932855
122 8174 501198.1947221201 4418261.843715507
3782 8174 537801.2220683545 4418261.983260468
3904 8174 539019.5099352407 4418261.720213117
4026 8174 540241.1472289553 4418262.090076261
4270 8174 542681.6989307057 4418261.4692999255
4758 8174 547561.9791716237 4418261.767430283
4880 8174 548781.7360943095 4418261.938474242
5002 8174 550001.9705393547 4418261.9358591195
5124 8174 551222.2053940222 4418261.360905817
5490 8174 554881.879927221 4418262.25744172
5612 8174 556101.7391373559 4418261.881614427
122 8296 501199.48144986684 4417041.571275624
4392 8296 543901.5041896615 4417041.695038224
4758 8296 547561.4642641005 4417042.23195154
3782 8418 537801.6316719209 4415822.067000131
4148 8418 541459.2500339474 4415821.989141194
4270 8418 542681.7795661553 4415821.526938004
4392 8418 543901.6818205616 4415821.794053067
4880 8418 548780.3712241079 4415822.0061592115
5002 8418 550000.566097293 4415821.929579685
5246 8418 552440.9272725822 4415821.724005233
5368 8418 553660.6765241547 4415821.936190068
5490 8418 554881.0812758256 4415821.403408324
5734 8418 557320.9673610707 4415821.596670944
244 8540 502418.4455200405 4414602.101039374
3782 8540 537801.4008553217 4414602.325681484
3904 8540 539020.8381665844 4414602.197700902
4270 8540 542680.5155633505 4414600.852889979
4514 8540 545121.93505854 4414601.970447424
5002 8540 549999.462536078 4414601.793095076
5124 8540 551220.6990908156 4414601.6241467865
5612 8540 556101.784635187 4414601.961428139
5734 8540 557321.6815511587 4414601.773010874
0 8662 499979.3493883939 4413381.471364413
122 8662 501198.8370809584 4413381.679119164
610 8662 506078.83376110863 4413381.811414271
732 8662 507298.89367661317 4413381.079108992
3904 8662 539021.6923267508 4413382.091015091
4026 8662 540239.5506588254 4413381.999485827
4514 8662 545119.7942788939 4413381.334159926
4636 8662 546340.8106901861 4413381.064646296
5124 8662 551220.3073914303 4413381.90967406
5246 8662 552440.2674118801 4413381.579891455
5368 8662 553660.7012182628 4413381.12029593
5490 8662 554880.5065617736 4413381.5253049815
5612 8662 556101.5861677511 4413381.8346776115
976 8784 509740.31202719733 4412161.007086255
1220 8784 512178.65525995055 4412161.539891348
3782 8784 537800.9976235281 4412160.864254746
3904 8784 539018.4312237748 4412161.585952438
4026 8784 540239.2183362829 4412161.472591099
4514 8784 545121.0971263157 4412162.062467333
4758 8784 547560.572405933 4412161.149958611
4880 8784 548780.8828785311 4412161.715992184
5368 8784 553661.3443244456 4412161.972709814
5490 8784 554880.2799236199 4412161.709175358
5612 8784 556100.8312189544 4412161.572295979
5734 8784 557320.9845368387 4412161.672051083
5856 8784 558541.8749410058 4412161.752902891
122 8906 501198.9915264762 4410941.860554731
732 8906 507298.05486169015 4410941.573645115
3904 8906 539020.7338470845 4410941.34847466
4026 8906 540241.7945178554 4410942.671668111
4514 8906 545119.1931717787 4410942.299917724
4636 8906 546339.06682717 4410942.275781056
4758 8906 547559.364509453 4410941.994064971
4880 8906 548780.3678539866 4410941.650402674
5002 8906 550000.3693382146 4410941.305438324
5124 8906 551221.0107559639 4410941.156122685
5246 8906 552441.1175157495 4410941.383696436
5368 8906 553661.9761035831 4410941.7453237
5612 8906 556101.2994172894 4410941.603507636
5734 8906 557320.3414624284 4410941.456689854
5856 8906 558540.6094468569 4410941.194116122
3904 9028 539021.2807099011 4409721.993570522
4026 9028 540239.084553727 4409721.830773517
4148 9028 541460.4987640032 4409721.853030493
4392 9028 543900.5319766065 4409721.633922155
4514 9028 545120.9345038899 4409721.691692308
4758 9028 547561.0042931484 4409721.984750344
5002 9028 550000.6985469485 4409721.986250865
5124 9028 551220.9305019344 4409721.662311689
5246 9028 552441.0577265136 4409721.274799508
5490 9028 554881.4982719894 4409721.4112031115
5734 9028 557321.7051082344 4409722.3890998885
366 9150 503639.19549944083 4408500.886003458
610 9150 506078.4646259912 4408501.940122629
854 9150 508518.89301942434 4408501.494828179
976 9150 509739.00720123213 4408501.011256772
1708 9150 517058.97833995614 4408501.069594356
2684 9150 526820.9851168569 4408501.807599398
4880 9150 548781.9715339164 4408501.980913824
5124 9150 551222.1704827101 4408502.427452105
5246 9150 552441.5153260534 4408502.054288534
5734 9150 557322.0032118121 4408502.501865122
488 9272 504858.14026258653 4407281.867534646
732 9272 507298.54452261695 4407282.135887247
1098 9272 510958.2693181171 4407281.893830622
1220 9272 512178.6176450035 4407281.212160778
3660 9272 536579.0076609799 4407281.862704959
3782 9272 537801.487052214 4407281.402870658
3904 9272 539018.8639221047 4407282.124059728
4392 9272 543898.9014441764 4407282.420934288
4636 9272 546340.329833321 4407282.038797277
4880 9272 548781.0657239911 4407282.249303402
5002 9272 549999.4739831768 4407282.133022277
5124 9272 551221.0000130006 4407282.694213807
5246 9272 552440.9015466797 4407282.171204534
5368 9272 553660.8782642831 4407282.456349917
5612 9272 556101.8525561033 4407283.15228265
488 9394 504857.6704012672 4406061.43474542
732 9394 507299.3517120737 4406062.030655097
2562 9394 525600.969495848 4406061.946041939
3660 9394 536579.239540417 4406061.691294264
4026 9394 540241.5723528634 4406061.836462517
4636 9394 546339.7336093104 4406061.849828526
4758 9394 547561.0408385571 4406062.100805299
4880 9394 548781.5755574654 4406061.860315732
5246 9394 552441.777610207 4406062.060287498
5612 9394 556101.6267566195 4406062.217978434
5734 9394 557321.0740847307 4406061.096762394
244 9516 502418.1908079697 4404841.780267865
488 9516 504858.9557597878 4404841.434040986
854 9516 508518.5297172841 4404842.015262161
976 9516 509739.3421247325 4404841.127898778
2318 9516 523158.64199894253 4404842.478640371
2562 9516 525598.8624207189 4404841.8087458415
3904 9516 539018.4547449742 4404842.58806738
4270 9516 542681.0924707467 4404842.129559321
4758 9516 547558.817657341 4404842.1286011925
4880 9516 548780.922247988 4404841.597974004
5124 9516 551222.0232198135 4404841.914764046
5612 9516 556102.0441085675 4404843.056128532
610 9638 506078.50646077597 4403622.433188099
732 9638 507299.0992218497 4403621.803640834
3904 9638 539021.5668397543 4403621.94775993
4148 9638 541461.848930842 4403622.167758734
4514 9638 545119.1432377752 4403622.018108357
4636 9638 546340.8705216222 4403621.680798624
4758 9638 547561.6330165068 4403621.85489929
5246 9638 552440.5922327207 4403621.880112281
5490 9638 554882.1132029224 4403622.033057043
5612 9638 556102.0049940321 4403622.512157498
122 9760 501198.7352163128 4402401.211890965
488 9760 504859.3045669942 4402401.86345349
1708 9760 517059.0727145229 4402402.085082444
2074 9760 520721.2623462172 4402401.881526478
2196 9760 521941.2820595951 4402401.821677633
4392 9760 543902.071572989 4402401.6181842815
4636 9760 546341.2885172954 4402402.575573243
4880 9760 548780.8108344865 4402402.098319443
5246 9760 552441.9834009695 4402402.224027674
5490 9760 554880.6501853367 4402401.5826935815
0 9882 499978.7261147395 4401179.478872878
122 9882 501199.08643506345 4401180.866151347
366 9882 503639.0574875888 4401180.689005575
610 9882 506079.6147069811 4401181.614531952
1098 9882 510957.7641946546 4401181.673142889
1220 9882 512178.72493018274 4401181.483487917
1342 9882 513398.5383552861 4401181.163913295
1464 9882 514618.65740685724 4401181.159457988
1586 9882 515839.03701275843 4401181.733940386
1708 9882 517059.47588321735 4401181.416754782
2074 9882 520719.250755599 4401182.138268202
2196 9882 521938.78392658505 4401182.36653018
2318 9882 523158.76282832684 4401182.219031753
2440 9882 524379.0447920817 4401181.892469049
3294 9882 532918.875036526 4401181.217221434
4026 9882 540241.2721316819 4401181.754229064
4270 9882 542680.7856964843 4401182.297438537
488 10004 504859.0954056513 4399961.306340468
610 10004 506079.27188735007 4399961.7895115055
1220 10004 512179.33886277926 4399962.020752706
1342 10004 513398.6358947397 4399961.466427478
1464 10004 514618.448925994 4399961.1832334
1586 10004 515838.61910062097 4399961.284158072
1708 10004 517058.36467718723 4399961.011322745
1952 10004 519499.21266664844 4399961.564237679
3172 10004 531699.0915551973 4399961.581023697
3294 10004 532918.6659548308 4399961.614933616
4636 10004 546341.7448056724 4399962.21572976
4758 10004 547561.1692930807 4399961.815029019
4880 10004 548780.5791015965 4399961.812018786
5002 10004 550000.8947744174 4399961.823132299
5124 10004 551220.7305907055 4399961.845346964
5246 10004 552440.9872572299 4399962.015770769
5368 10004 553661.4135793915 4399961.955884289
5490 10004 554881.2007061597 4399962.362684971
5612 10004 556102.092739557 4399962.53412551
5734 10004 557322.259268652 4399961.931681125
244 10126 502418.2386560504 4398741.302637294
854 10126 508517.9400136531 4398741.862502248
1098 10126 510958.19710942707 4398741.3291472895
1220 10126 512178.7852371415 4398742.607162833
1342 10126 513398.87317912455 4398741.139085991
1464 10126 514618.7262219784 4398741.605479316
1708 10126 517058.55824764306 4398741.99594935
1830 10126 518278.2332438937 4398742.008519152
1952 10126 519498.50753121724 4398742.162757464
2318 10126 523160.50703351863 4398741.531746049
2684 10126 526818.5105699613 4398741.708934173
3294 10126 532918.6147798323 4398741.655594092
4148 10126 541460.906118789 4398742.210883825
4270 10126 542680.594258188 4398741.911161747
4392 10126 543900.7404449909 4398741.8253877
4514 10126 545120.791969826 4398742.0277453065
4636 10126 546341.2359878144 4398742.048639203
4758 10126 547561.2192946315 4398741.988562442
4880 10126 548781.0330115076 4398741.845026679
5124 10126 551222.0700598373 4398741.994135637
5246 10126 552442.6739783358 4398742.5377156045
5368 10126 553662.6612190626 4398742.085846629
5612 10126 556102.2609623065 4398742.3835961195
5734 10126 557321.8071646588 4398742.166930709
366 10248 503638.81335262686 4397521.041158185
488 10248 504860.3842833578 4397521.331681159
1098 10248 510958.7976934113 4397521.711674183
1220 10248 512178.87532212434 4397520.997258268
1342 10248 513399.3990263595 4397521.296860135
1464 10248 514618.6648526112 4397521.2266564155
1952 10248 519501.1492587985 4397521.831871363
2074 10248 520721.18744840135 4397521.606044633
2440 10248 524380.5535733118 4397521.995927317
3416 10248 534138.8345385728 4397521.494528521
4026 10248 540241.9298383398 4397521.980474072
4270 10248 542680.6873101464 4397522.013471607
4636 10248 546341.8218718725 4397522.081086869
4880 10248 548781.8660746706 4397521.8070839485
5002 10248 550001.6520115567 4397520.979728281
5124 10248 551221.8319425315 4397521.855599412
5368 10248 553661.5290277752 4397521.91269507
5490 10248 554881.1719175606 4397522.230280663
5612 10248 556101.3382411978 4397522.074239833
5734 10248 557321.7447955534 4397522.376400491
732 10370 507299.7025428262 4396301.462311875
1464 10370 514619.3202352631 4396301.493736318
1708 10370 517060.55276943115 4396301.777154249
1830 10370 518278.99216669536 4396301.59208148
3050 10370 530478.3674524063 4396302.321325005
3172 10370 531698.1875789172 4396302.566142831
3416 10370 534139.1401917456 4396302.099914514
4270 10370 542678.6385181247 4396302.015940948
5124 10370 551222.1281097251 4396302.487122925
5490 10370 554881.9245062277 4396302.346435231
5612 10370 556102.0874393543 4396302.488009367
488 10492 504858.5883827701 4395081.876260176
610 10492 506079.2594137485 4395081.59391922
732 10492 507299.19138408283 4395081.568829331
854 10492 508519.59005640686 4395081.991750721
1098 10492 510958.7348408056 4395081.275077309
1220 10492 512178.5495511288 4395082.262262042
1464 10492 514620.4952711929 4395081.913943983
1586 10492 515840.244837903 4395081.883681873
1830 10492 518281.1157087516 4395081.681821701
2440 10492 524381.1350237214 4395082.301257551
2562 10492 525600.3236693322 4395080.330840247
2806 10492 528038.5012081272 4395082.044211548
3050 10492 530479.3588862797 4395081.023213728
3172 10492 531698.8318403708 4395081.60937411
3294 10492 532919.4026180007 4395081.596715948
3538 10492 535359.299996682 4395081.901625663
3660 10492 536578.4879910793 4395081.947596037
3782 10492 537801.3020859098 4395081.564790976
3904 10492 539020.4485641716 4395081.582815196
4026 10492 540241.3735211107 4395081.748070585
4392 10492 543900.9832383362 4395081.6234856
4636 10492 546342.0689055591 4395081.601529723
5124 10492 551221.9033288022 4395082.097603838
5246 10492 552442.0490875891 4395082.492912207
5368 10492 553661.5427322099 4395082.703583312
5490 10492 554880.9938417546 4395082.436003588
5612 10492 556101.2365609934 4395082.352731861
5734 10492 557320.6566794851 4395082.201877375
122 10614 501198.7593086639 4393860.742133832
488 10614 504859.07055776234 4393861.578825535
610 10614 506079.1289839549 4393861.1269079875
854 10614 508520.1641962298 4393862.638650697
976 10614 509739.4398391631 4393861.305170062
1220 10614 512178.7422003686 4393861.762521246
1342 10614 513399.2075454549 4393861.416941145
1464 10614 514619.61757839064 4393861.620570097
1586 10614 515838.56657983334 4393861.9956533685
1708 10614 517059.49919336714 4393862.114509042
1952 10614 519498.11126752594 4393861.172143501
2196 10614 521937.9244161901 4393863.098853145
2806 10614 528037.8850582737 4393862.215673047
2928 10614 529257.99291912 4393861.941399348
3172 10614 531698.9919292384 4393861.516550736
3294 10614 532918.9138880912 4393861.332499923
3660 10614 536580.4106685256 4393861.179158488
4026 10614 540240.6443001027 4393860.916864682
4148 10614 541460.8619603781 4393861.148472254
4758 10614 547560.9106144868 4393862.133001341
4880 10614 548781.362335688 4393861.177439288
5002 10614 549999.7519342698 4393862.009788586
5246 10614 552441.0217466233 4393861.581981423
5368 10614 553662.3244641044 4393861.987653208
5490 10614 554882.298586576 4393862.12008902
0 10736 499978.7304802234 4392641.787129239
854 10736 508519.6751707687 4392640.545260369
1342 10736 513398.99777533615 4392641.438017167
1464 10736 514620.6835250049 4392641.0493058385
1708 10736 517058.7696797982 4392641.957558795
1952 10736 519498.72094573826 4392642.049534303
2074 10736 520719.0805191552 4392642.559483807
2318 10736 523158.41677698964 4392641.8493028525
2684 10736 526819.3314444085 4392641.734998471
2806 10736 528039.0185738155 4392641.329812832
2928 10736 529258.7148965881 4392641.179792684
3172 10736 531699.1253411663 4392641.228131851
3660 10736 536581.2537400448 4392641.484925645
4270 10736 542681.782098599 4392641.532313488
4880 10736 548781.9473328781 4392642.243568449
5002 10736 550001.0464706552 4392641.893525638
5124 10736 551221.0793117534 4392641.894838354
5246 10736 552441.5389982767 4392641.772702792
5368 10736 553662.2883672586 4392642.297085257
854 10858 508519.03220570844 4391421.203242858
976 10858 509738.9069741899 4391421.54168697
1098 10858 510959.02679083135 4391420.899062771
1220 10858 512180.3462031742 4391421.345159383
1342 10858 513399.29991387494 4391421.534625724
1464 10858 514618.0852187478 4391421.851957589
1586 10858 515838.25845324015 4391421.59591902
1830 10858 518279.31644883787 4391422.046087649
2074 10858 520719.00260419643 4391422.264637472
2196 10858 521939.07951164 4391422.386620621
2806 10858 528039.1160463633 4391421.308748642
2928 10858 529259.4734947898 4391421.101336391
3050 10858 530481.3924923922 4391421.413462747
3294 10858 532918.6555298353 4391421.732014154
3782 10858 537801.6987369915 4391421.13766589
4026 10858 540241.6136849693 4391421.288924758
4148 10858 541461.1144514962 4391420.990484675
4270 10858 542680.9132930846 4391421.003472657
4392 10858 543900.6834058807 4391420.929350256
4514 10858 545121.4459735327 4391421.330548818
4758 10858 547561.2440162848 4391421.228811804
4880 10858 548781.5629840915 4391421.564835033
5002 10858 550001.8119557858 4391422.096837487
5246 10858 552441.0086717217 4391422.382589885
5368 10858 553660.7678033551 4391422.105967678
5490 10858 554881.1827529734 4391421.808875734
5612 10858 556101.850300693 4391421.858849393
1952 10980 519498.60477100563 4390202.505233234
2074 10980 520718.6285523138 4390200.990730133
2928 10980 529261.5153486718 4390201.4077354465
3050 10980 530478.0118132365 4390202.583924555
3172 10980 531699.4024511357 4390201.160644592
3294 10980 532920.8730061587 4390201.3478312595
3416 10980 534141.7143238087 4390201.805736708
3904 10980 539020.1245299645 4390201.1265310105
4392 10980 543901.3187398589 4390201.358036692
5368 10980 553660.4385460571 4390201.407057318
