366 1708 303663.03172313 4882938.476718056
0 1830 300001.6340547273 4881718.0505342465
122 1830 301222.91284073406 4881718.274830055
244 1952 302441.57661472046 4880499.303480595
610 1952 306100.9605540889 4880499.22615913
732 1952 307321.42878459144 4880499.894773051
488 2074 304881.75293672836 4879278.692155602
732 2074 307321.5465787014 4879279.585792774
854 2074 308542.58501330233 4879279.042933155
122 2196 301221.3560253138 4878059.386838318
366 2196 303661.63376458234 4878059.210723597
122 2318 301221.48396834004 4876838.615664837
366 2318 303660.52947696566 4876838.39183341
854 2318 308541.5431185952 4876838.657100931
122 2440 301222.182353256 4875617.313608616
610 2440 306101.91092222056 4875617.497834389
1098 2440 310981.89969696035 4875619.444691363
1220 2562 312201.91242162656 4874398.378570675
122 2684 301222.2222748753 4873178.265103055
976 2684 309761.5276691378 4873178.441601277
1098 2684 310981.2191261339 4873178.992693166
244 2806 302441.66692878056 4871958.429522461
366 2806 303661.874614681 4871958.888417238
854 2806 308541.96193531825 4871958.8490782855
1464 2806 314641.0399073375 4871957.86251123
244 2928 302441.3847048355 4870738.7343631
610 2928 306101.2430524247 4870739.420589152
732 2928 307321.8630448221 4870739.094571366
1098 2928 310981.6831087051 4870739.218415483
1342 2928 313421.1452478236 4870738.322135589
366 3050 303661.25719930057 4869517.956139738
610 3050 306101.3372905173 4869518.568191999
976 3050 309761.38488904823 4869518.907555364
1220 3050 312202.1879005051 4869519.513747145
1342 3050 313421.658729247 4869519.190872513
1708 3050 317082.2388196352 4869518.938269099
2196 3050 321961.69909784535 4869518.626814001
2318 3050 323182.1153049803 4869517.831731846
244 3172 302441.3449554911 4868298.144017003
366 3172 303661.41929387976 4868298.5770596145
488 3172 304882.54696235777 4868297.163327355
1708 3172 317082.27029055014 4868298.586289228
1952 3172 319520.28045037924 4868299.772033471
2074 3172 320741.36792661797 4868298.396694441
2562 3172 325621.1603207279 4868298.837532826
122 3294 301221.7316706692 4867078.482619041
244 3294 302441.70567746984 4867078.695069939
366 3294 303662.04594223126 4867077.889604273
488 3294 304881.6935701566 4867078.430556658
854 3294 308541.90110584535 4867078.490712516
976 3294 309761.6784118277 4867078.394598949
1098 3294 310982.27390547964 4867078.454960909
1830 3294 318302.0697903246 4867078.681107326
1952 3294 319521.17505507544 4867078.575096383
2440 3294 324401.9063022111 4867079.192209091
2562 3294 325621.60354132694 4867078.458975379
2684 3294 326841.451683244 4867078.713133943
122 3416 301222.035485982 4865858.59156449
244 3416 302442.047548239 4865859.204326421
366 3416 303661.6822553954 4865858.934740021
732 3416 307321.84410216333 4865859.0698966775
854 3416 308541.92012088647 4865858.576175763
1464 3416 314642.44320902426 4865857.995523749
1830 3416 318301.29718123516 4865858.238172074
1952 3416 319520.8122711011 4865858.076755144
2074 3416 320741.3204500324 4865859.360353135
2196 3416 321961.6700183001 4865859.187533995
2562 3416 325621.49399017834 4865859.594407846
122 3538 301221.47743243474 4864638.3880136525
366 3538 303660.9843579457 4864638.746918812
488 3538 304881.80670884496 4864638.564488166
610 3538 306102.1348793649 4864638.505887159
854 3538 308541.8077293765 4864638.261868555
1220 3538 312201.9812045395 4864638.884271899
2196 3538 321960.8578335277 4864638.489829716
2318 3538 323181.22433055507 4864639.047924884
2684 3538 326841.5130712639 4864638.865029569
3172 3538 331722.2192809141 4864637.375527063
610 3660 306102.1886008564 4863418.090405806
732 3660 307321.3517268916 4863418.655741234
976 3660 309761.6460080656 4863418.478643837
1098 3660 310981.97257790697 4863419.042978035
1952 3660 319521.5815002633 4863418.206840949
2318 3660 323181.77151688206 4863418.027754265
2562 3660 325621.0078432467 4863419.350120438
2806 3660 328060.4496907826 4863419.374467976
3050 3660 330500.99249732745 4863419.04288565
244 3782 302441.8070121053 4862197.919091543
488 3782 304882.0978740611 4862198.2422076715
732 3782 307322.330280343 4862197.598944074
854 3782 308541.80173839926 4862198.188534463
976 3782 309761.60250799777 4862197.849398791
1098 3782 310981.5087253052 4862198.445580054
1220 3782 312201.3502231346 4862198.974415037
1464 3782 314641.8890537282 4862198.480056396
1586 3782 315861.9951731906 4862198.4546895055
2074 3782 320741.9487132493 4862198.54630031
2196 3782 321961.7275477932 4862198.825974591
2440 3782 324401.0670030153 4862197.883062428
3294 3782 332941.983772971 4862198.392461246
0 3904 300000.96287136414 4860978.63776162
122 3904 301220.866101078 4860979.547572564
244 3904 302441.68916638574 4860979.063049319
366 3904 303661.40163234854 4860978.905748498
488 3904 304881.2810400438 4860978.552738752
610 3904 306101.5664309001 4860978.450547533
854 3904 308541.62517640827 4860978.741031958
1098 3904 310981.8774405039 4860978.770670651
1220 3904 312201.7941406848 4860977.951355052
1708 3904 317081.1139978236 4860978.535328086
1952 3904 319521.4242945436 4860978.444778677
2074 3904 320741.8290627804 4860978.126117468
2196 3904 321960.1581881812 4860979.793266699
3050 3904 330501.7448320049 4860977.395073661
244 4026 302441.91372669215 4859758.252171079
366 4026 303661.78831559984 4859758.952688069
488 4026 304881.3557471015 4859758.797031159
610 4026 306101.5228928642 4859758.867361984
854 4026 308540.5205348536 4859759.287632533
1098 4026 310982.00608649326 4859758.171244475
1220 4026 312200.9154015502 4859759.147166698
1342 4026 313422.07060473604 4859758.434489106
1586 4026 315862.0501875658 4859758.511871343
2440 4026 324400.97932729777 4859759.025558269
2562 4026 325621.51370125124 4859757.572596597
2928 4026 329282.23465502163 4859757.665021883
3172 4026 331722.16984612134 4859757.158466792
3416 4026 334161.92894592945 4859758.005231508
3660 4026 336601.3729035865 4859758.092187407
122 4148 301222.0595878077 4858537.991793992
244 4148 302442.151525435 4858537.735828151
366 4148 303662.18362877885 4858538.375009444
610 4148 306101.17836164887 4858538.185198376
854 4148 308541.8993923224 4858538.552099022
976 4148 309762.1014803054 4858538.5068772035
1098 4148 310980.92701100744 4858538.877323396
1220 4148 312200.93812472204 4858539.215133851
1342 4148 313423.0502972821 4858539.205561128
1464 4148 314641.1946297597 4858539.000394616
2318 4148 323180.1786978315 4858537.766223513
2806 4148 328062.3109102227 4858538.287874617
2928 4148 329281.84918097977 4858538.532104533
3172 4148 331722.1327002839 4858538.120000541
3538 4148 335381.69897753454 4858537.9709707005
732 4270 307322.2065696957 4857318.056582251
976 4270 309761.6973290597 4857317.790397959
1220 4270 312201.3209914744 4857318.268753787
1342 4270 313421.6185927043 4857318.304731815
1464 4270 314641.82792780304 4857318.610981054
1586 4270 315861.1520728353 4857319.022320725
1708 4270 317081.3609588321 4857318.897605772
1830 4270 318301.33143667056 4857318.3389757015
2684 4270 326841.8742351697 4857318.378792625
3050 4270 330501.8184049108 4857318.605638426
0 4392 300001.5617363014 4856099.183321972
122 4392 301222.0400664361 4856098.928292319
244 4392 302441.50622465834 4856098.684543018
366 4392 303661.94578598265 4856098.033497064
1342 4392 313421.4888962035 4856098.259137792
1464 4392 314641.802147954 4856098.531522781
1586 4392 315861.7927367626 4856097.756883603
1708 4392 317081.2674801642 4856099.183319911
1952 4392 319520.7082257151 4856098.760266742
2074 4392 320742.277018438 4856098.816881141
2318 4392 323181.32521088613 4856098.934578794
2440 4392 324401.692409396 4856098.274083289
2562 4392 325621.6079873398 4856098.8931150045
2684 4392 326841.0675716553 4856099.174932271
2806 4392 328061.4390334893 4856098.918582316
2928 4392 329281.92713102617 4856098.402663884
3050 4392 330502.0012450036 4856098.713501223
3294 4392 332941.65072925866 4856098.064147595
3538 4392 335382.45651627687 4856098.544243619
4026 4392 340260.42824230116 4856099.424252272
122 4514 301221.63820744504 4854878.273609427
244 4514 302441.4560956792 4854879.095582003
366 4514 303660.8742324413 4854879.025800863
488 4514 304881.230091911 4854878.871495261
610 4514 306101.9376908924 4854878.712628127
732 4514 307321.4386080822 4854878.594583448
1220 4514 312201.73646865215 4854878.937639243
1342 4514 313420.7394225236 4854877.768348354
1464 4514 314642.00840075174 4854877.79874534
1586 4514 315862.2416934743 4854878.286238608
1708 4514 317081.8430351414 4854878.204688812
2074 4514 320741.3641218582 4854878.524744113
2196 4514 321961.58882820356 4854878.937650965
2684 4514 326840.8816754673 4854878.474669979
2806 4514 328061.402012009 4854878.133335712
3172 4514 331721.05774855247 4854878.916890536
3904 4514 339041.59907532216 4854879.253048295
122 4636 301222.6539596999 4853657.367061703
488 4636 304881.6562464046 4853658.191661072
732 4636 307321.8538655954 4853658.260560347
854 4636 308541.30239850807 4853658.699821153
1098 4636 310981.783853119 4853659.1351796
1220 4636 312201.73145786434 4853659.355893773
1586 4636 315862.1146720148 4853658.491367419
1708 4636 317082.710474606 4853657.996324175
1952 4636 319522.0113070955 4853657.949537388
2074 4636 320741.8878858806 4853657.958212285
2562 4636 325619.710805996 4853657.84800525
2806 4636 328061.33422820084 4853658.70948881
3416 4636 334161.5960982512 4853658.139939148
3538 4636 335382.21585015557 4853658.340533981
3660 4636 336601.31195193855 4853658.404833519
4026 4636 340261.8341262568 4853659.236766687
488 4758 304881.9474156187 4852437.845986894
732 4758 307322.1376113435 4852438.1910178745
976 4758 309762.14024279907 4852437.818572561
1098 4758 310981.71383241215 4852438.356881093
1586 4758 315861.604708111 4852437.6400134
1830 4758 318301.92958722514 4852438.691729926
2074 4758 320742.79004421434 4852437.6398936985
2440 4758 324402.3580053642 4852438.371185901
2562 4758 325622.5795349818 4852437.067456638
2928 4758 329281.8767051126 4852438.590072776
3172 4758 331721.23024407256 4852438.869208994
3538 4758 335381.55063043704 4852439.266447814
4392 4758 343921.46341946867 4852439.666343675
0 4880 300001.62977024517 4851218.056141918
122 4880 301221.5518290464 4851219.186187711
244 4880 302441.45555190666 4851218.929312163
366 4880 303661.97347943357 4851217.76591746
488 4880 304882.02525291796 4851217.931640895
854 4880 308542.1623235848 4851217.759064493
1098 4880 310982.6926121908 4851217.004382669
1342 4880 313420.8407289111 4851219.252531526
1830 4880 318302.1407212398 4851218.573043844
1952 4880 319521.90295418917 4851218.296112675
2074 4880 320742.12424912496 4851218.090421523
2196 4880 321961.8043030208 4851218.446212856
2440 4880 324402.62790486263 4851218.580347817
2562 4880 325622.898018668 4851217.65175898
3172 4880 331721.7963074736 4851218.375210201
3416 4880 334161.36414118676 4851218.724708144
3782 4880 337821.4547664623 4851219.102261892
3904 4880 339041.5691543607 4851219.067666353
4392 4880 343921.3436464823 4851219.0575145595
4636 4880 346361.48077519465 4851219.40096757
0 5002 300001.01848169375 4849998.321035826
122 5002 301221.88177756936 4849998.432880978
244 5002 302441.44226334867 4849999.156516593
366 5002 303660.88660794793 4849999.08023995
610 5002 306102.0388542763 4849998.9757254375
732 5002 307321.7497779144 4849999.177610476
854 5002 308542.7213320054 4849997.856900182
1586 5002 315862.2334909886 4849998.250209283
1708 5002 317082.58668420376 4849998.435903345
1952 5002 319522.3781043362 4849997.932074221
2196 5002 321961.24371410254 4849998.957305743
2318 5002 323182.3688985079 4849998.409839294
2440 5002 324402.14827078476 4849998.261978948
2562 5002 325622.00576631364 4849998.56753629
2684 5002 326841.49686248024 4849999.078215429
2806 5002 328061.40319861757 4849998.938243609
2928 5002 329282.6376092438 4849998.253676467
3172 5002 331722.74016211636 4849998.183378991
3538 5002 335381.455487908 4849998.622650581
3904 5002 339042.6729194086 4849998.283162933
4148 5002 341481.58965896704 4849997.997588966
4270 5002 342702.17416623596 4849997.442066568
0 5124 300001.76041327044 4848778.107124764
122 5124 301221.0043377437 4848778.321951082
244 5124 302441.59388494305 4848778.134948754
366 5124 303662.0584793768 4848778.0602773605
488 5124 304882.04133052466 4848777.981972065
610 5124 306102.2100143748 4848777.686111177
732 5124 307322.0242167987 4848778.256479215
854 5124 308541.6855964048 4848778.729007979
976 5124 309761.6776841243 4848778.344802901
1220 5124 312201.4806791878 4848779.006727749
1342 5124 313422.2280980451 4848779.072892939
1464 5124 314641.93183456623 4848779.299925796
1586 5124 315861.4257202149 4848778.958974198
1830 5124 318301.6075893482 4848778.766522386
1952 5124 319521.9700087774 4848778.669655978
2196 5124 321961.8144636889 4848778.448064847
2440 5124 324401.81244375766 4848779.185159121
2562 5124 325621.39385945944 4848778.876805868
2684 5124 326841.07111308404 4848778.602195388
2928 5124 329282.5405072243 4848778.556875031
3294 5124 332941.4308020946 4848780.129406172
3660 5124 336602.22010585846 4848779.3950332245
3782 5124 337822.09953012224 4848778.519096739
4148 5124 341481.7656786342 4848778.764747748
4636 5124 346362.9555029179 4848777.956536115
244 5246 302441.86574301403 4847557.6605076445
488 5246 304881.80702469783 4847557.76450629
610 5246 306101.1559626903 4847558.175905321
732 5246 307321.6809085742 4847557.464721247
854 5246 308541.981929403 4847557.489991725
976 5246 309761.74832681037 4847558.102291095
1342 5246 313421.29791594256 4847558.524530515
1464 5246 314640.7889944742 4847557.692824477
1708 5246 317081.78867214976 4847557.644700347
1830 5246 318301.6454223806 4847558.199590487
1952 5246 319521.96136503626 4847557.530054074
2074 5246 320741.7047809525 4847558.166012057
2196 5246 321961.0446605102 4847558.160762875
2562 5246 325622.2213637973 4847558.597097362
2684 5246 326842.54945053795 4847558.4596056435
2806 5246 328061.9021834179 4847558.959273147
2928 5246 329282.11583341646 4847557.945090793
3050 5246 330501.8334360408 4847559.141570527
3782 5246 337821.67367880227 4847558.931173876
4148 5246 341481.37994023453 4847559.642856562
4270 5246 342700.77699627087 4847558.84268176
4392 5246 343921.39507687936 4847559.0144412685
4514 5246 345141.77914814476 4847559.878007722
4636 5246 346362.22511028306 4847559.395330801
4880 5246 348801.8492152035 4847559.12804574
366 5368 303661.42248080455 4846338.926529467
488 5368 304881.7651997298 4846338.801716286
610 5368 306101.8726380482 4846337.719547734
732 5368 307321.86153793836 4846337.915909326
854 5368 308542.20972453215 4846338.015218346
976 5368 309761.98174035444 4846338.247665001
1220 5368 312201.6616917774 4846338.135554137
1464 5368 314641.314518544 4846338.112576539
1586 5368 315861.7779846267 4846337.867134977
1708 5368 317081.60290440323 4846338.029691335
2196 5368 321961.48307725956 4846337.700890582
2318 5368 323181.68318730034 4846338.3501333725
2440 5368 324401.4444302776 4846337.801989583
2562 5368 325621.9042776396 4846338.112825042
2684 5368 326841.19838566956 4846338.513062058
2928 5368 329281.8557436929 4846338.243461584
3050 5368 330502.08152909426 4846339.106351926
3172 5368 331721.8959210268 4846339.385355667
3416 5368 334162.8451141099 4846338.49882185
3782 5368 337821.79318407236 4846338.652574143
4026 5368 340260.78038189845 4846339.014510451
4148 5368 341481.8325782304 4846339.010062384
4270 5368 342701.65527119045 4846339.388209324
4636 5368 346360.94514156226 4846339.485619981
4758 5368 347581.4457452716 4846339.730264516
122 5490 301221.15782597463 4845119.043136689
244 5490 302441.02388437244 4845119.559516688
366 5490 303660.85362595535 4845119.09682554
488 5490 304881.8695768079 4845118.752688291
610 5490 306101.5858641038 4845118.616222131
732 5490 307321.6919037807 4845118.573713905
976 5490 309761.6301961649 4845118.344483571
1220 5490 312201.9471362033 4845118.047608941
1342 5490 313421.89119846246 4845117.754640191
1464 5490 314642.1664543098 4845117.989208494
1586 5490 315862.268752161 4845118.061533035
1708 5490 317081.9130902974 4845117.829794511
1830 5490 318301.3657928002 4845117.543099926
1952 5490 319521.45985195896 4845118.652331507
2074 5490 320741.26626615797 4845118.28138146
2318 5490 323182.1508016898 4845117.550195696
2440 5490 324401.8154427417 4845118.086526792
2562 5490 325621.95511775225 4845118.125516398
2684 5490 326841.7914907813 4845118.21682823
2928 5490 329281.690673863 4845118.169035518
3294 5490 332942.09183578845 4845118.166098924
3538 5490 335381.9691797805 4845118.978005694
3660 5490 336602.31526632793 4845119.220569585
4270 5490 342701.8487288621 4845118.168294387
4392 5490 343921.5652939941 4845118.0000182865
4514 5490 345139.98105440516 4845119.965063779
4636 5490 346362.0381936034 4845118.341106799
4758 5490 347581.3629808519 4845120.178226927
122 5612 301221.4265098526 4843898.751023918
244 5612 302441.8596575878 4843898.822583267
366 5612 303661.8833261801 4843898.547021183
488 5612 304881.4891250265 4843898.957387276
732 5612 307320.7565950937 4843899.131126922
854 5612 308541.02408131695 4843899.1030450845
1220 5612 312201.7484146776 4843899.252637611
1342 5612 313422.0066107749 4843898.877584788
1586 5612 315861.94402854 4843898.7633921895
1708 5612 317082.14126099914 4843898.217801729
1830 5612 318301.76725687325 4843898.583157162
1952 5612 319521.80161553674 4843898.240968007
2562 5612 325621.41666300275 4843898.36200474
2684 5612 326840.9927876279 4843898.017262005
3050 5612 330501.8599420095 4843898.229031015
3660 5612 336601.9022112028 4843898.112329692
4148 5612 341481.3275471254 4843898.750329359
4270 5612 342701.76237783884 4843898.705695344
4392 5612 343922.13467335247 4843898.303904832
4880 5612 348801.53405594826 4843897.818634718
5246 5612 352460.8941849523 4843900.124001222
244 5734 302441.17888961907 4842679.263359306
488 5734 304881.0764104225 4842679.36032782
610 5734 306101.6063074174 4842678.709259839
732 5734 307321.80707308097 4842678.291888955
976 5734 309761.06364466646 4842678.74237641
1098 5734 310981.2113382761 4842678.777355179
1220 5734 312200.6682212497 4842678.924731915
1342 5734 313422.1329289068 4842678.51731837
1464 5734 314642.1886371222 4842679.080229071
1586 5734 315862.18014535826 4842678.891612984
1708 5734 317082.44231422315 4842678.9186501
1830 5734 318301.5896111573 4842679.274029946
1952 5734 319521.4502809051 4842679.347763817
2196 5734 321962.1297256178 4842678.6250773
2440 5734 324401.7640837793 4842678.721011194
3172 5734 331721.34653775074 4842677.933647287
3294 5734 332942.53587854496 4842677.371904328
4514 5734 345141.60798847687 4842678.897883104
5002 5734 350021.7101659826 4842678.8064902
0 5856 300000.5455052069 4841458.713907047
122 5856 301221.0502799602 4841458.897611183
244 5856 302441.5857138334 4841458.725044106
366 5856 303661.7482240004 4841457.9292946365
488 5856 304882.05659133417 4841458.188669984
610 5856 306101.5399664878 4841457.753618481
732 5856 307321.4712292164 4841458.180003465
854 5856 308541.8516001737 4841458.1435642075
976 5856 309761.51943038515 4841457.910344125
1098 5856 310981.26321679325 4841458.590140363
1220 5856 312202.04351979523 4841458.291477403
1464 5856 314642.16360985907 4841458.45222145
1586 5856 315861.40951480647 4841458.817241389
1830 5856 318302.19441677915 4841459.1197126955
2074 5856 320742.2178674603 4841458.124259798
2196 5856 321962.4158871434 4841458.434743278
2318 5856 323182.16964093194 4841458.689032045
2440 5856 324401.7247633914 4841458.859208512
3172 5856 331721.4376063921 4841458.842759256
3416 5856 334161.011437633 4841458.747240617
3538 5856 335381.5129846144 4841458.087650137
3660 5856 336602.0026057002 4841458.0501589915
4758 5856 347581.3499198605 4841459.431638212
5246 5856 352461.98159034277 4841458.896762883
5368 5856 353681.4845300997 4841458.631681318
5490 5856 354901.7297195108 4841458.868939696
610 5978 306100.79829666164 4840238.872683208
732 5978 307321.4075753592 4840238.747420346
854 5978 308541.4200228188 4840238.878966652
1708 5978 317081.04637645686 4840238.58512597
1952 5978 319521.56274595764 4840238.211505008
2318 5978 323181.7652637484 4840238.99913792
2440 5978 324402.2168104313 4840236.809966704
2684 5978 326842.4255602768 4840238.606499361
2928 5978 329281.2189447407 4840239.227076597
3050 5978 330501.8560236747 4840239.169158626
3172 5978 331721.7412805766 4840238.741844614
3294 5978 332942.1287108657 4840239.301565223
3538 5978 335382.2345615393 4840238.1874874
4758 5978 347580.7577254542 4840239.197820822
5002 5978 350021.31102412764 4840240.263178202
5124 5978 351241.7999429045 4840239.019903635
5246 5978 352462.04218919144 4840238.738011835
5368 5978 353681.16219823295 4840238.966883822
5490 5978 354900.16996467154 4840239.904975643
244 6100 302441.106317187 4839019.315513209
488 6100 304881.41684847936 4839019.281588274
610 6100 306102.0426082859 4839018.293381176
854 6100 308540.6999838984 4839018.5272098575
1098 6100 310980.8912907747 4839017.713710788
1342 6100 313422.34364440734 4839018.742960982
1586 6100 315861.434040686 4839017.9315019855
1830 6100 318301.3666700484 4839018.105173993
2440 6100 324401.7582625364 4839018.57044151
2562 6100 325621.4188622499 4839018.0553165125
2684 6100 326841.9812239252 4839018.603288891
2928 6100 329281.72298639896 4839019.241344038
3050 6100 330501.91811066016 4839018.9985595
3172 6100 331721.57902903075 4839019.017748157
4880 6100 348801.4955301036 4839018.378194206
5002 6100 350021.93280848145 4839018.126238064
5124 6100 351241.8919361949 4839018.2829119135
5246 6100 352461.03746661945 4839018.238423416
5612 6100 356121.92896939575 4839018.026003316
122 6222 301221.2977658567 4837799.114608693
366 6222 303661.5616738459 4837798.659226165
610 6222 306101.13266100996 4837799.246995996
1220 6222 312201.6480520823 4837799.213632831
1342 6222 313422.0652879753 4837798.766106862
1464 6222 314642.2471739751 4837797.93938854
1586 6222 315862.95316301065 4837797.427306166
1708 6222 317082.1741970914 4837797.900659157
1830 6222 318302.15430471936 4837798.324235673
2074 6222 320741.41215760435 4837797.824418113
2196 6222 321961.99558002444 4837797.694743891
2318 6222 323181.8606669438 4837798.5102582965
2440 6222 324401.7434149501 4837798.20704705
2562 6222 325621.1649191728 4837798.180810781
2928 6222 329281.3442138558 4837798.63640691
3294 6222 332941.9135603959 4837798.393437423
3416 6222 334161.5423709745 4837799.469233877
3904 6222 339041.5626926934 4837799.252357921
4026 6222 340261.5922456936 4837799.41089132
4148 6222 341481.1540555731 4837798.53198592
4270 6222 342701.31209112995 4837798.535224608
4392 6222 343921.6410174902 4837798.518741581
4758 6222 347581.90952921775 4837797.9451538185
4880 6222 348802.2397856779 4837798.526300399
5002 6222 350021.9124752212 4837797.307711857
5246 6222 352461.59418238944 4837799.593998764
5490 6222 354901.7043334999 4837797.972131516
5612 6222 356121.5917446953 4837798.428504615
5734 6222 357339.4052888458 4837798.736714836
5856 6222 358561.43179306644 4837799.882519429
0 6344 300002.46761545335 4836578.658118619
122 6344 301220.8034794627 4836579.078662057
732 6344 307321.4592633978 4836578.820269049
854 6344 308541.7684304589 4836578.494674275
1098 6344 310981.66396238026 4836578.673945604
1220 6344 312201.9286572685 4836578.646522118
1342 6344 313421.6294855306 4836578.572467525
1464 6344 314641.3764539444 4836578.741015564
1586 6344 315861.7427118501 4836579.143511158
2562 6344 325621.2299883483 4836578.182672045
2684 6344 326841.8439125382 4836578.523444645
2806 6344 328061.51604259625 4836578.668909067
3050 6344 330501.6981150864 4836578.035230935
3538 6344 335381.7280756509 4836578.385804688
3782 6344 337821.7221774526 4836578.08568595
4148 6344 341480.8460457853 4836579.215162443
4270 6344 342701.3359462792 4836579.145201622
4392 6344 343921.1115180871 4836578.7626099475
4636 6344 346361.5935947814 4836579.16362142
4880 6344 348801.3843136573 4836578.8212233065
5002 6344 350021.81505844125 4836577.991230223
5612 6344 356121.41676984355 4836578.039840046
5978 6344 359781.8271589837 4836577.8880873425
122 6466 301221.00479943946 4835358.919451582
244 6466 302441.3183534298 4835359.144213478
488 6466 304880.6008855962 4835359.240760617
976 6466 309760.90096697665 4835359.437906816
1220 6466 312202.04795049084 4835358.04291261
1342 6466 313421.7285907648 4835357.903211675
1464 6466 314641.25661218 4835358.69495734
1586 6466 315861.2728104293 4835358.692848007
2074 6466 320741.3921819383 4835359.0697708
2196 6466 321961.31536148675 4835358.907497508
2318 6466 323181.10117774835 4835360.373730095
2440 6466 324402.1557796304 4835358.8856314365
2562 6466 325622.17239500943 4835358.436765859
2684 6466 326842.51434076234 4835358.395651297
2928 6466 329281.98872287205 4835358.910418983
3050 6466 330501.84418582375 4835357.872933532
3172 6466 331722.11458782916 4835358.105984831
3416 6466 334161.7836082462 4835357.563654079
3660 6466 336602.3053029506 4835357.445108276
4148 6466 341481.40056001686 4835357.924167501
4270 6466 342702.6272482662 4835357.819630816
4392 6466 343921.5371687654 4835358.70151272
5002 6466 350021.00651752914 4835358.973476265
5124 6466 351241.04879225156 4835360.1696986165
5246 6466 352461.564322913 4835359.266614346
5368 6466 353681.6620939916 4835358.868445413
5978 6466 359781.6077528672 4835358.112792165
122 6588 301221.2825548365 4834138.457804264
244 6588 302441.2750660934 4834138.536042914
366 6588 303662.1928273354 4834138.831081902
488 6588 304880.8721036434 4834138.119324662
610 6588 306101.427010491 4834138.526568427
732 6588 307321.62914639706 4834138.6812223
976 6588 309761.34210627084 4834138.708739079
1220 6588 312201.6396987414 4834138.152249682
1464 6588 314641.8657969949 4834138.126809857
1708 6588 317082.64463318675 4834137.4160177
1830 6588 318302.44796199095 4834137.944745087
1952 6588 319522.42900714773 4834137.862747539
2074 6588 320740.9318046095 4834137.975241791
2196 6588 321962.29267722473 4834137.866116277
2318 6588 323181.4073725933 4834138.59538022
2440 6588 324401.1839568126 4834138.8295141645
2562 6588 325621.72881478444 4834138.602049038
2684 6588 326841.46692635486 4834139.001270441
2806 6588 328061.17340611655 4834138.959065515
3172 6588 331721.83085583907 4834138.738237439
3294 6588 332941.8167750962 4834138.909280474
3416 6588 334161.484271521 4834139.117951827
3538 6588 335382.39700285596 4834139.211779256
3904 6588 339041.7482850848 4834138.661807916
4636 6588 346362.1840920236 4834138.321325983
5734 6588 357339.79924782045 4834140.204900458
488 6710 304881.87415808847 4832918.419149531
610 6710 306101.62704910524 4832918.73180956
732 6710 307321.6413567577 4832918.702687318
854 6710 308541.3748230705 4832918.632161209
1220 6710 312201.78446776274 4832919.131986085
1464 6710 314641.37359061604 4832918.160632306
1830 6710 318301.33906104066 4832917.712957202
2318 6710 323181.89443661633 4832917.689931519
2440 6710 324401.4682228243 4832917.823539508
2562 6710 325621.5585434249 4832918.478959897
2684 6710 326841.80903848994 4832918.202279279
2928 6710 329281.6334199877 4832918.799973682
3294 6710 332941.4490619794 4832919.951186043
3782 6710 337822.2226076321 4832918.549249784
6100 6710 361000.74034451216 4832918.595325629
122 6832 301221.874869028 4831697.976895124
854 6832 308541.6973532693 4831698.395220234
976 6832 309761.83063068136 4831698.375479721
1342 6832 313421.5570472561 4831698.541370622
1464 6832 314641.70323206217 4831698.859132302
1586 6832 315861.0253866429 4831699.191185897
1708 6832 317081.11054619815 4831698.827797675
1830 6832 318302.10031085875 4831698.543980417
2318 6832 323181.94566957693 4831698.1329716025
2440 6832 324401.65426064853 4831698.353256893
2562 6832 325622.27840420173 4831697.619935157
2806 6832 328061.66602959775 4831697.889191421
2928 6832 329281.54028533323 4831697.692790017
3050 6832 330501.4100820304 4831698.46913488
3172 6832 331721.4565943812 4831698.213361732
3294 6832 332941.71975247416 4831698.053086652
3538 6832 335381.0834088518 4831698.523175806
3660 6832 336601.4898661944 4831699.2677144725
3782 6832 337821.30946340103 4831699.011823953
4026 6832 340261.60787297226 4831698.959688168
4514 6832 345141.11332000094 4831700.643863006
4636 6832 346361.7834599702 4831700.579312353
5124 6832 351241.7253168963 4831698.575360491
5368 6832 353681.71580187895 4831697.9873553505
5978 6832 359781.4874616966 4831698.7125448
0 6954 300001.7450094608 4830479.056213039
366 6954 303662.21928126056 4830478.2610189505
488 6954 304881.6128024595 4830478.244000431
610 6954 306102.1840548567 4830477.757040747
1098 6954 310982.0073151247 4830478.085806523
1342 6954 313421.59147478483 4830478.60332711
1708 6954 317081.2812798634 4830479.269824471
1830 6954 318301.354339992 4830479.139680425
1952 6954 319521.3725797117 4830478.367988292
2074 6954 320741.47001415177 4830479.464537674
2196 6954 321961.5908769672 4830479.074842887
2440 6954 324401.67585947533 4830478.261711582
2562 6954 325621.36416794936 4830478.94478662
2684 6954 326841.7359601158 4830478.083897496
2806 6954 328061.6978582804 4830478.1350900745
2928 6954 329282.19088968815 4830477.732204992
3294 6954 332941.77681001526 4830477.377023779
3416 6954 334161.48617799365 4830477.984212094
3660 6954 336601.4410306276 4830478.3360786205
3782 6954 337821.4886147278 4830478.629034958
3904 6954 339040.8258766166 4830479.549474295
4148 6954 341481.2784858318 4830479.664468045
4270 6954 342701.3205413252 4830478.8407916045
4514 6954 345141.1634905446 4830479.698781457
4636 6954 346360.4665381744 4830478.475232453
5368 6954 353681.2853562553 4830478.548916677
5856 6954 358561.8124205212 4830478.3822945235
7320 6954 373201.28424757737 4830479.791519303
610 7076 306101.49207236787 4829258.396309804
854 7076 308541.69801543007 4829258.541105526
976 7076 309761.15828612685 4829258.944976369
1098 7076 310981.8342972764 4829258.867443505
1220 7076 312201.9602379634 4829258.5537591195
1464 7076 314642.26969372894 4829257.70104234
1586 7076 315861.98381262086 4829258.476194035
1708 7076 317080.80692799186 4829258.362210739
1830 7076 318301.32419326867 4829258.753113622
1952 7076 319520.9282541241 4829259.103662077
2074 7076 320740.87504465773 4829259.033308441
2196 7076 321961.89480524324 4829258.704448636
2318 7076 323181.17792643874 4829258.458753248
2440 7076 324401.82182957366 4829258.312777632
2684 7076 326841.6287814718 4829259.139806958
2806 7076 328062.24882204743 4829259.115108007
2928 7076 329281.66155412165 4829258.867721209
4026 7076 340262.0928805528 4829257.880007462
4148 7076 341481.3386566225 4829259.0175383175
4758 7076 347581.4231322433 4829258.444749215
5246 7076 352461.6398117735 4829259.136846091
5368 7076 353680.6857911758 4829259.380745138
5490 7076 354901.66342877765 4829259.687272717
5856 7076 358561.0064152667 4829258.834280527
5978 7076 359782.0108132542 4829257.965305541
6100 7076 361002.1561498633 4829257.801174821
6222 7076 362221.30936317955 4829257.78248377
7076 7076 370761.5068451263 4829258.557047276
7442 7076 374419.8070046685 4829259.879607697
7686 7076 376861.2346816712 4829259.294287897
0 7198 300001.5331707706 4828038.72876864
122 7198 301221.7570419663 4828038.698707779
366 7198 303661.43581342394 4828038.496101449
610 7198 306101.6735383655 4828039.014181168
732 7198 307320.9004958776 4828038.956609756
976 7198 309762.1058435728 4828038.268995981
1586 7198 315862.04839092575 4828038.148928176
1708 7198 317081.7877569752 4828038.858053119
1830 7198 318301.98521453317 4828037.855073204
2074 7198 320741.46751041926 4828037.790293776
2562 7198 325620.9324967852 4828038.573755556
2684 7198 326841.578120464 4828038.509534289
3172 7198 331721.80267727585 4828038.610656659
3294 7198 332942.27899239806 4828038.410661913
3416 7198 334161.6295574786 4828038.40625898
4392 7198 343921.67421900947 4828038.557365731
5002 7198 350020.65033286606 4828039.2454160275
5490 7198 354901.0193566904 4828039.701181556
5612 7198 356121.76451357576 4828038.947353069
5856 7198 358561.13769184187 4828039.095102408
5978 7198 359781.3544398268 4828038.886777298
6100 7198 361001.4762132772 4828038.625465976
6832 7198 368320.60671678744 4828037.925958342
7320 7198 373201.52925079595 4828038.655714943
8174 7198 381742.0862534961 4828038.99543284
122 7320 301221.824091921 4826818.192340899
244 7320 302441.59001492517 4826818.946461169
610 7320 306102.0744277077 4826818.165968028
854 7320 308541.69150847837 4826818.533956324
976 7320 309761.8399911608 4826819.014148293
1220 7320 312202.2028617248 4826818.769535908
1586 7320 315862.23608051933 4826818.397878513
1708 7320 317082.37029924535 4826818.895440764
1830 7320 318301.0628413947 4826819.143497352
1952 7320 319521.8529577726 4826818.757614308
2074 7320 320742.4169784771 4826818.887912996
2196 7320 321961.47795507294 4826818.450443979
2318 7320 323182.23088893574 4826817.525222268
2440 7320 324402.56083195267 4826818.331391683
2562 7320 325622.1665358462 4826817.769824602
2684 7320 326841.3402850794 4826818.568544607
2806 7320 328060.7772473845 4826818.115459859
2928 7320 329281.0479184362 4826818.571397843
3050 7320 330501.12882151705 4826818.561527218
3172 7320 331721.30479002645 4826818.762945686
3294 7320 332941.9569228359 4826817.795470385
3416 7320 334161.8348703917 4826818.183109739
4148 7320 341481.63864596025 4826818.994229885
5124 7320 351241.7365429581 4826818.240712946
5246 7320 352460.0645975781 4826820.049527606
5856 7320 358561.21133198537 4826819.388691691
5978 7320 359780.84824158344 4826818.909856012
7320 7320 373201.0337686923 4826818.186328472
7442 7320 374421.00726601033 4826818.138661876
7564 7320 375640.6646755458 4826818.108520119
7686 7320 376860.7981811734 4826818.709611252
7808 7320 378081.6249052091 4826818.725473439
8296 7320 382961.22058034164 4826818.531585289
122 7442 301221.32537552196 4825600.392325285
244 7442 302441.13287575764 4825598.687862523
366 7442 303661.69157485437 4825599.428094702
488 7442 304881.3720315131 4825598.852734242
610 7442 306101.7980220705 4825599.251426977
732 7442 307321.7177337274 4825598.867032581
854 7442 308542.14114088245 4825598.9875484295
1098 7442 310982.0534484655 4825598.245879495
1220 7442 312201.7742700533 4825598.3699334385
1464 7442 314641.1764216648 4825599.844828122
1708 7442 317082.11280791485 4825598.645119996
1830 7442 318301.99335417413 4825598.396036424
1952 7442 319522.06597209646 4825599.315768335
2074 7442 320742.09400418773 4825598.290314813
2318 7442 323181.492019233 4825598.587762626
2440 7442 324401.6644179224 4825598.519659195
2684 7442 326841.7362362882 4825598.12918331
3050 7442 330501.50874037633 4825598.20579861
3172 7442 331720.69114118785 4825599.055118821
3416 7442 334161.0135114352 4825599.399383065
4026 7442 340261.82769948884 4825599.524359785
4270 7442 342701.3424586084 4825597.871384661
5734 7442 357340.10723457154 4825599.810500274
5978 7442 359781.61536758713 4825598.42279624
6832 7442 368321.6907708386 4825599.199447127
7198 7442 371982.18718820624 4825598.418972479
7320 7442 373201.59974386764 4825597.451947238
7442 7442 374422.15872332815 4825597.498891428
7564 7442 375641.829355213 4825598.086642759
8174 7442 381740.91640659596 4825598.255117337
8296 7442 382961.61853849795 4825598.12894492
0 7564 300001.40734524734 4824378.702175946
244 7564 302441.1209115175 4824379.329927732
488 7564 304880.6919293279 4824379.751026152
610 7564 306100.81258575537 4824379.369183982
732 7564 307321.59563576424 4824379.590373101
854 7564 308541.92891445226 4824378.490162174
976 7564 309762.2832484658 4824378.257424007
1342 7564 313422.0649446458 4824378.320200664
1708 7564 317081.87588712 4824377.846348413
1952 7564 319521.8367948819 4824379.072983521
2196 7564 321961.9080282869 4824379.146045487
2318 7564 323181.5086118728 4824379.40343265
2562 7564 325621.9656290471 4824379.298030229
2684 7564 326842.10225925216 4824378.75817051
2806 7564 328062.1999593614 4824378.379779997
2928 7564 329281.8822445808 4824378.781821904
3050 7564 330501.44608958263 4824378.941276786
3172 7564 331721.7050889705 4824379.077321604
3416 7564 334161.8383767453 4824378.938989418
3660 7564 336601.5777235263 4824378.834836344
3782 7564 337821.65437326103 4824378.32700888
4148 7564 341481.8005003878 4824378.5784135545
4514 7564 345141.3652994458 4824379.4413384255
5002 7564 350021.3004632892 4824378.801190173
5490 7564 354901.2599562231 4824379.072350606
5734 7564 357341.26892292727 4824379.025740396
6832 7564 368320.3532075272 4824379.747753689
7198 7564 371981.03072773153 4824378.72511612
7808 7564 378081.63781418843 4824378.658611931
8418 7564 384181.0721052629 4824379.746106279
0 7686 300001.39520604705 4823159.058477442
122 7686 301221.48243078066 4823158.46246266
366 7686 303661.43339030625 4823159.008114533
488 7686 304881.3092596166 4823158.769281259
610 7686 306101.6535277598 4823159.180328852
976 7686 309761.3754957806 4823158.272392089
1098 7686 310981.647101141 4823157.721416516
1220 7686 312201.99407000357 4823158.490433753
1342 7686 313422.5468151916 4823158.35310219
1952 7686 319521.5128787162 4823158.169704154
2074 7686 320742.13446883863 4823157.844572941
2196 7686 321961.2602129943 4823158.338990111
2318 7686 323181.24118426995 4823158.926491834
2928 7686 329281.8632323037 4823158.986465408
3050 7686 330501.8943567003 4823159.764489841
3294 7686 332941.1742997008 4823159.203712638
3416 7686 334161.2616303289 4823159.255242415
3782 7686 337822.0004420079 4823159.105479876
4270 7686 342701.63697203726 4823160.744208855
4392 7686 343921.5125064715 4823158.463974256
4636 7686 346361.7317574041 4823158.534012635
4880 7686 348801.5477305536 4823160.923744109
5124 7686 351242.0749160159 4823160.547213187
6954 7686 369540.93037737836 4823159.225544089
7442 7686 374420.97481183737 4823158.937351734
7686 7686 376861.8576696706 4823158.756782781
7808 7686 378081.51565492887 4823159.099343616
7930 7686 379302.3017156117 4823158.264110922
8174 7686 381741.17214344605 4823159.101183791
8418 7686 384181.81591592747 4823158.511968311
8662 7686 386622.10992104234 4823158.890588247
122 7808 301221.1906664744 4821939.17200552
488 7808 304882.75776557677 4821937.391913008
732 7808 307321.6877962832 4821937.424958224
1098 7808 310981.7209111324 4821938.945623455
1220 7808 312202.1233429212 4821939.3267317675
1342 7808 313422.23253356735 4821939.033725421
1464 7808 314641.3949208444 4821938.43990213
1952 7808 319521.9364060484 4821938.291786677
2074 7808 320741.8320671338 4821938.895651319
2196 7808 321961.4974884471 4821938.6143649435
2318 7808 323181.57089540065 4821938.852005628
2684 7808 326841.4941552493 4821938.845085132
2806 7808 328061.3051383185 4821938.335677309
2928 7808 329282.31142460095 4821937.6463077115
3416 7808 334160.9204462972 4821938.657852999
3538 7808 335381.7670290265 4821938.197313038
4148 7808 341481.69402189145 4821940.8443108415
4392 7808 343921.1306978156 4821939.150529783
4514 7808 345140.72676831705 4821939.299608701
5124 7808 351241.4281835593 4821938.895238336
5490 7808 354901.88984543394 4821940.530112952
5856 7808 358561.280083993 4821939.164120459
7320 7808 373200.56943516363 4821938.571542157
7442 7808 374420.9764681557 4821938.839251424
7564 7808 375640.89624284656 4821939.0384221105
7686 7808 376860.2042845544 4821938.496974998
7808 7808 378081.2862324305 4821938.663949437
8296 7808 382961.2277699548 4821938.207919948
8540 7808 385400.88501421263 4821938.256990372
0 7930 300001.38226829347 4820717.905941366
122 7930 301221.4827821812 4820718.700278996
244 7930 302442.3159241315 4820717.690522557
610 7930 306100.8136793499 4820717.979608003
732 7930 307321.87687697617 4820718.074399539
854 7930 308541.0379005274 4820718.817210843
976 7930 309761.46811467444 4820717.8294156045
1098 7930 310981.61108373373 4820718.777187006
1220 7930 312201.7835140946 4820718.5874207355
1342 7930 313421.51979339775 4820718.966125671
1464 7930 314641.6536750778 4820718.960662274
1708 7930 317081.91929613525 4820719.204237544
1830 7930 318301.6032471413 4820718.9668201
1952 7930 319521.5575305796 4820718.733716068
2196 7930 321961.93088437186 4820719.259047928
2318 7930 323182.546646525 4820719.295563419
2440 7930 324401.8308529383 4820719.03461964
2562 7930 325621.9910013309 4820718.366684849
2684 7930 326841.52923618356 4820719.416673744
2806 7930 328061.64133258985 4820718.5094024995
3538 7930 335381.3952282216 4820717.876932395
3660 7930 336601.519524539 4820718.3468042975
4026 7930 340261.1783295819 4820718.14017607
4148 7930 341481.72560533986 4820718.004960621
4392 7930 343921.0403370021 4820718.853992094
4514 7930 345141.5868775201 4820719.36889471
4758 7930 347581.66277218296 4820720.910328582
5002 7930 350021.0159576552 4820719.611146755
5246 7930 352461.9077175306 4820719.123798295
5490 7930 354902.53449409065 4820719.866715526
6222 7930 362221.939364526 4820719.823006281
7320 7930 373202.1115656189 4820718.285576022
7442 7930 374422.5650417272 4820718.209743977
7564 7930 375641.5066057688 4820717.540136702
7808 7930 378081.22818523186 4820717.854453616
8418 7930 384181.7106036793 4820718.061378256
8540 7930 385401.2835446285 4820717.940075576
8662 7930 386621.4850950164 4820718.58631085
8784 7930 387841.87282160105 4820717.738328455
122 8052 301221.7380062197 4819497.609270342
244 8052 302441.2744502259 4819498.496493553
366 8052 303661.8453293861 4819497.809446637
488 8052 304881.21809331095 4819498.492187435
610 8052 306102.1115635516 4819498.074969804
854 8052 308541.3940083293 4819498.25546227
1098 8052 310981.80098585197 4819497.604698928
1342 8052 313421.7272585422 4819498.518058753
1464 8052 314641.6407240432 4819498.599487359
1586 8052 315861.6970029475 4819498.38434497
1708 8052 317081.703597301 4819498.705661016
1830 8052 318301.60928784957 4819498.749575197
1952 8052 319521.45965991693 4819498.149632482
2074 8052 320741.7631306706 4819499.008389462
2196 8052 321962.26653973863 4819498.717844332
2318 8052 323181.45158186735 4819498.917445423
2562 8052 325621.2922581585 4819499.182953233
2806 8052 328061.40818293777 4819499.400078141
2928 8052 329281.08685677435 4819499.367498402
3416 8052 334161.25021419814 4819497.360857167
3538 8052 335381.16009792674 4819497.997571819
3660 8052 336601.59290982137 4819497.580094958
4392 8052 343920.11924450943 4819499.874829666
4514 8052 345141.09814353904 4819498.880466695
4636 8052 346362.2256896217 4819497.928106744
4758 8052 347581.08572258113 4819498.412866251
5002 8052 350021.37783335237 4819500.487757085
5856 8052 358561.0651254632 4819500.812875024
6222 8052 362221.4633648844 4819497.839417346
7320 8052 373202.0048790372 4819498.318303521
7442 8052 374422.1081858048 4819498.297889813
8662 8052 386621.1709049129 4819498.424375297
8784 8052 387840.1348573757 4819500.115889798
0 8174 300001.5362275641 4818278.541643367
122 8174 301222.94966240606 4818277.304946516
244 8174 302442.6307472146 4818278.1823917935
366 8174 303662.40817267436 4818278.664283793
610 8174 306101.60003754665 4818278.392832081
732 8174 307321.7070038955 4818278.940231948
976 8174 309762.21817290876 4818278.378696666
1342 8174 313421.81041749805 4818278.417549361
1708 8174 317082.5540673126 4818277.930166854
1830 8174 318301.8098495017 4818278.231875549
2196 8174 321961.3756829839 4818278.440517516
2440 8174 324401.555598118 4818278.83513405
2562 8174 325621.32650316006 4818279.117764727
2684 8174 326841.89697329944 4818279.11005269
2806 8174 328061.77897296555 4818279.018618834
2928 8174 329281.43583109375 4818278.973191621
3050 8174 330502.18543831387 4818280.918879208
3416 8174 334163.37858750205 4818278.250894228
3538 8174 335381.886145308 4818278.263302804
3782 8174 337822.2498045876 4818277.925920438
4270 8174 342700.6019802084 4818278.845389535
5490 8174 354901.3799078736 4818278.601048233
5734 8174 357341.71163696324 4818278.685526083
5978 8174 359781.2000091126 4818278.875979223
7076 8174 370761.73561173043 4818279.148502877
7442 8174 374422.940589355 4818278.687431764
8052 8174 380521.1622447009 4818279.072071711
8174 8174 381741.02736935415 4818279.9609212885
122 8296 301221.2785005375 4817058.342284215
244 8296 302441.30482990964 4817057.688022957
366 8296 303662.1682893802 4817057.931627575
732 8296 307322.56195343967 4817058.020147807
976 8296 309761.46661940543 4817058.603355613
1220 8296 312202.92430000077 4817058.212749347
1342 8296 313422.71888595755 4817057.964555557
1464 8296 314641.58891583304 4817058.711979227
1586 8296 315861.87503256934 4817058.779608386
1708 8296 317081.78467349446 4817058.56350849
1830 8296 318301.8187200148 4817058.737947322
1952 8296 319522.13622389187 4817058.426954741
2074 8296 320742.0781806211 4817057.7942082
2196 8296 321961.87082133174 4817058.105588522
2318 8296 323181.5477238158 4817057.920416826
2440 8296 324401.6302509311 4817058.142245595
2562 8296 325621.6910063365 4817058.335169085
2684 8296 326842.19461915694 4817058.056674873
2806 8296 328061.5319264936 4817059.012369051
2928 8296 329281.7728867724 4817058.095646586
3050 8296 330501.32951183704 4817059.020321188
3294 8296 332941.8463430932 4817057.955485349
3416 8296 334161.8606419357 4817057.970372983
3538 8296 335381.35099273996 4817057.848062974
3782 8296 337821.4745700287 4817058.82655564
4392 8296 343921.96753760683 4817057.797385437
4758 8296 347581.34434908826 4817057.773614883
4880 8296 348801.9679976549 4817057.8614062965
5368 8296 353682.24830512685 4817057.617038614
5490 8296 354902.1046877096 4817058.299263692
5734 8296 357341.69602133374 4817059.398542892
6222 8296 362222.0414724395 4817058.239674779
8662 8296 386621.08478689945 4817059.337689519
122 8418 301222.24810568703 4815838.040074257
366 8418 303663.05610686116 4815837.235741017
488 8418 304882.26826029294 4815838.183014523
610 8418 306100.66881845164 4815838.583659489
976 8418 309760.8867682847 4815839.258173155
1098 8418 310981.4382849942 4815838.623652092
1342 8418 313421.5857118543 4815838.126510066
1586 8418 315861.968190332 4815838.662320359
1952 8418 319522.5927539091 4815837.512510596
2318 8418 323181.5332709153 4815838.517809648
2440 8418 324401.74287559727 4815838.605625457
2684 8418 326841.7529910518 4815838.463252575
2806 8418 328061.46001583175 4815838.400800375
2928 8418 329282.1206083797 4815838.217392499
3050 8418 330501.64784037846 4815838.271689726
3172 8418 331721.6022644124 4815838.283199731
3294 8418 332942.0020508709 4815837.7520114705
3416 8418 334162.13086646417 4815837.925074116
3538 8418 335382.10814354 4815837.747939647
3660 8418 336601.5485322073 4815838.02006299
4270 8418 342702.15832806623 4815838.498574878
4392 8418 343922.2223828322 4815838.398982993
4636 8418 346361.56303511665 4815838.690926484
4758 8418 347582.89731770474 4815837.587752574
4880 8418 348801.6073478746 4815837.888709862
5368 8418 353682.4033514555 4815837.554234672
5856 8418 358561.0392743241 4815838.712849931
7442 8418 374421.6487632419 4815838.695654234
8052 8418 380519.93318576156 4815839.869438643
8540 8418 385401.3420197865 4815838.470552017
8662 8418 386621.56751280325 4815838.7745460365
0 8540 300001.8613462168 4814618.249493895
122 8540 301222.70166360046 4814617.624577569
244 8540 302442.0752029353 4814618.638221345
366 8540 303661.64690235996 4814617.568212653
610 8540 306101.68417672196 4814617.991903692
732 8540 307322.55380229856 4814618.145651994
1220 8540 312201.357162932 4814618.57424569
1342 8540 313420.7359121198 4814618.924194869
1586 8540 315860.9031595639 4814618.268977746
1708 8540 317082.32452025684 4814617.5459431335
1830 8540 318302.0284756528 4814618.151484982
1952 8540 319521.77048945613 4814618.458747089
2318 8540 323181.21864522534 4814619.410275192
2440 8540 324401.8815190817 4814619.37711425
2684 8540 326841.29394702316 4814618.796630493
2806 8540 328061.7686913755 4814618.703628492
3172 8540 331721.5804578589 4814618.7860835595
3294 8540 332941.9753313772 4814618.679610373
3782 8540 337821.9641679187 4814618.149731783
3904 8540 339041.8693729696 4814618.153425037
4392 8540 343920.4021091775 4814619.671740586
4514 8540 345141.2122804462 4814618.782408712
4636 8540 346361.7467902023 4814618.611849159
4758 8540 347581.98584672186 4814618.327115423
4880 8540 348801.69750461547 4814618.868190864
5124 8540 351241.7380650404 4814618.830418241
5612 8540 356122.9034182891 4814617.734554713
7198 8540 371982.1717021792 4814618.637492746
8052 8540 380521.4815690855 4814618.585003527
122 8662 301222.3329870622 4813397.110559063
244 8662 302442.0283759056 4813398.200542251
488 8662 304882.43815265875 4813397.449957232
610 8662 306101.3290090467 4813398.499036133
732 8662 307321.75369169284 4813398.485352904
1098 8662 310982.3267381038 4813398.227529574
1220 8662 312201.9791667615 4813397.782633158
1342 8662 313422.4867866621 4813398.135740871
1586 8662 315861.9832575245 4813398.708725176
1952 8662 319521.3948708617 4813398.308269454
2074 8662 320741.63846596 4813398.472387279
2196 8662 321961.4428836421 4813397.794107042
2440 8662 324401.2743223883 4813398.7711869795
2562 8662 325621.1020631237 4813398.99822607
2684 8662 326841.4407954426 4813398.839604641
2806 8662 328061.558557885 4813399.171449858
3050 8662 330502.1719509373 4813398.81408733
3294 8662 332941.5749560778 4813400.845201735
3538 8662 335381.79805633175 4813399.0953321345
3782 8662 337821.54690943955 4813398.791899511
3904 8662 339041.3453089736 4813399.10353375
4026 8662 340261.6114858042 4813399.438685878
4148 8662 341481.32930742274 4813398.641540194
4514 8662 345141.9338255276 4813398.40784288
4880 8662 348801.4955300923 4813399.121208957
5002 8662 350021.4010977783 4813398.539754556
5368 8662 353681.7918956287 4813398.521488116
5490 8662 354901.2089524951 4813398.664040043
5612 8662 356121.56114271266 4813399.181337865
6100 8662 361002.35150510876 4813397.690461685
6222 8662 362221.0545227525 4813398.174847959
7808 8662 378081.88090092485 4813400.663305178
7930 8662 379301.80627732276 4813398.969488678
8052 8662 380520.9572854113 4813398.207981354
8540 8662 385401.53804117953 4813397.40999246
8662 8662 386621.8017678401 4813398.549751744
8784 8662 387841.16320999525 4813397.686555501
9028 8662 390280.0340848232 4813400.0789665105
244 8784 302442.1570507932 4812177.690474066
366 8784 303661.99594740855 4812178.208642658
854 8784 308542.8336032979 4812178.107260091
976 8784 309762.84800234856 4812177.512498121
1220 8784 312202.36644270166 4812177.0483596055
1464 8784 314641.34755490045 4812178.408391372
1708 8784 317082.19805626257 4812178.983989661
1830 8784 318302.39697660843 4812177.504568237
1952 8784 319520.9481011775 4812177.83454564
2562 8784 325621.9388825494 4812177.911126152
2684 8784 326841.8553251276 4812178.490328476
2806 8784 328061.54681707517 4812178.379372415
2928 8784 329281.6126110216 4812178.719925651
3050 8784 330501.77679742046 4812180.653478258
3294 8784 332941.38670018397 4812179.193118626
3782 8784 337821.483170189 4812179.360105456
4514 8784 345141.4687319563 4812178.8663380025
4636 8784 346361.7032263456 4812178.865784734
5002 8784 350019.8536976079 4812179.876301596
5124 8784 351241.89490643697 4812178.513325822
5246 8784 352462.1576608315 4812178.529139033
5490 8784 354902.0412946745 4812178.253222894
5612 8784 356121.26219829964 4812178.624120645
5856 8784 358561.6657234436 4812178.986345938
5978 8784 359781.2752084546 4812179.401258834
6100 8784 361001.2297954033 4812179.513783392
6344 8784 363441.2141904299 4812177.676426671
7564 8784 375641.51636243245 4812177.5708682155
7808 8784 378080.5563683884 4812178.407857957
0 8906 300001.8133263214 4810958.258059119
122 8906 301222.85351750726 4810957.580776525
366 8906 303661.9851742054 4810958.124843627
488 8906 304881.6001018244 4810958.588283925
610 8906 306101.1855852686 4810959.139630853
732 8906 307321.7754912433 4810958.372967652
854 8906 308542.0941861646 4810959.036368399
1342 8906 313421.85009407083 4810958.471968835
1586 8906 315861.84249738936 4810958.81183955
2074 8906 320741.3594476423 4810958.787335166
2196 8906 321962.47664742323 4810958.25811353
2318 8906 323181.9513127404 4810958.884256759
3050 8906 330502.07251788164 4810958.719563663
3294 8906 332941.66429073736 4810959.136893658
3416 8906 334161.6216759917 4810958.627727844
3538 8906 335381.3836243679 4810959.375414848
3660 8906 336601.98720018216 4810959.235531191
3782 8906 337821.25402412197 4810959.676510479
4270 8906 342700.5232372796 4810958.718792068
4392 8906 343920.66900847177 4810959.047550277
4514 8906 345141.6560096363 4810958.833274697
4636 8906 346361.38111380895 4810958.829114971
4758 8906 347581.5538447108 4810959.090166116
4880 8906 348800.935135299 4810959.198611189
5002 8906 350021.47541963216 4810960.725953466
5368 8906 353681.79954091174 4810958.963871576
5734 8906 357341.5081369791 4810957.8781047845
5856 8906 358561.7920777445 4810958.013165416
6954 8906 369540.8643427017 4810957.866026112
7564 8906 375640.9940303138 4810958.26637216
7808 8906 378081.0151725322 4810958.056743818
8418 8906 384181.6447376041 4810957.809473285
8784 8906 387840.8037769192 4810960.075111567
0 9028 300001.9392654285 4809738.636913029
122 9028 301222.13874137687 4809737.6100198785
244 9028 302442.48167154216 4809737.990411597
366 9028 303662.1905165459 4809738.498061316
488 9028 304881.0565842924 4809738.830399966
610 9028 306101.35668109095 4809738.337043508
854 9028 308541.60523336916 4809738.091406129
976 9028 309761.18898572086 4809738.692807563
1342 9028 313422.0293051126 4809739.511238459
1830 9028 318302.43737143563 4809738.116948929
1952 9028 319522.0693455575 4809737.4864037875
2196 9028 321961.49143721606 4809738.913407369
2318 9028 323181.8182318886 4809738.637459486
2806 9028 328062.6228095045 4809738.234968549
3050 9028 330501.1241325832 4809739.0234259395
3172 9028 331721.2726949 4809739.473626133
3294 9028 332941.6899435293 4809740.975973737
3538 9028 335382.37168583134 4809738.836564127
3660 9028 336601.5957959217 4809739.096837697
3904 9028 339042.0004864784 4809738.594605889
4026 9028 340261.50515122653 4809738.447676743
4758 9028 347581.21049835643 4809738.73948137
4880 9028 348801.051846831 4809738.854353135
5002 9028 350021.35330953565 4809738.4259050265
5124 9028 351241.53715903213 4809737.920863493
5368 9028 353681.65071858896 4809738.646650023
5490 9028 354901.45472835255 4809737.79677469
5612 9028 356121.7968292539 4809738.444168626
5734 9028 357341.7528439535 4809738.296411808
7808 9028 378080.0637307466 4809739.871634538
8052 9028 380520.92024779436 4809740.282169515
122 9150 301222.1890273169 4808517.7169264285
488 9150 304882.04087946756 4808518.181012754
610 9150 306101.81762554264 4808518.198938294
732 9150 307321.44961195445 4808518.651136915
854 9150 308541.5650554355 4808518.255490849
1220 9150 312201.8759704325 4808518.070680351
1464 9150 314641.6736340344 4808517.7606966505
1830 9150 318301.40927387844 4808519.428773795
1952 9150 319521.12170371605 4808520.581654663
2074 9150 320741.34284270526 4808520.628567727
2196 9150 321962.6367701744 4808518.112465414
2318 9150 323182.0222322019 4808518.149669192
2806 9150 328061.5231451394 4808519.485172156
2928 9150 329281.6954103542 4808518.783816874
3050 9150 330501.60762995 4808518.567981464
3172 9150 331721.2785186749 4808519.089846221
3294 9150 332941.27919136285 4808520.960613829
3416 9150 334160.56335592194 4808519.088365932
3660 9150 336600.85678152577 4808519.574274633
3782 9150 337822.3905715489 4808518.897067205
3904 9150 339040.1301440237 4808520.053995229
4026 9150 340262.11171692127 4808517.965574986
4636 9150 346361.09433730884 4808518.859179413
4758 9150 347580.47360436653 4808518.965246903
5124 9150 351240.96746034507 4808518.591944492
5490 9150 354902.16870818136 4808518.167757289
5612 9150 356121.37031588436 4808518.81045126
7320 9150 373199.87910343235 4808519.824450672
7564 9150 375641.7500865695 4808519.507886524
8052 9150 380521.3270917531 4808519.404078193
8418 9150 384181.7447921695 4808519.243664509
8662 9150 386621.0316971308 4808519.646868892
8784 9150 387841.6055179301 4808518.808818198
9028 9150 390281.4840043507 4808518.805257444
122 9272 301221.53086923686 4807298.602055683
366 9272 303661.88358699373 4807297.95022738
488 9272 304881.6855770859 4807298.104550854
976 9272 309762.14637501776 4807298.1293434305
1098 9272 310982.12667232315 4807298.328033585
1342 9272 313421.55324477935 4807297.840086642
1464 9272 314641.78719395545 4807297.93464867
1586 9272 315861.9312368342 4807298.310354987
1830 9272 318302.2701680202 4807297.41806645
1952 9272 319522.02553330106 4807297.617627649
2440 9272 324400.874814371 4807299.803889199
2684 9272 326841.9623107849 4807298.939553648
2806 9272 328061.8629356116 4807299.216286938
3050 9272 330501.55834588746 4807298.751177918
3172 9272 331721.1159001866 4807299.2820157735
3294 9272 332941.72339847556 4807298.602357918
3904 9272 339040.80783212907 4807299.386947451
4026 9272 340260.50157428643 4807299.059576233
4148 9272 341480.7536679204 4807299.350430515
4270 9272 342701.56935339316 4807298.530837832
4514 9272 345141.55057171255 4807298.213309796
4758 9272 347580.33638866467 4807298.818188526
4880 9272 348801.60504977545 4807298.391793379
5002 9272 350021.4879722866 4807298.884562593
5246 9272 352461.58415482607 4807299.201504292
5368 9272 353681.3008980729 4807298.570692081
5856 9272 358561.59788235504 4807300.431266781
5978 9272 359781.24146133236 4807299.665057952
7564 9272 375641.48596691014 4807298.210202715
8052 9272 380521.0960395995 4807299.031756387
0 9394 300002.08273549215 4806077.555362301
366 9394 303662.0780018923 4806077.857527221
732 9394 307321.7180561888 4806078.218763211
854 9394 308541.1710743546 4806078.982167936
976 9394 309761.5858226238 4806078.431388675
1098 9394 310981.3841893718 4806078.327663897
1220 9394 312202.0423405125 4806078.131226731
1342 9394 313422.0360178584 4806078.088766126
1830 9394 318302.10111933644 4806077.619443611
1952 9394 319521.59128139855 4806077.760118249
2196 9394 321962.1067484977 4806078.069457978
2318 9394 323181.03678334516 4806078.984924756
2562 9394 325621.6864405207 4806078.617980082
2684 9394 326841.6079950259 4806078.610150333
2806 9394 328061.4830758762 4806078.748174859
2928 9394 329282.4530384136 4806078.33082984
3050 9394 330502.00086589257 4806078.7633185685
3172 9394 331721.02200027 4806078.817094104
3416 9394 334162.1377351947 4806077.949921739
3538 9394 335381.49402343435 4806077.916706856
4026 9394 340261.84636615973 4806078.559615978
4392 9394 343920.5695846871 4806079.057446522
4514 9394 345140.58262030204 4806079.161257058
4636 9394 346361.18562155287 4806079.136672329
4880 9394 348800.32016607875 4806079.907662821
5124 9394 351241.6539574356 4806077.650496526
5246 9394 352460.8680322397 4806078.565952951
5368 9394 353682.5724270969 4806077.849475742
7198 9394 371981.12385858654 4806078.727978527
7320 9394 373202.3455876327 4806077.776589646
7808 9394 378080.1480704435 4806080.191176398
7930 9394 379301.60894446546 4806078.668244577
8540 9394 385401.1529998074 4806078.982405258
9272 9394 392720.0796506384 4806078.129219602
0 9516 300001.1690683591 4804858.516959083
122 9516 301221.6703316493 4804858.663837612
366 9516 303662.41219021153 4804858.06202274
610 9516 306102.04327271716 4804857.956700892
976 9516 309761.7790661364 4804858.116824023
1098 9516 310982.2302912407 4804858.436886867
1220 9516 312201.96284939017 4804858.325723647
1342 9516 313422.0936790451 4804858.150939542
1952 9516 319522.782458255 4804858.083787631
2074 9516 320741.895306144 4804858.339802165
2318 9516 323181.8304256679 4804858.2690890925
2440 9516 324401.9831471153 4804858.378209395
2562 9516 325621.8258790487 4804858.453394898
2806 9516 328061.7945818385 4804858.238468389
3050 9516 330502.07720024977 4804859.285962939
3172 9516 331722.30317767995 4804858.960509547
3294 9516 332942.81664488825 4804857.431683428
3416 9516 334162.2665412647 4804858.206337438
3538 9516 335381.31481078273 4804858.849848858
4392 9516 343921.5775486672 4804858.677507188
4514 9516 345142.12601805635 4804858.239969926
4758 9516 347580.84778930777 4804858.975181584
4880 9516 348800.8454971118 4804858.852373336
5246 9516 352461.3240385456 4804858.237143808
5368 9516 353682.12605489354 4804859.212929647
5612 9516 356121.8529712094 4804858.241284795
5734 9516 357341.8590868598 4804858.105376318
7320 9516 373201.3199070789 4804859.170055578
7442 9516 374421.5514414461 4804858.96392414
7564 9516 375641.55974557105 4804858.582030069
8662 9516 386621.5769143785 4804858.42143625
9028 9516 390282.00310249417 4804858.734165932
0 9638 300001.10244586697 4803638.411737848
122 9638 301221.9600166102 4803638.707624906
244 9638 302441.8599601504 4803639.1501783915
488 9638 304881.7839178334 4803638.786247256
732 9638 307322.1802194594 4803638.222462953
854 9638 308542.7900716465 4803637.792115981
1220 9638 312201.57267494855 4803637.882372134
1342 9638 313421.68762430816 4803638.189904489
1586 9638 315861.9244063446 4803638.382951185
1952 9638 319521.5232773064 4803638.655864929
2318 9638 323182.24025300296 4803638.126831387
2562 9638 325621.6784157503 4803638.618327768
2684 9638 326841.3989465987 4803638.506327134
2806 9638 328061.4858412501 4803639.09658336
2928 9638 329281.653704875 4803638.690048419
3416 9638 334161.7351253762 4803639.010557528
3538 9638 335381.5901785028 4803638.759238776
3904 9638 339041.9997604405 4803638.513679335
4026 9638 340261.6015421622 4803638.59227361
4148 9638 341481.3693020306 4803638.324980936
4392 9638 343922.1767560437 4803637.771803085
4514 9638 345141.3113827451 4803638.341269218
5368 9638 353681.25840180623 4803638.745664347
5490 9638 354900.74678481504 4803639.462232319
5612 9638 356121.16309861233 4803638.7335164035
5734 9638 357342.0146863049 4803638.6925171
5856 9638 358561.26072098606 4803639.677903538
5978 9638 359781.8308915623 4803637.923871246
7442 9638 374421.4840936758 4803638.787985452
7564 9638 375640.85991973634 4803638.694457409
8418 9638 384181.54589027696 4803637.296493941
8662 9638 386621.54115194577 4803638.63254852
8906 9638 389061.80472481705 4803637.8955681715
9028 9638 390281.8672137651 4803638.206022859
488 9760 304881.771589051 4802418.997368917
610 9760 306101.4342221608 4802420.511854347
732 9760 307322.06496046815 4802418.574982517
854 9760 308542.08021997986 4802418.499296977
1586 9760 315862.31572376844 4802418.134426975
1952 9760 319522.4695689253 4802418.0895312335
2196 9760 321961.49204063043 4802418.2587762
2318 9760 323182.10374453774 4802418.089485512
2440 9760 324401.69322165335 4802417.953655429
2562 9760 325621.61866131757 4802420.914043072
2684 9760 326841.2846827888 4802419.269465005
2928 9760 329281.7444244757 4802419.006723074
3172 9760 331720.8525744301 4802418.835799558
3294 9760 332941.5515292753 4802419.118861867
3538 9760 335381.1548768141 4802418.804636499
3660 9760 336601.4933951901 4802418.785259694
4148 9760 341481.882641463 4802418.514581178
4270 9760 342702.1731641252 4802417.939936569
4514 9760 345141.6754717556 4802418.4552035825
4636 9760 346361.2229765431 4802418.72447731
4880 9760 348801.17987052904 4802418.772159039
5124 9760 351240.7703987814 4802418.8649358535
5612 9760 356121.50958721305 4802418.584568081
5856 9760 358560.84595303616 4802418.553707325
6100 9760 361001.5114192055 4802418.791389785
6710 9760 367101.2149628745 4802418.529803371
6954 9760 369540.1385339919 4802420.14038442
7198 9760 371981.2417647026 4802418.608452205
7442 9760 374421.8053191381 4802417.959120306
7564 9760 375641.85329040664 4802418.789993487
9150 9760 391500.96497311804 4802417.584217603
9394 9760 393939.47113063995 4802419.503056794
244 9882 302442.3176219697 4801199.647945345
610 9882 306101.2921621722 4801199.469880407
732 9882 307321.535603573 4801199.029528343
854 9882 308541.8267991839 4801198.609178039
1220 9882 312201.21097225987 4801199.309712852
1342 9882 313421.6238850106 4801198.91379764
1830 9882 318302.4763782416 4801198.722506932
2074 9882 320741.09469635104 4801198.552755058
2318 9882 323181.7905270647 4801198.670930079
2562 9882 325621.64576765994 4801200.204682135
3538 9882 335381.8122517351 4801199.215552893
3904 9882 339041.3409952471 4801198.136689987
4270 9882 342701.65864524693 4801198.261006872
4514 9882 345142.064122275 4801198.116640563
4636 9882 346361.8965902889 4801197.852736522
4758 9882 347581.69477209856 4801198.003090965
4880 9882 348801.2347510783 4801198.393119449
5002 9882 350021.7243196449 4801197.963536682
5124 9882 351241.6891318256 4801197.272113879
5612 9882 356120.9004818185 4801198.915199069
5734 9882 357340.8197819411 4801198.345039837
7076 9882 370761.5288525366 4801198.458618501
7320 9882 373201.5767497728 4801198.639001201
7686 9882 376859.8330901316 4801199.766823445
8174 9882 381741.60306721594 4801198.604437192
8296 9882 382961.9784352643 4801198.31824701
8540 9882 385401.0236888901 4801197.723183194
8784 9882 387841.7439427448 4801198.327521051
244 10004 302441.8391615686 4799979.384979827
488 10004 304881.7640147955 4799979.69278961
732 10004 307322.26457729697 4799978.941654993
854 10004 308541.1835599475 4799978.536221479
976 10004 309761.34993619466 4799978.405581508
1098 10004 310981.6111464598 4799977.867255573
1220 10004 312201.9482990413 4799978.411694353
1342 10004 313421.28589243395 4799978.352527167
1464 10004 314641.8459849066 4799979.144705066
1830 10004 318302.24347888265 4799978.5571219465
2074 10004 320742.1622252639 4799978.272678252
2318 10004 323181.99380062474 4799981.019369113
2440 10004 324402.3853565737 4799978.548435222
2562 10004 325621.8683427406 4799978.8301188145
2684 10004 326842.48341635294 4799978.057149174
2806 10004 328061.852763453 4799979.006819083
3050 10004 330501.25834398466 4799978.087754861
3172 10004 331721.5282669843 4799980.60500851
3294 10004 332941.5787544893 4799978.68642172
3416 10004 334161.65084850334 4799979.681871255
3538 10004 335381.07692776166 4799979.290092464
3660 10004 336600.6360585428 4799979.582255778
4270 10004 342701.2052024137 4799977.956547514
4636 10004 346362.29428913596 4799977.813107978
4880 10004 348801.9627001056 4799977.847774253
5246 10004 352461.2572278561 4799978.827543451
5490 10004 354900.9902786558 4799978.2711063605
5734 10004 357341.54237862845 4799978.005407323
5856 10004 358561.1770518422 4799978.424188135
7076 10004 370761.87409124983 4799978.391605589
7442 10004 374421.303996187 4799979.31080243
7686 10004 376862.1912439394 4799978.935034827
7808 10004 378082.21479941095 4799979.262177347
7930 10004 379300.8788448079 4799979.061263742
8296 10004 382962.35157244204 4799978.58614659
9028 10004 390280.3104633103 4799979.957598356
0 10126 300001.1905888267 4798759.067650896
732 10126 307321.6399590972 4798758.455729096
854 10126 308541.42234037624 4798758.541848278
1098 10126 310982.0155658845 4798758.782978236
1220 10126 312201.7974111134 4798758.882876987
1342 10126 313421.6024522107 4798758.619667525
1464 10126 314641.09866591793 4798759.123185695
1586 10126 315861.72620045446 4798758.085984015
1708 10126 317081.36032620055 4798758.382412315
1830 10126 318301.27231564425 4798758.716902272
1952 10126 319521.5237306927 4798758.499373494
2074 10126 320741.2733480948 4798758.845580869
2196 10126 321961.72662491293 4798758.740422775
2318 10126 323181.47887134535 4798759.54951125
2440 10126 324401.5561239781 4798758.575185799
2562 10126 325622.1585679556 4798758.442590077
3172 10126 331721.83244315203 4798758.70111592
3416 10126 334161.7494662769 4798759.167272529
3538 10126 335381.9121129603 4798761.219789077
3782 10126 337822.0934802345 4798759.282027918
3904 10126 339041.7853211683 4798759.462597108
4270 10126 342701.1931585458 4798759.1827331465
4392 10126 343921.80298984906 4798758.431069825
4758 10126 347581.6949752568 4798757.940990802
5002 10126 350021.49546206754 4798758.13152005
5246 10126 352461.10029373906 4798760.562544737
5612 10126 356121.37946761446 4798757.978445535
5734 10126 357340.9089713576 4798758.043495405
5856 10126 358561.06927450385 4798758.347237095
6222 10126 362221.7201807252 4798757.841959047
6954 10126 369540.1635208285 4798759.854617019
7198 10126 371981.3905786101 4798758.601195217
7442 10126 374421.693814499 4798758.315297429
7564 10126 375642.0020455316 4798758.735128915
7686 10126 376861.7725996438 4798759.419487838
7930 10126 379302.34395231516 4798758.833021522
8174 10126 381742.10953361465 4798758.957795751
8296 10126 382961.7337649596 4798759.374691698
8418 10126 384181.03780693153 4798760.651232623
8540 10126 385401.00362378004 4798759.049447389
8662 10126 386621.77686483384 4798758.702278074
8784 10126 387842.090396879 4798758.316013594
244 10248 302442.07967135496 4797538.081794503
610 10248 306101.87064469757 4797538.113269351
732 10248 307321.79912159464 4797538.239935637
976 10248 309761.70661075955 4797538.006247261
1098 10248 310980.95956100046 4797538.63034373
1220 10248 312201.92135150806 4797537.995399143
1708 10248 317081.9842212675 4797538.590986403
2196 10248 321961.6594391489 4797538.383019416
2440 10248 324401.6858167485 4797538.260762484
2562 10248 325622.4759603461 4797538.868173421
2684 10248 326841.48967141844 4797537.908984168
2928 10248 329281.57137893705 4797537.650839836
3050 10248 330502.12055871286 4797539.085542637
3172 10248 331722.3294133967 4797538.923789535
3416 10248 334161.6210689731 4797539.143762415
3538 10248 335381.53144989023 4797539.322330582
4392 10248 343921.1496492118 4797538.758997215
4636 10248 346360.999230022 4797538.666323409
4758 10248 347582.30791183776 4797537.874491489
4880 10248 348801.57775248354 4797538.676099455
5002 10248 350021.5864318205 4797537.689722706
5124 10248 351241.2935631788 4797539.325236723
5368 10248 353681.5609135102 4797539.019437969
5490 10248 354901.7139970874 4797538.702927477
5978 10248 359781.4441549906 4797538.518390407
6344 10248 363441.04386262695 4797538.376940992
6466 10248 364660.32673087483 4797538.196685579
6710 10248 367101.98053399543 4797538.044948724
7686 10248 376861.6045344652 4797538.451413353
7930 10248 379302.6339129601 4797538.817381666
8540 10248 385401.4645857557 4797538.926068161
9150 10248 391501.5794305405 4797539.430525177
9272 10248 392721.5734988419 4797540.600509827
122 10370 301222.05147266045 4796317.971717894
244 10370 302441.91911568126 4796318.359513995
366 10370 303661.95150193374 4796318.475782883
488 10370 304881.16540291044 4796318.263367827
610 10370 306100.83475235733 4796318.825668671
854 10370 308542.115834766 4796318.63717724
1098 10370 310981.89754578285 4796318.089504297
1220 10370 312202.1674101368 4796318.299566045
1464 10370 314641.44334768766 4796318.263424184
1830 10370 318301.54077187955 4796318.103933821
1952 10370 319521.7977279793 4796317.690217257
2074 10370 320742.3077115966 4796318.1719866935
2196 10370 321961.9672201061 4796317.791021864
2684 10370 326841.6562754328 4796318.5677279895
2928 10370 329282.6253206022 4796318.587469237
3050 10370 330502.4323091198 4796319.062498813
3172 10370 331722.0884212725 4796318.47324439
3294 10370 332941.5851420073 4796319.2558697555
3416 10370 334161.8331338734 4796320.77599941
3538 10370 335382.16135571804 4796318.865573704
3782 10370 337820.9271405347 4796320.478147102
3904 10370 339041.8664374327 4796319.056509724
4514 10370 345141.9576200824 4796318.732018943
4880 10370 348800.8930291434 4796318.990864226
5002 10370 350020.90600161674 4796318.614436057
5124 10370 351241.3561233492 4796319.7811758155
5368 10370 353681.49690164195 4796318.859343853
5490 10370 354901.4776644146 4796319.1604641965
5612 10370 356121.31460827205 4796320.496279884
5734 10370 357341.50980525155 4796318.519575152
6100 10370 361001.76286261005 4796319.409448724
6954 10370 369541.1591476712 4796318.324604894
7076 10370 370761.54794481606 4796318.425993378
7442 10370 374421.56956480735 4796317.903707367
7808 10370 378081.5655733402 4796318.119011049
9150 10370 391501.30872417655 4796319.348273781
9394 10370 393940.65893106884 4796319.550811412
9516 10370 395161.81450638646 4796318.880460439
122 10492 301222.001800939 4795098.309611916
366 10492 303662.0614182954 4795098.240821749
488 10492 304882.0293451909 4795098.103639798
610 10492 306102.1530647636 4795097.752626822
732 10492 307321.33911612554 4795098.523991662
854 10492 308541.3353664436 4795098.694964943
1098 10492 310981.4809700973 4795098.535054231
1220 10492 312201.4574869831 4795098.127491458
1342 10492 313422.2051313382 4795098.227081652
1830 10492 318302.541772418 4795097.723023762
1952 10492 319522.269267556 4795097.506729568
2074 10492 320741.98389000935 4795098.171373233
2318 10492 323181.5445391389 4795098.51181879
2440 10492 324401.36649257905 4795098.394314215
2562 10492 325621.663513696 4795098.19267975
2684 10492 326841.97810029844 4795097.401493176
2928 10492 329282.38734921993 4795098.894598648
3172 10492 331721.9067606903 4795098.691877834
3294 10492 332942.0015962494 4795098.866374345
3538 10492 335381.84167761245 4795099.62402438
3660 10492 336602.16522392305 4795101.030729891
3782 10492 337821.2054567845 4795099.30403347
4392 10492 343921.810031192 4795098.625710172
4636 10492 346361.4905512184 4795098.279340946
4880 10492 348801.6207116808 4795099.113258768
5002 10492 350021.5046705092 4795098.297781915
5124 10492 351242.0051030528 4795098.291388392
5246 10492 352461.2888938065 4795098.675318305
5734 10492 357340.8062153589 4795099.197655968
5856 10492 358561.26933969173 4795098.844624815
5978 10492 359781.15460591234 4795098.40997234
6344 10492 363441.3834911577 4795098.569374525
6832 10492 368321.57145432296 4795098.381932642
7076 10492 370761.78118950647 4795097.498684193
7320 10492 373201.01286237536 4795098.547085899
7564 10492 375641.9463640385 4795098.749236312
7686 10492 376861.4982506357 4795099.26506868
7808 10492 378081.6684773037 4795099.084686965
8052 10492 380521.8749180282 4795097.923829272
8174 10492 381741.9257073218 4795098.26833097
8540 10492 385402.1119211551 4795098.4952430595
8906 10492 389061.345839527 4795099.623869119
9150 10492 391501.4470953622 4795099.206692221
122 10614 301221.6152189569 4793878.205946219
244 10614 302442.1167455802 4793877.878586392
488 10614 304881.8503307248 4793878.666254291
610 10614 306102.2690997868 4793878.002644472
732 10614 307321.77964960213 4793878.521705534
1220 10614 312201.9344582417 4793878.027105986
1342 10614 313421.93197404325 4793878.331897761
1464 10614 314641.3541645884 4793878.61413011
1708 10614 317081.45732940437 4793877.765242975
1952 10614 319521.66986736463 4793878.642270487
2074 10614 320741.7401708616 4793878.277690976
2196 10614 321962.5133333556 4793877.664086933
2318 10614 323182.30393936875 4793877.835651479
2440 10614 324402.1842234099 4793877.410661451
2684 10614 326841.6324154244 4793878.339113514
2806 10614 328062.3574651043 4793877.604910494
3050 10614 330502.2075559945 4793877.377568352
3172 10614 331721.93433508225 4793878.524313159
3416 10614 334161.9809970068 4793878.440949207
3660 10614 336601.9129022309 4793880.897385899
3782 10614 337821.7639594213 4793878.710194038
3904 10614 339042.0033501647 4793878.849811236
4026 10614 340261.8411175916 4793878.635608252
4148 10614 341481.17561056925 4793879.3460817095
4392 10614 343921.6178698212 4793878.74384264
4880 10614 348801.72580278397 4793878.712518765
5246 10614 352461.1051923611 4793878.854438242
5734 10614 357340.4587499282 4793878.678835813
6100 10614 360999.70283069165 4793879.235361541
6222 10614 362221.43208368705 4793878.445842643
6344 10614 363441.5360302179 4793878.731005184
6710 10614 367101.66750540887 4793878.522514068
7076 10614 370761.8469162964 4793878.612317675
7808 10614 378081.6409675154 4793879.354495012
8052 10614 380521.5597128332 4793879.002351168
8296 10614 382961.35824491497 4793881.209871461
8418 10614 384180.0230786674 4793879.865800278
8540 10614 385400.5063721452 4793880.771983851
9516 10614 395162.02474556735 4793880.763520951
0 10736 300001.0652244932 4792659.27565192
122 10736 301222.2057895995 4792658.2836589515
366 10736 303661.7243674108 4792658.142918957
488 10736 304881.6810178042 4792658.184859439
610 10736 306102.1915746822 4792658.524036476
732 10736 307322.2640923169 4792658.407461236
976 10736 309762.1928521443 4792658.280068199
1098 10736 310981.9244171483 4792659.386847915
1220 10736 312201.74883578595 4792658.869067392
1342 10736 313421.0257769037 4792658.845619881
1464 10736 314641.5584146479 4792658.303719701
1586 10736 315862.04094309115 4792658.153974118
1708 10736 317082.34745763004 4792658.071674327
2440 10736 324402.06923671445 4792657.964300396
2562 10736 325621.92280026636 4792657.995325735
2684 10736 326841.9361438152 4792658.124588766
2806 10736 328062.1395205225 4792658.139861327
2928 10736 329282.26456280716 4792657.537827675
3172 10736 331721.4661861279 4792657.869332634
3294 10736 332941.38532591664 4792657.744992962
3416 10736 334161.7693523111 4792658.363079855
3538 10736 335381.4041397742 4792658.300778705
3660 10736 336602.0339531124 4792658.815097528
3782 10736 337822.9514557082 4792658.980732366
4026 10736 340261.88111412653 4792659.110506922
4148 10736 341481.87225141405 4792659.165137605
4392 10736 343921.52698138275 4792658.941100306
4514 10736 345141.88062026794 4792659.224090084
5002 10736 350021.6363520782 4792658.469760315
5246 10736 352461.6885320422 4792658.097581657
6344 10736 363441.047079863 4792659.238298909
6832 10736 368321.7051939164 4792658.521068193
7076 10736 370760.57157120743 4792658.793787735
7442 10736 374422.05657614797 4792658.8197302995
7808 10736 378081.6818181901 4792660.717499445
9760 10736 397600.43520123773 4792659.592428883
0 10858 300000.86266422557 4791439.084495174
122 10858 301222.0007183748 4791438.639288519
244 10858 302441.6892566963 4791438.419436917
732 10858 307322.0862897011 4791438.048108609
854 10858 308541.5586971005 4791438.438125578
976 10858 309761.810792147 4791437.873008394
1098 10858 310982.1269675321 4791438.66037563
1220 10858 312201.10953112156 4791439.023898353
1342 10858 313422.0115578092 4791438.647362201
1464 10858 314641.8314796011 4791439.040611359
1586 10858 315861.7693336452 4791438.689691127
1708 10858 317081.74910296546 4791438.8523185635
1830 10858 318300.7152021395 4791439.690592246
2074 10858 320742.1444970464 4791437.526323742
2196 10858 321962.86691701016 4791438.096801508
2318 10858 323182.2902460158 4791437.571365313
2440 10858 324401.61697209347 4791438.7463980755
2562 10858 325622.0413458257 4791437.978779772
2684 10858 326842.10042800044 4791438.311043161
2806 10858 328062.07632920385 4791438.313328025
2928 10858 329282.3309349689 4791437.679937804
3294 10858 332942.10768703267 4791437.919185104
4026 10858 340261.66364499537 4791438.148564242
4514 10858 345141.7862928659 4791439.107660736
4758 10858 347581.4636784577 4791439.549288606
4880 10858 348801.6047689539 4791438.507781999
5124 10858 351241.95805370103 4791437.811876242
5978 10858 359781.60790299054 4791437.641174215
6100 10858 361002.02605811204 4791438.311787468
7564 10858 375641.35231997847 4791439.221302488
7930 10858 379300.0271932075 4791440.047800988
8052 10858 380521.3797166479 4791439.604190198
8174 10858 381740.80243620044 4791440.139345277
9516 10858 395162.1839439157 4791440.455407218
9638 10858 396381.7769776969 4791439.431931106
0 10980 300002.3062875623 4790219.093028045
122 10980 301221.77077569807 4790218.667479627
244 10980 302442.224307214 4790217.8234504545
610 10980 306101.1838474697 4790218.765953717
854 10980 308543.0622755414 4790220.436222439
976 10980 309763.1302089159 4790218.604572103
1342 10980 313421.1149520195 4790218.928744951
2074 10980 320742.8753958583 4790217.956187916
2440 10980 324402.5448147453 4790217.595359266
2684 10980 326841.7403446787 4790218.669503157
2928 10980 329281.12609896803 4790219.844502007
3050 10980 330502.100284385 4790218.158868977
3416 10980 334161.69725886034 4790218.809126197
3782 10980 337821.33730657905 4790218.796784447
4148 10980 341480.75642899144 4790218.728791147
4514 10980 345141.67760149715 4790218.608526411
4636 10980 346361.6581249986 4790220.510544145
4880 10980 348800.6944010547 4790220.386834117
5490 10980 354901.0452950737 4790219.030568224
5734 10980 357341.5594193454 4790221.123549058
6100 10980 361001.23093655886 4790218.229371218
7320 10980 373200.44399493 4790218.737658295
9394 10980 393941.31486475683 4790219.544947098
9638 10980 396380.6717927443 4790220.561033359
9760 10980 397601.2718143401 4790219.01243319
