122 122 401183.4437379839 4598801.726186906
610 122 406063.67594708386 4598798.544175435
732 122 407282.8328985655 4598798.448293419
1220 122 412162.83283525996 4598797.393927671
1830 122 418263.03494229785 4598798.227963791
1952 122 419482.53863095434 4598797.9096783195
2074 122 420702.96943268605 4598798.008276553
2684 122 426802.61906161776 4598798.123683816
244 244 402403.24244369066 4597578.039658325
1342 244 413383.3197689557 4597577.019357662
488 366 404842.3131633574 4596358.653155664
732 366 407283.17810661026 4596362.01836394
1586 366 415820.63231762935 4596355.556803571
1708 366 417043.4533121509 4596356.266297078
1830 366 418263.42895176285 4596356.9594376255
0 488 399963.7103482621 4595141.405756673
122 488 401182.8563212878 4595141.50541632
366 488 403622.88841193175 4595142.281882764
610 488 406062.90353489196 4595138.53207326
732 488 407282.7427485276 4595141.863265967
976 488 409722.24665383645 4595137.5259333225
1220 488 412162.28770766384 4595141.826079491
1830 488 418264.2248956955 4595135.826664913
366 610 403622.9718288092 4593923.05208828
976 610 409723.08018840523 4593921.616615543
1220 610 412162.2902611412 4593921.826194938
1342 610 413382.674016624 4593917.787939986
1464 610 414602.6822480779 4593918.605290579
1708 610 417042.3002413677 4593921.531347573
1952 610 419481.6163876848 4593921.416098786
366 732 403623.1740940153 4592703.073379048
732 732 407282.7949373272 4592702.071292783
1098 732 410942.50366220134 4592697.092707554
1342 732 413382.6735462634 4592701.599139433
1464 732 414602.39371243765 4592698.595632625
1708 732 417043.2722650343 4592697.759878345
1830 732 418262.3792701464 4592702.540596225
610 854 406062.4268087417 4591477.569568681
1098 854 410942.47258539044 4591481.241137422
1830 854 418262.8586508291 4591478.337144744
2318 854 423142.3319559828 4591479.477907765
3050 854 430463.1964300218 4591480.685517631
3172 854 431682.24637220835 4591481.785348741
122 976 401182.9045939142 4590257.980628173
488 976 404842.2155135184 4590258.6185128
610 976 406063.2714514638 4590260.631557121
854 976 408503.9813431334 4590263.664489464
976 976 409721.6438406673 4590261.9447379485
1342 976 413382.6027675411 4590262.489182776
1464 976 414602.98185509304 4590262.316960659
2562 976 425583.5067610772 4590256.107365179
610 1098 406062.512965636 4589037.85290581
732 1098 407283.46800067794 4589040.201696136
976 1098 409722.96618852654 4589042.0870855125
1220 1098 412161.75908543513 4589037.782415976
1464 1098 414602.7482818795 4589038.091835387
1586 1098 415821.5868029045 4589041.394134237
1708 1098 417042.43921310455 4589037.671597795
1830 1098 418262.92079992394 4589036.575980243
2440 1098 424363.39546476945 4589037.624980476
2562 1098 425582.769100196 4589042.6592177255
366 1220 403622.58665993996 4587821.78832042
610 1220 406062.08972987457 4587821.620621418
976 1220 409722.14136675873 4587818.725875498
1342 1220 413381.99571512 4587817.06571068
1464 1220 414603.00561696 4587821.989640676
1830 1220 418263.0223840227 4587817.386941932
122 1342 401184.36379261035 4586597.154188466
488 1342 404842.0828041345 4586597.600322471
732 1342 407282.38941780914 4586598.602129256
976 1342 409722.307801046 4586597.529798191
1098 1342 410943.60860621335 4586596.831477918
1220 1342 412162.6680136393 4586598.387528778
1342 1342 413384.07432691153 4586597.948752464
1464 1342 414601.9876185899 4586602.565248024
2318 1342 423142.838544696 4586601.983717095
2684 1342 426803.50380438496 4586602.13633531
2806 1342 428023.3856714444 4586598.2369084675
2928 1342 429242.72671338654 4586598.186227649
3660 1342 436562.86019475246 4586598.861748267
366 1464 403623.6318513249 4585379.028633932
488 1464 404843.39008142485 4585376.88031972
610 1464 406062.6186565291 4585381.267262882
732 1464 407279.8089307258 4585379.813984194
854 1464 408503.85257208906 4585377.611701924
1342 1464 413382.95189834083 4585377.110709858
1708 1464 417043.1841476726 4585378.0882985685
1830 1464 418262.97451407963 4585381.557727861
2074 1464 420703.5042608724 4585377.585049652
2928 1464 429243.0865224547 4585378.702404523
3050 1464 430462.46173482493 4585378.074212448
244 1586 402403.03011510166 4584161.190906724
976 1586 409723.06656665745 4584158.411800119
1708 1586 417042.7825994863 4584162.239237199
1952 1586 419482.1402464126 4584158.900956531
2074 1586 420706.6059842123 4584161.865411395
2196 1586 421923.4944075129 4584158.0052610375
2440 1586 424363.0343020632 4584157.299567026
2684 1586 426804.22216949705 4584158.605958264
2806 1586 428023.1831288781 4584157.1121875495
3050 1586 430463.86915995023 4584157.556322782
122 1708 401183.0258442485 4582937.6855906835
244 1708 402402.63469974307 4582937.834677622
366 1708 403621.72316266096 4582937.882473487
732 1708 407282.67384835205 4582938.154079648
854 1708 408502.62588820345 4582938.44005943
1464 1708 414603.44555131503 4582938.432490744
1586 1708 415823.44513989787 4582936.591791812
1952 1708 419482.34821240866 4582938.049671827
2318 1708 423144.4533747613 4582937.05240868
2440 1708 424362.0077637843 4582940.612838891
2562 1708 425583.38432503433 4582938.968904718
2684 1708 426802.4241418479 4582938.418634506
2806 1708 428023.0771490788 4582940.958558538
3050 1708 430463.5312414074 4582937.664915619
3172 1708 431683.4167795317 4582938.376773504
3294 1708 432903.7178600598 4582938.316970554
244 1830 402403.42265678936 4581716.039885163
366 1830 403622.9305324161 4581721.85750612
488 1830 404842.78963648883 4581721.473628967
732 1830 407282.6777497528 4581717.288699469
854 1830 408503.681603988 4581722.418816342
1220 1830 412162.87828116433 4581721.730172759
1342 1830 413382.9947476193 4581722.148683338
1464 1830 414601.97252518125 4581717.451610523
1586 1830 415822.4271439762 4581717.446198413
1952 1830 419483.1064661511 4581717.590906548
2318 1830 423143.9719325348 4581721.243855258
2684 1830 426803.6871747319 4581717.936043703
2806 1830 428023.86054370564 4581718.357630633
2928 1830 429243.9787992687 4581716.1788103925
3172 1830 431683.50269618526 4581717.013471028
3294 1830 432902.5888010934 4581718.258202544
3416 1830 434122.9609105629 4581717.752297567
3538 1830 435343.4483949865 4581717.195208466
4392 1830 443884.32147422706 4581717.552568566
244 1952 402403.10006745317 4580496.984542675
366 1952 403622.7686037901 4580501.41246732
488 1952 404842.73640555236 4580497.835404824
732 1952 407282.7771297173 4580496.809672275
854 1952 408503.2845750561 4580498.275388949
976 1952 409723.3981553398 4580498.414987646
1098 1952 410942.9152909153 4580501.687583642
1342 1952 413382.3544215509 4580495.732665793
1464 1952 414603.3986746728 4580496.7404196635
1586 1952 415823.0276943097 4580495.420046527
2074 1952 420702.14413922915 4580502.06599847
2684 1952 426803.7104322649 4580497.252407335
3050 1952 430462.6793634151 4580497.429796841
3538 1952 435342.95611741144 4580498.465909322
3660 1952 436562.9769942675 4580502.040321221
3904 1952 439003.3867654993 4580498.757920461
5246 1952 452422.98469624616 4580498.557765008
366 2074 403622.7006129586 4579276.291853321
488 2074 404842.47953236004 4579277.375973251
732 2074 407282.26231923216 4579278.185778309
976 2074 409722.6706634721 4579276.733335461
1098 2074 410942.93451042986 4579281.588874558
1220 2074 412163.69079848944 4579281.873895892
1342 2074 413383.23187570996 4579275.773580753
1708 2074 417043.551919934 4579275.942571767
2074 2074 420703.374081841 4579276.900430075
2196 2074 421923.4364641856 4579277.8128372235
2318 2074 423143.0764234622 4579281.677427645
2562 2074 425580.17813316855 4579280.152411799
2928 2074 429242.99247831403 4579277.521609138
3050 2074 430461.95330716134 4579276.390136576
3294 2074 432901.53085407795 4579277.723515253
3538 2074 435342.90151911054 4579278.723240267
3904 2074 439003.5097662685 4579277.929711699
4026 2074 440223.27978220506 4579283.167758936
4392 2074 443882.8384182124 4579284.154271821
5002 2074 449982.7881235938 4579278.594044203
5490 2074 454862.74448264984 4579277.918408189
5978 2074 459741.4887822079 4579283.366901712
6100 2074 460961.76396335487 4579282.691428734
122 2196 401183.3245042378 4578056.256177802
488 2196 404842.32522483275 4578058.3535960065
732 2196 407282.2618604894 4578055.350644131
854 2196 408502.9646593704 4578058.149309786
976 2196 409722.78755924397 4578056.979377412
1098 2196 410943.3094150866 4578056.859069101
1342 2196 413383.902298097 4578057.288290653
1464 2196 414602.9366160882 4578055.5553948805
1586 2196 415823.9254144673 4578056.066519134
1708 2196 417043.9858991372 4578056.266067065
1830 2196 418263.47890315304 4578055.3878523065
2074 2196 420702.6462478634 4578059.2029790385
2196 2196 421923.0808568494 4578059.537757854
2806 2196 428023.03424896096 4578057.905282264
3294 2196 432903.2898730301 4578058.603325375
3782 2196 437783.5091863295 4578056.893077629
4514 2196 445103.30773369776 4578061.701124936
5368 2196 453642.27730100724 4578057.465642202
5612 2196 456083.2741910258 4578062.622699906
5734 2196 457302.4588323164 4578062.478759973
5856 2196 458522.1499064897 4578062.188299694
122 2318 401183.663415106 4576838.405646695
366 2318 403622.7643566191 4576837.4903014675
854 2318 408502.4442910671 4576836.920832079
976 2318 409722.7324263939 4576838.542683448
1098 2318 410942.40392876166 4576835.35717789
1220 2318 412161.645005696 4576837.302376879
1586 2318 415821.76145358436 4576838.013876038
1708 2318 417043.79832945066 4576836.313569055
1830 2318 418261.65481543954 4576841.112984918
1952 2318 419482.88822668383 4576838.607576589
2074 2318 420703.931067071 4576836.238443263
2196 2318 421922.5440585727 4576837.703181797
2318 2318 423142.0212152424 4576838.928117393
2928 2318 429243.8070456582 4576836.193210612
3172 2318 431682.3884760816 4576839.359976784
3416 2318 434122.8370412036 4576837.274992335
3904 2318 439003.34615746594 4576838.531873604
4270 2318 442663.0617037477 4576841.466449838
4392 2318 443883.5767943298 4576841.781984446
4514 2318 445102.5299630649 4576841.482671854
6222 2318 462182.41646261374 4576842.142996597
244 2440 402402.40798912646 4575621.237673241
366 2440 403622.1429015443 4575617.789089569
488 2440 404842.81874052295 4575617.1152604055
610 2440 406062.5266795202 4575623.0134596685
732 2440 407282.5106363637 4575615.685982162
854 2440 408503.0757830019 4575616.086021741
1098 2440 410942.6467924379 4575615.482574263
1220 2440 412163.5046288673 4575617.677083122
1586 2440 415822.8687398491 4575620.797978686
1830 2440 418263.0984557611 4575616.244460656
1952 2440 419482.6080826206 4575621.93143963
2196 2440 421923.5448608888 4575616.457980794
2440 2440 424363.39008840785 4575616.780691455
3416 2440 434122.3538913238 4575617.964852518
3538 2440 435343.6714702007 4575617.96886929
4514 2440 445103.2105342745 4575618.511466333
5246 2440 452422.57666158525 4575617.381159009
6344 2440 463402.3077015394 4575618.396811737
244 2562 402402.70027593686 4574397.554042855
854 2562 408502.52158340253 4574396.204466536
976 2562 409723.2495270866 4574396.251518857
1830 2562 418263.20994932007 4574398.062915791
1952 2562 419482.499833454 4574402.520554242
2074 2562 420702.4150010425 4574401.955842256
2196 2562 421922.9622521504 4574397.755101211
2318 2562 423143.1414352425 4574401.331546233
2440 2562 424363.3043870852 4574402.813393598
2806 2562 428023.32265683386 4574401.82952382
4270 2562 442662.8988117972 4574399.375298111
5246 2562 452422.8710477841 4574402.263288424
5368 2562 453643.2842179489 4574398.632082522
5612 2562 456082.88017213484 4574398.299283539
6100 2562 460962.0648328862 4574398.229474899
244 2684 402402.18760414206 4573181.585372009
366 2684 403621.82851031906 4573181.763144032
488 2684 404843.43349469925 4573178.710208807
610 2684 406062.4950458006 4573178.363552141
854 2684 408502.69923181547 4573176.941065697
976 2684 409722.5235549496 4573177.708685528
1952 2684 419481.9767008937 4573177.947091681
2074 2684 420703.606215777 4573176.835196645
2196 2684 421923.23300804256 4573177.799915695
2440 2684 424362.6577102809 4573182.711863163
2684 2684 426804.0816742578 4573176.970513805
3172 2684 431683.8417603656 4573178.640079345
4392 2684 443882.88041576033 4573181.169117552
5124 2684 451202.05461093865 4573178.391988109
5246 2684 452422.7599206943 4573177.686973514
5734 2684 457302.5686150139 4573178.298982373
5978 2684 459744.02625585074 4573178.397692527
122 2806 401182.4364427743 4571961.841267511
244 2806 402400.20219932747 4571960.195915412
854 2806 408503.5182207533 4571956.012687192
1098 2806 410941.43555647286 4571956.406183777
1464 2806 414602.4377690595 4571962.601927639
1952 2806 419479.60015112447 4571957.842805375
2196 2806 421922.91765909025 4571957.103531428
2318 2806 423143.13196908514 4571956.786203408
2562 2806 425583.462098999 4571956.417985259
2684 2806 426802.2091475544 4571963.038336015
3294 2806 432903.7439253044 4571958.075144876
4148 2806 441442.5081340073 4571960.934372275
4270 2806 442663.8134521049 4571957.778795944
4758 2806 447542.66603015875 4571958.690083906
5246 2806 452423.27871037635 4571957.125568782
244 2928 402398.94526101864 4570737.485084604
610 2928 406061.8466307357 4570741.924159506
732 2928 407282.16764377366 4570736.468899852
854 2928 408502.8746272718 4570737.940211959
1098 2928 410942.4980572026 4570736.232008195
1342 2928 413382.3727589281 4570741.820552633
1952 2928 419484.3150753929 4570735.909597465
2074 2928 420702.8248900417 4570735.131042681
2196 2928 421923.6648819229 4570736.491415629
2318 2928 423142.9797558688 4570737.252015102
2440 2928 424363.9395897451 4570736.461997937
2562 2928 425582.48261765053 4570738.36077308
2684 2928 426804.03867821227 4570743.261503932
3294 2928 432901.15883346455 4570736.912945965
3538 2928 435342.3329572621 4570737.291397091
3782 2928 437783.0938758299 4570736.719384275
4148 2928 441443.8709161214 4570741.450791631
5002 2928 449983.104915199 4570738.594883755
5612 2928 456083.26806642924 4570738.440801508
5734 2928 457302.60329521395 4570741.339488465
6100 2928 460962.90953714534 4570741.454039772
488 3050 404843.0584564851 4569522.377548732
610 3050 406063.03468569124 4569517.938130344
732 3050 407282.2939388347 4569517.005077785
976 3050 409722.938610288 4569516.960550737
1098 3050 410943.3535263749 4569518.929508024
1220 3050 412162.6669328456 4569517.126622536
1464 3050 414604.8858400296 4569516.926637736
1586 3050 415824.03858371556 4569518.052465416
1830 3050 418263.344733449 4569518.28115922
1952 3050 419482.7485726084 4569516.314011125
2074 3050 420703.36505252356 4569517.439586648
2684 3050 426803.7347936554 4569518.154461136
3050 3050 430462.48071427376 4569517.758334711
3294 3050 432902.0202568481 4569521.384321938
3538 3050 435343.2340401005 4569521.300252591
3782 3050 437782.617511681 4569516.840786554
4270 3050 442663.01844209793 4569518.535365741
4636 3050 446323.9211957617 4569522.585172651
4758 3050 447543.2516157954 4569518.315927127
5124 3050 451202.49825503916 4569521.052397025
5246 3050 452422.77276142733 4569520.943357518
5490 3050 454863.0794896653 4569517.310092696
5612 3050 456084.2211996181 4569524.452454916
610 3172 406062.9170324023 4568298.103257142
976 3172 409723.13014023064 4568301.933055048
1098 3172 410943.0365053817 4568296.758597475
1220 3172 412162.0145107601 4568297.491761273
1342 3172 413384.2922911749 4568295.771446171
1464 3172 414603.64013658575 4568296.128273327
2074 3172 420702.82720395434 4568297.939685646
2196 3172 421923.4637771884 4568297.811526522
2440 3172 424363.8718431485 4568297.757017566
2806 3172 428023.47587453306 4568302.826283851
2928 3172 429242.8502040355 4568301.338999777
3172 3172 431682.7375336924 4568300.83312056
3416 3172 434122.80758881586 4568295.533209025
3538 3172 435343.1065924799 4568296.213374275
3782 3172 437783.4776249484 4568296.544957358
4270 3172 442663.82689065585 4568297.955826748
4758 3172 447542.0996058663 4568296.789754345
488 3294 404842.4647834272 4567082.313032448
732 3294 407283.149977346 4567077.294770163
854 3294 408502.92489457724 4567077.061441092
1098 3294 410942.37437093974 4567082.448200643
1220 3294 412163.0965856197 4567078.0243714815
1342 3294 413382.9919926419 4567077.262727479
1464 3294 414602.77477786725 4567077.495728757
1586 3294 415822.3371516193 4567077.097719443
2074 3294 420703.16785979125 4567077.900701893
2318 3294 423143.2077140035 4567077.050747275
2440 3294 424362.37430297054 4567077.796280473
4026 3294 440222.6744315209 4567076.837014922
5612 3294 456082.7853788018 4567081.566327048
5734 3294 457303.78641874896 4567077.872023463
1220 3416 412163.38200467173 4565857.645644867
1342 3416 413383.6238142729 4565858.647641477
1464 3416 414603.6681502494 4565856.597340118
1830 3416 418262.9136850389 4565855.383771072
2196 3416 421923.9948128693 4565861.633041958
2318 3416 423143.3838202485 4565857.910811471
2562 3416 425582.6765881122 4565857.513184088
2928 3416 429243.3976989644 4565861.68622799
3538 3416 435343.2450408018 4565857.047102961
4148 3416 441443.92061512475 4565861.820264872
4270 3416 442663.6183299364 4565856.592479748
4392 3416 443883.58909386094 4565857.664621033
4880 3416 448762.3866615571 4565858.783679996
5002 3416 449982.5774724965 4565857.587255263
5246 3416 452423.1859092886 4565859.313760837
5368 3416 453642.6752699863 4565862.515987196
5490 3416 454861.67615056416 4565862.681934394
5734 3416 457302.2576238528 4565862.559952028
5978 3416 459742.80636251083 4565861.881975741
610 3538 406063.6221060185 4564638.512811456
1342 3538 413382.09334722575 4564641.5610474385
1464 3538 414603.4438300107 4564637.381906019
1586 3538 415823.08475136297 4564637.0321657285
1708 3538 417042.90751637303 4564637.466878096
2318 3538 423143.1908294407 4564638.095292248
2684 3538 426802.6241191684 4564641.902190931
2806 3538 428023.0420362217 4564642.318978164
2928 3538 429243.3956375174 4564640.933522269
3416 3538 434122.9044533652 4564642.157882314
3538 3538 435342.10324987775 4564641.297871459
3904 3538 439004.2372230983 4564637.612078736
4148 3538 441442.6612838275 4564636.068574297
4392 3538 443883.40345327096 4564638.554156484
4880 3538 448763.3433180706 4564638.406868093
732 3660 407283.1080758104 4563420.106431863
976 3660 409722.971007117 4563421.263467666
1098 3660 410942.3655817852 4563416.926308661
1342 3660 413383.4787941896 4563419.217359672
1464 3660 414603.5572053538 4563417.185670564
1586 3660 415822.9196235322 4563417.894826752
1708 3660 417042.98692677036 4563417.651986349
1830 3660 418263.20842511853 4563417.987305039
1952 3660 419482.5541127066 4563418.118772999
2074 3660 420703.00339812797 4563421.023029287
2196 3660 421923.11426204373 4563418.232604699
2318 3660 423144.57316510996 4563417.628115294
2562 3660 425582.6649023643 4563418.58104908
2684 3660 426802.64335028786 4563421.55492734
2806 3660 428024.6377108905 4563423.701649913
3660 3660 436563.32150918985 4563421.824349067
4148 3660 441443.4429803525 4563417.439501543
4392 3660 443883.17766048387 4563417.546914991
4758 3660 447543.3893458042 4563417.549255687
4880 3660 448762.8115341414 4563418.643451892
5002 3660 449982.321445193 4563417.262458874
610 3782 406062.3505677639 4562201.651653248
1220 3782 412162.7991991545 4562202.432903439
1342 3782 413383.60982624773 4562197.608727408
1464 3782 414603.1284045015 4562197.965300301
1586 3782 415823.3193965088 4562198.774333257
1708 3782 417043.31470058905 4562201.55712912
1830 3782 418263.8158584182 4562199.07678008
1952 3782 419483.1595747983 4562198.804184621
2074 3782 420703.05740931816 4562197.119144993
2318 3782 423143.17507504177 4562197.707597841
2440 3782 424362.3502952132 4562197.333169391
2684 3782 426803.4290754735 4562196.321176537
3294 3782 432902.93499645864 4562200.994786117
3904 3782 439002.9635686121 4562201.9160837345
4026 3782 440223.6027963531 4562196.735363891
4148 3782 441444.2193256254 4562196.880252676
4270 3782 442662.4564950339 4562196.743895348
4514 3782 445103.47101740603 4562197.891068484
5124 3782 451203.5847379465 4562198.001230196
5978 3782 459741.66272678867 4562201.690386793
366 3904 403622.9776838781 4560980.178271259
1098 3904 410943.8588469759 4560978.763226697
1342 3904 413382.819203436 4560981.921276816
1586 3904 415822.7278094918 4560978.371590076
1708 3904 417042.81118439673 4560978.514120212
2074 3904 420702.9457305797 4560982.076753461
2196 3904 421923.3025767069 4560982.442704322
2318 3904 423143.4512135276 4560976.799546302
2440 3904 424363.10210220923 4560982.270520189
2562 3904 425582.1125801373 4560982.243917739
2684 3904 426802.9222256859 4560977.55127634
3050 3904 430463.2970768619 4560977.359769126
3416 3904 434123.0119713702 4560981.918838726
3782 3904 437783.28670645057 4560977.148502195
3904 3904 439002.8237256379 4560977.908372146
4026 3904 440223.0664637602 4560977.43498093
4148 3904 441443.4719701858 4560977.838896672
4270 3904 442663.3555702875 4560978.126940625
4392 3904 443883.8918462851 4560976.459601647
4514 3904 445103.1150620723 4560977.04369561
4758 3904 447542.2184553581 4560978.651410694
4880 3904 448763.12192548596 4560978.63955013
5002 3904 449983.0833952668 4560978.210841016
5246 3904 452422.9641732114 4560978.368256007
366 4026 403621.2819602366 4559757.747924282
976 4026 409723.10883256205 4559756.4392614
1098 4026 410942.6433925456 4559761.295232443
1220 4026 412162.48780140147 4559761.531447317
1342 4026 413382.8965350441 4559758.5954161575
1464 4026 414602.9570888879 4559763.060564587
1830 4026 418263.4908900713 4559758.014382004
1952 4026 419483.0007902962 4559758.69209767
2196 4026 421923.2957914128 4559761.031531515
2562 4026 425582.82154205727 4559759.346892075
2684 4026 426802.9344501307 4559761.633633953
3050 4026 430462.8871889906 4559761.844614533
3172 4026 431682.4092522404 4559759.274147276
3294 4026 432902.9398083145 4559761.125957823
3538 4026 435342.96405842685 4559761.982945985
3782 4026 437784.0989838765 4559757.4493142795
3904 4026 439003.34922895295 4559761.380111506
5246 4026 452423.0271289475 4559757.431862633
5856 4026 458524.1192084417 4559758.698064585
1098 4148 410943.22022658197 4558537.498913855
1220 4148 412162.8188779168 4558541.646404869
1830 4148 418264.4263892807 4558541.380217432
3416 4148 434121.7954689182 4558538.645840119
3782 4148 437783.1383222122 4558537.381063244
4026 4148 440224.5654933062 4558542.402098359
4148 4148 441442.7622336498 4558541.290876575
4270 4148 442662.76242916327 4558542.246335393
4392 4148 443883.71495331544 4558538.549433132
5002 4148 449982.50796340953 4558541.641285254
1098 4270 410942.71837302396 4557317.768358065
1342 4270 413382.242623762 4557318.3382283375
1830 4270 418262.93587064504 4557318.7495246325
1952 4270 419483.0016288603 4557317.237488388
3172 4270 431682.11292886763 4557321.178882516
3660 4270 436562.6383445431 4557322.659277751
4026 4270 440222.9009991339 4557316.196969267
4148 4270 441443.8825826068 4557318.107901621
4270 4270 442663.6402626164 4557318.040126025
5002 4270 449983.4027682059 4557317.560367913
854 4392 408502.9224168421 4556102.811686732
976 4392 409722.36126224004 4556101.956405242
1098 4392 410943.2090084612 4556100.615117764
1830 4392 418262.47677432117 4556101.4576049885
2684 4392 426803.329805445 4556098.285920315
3294 4392 432902.99166180735 4556098.632938174
3416 4392 434123.9229477862 4556101.560999515
3660 4392 436563.2618054543 4556098.53491707
3904 4392 439003.61519633944 4556098.203653924
4392 4392 443882.1707005037 4556097.54525155
4636 4392 446323.13611904345 4556098.002114787
4880 4392 448763.0495754557 4556102.094166137
5124 4392 451202.48562077613 4556102.09925069
5368 4392 453643.2721914437 4556096.995662394
610 4514 406062.88647995197 4554882.037293607
732 4514 407282.4192295607 4554881.724850799
976 4514 409722.8285490396 4554879.651680996
2928 4514 429243.0873933784 4554881.986616807
3050 4514 430463.1080419072 4554882.282782529
3660 4514 436565.54455663403 4554882.266099527
4514 4514 445103.0719904396 4554877.681775158
5734 4514 457302.2400221449 4554881.687829325
976 4636 409723.03865001135 4553657.416966346
1586 4636 415823.50303535705 4553661.263467338
1708 4636 417042.8607515896 4553657.7954510385
2074 4636 420704.22977635 4553657.414260516
2928 4636 429243.73106010346 4553657.856879621
3660 4636 436563.4945543254 4553657.274639793
4026 4636 440222.3728572371 4553656.781431887
4758 4636 447543.0840296218 4553662.880249739
1098 4758 410944.1287764081 4552437.286098158
2074 4758 420702.3326062731 4552441.679553335
2440 4758 424363.0429113398 4552436.301045891
4392 4758 443883.688477161 4552436.537994323
4636 4758 446322.8908713303 4552442.23721434
4758 4758 447543.4262344807 4552437.216914517
4880 4758 448762.9400938197 4552438.081579676
5002 4758 449982.7362015949 4552437.2320884885
1586 4880 415823.492407337 4551222.0738819605
2440 4880 424363.84401954873 4551218.397707041
3782 4880 437782.9576524293 4551222.319126597
3904 4880 439003.551369844 4551222.573271738
4026 4880 440223.1923190033 4551222.95176799
4514 4880 445103.8258447563 4551221.570559903
5002 4880 449982.6092588949 4551217.063795969
5490 4880 454862.747064329 4551221.46867394
5612 4880 456082.665769094 4551221.816227014
854 5002 408502.6839253953 4550002.447136435
2440 5002 424363.61480024015 4550000.957646197
4026 5002 440222.77273136255 4550001.817716382
4148 5002 441442.40290827217 4550001.490520339
4514 5002 445102.9939428596 4550001.875176966
4636 5002 446322.8902541154 4550001.706875333
4880 5002 448763.24287304864 4550001.481913672
5002 5002 449982.9969688097 4549997.325956769
5490 5002 454864.5499915102 4549998.018430226
1342 5124 413383.58005906694 4548782.254107215
2074 5124 420702.78660905524 4548781.068159502
2318 5124 423142.3068993455 4548778.60442609
3172 5124 431684.42323288624 4548778.602418212
4392 5124 443881.4292811091 4548781.874308792
5124 5124 451202.0112159384 4548781.465650352
2074 5246 420702.9537458057 4547561.697563776
3050 5246 430462.0115406594 4547556.30774948
4148 5246 441443.7436177804 4547562.179895446
4758 5246 447543.603816373 4547561.072015531
5002 5246 449982.90277554205 4547562.363369489
1708 5368 417041.633111759 4546336.700655044
3294 5368 432902.81062475475 4546342.779190675
4270 5368 442663.5465855771 4546343.938804068
4392 5368 443882.8010226291 4546338.228089158
5246 5368 452421.94610858575 4546341.770730952
5490 5368 454862.76419662 4546337.453682798
4392 5490 443882.8656494804 4545123.690775402
4636 5490 446321.68962680607 4545119.257932072
5368 5490 453643.07225714717 4545119.48375439
2074 5612 420700.62640665565 4543903.427156378
2440 5612 424363.43437006336 4543897.109187155
2562 5612 425583.1819342874 4543897.196412047
2684 5612 426803.60847325437 4543901.926098597
2928 5612 429242.7205473589 4543900.993516662
3050 5612 430463.3422302994 4543901.909228455
3416 5612 434124.61892274674 4543896.595606136
5002 5612 449982.40735962044 4543897.492588941
5246 5612 452422.9123555853 4543902.757040345
5368 5612 453643.03805901355 4543901.329652045
5490 5612 454862.4075047081 4543898.391972444
1830 5734 418262.8794232985 4542681.084690362
2074 5734 420701.485853964 4542682.082101165
3538 5734 435344.9175547969 4542678.809746883
3782 5734 437782.13149018586 4542681.176009431
4636 5734 446321.73918728624 4542678.985278063
5490 5734 454863.330410665 4542683.346964835
2684 5856 426803.0342949542 4541461.75459455
2928 5856 429242.90821637155 4541458.02008678
3050 5856 430463.1496747201 4541456.380572449
4392 5856 443882.57250556245 4541463.462652781
1342 5978 413382.33171736053 4540242.826623577
1708 5978 417042.0075921728 4540237.1682548355
1952 5978 419482.3320412507 4540237.998090154
4148 5978 441442.9128254139 4540243.649008908
4758 5978 447542.7242035237 4540242.578966077
5124 5978 451201.6722528508 4540240.6165032415
1708 6100 417043.4132634625 4539021.964589089
2806 6100 428022.615575599 4539019.220836408
3416 6100 434123.9638186389 4539023.51834899
4514 6100 445102.1280045102 4539019.801356464
4148 6222 441442.571143248 4537801.7499725735
1464 6344 414600.7025228467 4536581.831295655
3050 6344 430462.0084998728 4536582.8890919145
2928 6466 429242.8103589172 4535363.951679488
4148 6466 441443.3698209358 4535364.060115521
3050 6588 430462.7849041197 4534136.7036526585
3904 6588 439001.550702695 4534143.37313023
1830 6710 418262.4805957778 4532918.846305828
3050 6710 430464.1475396978 4532923.150526591
3294 6710 432901.9127538655 4532922.200035633
3904 6710 439002.925860395 4532922.829857931
4392 6710 443880.663504756 4532924.169945276
2928 6832 429244.5877410499 4531697.689276306
4636 6832 446321.77339580515 4531703.941688083
4880 6832 448761.74332965835 4531702.7862353865
3294 6954 432900.89260314615 4530483.799563385
4026 6954 440222.17445860326 4530483.07895414
4270 6954 442663.9042770836 4530481.726599586
2440 7076 424363.01571251365 4529260.992569426
2562 7076 425583.5653657381 4529261.88235158
3172 7076 431683.9600541248 4529262.263851744
3416 7076 434122.3482396641 4529263.593002147
3660 7076 436562.37654030795 4529261.289251838
3782 7076 437784.03403830377 4529261.573677191
3904 7076 439004.03528954944 4529263.214950261
4026 7076 440222.6996785854 4529263.112401302
4148 7076 441443.7306456598 4529263.5455593625
4392 7076 443882.404787907 4529264.786679406
2684 7198 426802.1874789025 4528043.599330515
3172 7198 431682.1302698061 4528037.790179207
3782 7198 437783.2566068665 4528043.484473418
4270 7198 442662.1221704669 4528043.6630617995
4880 7198 448764.4810247408 4528043.812824655
2562 7320 425583.7901042707 4526822.631380419
3416 7320 434122.9374890666 4526821.629230959
3538 7320 435343.3189680347 4526823.521732453
3782 7320 437782.27565854817 4526824.248606566
4392 7320 443882.1934035016 4526823.973545692
2196 7442 421922.9062456044 4525602.598985394
2684 7442 426802.39888219646 4525603.265838995
3172 7442 431683.34984649863 4525602.16586918
3294 7442 432897.85910148325 4525597.159340432
3416 7442 434124.3215536298 4525602.712300917
4148 7442 441443.2435931785 4525603.509902474
4758 7442 447542.3260191971 4525604.197932817
2196 7564 421923.92487866996 4524376.269153526
2318 7564 423143.2968961256 4524382.43744119
2562 7564 425583.2505049784 4524382.576207635
3172 7564 431682.2592966137 4524382.402281056
2440 7686 424364.0912424164 4523157.605178456
2928 7686 429244.15857086936 4523157.030670012
3294 7686 432902.69337627443 4523162.009055866
3660 7686 436563.06531875243 4523159.868615819
4148 7686 441444.97476025386 4523161.933156621
2562 7808 425584.2679303448 4521940.038869224
2928 7808 429244.39360276196 4521943.1926626675
4026 7808 440222.69169755233 4521944.043628143
4880 7808 448765.019472428 4521939.915172225
2196 7930 421921.65629894374 4520720.51759648
2440 7930 424363.1179230301 4520722.670602054
2562 7930 425581.1501433503 4520722.322651252
2806 7930 428023.11497183907 4520723.36700266
2928 7930 429241.8228026326 4520723.85710839
3050 7930 430465.4044838895 4520719.085595258
3416 7930 434122.723452032 4520722.319196912
3050 8052 430463.4199477788 4519502.251958164
2074 8174 420703.39110184356 4518281.529074015
2074 8296 420701.715639051 4517061.731988684
