0 0 399962.58534099476 4600016.606075421
122 0 401182.56645069795 4600016.441331506
1220 0 412161.2747985878 4600018.122547079
1586 0 415823.98203774117 4600016.0263329465
1708 0 417040.88360133173 4600017.270767501
1830 0 418262.3023660381 4600016.327311868
1952 0 419481.4083511798 4600017.6707654195
244 122 402402.8299891644 4598796.642536048
610 122 406062.7570530281 4598797.053796865
732 122 407281.9647355118 4598796.5073545575
976 122 409721.9889129959 4598796.573996985
1098 122 410941.7043427517 4598796.8156903675
1220 122 412162.2066430555 4598797.061767562
1342 122 413382.38213501975 4598797.31348211
1464 122 414603.2532832222 4598796.073771246
1586 122 415822.22457791184 4598797.111320455
1708 122 417042.7019722516 4598796.090809542
1830 122 418262.1993051255 4598796.78503133
1952 122 419482.27749286266 4598796.19643872
2074 122 420702.6119104174 4598797.0872175945
2196 122 421922.45028249023 4598796.667289549
2318 122 423142.57553310745 4598796.685558012
2440 122 424363.5989127174 4598796.173882997
2562 122 425583.5567159774 4598797.314565253
0 244 399962.55539483356 4597577.757769471
122 244 401182.85089601716 4597576.777152331
488 244 404842.29417515243 4597576.60579562
610 244 406061.90029480663 4597576.641526977
732 244 407283.02450813557 4597576.856389097
854 244 408502.10396447737 4597577.151480958
976 244 409724.3210545156 4597577.016468593
1098 244 410942.93824925995 4597576.637674991
1220 244 412162.71568633657 4597576.994155345
1342 244 413382.5475057969 4597576.870304651
1464 244 414603.2295109955 4597578.305863446
1586 244 415822.30046113115 4597576.990718335
1708 244 417043.060808623 4597576.394628914
1830 244 418263.407878279 4597576.374401877
1952 244 419482.06866016967 4597575.868568856
2074 244 420702.88099292904 4597577.0411374215
2196 244 421921.93477511173 4597576.785259673
2318 244 423143.3149310694 4597576.982683643
2440 244 424362.808034847 4597576.745827998
2562 244 425582.8919272647 4597576.989835123
2684 244 426802.8613382532 4597577.777363483
0 366 399962.3998222332 4596357.881898245
122 366 401182.61698878155 4596356.168763514
488 366 404842.6260623207 4596356.827182741
610 366 406061.6561311039 4596357.344459555
976 366 409722.4470145483 4596356.153914559
1098 366 410941.31717047846 4596356.789617354
1220 366 412163.70345938444 4596355.890476132
1342 366 413382.2051817968 4596357.525099607
1464 366 414602.04553577525 4596357.085605382
1586 366 415823.0401178777 4596356.25164798
1708 366 417042.58478981943 4596357.240356258
1830 366 418262.2574141637 4596356.912782938
1952 366 419482.2486278938 4596356.600786651
2074 366 420703.34354895615 4596357.006488037
2318 366 423142.24378318095 4596356.898383072
2440 366 424363.08344899165 4596356.922127513
2806 366 428023.6704820643 4596357.21949794
0 488 399961.896627756 4595137.767395864
122 488 401182.37019705365 4595137.014328851
366 488 403622.44245999743 4595136.343270426
610 488 406061.48819231096 4595137.100310181
732 488 407281.8941699478 4595137.021871342
854 488 408502.140913833 4595136.622038338
976 488 409722.43665475544 4595136.827404864
1098 488 410942.36300055793 4595137.298239072
1220 488 412162.4510745739 4595136.945773548
1342 488 413381.89695840847 4595137.274230022
1464 488 414602.1811711649 4595136.9582678685
1586 488 415822.0824472807 4595136.833557955
1708 488 417042.22561245185 4595136.574502855
1830 488 418263.8113167533 4595135.343176837
1952 488 419483.0707551 4595135.806349393
2074 488 420702.6040512115 4595137.187179182
2196 488 421922.5587056866 4595136.473389441
2318 488 423142.54837168887 4595136.076427555
2440 488 424363.93592830555 4595136.941686193
2562 488 425584.45603902376 4595136.589476154
2806 488 428023.7803722278 4595136.358061224
0 610 399963.0110727414 4593917.675066982
122 610 401181.7589405232 4593917.276330979
366 610 403620.4705432265 4593917.300423705
488 610 404840.1747553857 4593917.582123984
610 610 406062.0019117742 4593915.946452133
854 610 408502.2388688692 4593917.262343518
976 610 409722.9635463781 4593916.83081242
1098 610 410942.1252061901 4593917.629400476
1220 610 412162.25236406305 4593916.503947989
1342 610 413382.63248510397 4593916.890030967
1464 610 414602.0191972807 4593917.004437453
1586 610 415822.3585100192 4593916.843049953
1952 610 419482.4378415853 4593916.774807649
2074 610 420702.56919556356 4593916.716847626
2806 610 428022.3073106187 4593917.361632693
2928 610 429242.8813296575 4593917.170393457
3050 610 430462.7534093203 4593916.202310857
3172 610 431682.8174340935 4593917.361220477
244 732 402401.7481958999 4592696.9851227235
366 732 403620.0721815357 4592697.506371806
732 732 407282.02277067857 4592696.82690239
976 732 409722.4494796598 4592696.829436901
1098 732 410942.57400302053 4592697.394514609
1220 732 412162.29064057017 4592696.903774699
1342 732 413382.0689066563 4592697.204718888
1464 732 414602.53262346116 4592697.000509691
1586 732 415822.3026849493 4592696.912637319
1708 732 417042.90712039825 4592696.574195795
1830 732 418262.29612761916 4592696.385328013
1952 732 419483.0492799821 4592697.623902894
2440 732 424362.59715835925 4592697.0981542505
2562 732 425584.31564349064 4592697.48302936
2684 732 426802.23549097497 4592696.7943659965
2806 732 428021.44432013977 4592697.385075302
2928 732 429242.268644522 4592697.365864732
3050 732 430463.46624156233 4592696.914621113
488 854 404842.1758088119 4591476.907089075
610 854 406062.08500657574 4591477.024394576
976 854 409721.89132165594 4591477.500700455
1098 854 410941.8994020673 4591477.467705464
1220 854 412161.8598291887 4591477.113010627
1342 854 413382.70307144534 4591476.812295957
1464 854 414602.36400305486 4591476.9650469925
1586 854 415821.81605518045 4591476.947929712
1708 854 417042.37165897764 4591476.174479156
1830 854 418262.4223289767 4591476.347356416
1952 854 419482.04229163314 4591476.582491936
2196 854 421921.25209597894 4591477.467793088
2318 854 423141.71721630165 4591476.961930298
2440 854 424363.48647718737 4591476.919880619
2562 854 425581.8905230681 4591476.929461848
3050 854 430462.9165611798 4591477.927391759
122 976 401182.4934465648 4590256.9352550795
244 976 402402.65392485686 4590256.797280367
488 976 404841.98678552575 4590256.827769202
610 976 406063.3465678123 4590256.532277303
976 976 409721.3755610748 4590257.548980142
1220 976 412162.12591268896 4590256.889784207
1342 976 413382.413031129 4590257.133689889
1464 976 414602.5038662063 4590257.044804102
1586 976 415821.8849515738 4590256.644047582
1708 976 417042.401520145 4590256.736502653
1830 976 418262.924235134 4590256.848522683
2074 976 420702.68522631424 4590256.361730776
2196 976 421921.27789452794 4590256.820229601
2440 976 424362.52894322446 4590258.044782872
2562 976 425582.6779673601 4590256.176179349
2684 976 426802.5773758319 4590257.075864804
2806 976 428023.73795117444 4590256.082975962
3050 976 430464.2655832867 4590258.286833622
4514 976 445102.3061636399 4590257.087288432
4636 976 446324.15278765647 4590256.646815351
4758 976 447542.7570212113 4590256.4678154625
122 1098 401182.65103663073 4589037.315436914
244 1098 402402.4800535515 4589035.606612185
610 1098 406061.6208371162 4589036.798591658
732 1098 407282.38036960905 4589037.441513297
854 1098 408503.22451528255 4589035.6343240235
976 1098 409720.51672638755 4589035.1746460525
1220 1098 412162.0425412549 4589036.928584759
1342 1098 413382.28913562413 4589036.995519251
1464 1098 414602.33762786974 4589036.589517535
1586 1098 415821.74666940456 4589036.688625468
1708 1098 417041.476499133 4589037.021882936
1830 1098 418262.50817660696 4589036.798691477
1952 1098 419482.8638657495 4589036.610932516
2562 1098 425582.82220115786 4589037.55424786
2684 1098 426803.5566376326 4589037.477624331
2806 1098 428022.8569757693 4589037.322992383
2928 1098 429242.1171281345 4589036.566725039
4392 1098 443882.06609578896 4589037.267903505
4514 1098 445102.35662232374 4589037.75840601
4636 1098 446322.3963897673 4589036.560127381
4758 1098 447542.3938228413 4589037.144449588
122 1220 401182.12651176425 4587817.201997993
244 1220 402402.30237887613 4587815.6307243155
488 1220 404842.03715857555 4587817.134224057
610 1220 406061.95017128915 4587817.356084688
732 1220 407282.01466358284 4587817.101293204
854 1220 408502.16618491634 4587817.256315232
976 1220 409721.627032026 4587817.370346267
1098 1220 410942.1264224322 4587817.153396537
1342 1220 413381.8950257916 4587816.865895173
1464 1220 414604.62673251395 4587815.736775239
1586 1220 415821.3639770094 4587818.091667663
1708 1220 417042.49993896787 4587816.601082926
1830 1220 418262.49331238 4587817.213502258
2318 1220 423141.1095790166 4587816.510306046
2684 1220 426802.9783381746 4587816.272575469
2806 1220 428023.0777977695 4587816.38630387
2928 1220 429242.393103067 4587817.064405749
4636 1220 446322.40414358466 4587817.168800277
4758 1220 447542.5639193059 4587817.36325089
122 1342 401183.0134127956 4586597.242312787
366 1342 403621.8357108955 4586596.843525265
488 1342 404841.94148430537 4586597.260987995
1098 1342 410942.2682637657 4586597.124420087
1220 1342 412161.6886985179 4586597.190290237
1342 1342 413382.7194527043 4586596.996403489
1464 1342 414601.9624410619 4586597.220241835
1586 1342 415822.19164042897 4586596.597501051
1708 1342 417042.4867795722 4586596.546372278
1830 1342 418262.6694827734 4586597.02263931
1952 1342 419482.43299581594 4586596.818954547
2074 1342 420702.363986462 4586596.031125613
2196 1342 421922.66800189234 4586597.334948086
2562 1342 425582.32697318954 4586596.830026371
2684 1342 426803.2054525945 4586597.6245386945
2806 1342 428023.2595410427 4586596.718197778
2928 1342 429242.6665939096 4586596.801151604
3050 1342 430462.35863949993 4586596.975584806
4636 1342 446321.83461825195 4586596.91474938
4758 1342 447542.3636099444 4586597.009752853
4880 1342 448762.47637975856 4586597.211670537
5002 1342 449982.2683219554 4586597.120409587
122 1464 401183.79913043237 4585375.560046697
366 1464 403622.6534167793 4585377.020888835
488 1464 404841.39687180374 4585377.340865022
610 1464 406061.85623646784 4585377.041955445
854 1464 408502.4051163924 4585377.76084827
976 1464 409722.204516689 4585377.432604936
1098 1464 410941.2433265956 4585376.821852633
1342 1464 413382.3442153713 4585376.671708399
1464 1464 414604.21257702983 4585376.61382241
1586 1464 415823.07291852473 4585375.341471244
1708 1464 417043.42235606484 4585377.335089477
1830 1464 418262.3285906273 4585376.996351603
1952 1464 419482.5046012878 4585376.170357371
2074 1464 420702.88585168007 4585376.486910117
2196 1464 421922.11731047096 4585376.988263776
2318 1464 423142.20744854544 4585377.090124659
2684 1464 426802.196125362 4585375.875783253
2806 1464 428021.5195979318 4585376.4795375755
2928 1464 429242.96051171125 4585376.771248842
3050 1464 430462.11915798945 4585376.78589634
3172 1464 431682.2951657771 4585376.94670866
3294 1464 432903.09055474756 4585376.234155771
4636 1464 446321.8506182508 4585377.27177806
0 1586 399962.47580868704 4584158.004829476
122 1586 401182.4015421939 4584156.924198741
244 1586 402402.35544335516 4584156.374598403
732 1586 407281.9731950024 4584157.258718983
976 1586 409722.1695266246 4584157.191815148
1098 1586 410943.0331089152 4584156.6690898705
1708 1586 417042.6327064579 4584156.50270059
1830 1586 418262.021484916 4584156.599616239
1952 1586 419481.578463583 4584157.439095616
2196 1586 421922.94505882915 4584156.515534865
2318 1586 423142.8938225885 4584156.760074209
2440 1586 424362.4178660471 4584156.657228532
2684 1586 426803.4747473692 4584156.483756989
2806 1586 428022.1052649141 4584157.163943113
2928 1586 429244.23713279975 4584155.928363138
3050 1586 430463.09360077005 4584157.151031156
3172 1586 431683.5094089051 4584156.154061207
3294 1586 432902.06898504583 4584157.53516339
4636 1586 446321.89767467394 4584157.35142037
4758 1586 447542.90490615653 4584156.986479499
4880 1586 448761.6534426737 4584157.350876545
5856 1586 458522.39729684376 4584156.801539567
122 1708 401181.83668703906 4582937.604474683
244 1708 402401.8081586954 4582936.952292549
366 1708 403621.7434695405 4582937.351580862
732 1708 407282.10640827956 4582937.34836665
854 1708 408502.21568182646 4582936.655286044
976 1708 409722.05964456615 4582937.084556301
1098 1708 410942.17344895826 4582937.082925361
1586 1708 415822.3288045597 4582936.9499834925
1708 1708 417041.391869158 4582937.793923194
1830 1708 418262.67188343126 4582936.519744025
1952 1708 419482.3079619112 4582936.560389214
2196 1708 421923.456038791 4582936.613366175
2318 1708 423143.2818750004 4582936.917343409
2440 1708 424361.73043229396 4582938.580606011
2562 1708 425583.24255241436 4582937.239605323
2684 1708 426802.9978775941 4582937.463315797
2806 1708 428022.57278269203 4582937.077415217
2928 1708 429242.9935793773 4582936.342557001
3050 1708 430462.9391669071 4582936.916933693
3172 1708 431682.12331780256 4582937.146077646
3294 1708 432902.3172361822 4582936.405162724
3416 1708 434122.3113482403 4582938.395783291
4026 1708 440224.1355550691 4582935.502691327
4636 1708 446322.91646460484 4582936.328672121
4758 1708 447542.39155531046 4582937.234809619
5002 1708 449981.57112412807 4582937.133923261
5124 1708 451202.46232398745 4582937.452322666
5246 1708 452422.0560200941 4582937.447616402
5490 1708 454862.9771274174 4582937.329144633
5856 1708 458522.58135542885 4582937.333024504
5978 1708 459743.09401693393 4582936.94979739
6100 1708 460963.2169222407 4582936.599385428
6222 1708 462183.48747294507 4582936.553392432
6344 1708 463403.7629722519 4582936.710918555
6466 1708 464623.17117349134 4582938.386259378
122 1830 401182.2965408642 4581716.860785364
244 1830 402403.34483940096 4581716.735703835
488 1830 404842.085039323 4581717.084365524
732 1830 407281.9955073021 4581716.921687713
854 1830 408502.19637692254 4581717.293467221
976 1830 409722.79914066615 4581717.295106148
1098 1830 410941.999580806 4581716.981929983
1220 1830 412162.419235872 4581717.105283437
1342 1830 413382.1297613423 4581716.339312289
1586 1830 415822.4187474127 4581716.579258315
1830 1830 418262.7352102961 4581716.58724949
1952 1830 419482.57539318915 4581716.454560065
2074 1830 420703.2099877035 4581716.899475537
2196 1830 421924.243577158 4581717.716435462
2318 1830 423142.98419938737 4581717.676302989
2562 1830 425582.38295881805 4581716.953511439
2806 1830 428022.56430772506 4581717.334159848
2928 1830 429242.67429385235 4581716.155079186
3050 1830 430463.7817369836 4581716.791214623
3172 1830 431681.9415689576 4581717.026097499
3294 1830 432903.7787813241 4581716.712205586
3416 1830 434122.22173598374 4581716.3998616235
3538 1830 435343.33338169684 4581716.780991966
3660 1830 436562.4877468792 4581716.2006046055
3782 1830 437783.6337711439 4581716.150770363
3904 1830 439004.8261464976 4581717.518886827
4148 1830 441443.47187701776 4581716.367195647
4392 1830 443883.20140442636 4581716.040684135
4514 1830 445103.58950166265 4581716.617010938
4636 1830 446322.2557643105 4581716.844251718
5002 1830 449982.66556995525 4581716.440228394
5124 1830 451201.9083613884 4581716.953612827
5246 1830 452422.2733409493 4581717.348152567
5368 1830 453642.748223543 4581716.702988926
5490 1830 454863.50524075894 4581717.216159024
5734 1830 457303.2496471878 4581718.010134512
6222 1830 462183.8348429126 4581716.380128404
6344 1830 463403.1590295009 4581716.421736358
6466 1830 464622.1885261562 4581716.841290121
0 1952 399961.335124443 4580498.813579203
122 1952 401182.6652226762 4580496.776988198
244 1952 402402.0884825327 4580496.596640075
488 1952 404841.7988492128 4580497.258157067
732 1952 407281.41937027127 4580497.510234173
854 1952 408502.09069236147 4580497.97991903
976 1952 409722.16939757497 4580497.7995622475
1098 1952 410942.0130347644 4580497.477363143
1342 1952 413382.05085458886 4580496.325899406
1464 1952 414601.3884080067 4580497.275336169
1586 1952 415821.7933947177 4580497.1113293525
1708 1952 417042.6732303119 4580497.090545313
1952 1952 419482.9034514068 4580496.645589645
2074 1952 420701.87258531054 4580498.2365329815
2196 1952 421923.1077359006 4580496.599116358
2684 1952 426802.60319044295 4580497.041865192
2928 1952 429242.1035295157 4580497.412507102
3050 1952 430462.0874741019 4580496.76263555
3416 1952 434122.5963334289 4580497.091051717
3538 1952 435341.970310507 4580496.175024574
3660 1952 436563.46239330136 4580495.1953258645
3782 1952 437781.7065505781 4580496.847969677
3904 1952 439002.8475574447 4580496.895622419
4026 1952 440223.2747664368 4580497.2276586
4514 1952 445103.25188186165 4580495.927037008
4636 1952 446321.8321325943 4580497.239338218
4758 1952 447542.09496983385 4580497.310913701
5002 1952 449981.7201579254 4580497.5209332565
5124 1952 451201.7165447679 4580496.37372938
5246 1952 452421.7878927515 4580497.544554296
5612 1952 456081.9908448903 4580497.753153442
5734 1952 457301.87030037376 4580496.884421141
5856 1952 458522.06922666973 4580497.338667216
6100 1952 460962.17889105884 4580497.371087631
6222 1952 462182.57526542625 4580497.593040522
0 2074 399962.2107026065 4579277.409712698
122 2074 401181.695467783 4579276.680852225
244 2074 402402.06110994384 4579276.930914681
366 2074 403621.33100837213 4579276.933051198
488 2074 404841.452102212 4579276.899570995
610 2074 406063.4627755971 4579276.279180671
732 2074 407282.3026866706 4579277.270437659
854 2074 408501.56046765303 4579277.185359377
976 2074 409721.8697736539 4579277.2508450495
1098 2074 410942.5035714254 4579276.861464113
1220 2074 412162.65916689637 4579277.106277856
1464 2074 414602.64892855205 4579276.722803871
1708 2074 417042.5977127377 4579276.7307397
1830 2074 418262.3355224045 4579276.928946501
1952 2074 419482.3459731138 4579277.021432977
2074 2074 420703.0648247767 4579276.851556643
2196 2074 421922.56063198904 4579276.777329171
2318 2074 423142.2673720515 4579276.908519574
2684 2074 426802.5381167379 4579277.31859565
2806 2074 428022.4240801417 4579277.805669425
2928 2074 429241.57220652094 4579276.642831097
3050 2074 430462.373532852 4579276.37973578
3294 2074 432901.88166591246 4579277.169355528
3416 2074 434122.437367975 4579276.926212357
3538 2074 435342.1468743485 4579276.541936627
3660 2074 436562.5210438281 4579276.843449063
3782 2074 437784.1088756323 4579276.321200125
3904 2074 439002.70411561313 4579276.94551889
4026 2074 440223.2247302772 4579275.911485573
4270 2074 442663.1942092212 4579277.476318113
4514 2074 445101.87827678106 4579277.506744792
4636 2074 446322.24941769446 4579277.525289631
4880 2074 448762.12536176946 4579276.781265949
5002 2074 449981.9286643483 4579277.194489326
5124 2074 451201.54927083664 4579277.665692578
5246 2074 452423.70207359304 4579276.862992297
5734 2074 457301.59910736897 4579277.234600929
6222 2074 462182.59090184624 4579276.579265475
122 2196 401182.4130491862 4578057.139079891
244 2196 402401.63955486857 4578057.22259413
366 2196 403620.95274021645 4578057.402990973
488 2196 404841.491746305 4578057.454239963
732 2196 407281.3235257465 4578057.34665165
854 2196 408502.24659623863 4578057.337881889
976 2196 409722.31436952896 4578056.881492793
1098 2196 410942.43542570446 4578056.854690282
1342 2196 413382.4012717981 4578057.263083316
1464 2196 414602.7502284888 4578056.264464248
1586 2196 415823.3048093842 4578056.642767184
1708 2196 417042.56736165 4578056.586349215
1830 2196 418263.14419653267 4578056.798230354
1952 2196 419481.39259862417 4578055.045554834
2074 2196 420702.6203836943 4578056.748776957
2196 2196 421922.5563937673 4578057.336507634
2562 2196 425582.79481352144 4578056.480359143
2806 2196 428022.11347165995 4578057.101368941
3050 2196 430463.6394321398 4578055.749089964
3172 2196 431684.1543786536 4578055.823475222
3294 2196 432902.9348798099 4578056.707033405
3538 2196 435342.6186853065 4578056.392851734
3660 2196 436562.6397176696 4578056.388718936
3782 2196 437782.1634841462 4578056.685165959
3904 2196 439001.90030145063 4578056.944347698
4392 2196 443882.7700778851 4578056.952203837
4758 2196 447542.199544828 4578056.749047647
5002 2196 449982.0848364434 4578057.361816711
5124 2196 451201.9505365144 4578057.093235641
5734 2196 457301.79585583875 4578057.43413463
5856 2196 458521.7471724419 4578057.368577016
5978 2196 459742.1904663789 4578057.654103625
6100 2196 460962.41402298777 4578057.524722798
6344 2196 463401.87179212656 4578057.256361526
0 2318 399961.64318870276 4576837.627179173
122 2318 401182.5143007176 4576836.874381627
244 2318 402401.99028716306 4576837.197484997
366 2318 403621.81152958213 4576836.617616891
488 2318 404842.13148634136 4576837.030186953
854 2318 408501.7876040925 4576837.123757159
976 2318 409722.46279522055 4576837.282667601
1098 2318 410942.4196464729 4576836.598232199
1220 2318 412161.88458779856 4576836.3672285555
1342 2318 413382.5667002356 4576837.250325937
1586 2318 415821.8917261619 4576837.002389186
1708 2318 417043.30066895345 4576835.966938803
1830 2318 418262.06510988466 4576837.081606826
1952 2318 419482.4806651067 4576836.258417755
2074 2318 420702.66114792076 4576836.949633884
2196 2318 421922.09531325917 4576837.685934504
2318 2318 423142.336566347 4576837.216465053
2440 2318 424362.15228765295 4576836.844433699
2684 2318 426802.7151645066 4576836.518701847
2806 2318 428022.9163079874 4576836.447833117
2928 2318 429242.3347019148 4576837.22638122
3172 2318 431682.47253218415 4576836.209232323
3294 2318 432901.7263594413 4576836.520077164
3904 2318 439001.61141095875 4576836.384366811
4270 2318 442661.65428334393 4576836.786688488
4636 2318 446321.2250662114 4576837.176795935
4880 2318 448762.8903979576 4576835.4760908
5490 2318 454863.0626675946 4576837.345211473
6100 2318 460961.91373337404 4576836.862271112
0 2440 399961.6528495809 4575617.852119302
122 2440 401182.99115638144 4575616.452525553
244 2440 402402.2493994632 4575617.265176667
366 2440 403621.53525089193 4575616.968447737
488 2440 404842.6051191889 4575616.927577332
854 2440 408501.8446034813 4575616.736178553
1098 2440 410942.3233178009 4575616.973289693
1220 2440 412162.70697666006 4575616.511118563
1464 2440 414602.1850571453 4575616.536732947
1952 2440 419482.4171859903 4575616.694185481
2074 2440 420702.8111269115 4575616.661198829
2196 2440 421922.5603152747 4575617.728046472
2440 2440 424362.7611195226 4575616.286863756
2684 2440 426801.24858688936 4575618.104019131
2806 2440 428023.11289809644 4575616.851705507
2928 2440 429242.52650601725 4575616.295673509
3050 2440 430463.29876638413 4575616.691786196
3294 2440 432901.7717361963 4575616.2902551275
3538 2440 435342.6557678833 4575616.375247235
4758 2440 447541.95050559763 4575617.209491954
5002 2440 449982.71976662416 4575615.387391243
5734 2440 457301.989956973 4575616.934363348
5856 2440 458522.0506899396 4575617.193608257
6100 2440 460962.98203302646 4575615.600082274
6344 2440 463402.136616936 4575617.377008641
0 2562 399961.45163258404 4574396.79690014
122 2562 401181.967294612 4574396.914854496
244 2562 402402.3055429941 4574396.698561531
366 2562 403621.87424149155 4574396.979627849
488 2562 404842.5737383332 4574396.98786209
610 2562 406062.31407345674 4574397.128265685
854 2562 408502.10831112525 4574397.1842818
976 2562 409722.3461921064 4574397.062469544
1098 2562 410943.4130337531 4574396.029536824
1220 2562 412163.54034072364 4574396.792877966
1342 2562 413382.8753716812 4574396.926837241
1464 2562 414602.3789511877 4574397.699584078
2074 2562 420702.78285584 4574396.576056773
2440 2562 424362.83353640395 4574397.242072569
2684 2562 426802.7798514105 4574396.954735284
2806 2562 428022.72825173417 4574396.332006951
3294 2562 432901.70149940107 4574397.158671366
3538 2562 435342.0019246535 4574396.215718499
5734 2562 457302.1705157531 4574397.874743164
5856 2562 458521.9542629125 4574397.227657872
6100 2562 460961.6362142378 4574397.155394071
0 2684 399962.3864882965 4573176.435330919
244 2684 402401.6953563844 4573176.73835388
366 2684 403621.9664566789 4573176.601913835
488 2684 404842.3479748054 4573177.281101615
610 2684 406062.2769642931 4573177.216722556
854 2684 408501.9792043091 4573176.923390371
976 2684 409722.2117928378 4573177.368607525
1098 2684 410943.87215706584 4573175.50309168
1220 2684 412162.5760606245 4573175.373024109
1342 2684 413382.8590584265 4573176.624806121
1464 2684 414603.4885008469 4573177.3901858125
1586 2684 415822.64873099374 4573177.211497669
1708 2684 417043.20779044065 4573176.8640002925
1830 2684 418263.57275537826 4573177.151701993
1952 2684 419482.0187354424 4573177.098625515
2074 2684 420702.8339220824 4573176.524879587
2196 2684 421922.8570224097 4573176.994608259
2562 2684 425583.02469059796 4573178.832376296
2684 2684 426802.3445117308 4573177.070222896
2928 2684 429242.6826422341 4573177.725964676
3172 2684 431681.62295195594 4573177.3107002005
3538 2684 435343.20761082676 4573176.576004727
4880 2684 448762.06496737147 4573176.8329237355
5002 2684 449981.6574234029 4573177.375002822
5856 2684 458522.8399838473 4573177.611457537
6222 2684 462181.8643161721 4573177.241046935
0 2806 399962.4428264568 4571957.478305485
122 2806 401181.7562185887 4571956.79247574
366 2806 403622.7939232783 4571955.042927049
610 2806 406062.3789530933 4571957.038102236
732 2806 407282.86679896066 4571957.169848197
854 2806 408501.8164660566 4571957.107482331
1098 2806 410942.9639729865 4571956.213568308
1220 2806 412163.9628763383 4571957.168742146
1586 2806 415822.72962352063 4571956.752544956
1708 2806 417042.22995627427 4571956.712274379
1830 2806 418263.1710854068 4571956.176016337
1952 2806 419482.0134819501 4571956.894420638
2074 2806 420702.63824359875 4571957.0497904215
2196 2806 421922.99640179373 4571956.868309689
2318 2806 423142.94657130714 4571956.735137285
2562 2806 425582.32439754985 4571957.028204478
2684 2806 426802.07648912177 4571957.182042485
2806 2806 428022.3948043183 4571956.094517388
3172 2806 431683.1229157287 4571956.6382486895
3294 2806 432902.0744464808 4571956.737210693
3660 2806 436562.4925584312 4571957.3344535
3782 2806 437782.5231776801 4571957.659649124
5734 2806 457301.9794009237 4571956.857325201
5856 2806 458521.95012150845 4571957.284150591
6100 2806 460963.61579365865 4571956.676937384
6222 2806 462182.6024998197 4571956.9883419415
122 2928 401182.10802154226 4570736.963696979
366 2928 403622.1198517431 4570737.307002245
488 2928 404842.06223325117 4570737.171302879
732 2928 407281.6302822979 4570737.228739597
854 2928 408502.4037934887 4570736.795671925
976 2928 409722.2078004439 4570736.751488414
1098 2928 410942.25443283026 4570736.663196398
1220 2928 412163.00423760264 4570736.548535453
1342 2928 413382.6465631771 4570736.079332423
1586 2928 415822.16194439767 4570736.625490294
1708 2928 417043.1521828275 4570737.141566581
1830 2928 418263.17232050444 4570735.814295509
1952 2928 419483.16673518135 4570737.586505219
2196 2928 421922.88044890907 4570736.37289243
2318 2928 423142.51789225976 4570737.122927494
2440 2928 424363.0506705461 4570736.771174242
2562 2928 425582.317758741 4570736.89590852
2684 2928 426802.7921921585 4570736.490376045
2806 2928 428021.8675826362 4570735.962221102
2928 2928 429242.8092411571 4570737.502558537
3050 2928 430462.3026180509 4570736.403086567
3294 2928 432900.6581120684 4570737.405389849
3416 2928 434122.47447714227 4570737.351930236
3538 2928 435342.3445960745 4570737.340167425
3782 2928 437782.5709604563 4570736.870632274
3904 2928 439003.5596834704 4570736.5167271
5002 2928 449982.40875660017 4570736.769504606
5734 2928 457302.1643087889 4570737.35781941
6100 2928 460961.92075181915 4570737.197582289
366 3050 403622.2192593254 4569517.158662992
488 3050 404842.2168869962 4569517.170686556
610 3050 406062.11278447625 4569517.027012277
732 3050 407281.7836762444 4569517.268668252
854 3050 408501.94768586167 4569516.785114837
976 3050 409722.516963473 4569516.837628916
1098 3050 410942.53200303216 4569516.73696518
1220 3050 412162.441893488 4569516.828846004
1342 3050 413383.60665018024 4569516.71957741
1464 3050 414603.08662565256 4569516.06527062
1586 3050 415822.64793980576 4569516.513490931
1708 3050 417042.79722168227 4569516.485110207
1952 3050 419482.3294317038 4569516.212621136
2074 3050 420702.6185333081 4569516.759135971
2196 3050 421922.7480475395 4569516.870647344
2318 3050 423143.4509496181 4569517.172201299
2562 3050 425582.57335701823 4569517.5275537595
2684 3050 426802.0546831104 4569516.85726245
2928 3050 429242.6429049796 4569516.0963398
3050 3050 430461.7451740788 4569516.744081197
3416 3050 434122.64973668323 4569517.311475627
3904 3050 439001.89465888054 4569517.793630621
4148 3050 441442.7245899514 4569516.716673469
4514 3050 445102.2505128268 4569517.424637031
5246 3050 452421.49365591037 4569517.40761711
122 3172 401181.6522893196 4568296.991978037
610 3172 406062.10151655914 4568297.3395650685
854 3172 408502.1127486993 4568296.668176172
976 3172 409722.3895773528 4568296.496415608
1098 3172 410943.0000702258 4568296.348425468
1220 3172 412162.50285210024 4568295.999563079
1342 3172 413382.4407542239 4568297.340564362
1464 3172 414602.83704290394 4568296.600304638
1586 3172 415823.2879066108 4568296.832970898
1708 3172 417042.75489099877 4568296.42099056
1830 3172 418262.333253158 4568296.1754236845
1952 3172 419483.24042109144 4568296.296537546
2074 3172 420702.6093031053 4568296.998911018
2196 3172 421922.6276731477 4568297.299768302
2440 3172 424362.29415008455 4568296.765720636
2806 3172 428022.2472658094 4568296.643659768
2928 3172 429242.3129596245 4568296.365484924
3050 3172 430462.27245636715 4568296.910426273
3172 3172 431682.10308768606 4568296.227360307
3294 3172 432901.8711954727 4568296.57389681
3416 3172 434122.3633747844 4568296.385501526
4148 3172 441441.9233868587 4568297.597108999
4270 3172 442662.2057252811 4568297.012675927
4392 3172 443883.17849134235 4568295.045484828
4758 3172 447541.78091164964 4568297.00518303
5002 3172 449981.47312434943 4568297.312656997
5246 3172 452421.5875904299 4568296.958422552
5490 3172 454861.18898698734 4568296.737416692
5612 3172 456081.8647284277 4568297.277490238
5856 3172 458521.6336296055 4568297.155642962
6100 3172 460962.77504927834 4568295.622309525
0 3294 399961.64528729196 4567077.526533017
732 3294 407282.0458126924 4567076.969583527
854 3294 408501.7308631428 4567077.181180409
976 3294 409721.87528349034 4567076.489334579
1098 3294 410941.95102871425 4567076.435773013
1220 3294 412162.4741747713 4567076.686540209
1342 3294 413381.9460347335 4567077.13213933
1464 3294 414603.04672925983 4567077.314650847
1586 3294 415822.5072406614 4567076.879620316
1708 3294 417043.17532230454 4567076.581050408
1830 3294 418262.30899523816 4567076.691783371
1952 3294 419483.42558546807 4567077.735442681
2318 3294 423142.47271224146 4567076.895242977
2440 3294 424362.12143394566 4567076.8319761725
2562 3294 425581.9414411309 4567075.013498501
2684 3294 426803.8856245775 4567075.83220692
2806 3294 428022.3605677938 4567076.999309217
3050 3294 430462.2060084236 4567077.215535696
3172 3294 431681.9630926701 4567076.630980714
3294 3294 432902.1009733063 4567077.851347644
4148 3294 441442.93892110436 4567076.805768868
4392 3294 443882.23119045864 4567077.378379046
4514 3294 445101.64657151117 4567077.565699975
5612 3294 456081.6696825347 4567076.980785236
5734 3294 457302.3109631663 4567076.996188953
5856 3294 458521.64268760954 4567077.344385619
5978 3294 459741.46417673334 4567077.208244133
488 3416 404842.83669475163 4565857.003309935
610 3416 406061.7408669462 4565856.808028133
732 3416 407282.53112276545 4565856.85963031
854 3416 408502.3892529453 4565856.845118279
976 3416 409722.17632356717 4565857.329748439
1220 3416 412162.71301022545 4565856.453222778
1342 3416 413382.3846904551 4565856.929650156
1464 3416 414602.87286108406 4565856.886960319
1586 3416 415822.3114500379 4565856.685201885
1708 3416 417042.93028282747 4565856.641350619
1830 3416 418262.6580446211 4565856.86389062
2318 3416 423142.9182841105 4565856.517087873
2562 3416 425582.5015376531 4565856.541888556
2806 3416 428022.3159542662 4565856.263748297
2928 3416 429241.52880105353 4565857.059889607
3172 3416 431682.93690341583 4565856.504701052
4026 3416 440222.8470609195 4565856.879987051
4148 3416 441442.8718014404 4565856.936189447
4270 3416 442663.3266997404 4565856.8751108255
4392 3416 443882.54938922747 4565857.210826362
4514 3416 445101.8398276481 4565856.950067132
4880 3416 448761.65669813985 4565857.75428919
5002 3416 449981.8295213551 4565857.718109105
5124 3416 451201.9587341555 4565857.894359498
5368 3416 453641.2302172334 4565857.994512494
5612 3416 456082.6863203929 4565857.445113689
5978 3416 459742.0453638638 4565857.647993051
244 3538 402402.2434902379 4564635.358621784
366 3538 403622.1694282846 4564636.696528344
488 3538 404841.2819579653 4564637.899472711
610 3538 406062.7379993111 4564636.545115532
854 3538 408503.2321289412 4564635.7929146765
976 3538 409722.4188609753 4564636.561579083
1220 3538 412162.94727520674 4564636.085872607
1342 3538 413381.96622076543 4564636.803793331
1464 3538 414602.2244855956 4564636.835709692
1586 3538 415822.4465991956 4564636.721363385
1708 3538 417042.40395231417 4564636.444140106
1952 3538 419482.4877041321 4564637.107595984
2074 3538 420702.57847870834 4564636.980282339
2562 3538 425583.05631152104 4564636.270150638
2684 3538 426802.2217572258 4564636.407728171
2806 3538 428022.4328965348 4564636.529248514
2928 3538 429242.5764871675 4564636.628068088
3050 3538 430462.59390684735 4564636.624273873
3172 3538 431681.81803411915 4564636.701140749
3294 3538 432902.21538675623 4564636.473923928
3782 3538 437781.6518986434 4564637.417568354
3904 3538 439002.48663169873 4564637.420836934
4148 3538 441442.9257438733 4564636.650729734
4270 3538 442661.85921848915 4564636.48136554
4880 3538 448761.9434735039 4564637.440894907
5002 3538 449982.14754586626 4564637.853016944
0 3660 399961.21087162395 4563417.000982072
244 3660 402402.2557376316 4563417.049609868
366 3660 403621.88125818485 4563416.9817292355
610 3660 406061.4294427989 4563416.828861009
732 3660 407282.85157767404 4563417.429880732
854 3660 408502.15362129186 4563416.935364126
976 3660 409722.21317964816 4563416.937129829
1098 3660 410942.5277885118 4563416.551025895
1220 3660 412161.6175552826 4563417.44425159
1342 3660 413382.77339366864 4563416.5421910165
1464 3660 414602.5714565417 4563416.8556694705
1708 3660 417043.2747319648 4563417.035671971
2074 3660 420703.0840616446 4563416.85570983
2318 3660 423142.84741787706 4563417.283220776
2562 3660 425582.60511461797 4563416.753505402
2684 3660 426802.4213057035 4563416.443626028
2928 3660 429242.27849322604 4563416.627795695
3050 3660 430462.0799249186 4563417.05827602
3172 3660 431681.6310658074 4563416.576130927
3294 3660 432902.8160818601 4563416.956518144
3416 3660 434122.12115464004 4563416.877621118
3782 3660 437782.8475911889 4563416.8200162565
3904 3660 439002.5947898474 4563417.217991985
4026 3660 440222.6329272796 4563417.16992001
4270 3660 442661.41419020016 4563416.589499106
4392 3660 443881.9870381058 4563416.995167689
4758 3660 447541.02355072484 4563417.342991185
4880 3660 448761.70527338155 4563417.176170587
5002 3660 449981.5847136887 4563417.489703331
5124 3660 451202.35113019025 4563417.166701822
122 3782 401182.25828308763 4562197.646707283
244 3782 402402.379073562 4562197.61165312
488 3782 404841.94221976126 4562196.864238777
610 3782 406062.1882355825 4562196.5238219
854 3782 408503.0216937518 4562196.307652575
976 3782 409722.5596831874 4562196.496615641
1098 3782 410942.7095476292 4562196.712089209
1220 3782 412162.25197297917 4562196.573590361
1342 3782 413382.075668754 4562196.938891791
1464 3782 414602.38144145044 4562197.39469466
1586 3782 415822.8624665515 4562197.363074573
1708 3782 417042.4283928021 4562197.2893930115
2074 3782 420701.81616249186 4562196.115226466
2196 3782 421922.92349928425 4562196.806870292
2318 3782 423141.9411008285 4562196.85348103
2440 3782 424362.0108218323 4562196.780786356
2562 3782 425582.0486605035 4562196.6105402075
2684 3782 426803.6967702957 4562195.304795535
2806 3782 428022.27497919934 4562196.83248266
2928 3782 429242.6135693736 4562196.920713729
3050 3782 430462.5702465418 4562196.737285968
3172 3782 431682.0975151326 4562196.614095531
3294 3782 432901.6522103844 4562196.742709197
3416 3782 434121.89606390224 4562197.198997798
3782 3782 437782.6161741573 4562196.757823142
3904 3782 439002.2503290942 4562197.550214824
4148 3782 441442.26811574824 4562196.854854877
4270 3782 442661.89171350276 4562196.807874909
4392 3782 443882.28456911375 4562198.148655491
4514 3782 445102.3495433501 4562197.087907154
4758 3782 447540.7589000737 4562197.403528589
5002 3782 449981.8445486752 4562197.560616008
5124 3782 451202.39233492524 4562197.361038424
122 3904 401181.97502983914 4560977.601473367
610 3904 406061.48097024666 4560977.715681978
732 3904 407281.6886433883 4560976.339924982
854 3904 408502.4999413324 4560976.316020448
976 3904 409723.0794819282 4560976.374171484
1098 3904 410943.3059052494 4560976.568383547
1220 3904 412162.17405195493 4560976.851297353
1342 3904 413382.0893503711 4560976.791236428
1464 3904 414602.5802302298 4560976.693632288
1586 3904 415822.58287836623 4560976.943826783
1708 3904 417042.5070321287 4560976.796778428
1830 3904 418263.417463432 4560975.35821269
2318 3904 423142.25681358634 4560977.351928699
2562 3904 425582.1239635173 4560976.459323298
2684 3904 426801.61824304954 4560976.478861154
3050 3904 430462.32227092434 4560976.403830039
3172 3904 431682.49319502566 4560976.739326227
3416 3904 434122.5762997414 4560976.936487005
3538 3904 435342.79882607586 4560975.034402546
3660 3904 436562.03862301074 4560975.220550523
3782 3904 437782.1971069242 4560977.111855202
4026 3904 440222.40914423496 4560976.860724479
4148 3904 441442.3357101829 4560976.94430169
4270 3904 442662.12405263487 4560977.607574856
4392 3904 443882.4539131294 4560977.150631445
4514 3904 445102.01739053393 4560977.270367981
4636 3904 446321.6168824874 4560977.579434954
4758 3904 447541.8934455575 4560977.6256425725
5002 3904 449981.9299304942 4560977.878113427
5124 3904 451201.51947039703 4560977.173352776
5246 3904 452421.93963191396 4560977.349961513
5368 3904 453640.8545555406 4560976.677108779
5490 3904 454863.33711081586 4560977.391016502
5856 3904 458521.8081331094 4560977.361899641
366 4026 403621.80277452373 4559756.899342389
488 4026 404842.10102477344 4559756.992021085
854 4026 408502.4535482157 4559756.702431685
1098 4026 410942.21798045305 4559757.125029714
1220 4026 412161.9846034936 4559756.488146129
1342 4026 413382.16109351174 4559757.209095668
1708 4026 417043.29099702195 4559757.008002644
1830 4026 418262.5506544243 4559757.92756979
1952 4026 419482.5275196237 4559757.660013593
2562 4026 425581.6654233452 4559756.905370787
2684 4026 426801.87618083 4559756.856821709
2806 4026 428021.8017288063 4559756.648729784
2928 4026 429241.7580281936 4559757.0792287355
3172 4026 431682.2523014131 4559756.069466329
3294 4026 432902.1773683872 4559756.843816081
3416 4026 434122.2234411868 4559757.067880979
3660 4026 436562.02371929504 4559757.645231973
3782 4026 437781.9349647723 4559755.473863942
3904 4026 439001.975902549 4559757.087741308
4148 4026 441441.9052538683 4559757.1707921885
4270 4026 442662.52722834924 4559757.441733765
4392 4026 443882.3063040418 4559756.685143548
4758 4026 447541.81967388024 4559757.171018501
5246 4026 452421.4954172275 4559757.438999431
5612 4026 456081.8659836399 4559758.003188313
5856 4026 458521.9637861208 4559757.0008788705
244 4148 402401.66055786784 4558537.07882168
366 4148 403621.6782623359 4558537.440500289
610 4148 406062.45892879047 4558536.780161405
732 4148 407282.74733959255 4558536.564963466
1098 4148 410942.4566345399 4558536.530783762
1220 4148 412162.5810157376 4558536.595485657
1342 4148 413382.5884931756 4558537.58448596
1464 4148 414603.0526521041 4558536.86511535
1586 4148 415823.11263903836 4558536.711526448
1708 4148 417042.38873118995 4558536.523940793
1830 4148 418261.93367040256 4558537.049693602
1952 4148 419482.5014009364 4558536.733953773
2074 4148 420702.71776186535 4558536.924685147
2196 4148 421922.32478216186 4558538.020819551
3416 4148 434121.7718710683 4558537.316205229
3538 4148 435341.99026737135 4558536.671353736
3782 4148 437781.44894980453 4558536.6457010945
4148 4148 441441.4869470933 4558537.5737438835
4270 4148 442661.57355929096 4558537.22513
4392 4148 443882.03797347524 4558536.992641309
4758 4148 447541.63798762544 4558537.345447056
4880 4148 448761.67310927645 4558537.371901367
5124 4148 451201.3378702381 4558537.354824469
5368 4148 453642.3100132609 4558537.379056799
5612 4148 456081.67851902335 4558537.287304921
5856 4148 458521.9826177375 4558537.174849161
366 4270 403620.2075674482 4557315.029207003
610 4270 406062.4144052899 4557316.689368359
732 4270 407281.9331239062 4557317.037374794
854 4270 408502.40707334 4557316.337113973
976 4270 409721.5655732732 4557316.469716994
1098 4270 410942.724025817 4557316.472119827
1342 4270 413382.19640715263 4557317.130648045
1464 4270 414602.18299181835 4557316.542903545
1586 4270 415821.1457658498 4557316.04750961
1952 4270 419482.3912202788 4557316.793373872
2440 4270 424362.42416113755 4557317.117902251
2684 4270 426802.3984806725 4557316.414698468
2806 4270 428021.4690670275 4557316.53893866
3172 4270 431681.9103102172 4557316.891473072
3660 4270 436561.79138862976 4557316.75270363
4026 4270 440222.1768059396 4557317.088330773
4148 4270 441442.00078090996 4557317.281208287
4270 4270 442662.5959963388 4557317.708161181
4392 4270 443882.63233578525 4557317.162349622
5002 4270 449982.5242400438 4557316.979306539
5246 4270 452421.55571923696 4557317.116404435
5368 4270 453641.5486225484 4557317.608686293
366 4392 403622.204807896 4556096.922040809
488 4392 404841.9120166531 4556097.113628623
610 4392 406062.8354787939 4556096.561108441
732 4392 407282.52885497705 4556096.528922147
854 4392 408502.796177624 4556096.61475636
976 4392 409722.7154616037 4556096.976500555
1342 4392 413382.15275101096 4556096.760640584
1464 4392 414601.8763156755 4556095.875408068
1708 4392 417042.38770250237 4556096.943434969
1830 4392 418262.7587851185 4556095.771142858
1952 4392 419482.01627973205 4556096.638323723
2074 4392 420701.78523446375 4556097.1136619225
2318 4392 423142.2223255517 4556097.789308905
2440 4392 424361.84819747496 4556097.556970836
2562 4392 425582.32530122384 4556097.145081225
2684 4392 426802.29063051427 4556096.453410828
2806 4392 428021.27778139256 4556096.315602809
3050 4392 430463.3105028098 4556097.504074177
3294 4392 432901.5399608094 4556097.4121558815
3416 4392 434123.46502665506 4556097.843166647
3538 4392 435341.92204428633 4556097.323020306
3660 4392 436562.3427633937 4556096.912563029
3904 4392 439002.44224328356 4556097.034595522
4148 4392 441441.84645761934 4556097.632063086
4514 4392 445101.780922464 4556096.807152886
4758 4392 447542.2989026155 4556096.979802114
5002 4392 449982.22874958813 4556097.218375846
5490 4392 454861.26310415025 4556097.53286237
5612 4392 456081.26391506486 4556096.670293041
610 4514 406062.5492476211 4554876.270229127
732 4514 407282.03827631753 4554876.870358545
854 4514 408502.37603207456 4554876.554437743
976 4514 409721.9723622519 4554876.840583171
1464 4514 414602.6931711529 4554876.722722774
1708 4514 417041.7110638848 4554877.105535654
2562 4514 425581.1190094882 4554877.6394654885
2806 4514 428022.09896870685 4554876.550512698
2928 4514 429243.1141075672 4554877.650250417
3050 4514 430461.11408140196 4554876.713565383
3538 4514 435341.5163628949 4554877.100137055
3782 4514 437781.8720308254 4554877.673400397
3904 4514 439001.6022855798 4554877.089768625
4514 4514 445103.2592218959 4554876.605388803
4758 4514 447541.6811265064 4554877.3064001715
5490 4514 454861.7440403636 4554877.514164746
5612 4514 456081.7167804369 4554877.417698583
5734 4514 457301.8139807956 4554877.433094715
732 4636 407282.64260170446 4553656.9455891205
854 4636 408502.645687473 4553656.501260656
976 4636 409722.47044629505 4553656.641242656
1220 4636 412161.6151593438 4553656.890934453
1464 4636 414601.98476822133 4553657.605601593
1586 4636 415822.3605781033 4553657.054858634
1708 4636 417042.70123240957 4553656.801018935
2074 4636 420702.5867196549 4553657.46242773
2440 4636 424362.1726365943 4553655.627264175
2562 4636 425581.61983287946 4553655.438123681
2806 4636 428022.78695473826 4553656.501781282
2928 4636 429242.4002141413 4553656.128102553
3660 4636 436562.3137565555 4553656.941510506
4026 4636 440221.94293067616 4553658.083294748
4270 4636 442662.6175803033 4553657.09813239
4392 4636 443881.9664627781 4553657.212653051
4514 4636 445102.1135898566 4553657.314790135
4880 4636 448761.5508181154 4553657.269372232
5490 4636 454861.54801752616 4553656.830184744
610 4758 406058.58034622227 4552437.647391042
1098 4758 410942.62741822575 4552437.901224707
1708 4758 417041.24837727146 4552438.234919233
1830 4758 418262.5533998996 4552436.6793162245
2440 4758 424362.55684467976 4552437.019950258
2806 4758 428021.102420167 4552434.288970369
3050 4758 430462.1869379046 4552436.398588397
3538 4758 435341.8336948069 4552437.737428897
3660 4758 436561.5648096647 4552437.006772822
3904 4758 439002.60940640053 4552437.127389265
4026 4758 440222.51096780255 4552436.828607571
4148 4758 441442.40346725285 4552436.973994015
4636 4758 446322.0087046948 4552436.903035288
4880 4758 448762.54280503717 4552436.797236719
5002 4758 449981.6534816889 4552437.290059811
5490 4758 454864.23047628306 4552436.169429167
1586 4880 415822.8514431376 4551217.872925139
1708 4880 417043.0861310498 4551216.792871528
1830 4880 418263.0346227239 4551216.301741827
1952 4880 419481.62047007104 4551217.84511973
2074 4880 420701.80275338935 4551216.0495066885
2196 4880 421921.0018607304 4551217.092042362
2440 4880 424362.5745292871 4551216.28926958
2562 4880 425581.8721233758 4551216.033654323
3416 4880 434120.3753111145 4551217.505304351
3660 4880 436562.38791450055 4551217.836504432
3782 4880 437781.9804151342 4551216.53584738
3904 4880 439002.6284271118 4551216.60469078
4026 4880 440222.38948672364 4551217.14046267
4392 4880 443881.9771566909 4551217.303470454
4514 4880 445101.6416819696 4551217.5430238955
4636 4880 446321.8620154158 4551217.614159576
5002 4880 449981.35123563535 4551217.248051207
5124 4880 451204.326331059 4551216.325313652
5246 4880 452421.7606557857 4551216.662270721
5490 4880 454861.385089528 4551217.090491581
1220 5002 412162.44738084247 4549996.76205032
1586 5002 415818.69048975746 4549997.672195177
1952 5002 419482.2765427269 4549997.237747068
2074 5002 420702.7480329333 4549996.760739244
2318 5002 423141.8150347283 4549997.836984264
2440 5002 424361.9466505475 4549997.06193255
2562 5002 425581.64129984897 4549995.688464868
2684 5002 426802.1030448427 4549997.204551
2806 5002 428022.4519720906 4549996.8216239335
2928 5002 429241.90062106645 4549996.313844601
3172 5002 431682.48102106754 4549997.056905449
4026 5002 440221.634657982 4549996.628824387
4148 5002 441441.5587338336 4549997.663550931
4270 5002 442663.2199283819 4549995.65116144
4392 5002 443882.6684038417 4549996.860289557
4514 5002 445102.21838429366 4549997.001288572
4636 5002 446321.85423318826 4549997.102486367
4758 5002 447541.9447995641 4549996.760908527
5002 5002 449981.71799151914 4549996.779018583
5124 5002 451201.3888918023 4549997.187278607
1098 5124 410942.7920422076 4548776.135298095
2318 5124 423142.53140117857 4548777.04527518
2562 5124 425582.60146437987 4548777.430357605
2684 5124 426802.0440299498 4548776.552826423
3050 5124 430461.8669501745 4548778.0060321
3172 5124 431682.2598437199 4548776.829044923
4026 5124 440222.18809022894 4548775.142141298
4270 5124 442662.7914758488 4548775.695230912
4636 5124 446321.8860686631 4548777.070806779
4758 5124 447542.10541542346 4548777.301524883
4880 5124 448761.9704963483 4548777.5588881355
5002 5124 449982.26526389935 4548776.752404766
5124 5124 451201.3327432901 4548777.532198377
976 5246 409718.3300867346 4547556.517368533
1220 5246 412162.0494169267 4547556.445412935
1342 5246 413382.2857916866 4547556.143864103
1830 5246 418262.01531218615 4547556.768904443
2074 5246 420702.43468364206 4547556.652367293
2318 5246 423141.5718418213 4547556.846000591
2440 5246 424361.39353829745 4547558.07673169
2562 5246 425582.3857513979 4547556.875347225
2806 5246 428023.0006060914 4547555.895573822
3050 5246 430461.83730253263 4547556.599931971
3172 5246 431682.20065891056 4547557.481950038
3294 5246 432902.01617445715 4547556.8253934495
3416 5246 434119.4369868595 4547557.661226858
3904 5246 439001.6770061615 4547557.035018508
4026 5246 440223.66775991395 4547555.9426761065
4636 5246 446320.8338805262 4547557.441023317
4758 5246 447542.1730871036 4547557.448878672
4880 5246 448761.3549992506 4547557.683321357
5002 5246 449981.9444081493 4547556.941126653
5246 5246 452421.6814052994 4547557.326675632
5368 5246 453641.65603225265 4547556.930023577
5490 5246 454862.02180047205 4547556.562761162
976 5368 409722.2530266919 4546336.5573003525
1220 5368 412162.1639825459 4546337.033180988
1464 5368 414601.85327514214 4546337.901823343
1586 5368 415822.36007557926 4546337.078993334
1708 5368 417041.9585246804 4546337.317699956
2318 5368 423143.0980158038 4546336.9852934815
2684 5368 426802.82951896306 4546336.750180738
3172 5368 431680.60692020954 4546336.750539356
3294 5368 432901.72682959633 4546337.17699004
3782 5368 437782.11861587665 4546337.18069219
4758 5368 447542.75279416196 4546337.169498182
4880 5368 448762.59647480224 4546337.450132261
5002 5368 449981.80554052466 4546336.037935655
5246 5368 452421.9239283843 4546336.723479283
5490 5368 454862.1226412741 4546336.635955313
976 5490 409722.452009042 4545116.525380858
1220 5490 412160.9883586091 4545117.905440348
1342 5490 413382.82601583947 4545116.394788318
1952 5490 419480.74838920194 4545118.633753669
2318 5490 423141.37882306805 4545118.338439744
3050 5490 430459.19311448064 4545117.702421335
3660 5490 436561.6440723867 4545117.319243216
3782 5490 437782.68062690634 4545116.527013475
3904 5490 439001.81053261604 4545117.219446859
4148 5490 441440.1343360737 4545115.057426319
4880 5490 448761.9749622832 4545117.439648761
5002 5490 449982.669823035 4545116.798003188
5124 5490 451202.1337500113 4545117.409456124
5490 5490 454861.8798918943 4545117.243194931
1342 5612 413380.1873783209 4543895.391836857
1708 5612 417038.59720278723 4543895.347964093
2318 5612 423138.55236468685 4543896.682876459
3050 5612 430462.44826322806 4543897.087614825
3172 5612 431683.2986120081 4543896.57014164
4880 5612 448762.22909159504 4543897.275829596
5002 5612 449982.46412073745 4543896.712747271
5246 5612 452422.1277614857 4543896.84470437
5368 5612 453641.9271343359 4543896.860940455
1098 5734 410942.1439155528 4542676.560242324
1220 5734 412162.0088203791 4542677.554894328
1342 5734 413382.3770090348 4542677.36273322
1464 5734 414602.3671487809 4542677.2414722275
2684 5734 426803.2817557554 4542677.428940952
2928 5734 429241.90291439835 4542678.404969974
3294 5734 432902.1473757569 4542677.058719343
3416 5734 434122.02662896854 4542677.001929889
3782 5734 437781.95076809666 4542677.94508605
4392 5734 443881.7202609864 4542677.907073738
5124 5734 451201.41235389095 4542676.957872713
1342 5856 413378.50178091024 4541457.108396246
1586 5856 415821.89205006475 4541456.996369162
1952 5856 419482.91378018836 4541456.402737337
2318 5856 423140.97044906055 4541456.650843798
2440 5856 424361.6679252421 4541456.3295193445
2562 5856 425579.4444226149 4541456.482945328
2684 5856 426802.70540565974 4541455.281612748
2928 5856 429241.25257795915 4541457.231640797
3172 5856 431681.104238034 4541456.887598934
4026 5856 440222.5967155558 4541456.687888616
1342 5978 413377.73273260525 4540236.197009267
1708 5978 417041.72383030277 4540236.99799094
1952 5978 419482.29158703674 4540236.496048832
2318 5978 423142.9173774614 4540236.33201412
2928 5978 429241.79943119304 4540237.297985054
4514 5978 445101.47469966277 4540238.431547107
5368 5978 453641.63826118264 4540238.296044478
2074 6100 420702.6132770672 4539016.696978378
2196 6100 421922.7880936489 4539016.538597779
2928 6100 429239.1298459215 4539015.020508729
4148 6100 441441.07888613164 4539017.340959001
4392 6100 443880.95751905604 4539017.490193014
4636 6100 446322.99496183934 4539017.673461338
5124 6100 451202.07524053403 4539017.484216278
1464 6222 414602.35620646214 4537796.6786514195
1952 6222 419482.0090415909 4537797.824895463
2440 6222 424361.9849949323 4537796.700903157
2928 6222 429241.87796284043 4537797.927954175
3782 6222 437783.1402792195 4537796.8278128505
4514 6222 445101.8612989285 4537797.345016656
4880 6222 448761.1748768236 4537797.54210536
5002 6222 449983.58593919134 4537797.58939255
5246 6222 452421.73962511396 4537797.190422389
2562 6344 425581.38171107986 4536576.938937473
3904 6344 439000.15901212767 4536577.687336929
4026 6344 440222.1533597927 4536578.170673705
4148 6344 441440.343277324 4536578.131476237
4514 6344 445101.4887899952 4536578.471716606
5002 6344 449981.7709670015 4536578.092592658
5246 6344 452420.7487118814 4536576.941054063
1952 6466 419482.3242661062 4535355.906080302
2928 6466 429238.49926707515 4535357.089704283
4026 6466 440221.698023328 4535356.713421028
1952 6588 419481.59785490396 4534136.518896547
2440 6588 424362.37520221615 4534136.82014601
2806 6588 428022.746289742 4534135.901509679
3538 6588 435342.1128038363 4534136.449707103
3782 6588 437781.7205289252 4534137.271089892
4026 6588 440221.5857734412 4534137.453082651
4148 6588 441441.0807330369 4534138.024450406
4392 6588 443881.50923280383 4534137.970328934
5124 6588 451201.01836950995 4534136.3772005085
2074 6710 420702.02478672867 4532916.071214148
2440 6710 424361.5140729175 4532916.640072143
2806 6710 428021.2960492566 4532915.179217078
3904 6710 439001.1763457875 4532918.583359641
4026 6710 440218.77995174704 4532916.938996622
4148 6710 441441.53149102797 4532917.827637115
4880 6710 448761.8126522712 4532917.394436431
5002 6710 449981.30396717135 4532917.164699548
5124 6710 451201.51620760467 4532917.591897809
2074 6832 420702.0372813196 4531695.974140807
2196 6832 421918.6532532284 4531696.695685857
2562 6832 425581.03010456025 4531696.642343791
2806 6832 428018.6024589661 4531696.0271237455
4880 6832 448763.108385828 4531696.64673832
2074 6954 420702.42859155405 4530476.80316436
2196 6954 421921.4065558506 4530476.797995425
2318 6954 423142.2327833017 4530476.663278582
2684 6954 426800.09996722464 4530476.30377375
2928 6954 429242.39439302083 4530475.65517527
4026 6954 440222.4421780974 4530477.351343489
4270 6954 442660.79574637464 4530476.287691392
4636 6954 446321.20311616646 4530477.891998519
4758 6954 447539.64642113546 4530477.124865447
4880 6954 448762.54060551774 4530476.751652505
1952 7076 419480.1535419281 4529255.064651925
2196 7076 421919.38614620385 4529257.080997917
2440 7076 424362.5231647839 4529257.074710055
3050 7076 430462.0662529079 4529257.801554686
3416 7076 434121.0394792069 4529258.025501644
3538 7076 435342.9058303186 4529256.913100147
3660 7076 436562.83024365595 4529256.7132079
4026 7076 440220.2142533083 4529258.64424346
4148 7076 441441.85841083934 4529256.056255505
4758 7076 447541.00390793814 4529256.005709978
4880 7076 448760.4062038865 4529257.577873497
2318 7198 423140.1318763392 4528035.791719945
2440 7198 424361.9666818467 4528037.163597543
2684 7198 426799.1107593209 4528035.651773342
3660 7198 436559.7374768499 4528035.939327677
3782 7198 437782.13574132364 4528036.568119678
4636 7198 446321.9550402832 4528036.652656325
2074 7320 420701.1443714357 4526816.795505967
2196 7320 421917.9175191743 4526816.779637399
2562 7320 425581.1449866188 4526815.079390075
3050 7320 430458.26610057056 4526816.943802871
3416 7320 434122.70852453494 4526817.265138621
3782 7320 437781.642933125 4526818.089786023
4636 7320 446319.26244646095 4526817.813405146
2074 7442 420697.7562740676 4525597.560381758
2440 7442 424361.8634185145 4525596.822874378
2562 7442 425581.85307273996 4525596.204109842
2684 7442 426802.4050881139 4525597.202755777
2806 7442 428019.9109678377 4525598.591317036
3050 7442 430458.6880578757 4525597.145727503
3172 7442 431681.1740372679 4525597.831168771
3416 7442 434118.855814938 4525596.963671317
3782 7442 437782.86728626996 4525596.780431984
4026 7442 440221.9999090483 4525598.206627716
4270 7442 442661.50226648693 4525597.637563667
4514 7442 445098.78565673495 4525597.013073548
4758 7442 447541.09602372686 4525597.032714225
4880 7442 448762.44034333003 4525597.162885385
2562 7564 425582.434689729 4524376.7053423645
3050 7564 430459.58931514254 4524375.108790824
3172 7564 431680.7953920707 4524377.861127977
3904 7564 438998.73505650647 4524377.674139099
4148 7564 441441.3147028242 4524378.051120773
4514 7564 445102.1889188741 4524377.610157839
4880 7564 448760.99801449 4524375.910157369
2074 7686 420698.6469492246 4523155.27849792
2318 7686 423139.6107332899 4523157.255866965
2806 7686 428018.16868862096 4523157.985475844
3294 7686 432901.38155220076 4523157.924694732
3538 7686 435338.11171381915 4523156.423394193
4270 7686 442662.28535811894 4523156.879782004
3172 7808 431681.52135998977 4521937.872557346
3294 7808 432898.4740821471 4521936.696254185
4026 7808 440218.970439698 4521937.874197498
4148 7808 441438.3947821666 4521937.492729483
4270 7808 442662.1449212427 4521936.5298419865
4392 7808 443881.8028609247 4521938.192498695
4636 7808 446322.13341888366 4521935.9804178635
2318 7930 423137.60899022385 4520717.007941755
2562 7930 425581.52239713847 4520717.034784946
2806 7930 428020.7013892845 4520716.500829654
2928 7930 429237.8383915842 4520715.920510311
3294 7930 432901.5466321233 4520715.559433112
2684 8052 426801.7616178758 4519497.599275189
3050 8052 430461.97964863345 4519497.353141274
4636 8174 446321.2319798893 4518276.346435887
2074 8296 420701.6486741691 4517057.307725779
3172 8296 431680.4974521045 4517058.6859303685
3294 8296 432901.47422407684 4517057.8300701585
4514 8296 445100.7561471957 4517056.46230834
4636 8296 446323.006709036 4517056.359644909
