61 0 401181.75126664306 4600018.581777611
366 0 407281.1413790732 4600020.683295467
793 0 415821.7007568468 4600018.601014798
915 0 418261.52618815075 4600020.797111153
1830 0 436561.2772082217 4600018.030518925
1891 0 437781.75798916456 4600018.29351447
2013 0 440220.7010358212 4600019.407946068
122 61 402401.10998743953 4598799.153300531
183 61 403621.4973517049 4598798.82503862
305 61 406062.62692586496 4598800.65138281
366 61 407281.4736257595 4598801.102660281
427 61 408501.5113222578 4598800.848123622
549 61 410941.0631505205 4598801.371842009
793 61 415821.51909552375 4598801.182496968
1525 61 430460.82889401005 4598799.224244619
1586 61 431680.4745303079 4598799.374176538
2013 61 440222.24708534294 4598798.098958552
0 122 399961.28975720215 4597579.364651651
61 122 401182.0097089169 4597578.645690429
244 122 404841.9917981539 4597580.624919157
305 122 406061.92186698207 4597580.43465265
366 122 407282.31599717325 4597581.007370048
671 122 413382.0358153991 4597580.888483917
976 122 419480.7291935676 4597578.364339889
1037 122 420701.07651380845 4597578.790685593
1159 122 423142.099169954 4597578.551318787
1525 122 430461.9100493085 4597578.8572050715
1586 122 431682.2996895236 4597578.865439119
1647 122 432902.0069671102 4597578.506738149
1708 122 434121.91448056616 4597579.31431207
1891 122 437780.7673519143 4597579.409574326
1952 122 439001.2162069848 4597579.156393176
2135 122 442661.878575401 4597581.118683176
2257 122 445102.07769871503 4597578.251966537
0 183 399961.3272310465 4596358.952728277
122 183 402402.5431394101 4596358.5699221995
244 183 404841.26137460064 4596360.476692169
305 183 406061.5978946821 4596360.767806386
366 183 407281.7860141809 4596360.78698127
488 183 409722.051395033 4596359.867564729
793 183 415822.0106569432 4596359.443202706
854 183 417043.08638668095 4596360.5282769445
915 183 418261.97542210255 4596358.685261546
1586 183 431681.2965671674 4596359.24386333
1647 183 432900.7551131733 4596359.626069719
1708 183 434121.2625572702 4596359.17610734
1830 183 436561.7274251988 4596359.074829303
2074 183 441440.727148648 4596359.478823951
2135 183 442661.67692248727 4596359.286622407
2196 183 443881.27994522423 4596359.441828357
0 244 399961.31996206404 4595139.255156064
488 244 409721.08093520376 4595140.750420216
549 244 410941.34870703716 4595141.03530289
610 244 412161.5423833657 4595140.792096888
671 244 413381.88962100155 4595140.881040973
732 244 414602.0362015732 4595139.357243191
793 244 415822.12017165014 4595140.893562714
915 244 418262.3831683792 4595138.763598579
976 244 419482.37816413085 4595138.391355142
1586 244 431682.04501049785 4595138.529193064
1647 244 432902.3437611189 4595138.472749749
1708 244 434122.4703948413 4595138.904252054
1769 244 435341.893292492 4595139.302739812
1891 244 437781.2512019044 4595139.376336153
2135 244 442661.8408654201 4595139.022100867
0 305 399961.89411905786 4593918.362338062
183 305 403621.70874248294 4593920.703846647
244 305 404840.5226706049 4593920.311900981
305 305 406062.47580375423 4593918.637132289
427 305 408502.0224087306 4593919.500781991
488 305 409721.6356469598 4593919.7757970365
549 305 410941.5027756702 4593919.43286631
610 305 412161.0602025817 4593919.340742407
671 305 413380.99723842554 4593919.625989613
732 305 414600.94732139487 4593920.3621285455
793 305 415821.3344426193 4593920.677818145
854 305 417041.86689735146 4593920.937883533
915 305 418261.71483209665 4593921.2098861085
976 305 419482.4212540225 4593921.324195818
1037 305 420702.23966313165 4593921.043089592
1464 305 429241.64445644506 4593918.7621905
1525 305 430461.6459013074 4593918.140825633
1586 305 431681.9657968661 4593918.567524534
1769 305 435342.2627172771 4593918.440012404
1830 305 436562.1246986383 4593918.47516584
1952 305 439002.1838825171 4593918.647366324
2135 305 442661.97828912747 4593919.26643971
122 366 402400.67911949503 4592698.513241402
366 366 407281.32930459967 4592699.110162452
488 366 409721.89052172215 4592698.854345876
732 366 414601.52373761055 4592699.562941553
793 366 415821.6511606845 4592699.184319699
854 366 417041.20362276986 4592699.146189998
915 366 418260.8978348143 4592699.331536497
1159 366 423141.9857850533 4592701.473076959
1403 366 428021.01528937026 4592698.825157571
1464 366 429241.0151601889 4592698.693510057
1525 366 430461.05490233644 4592698.955599632
1586 366 431680.8491638653 4592699.146787767
1647 366 432901.34798191255 4592699.102295299
1708 366 434122.11721348716 4592698.591355392
1769 366 435341.92468709825 4592698.4917806685
1830 366 436561.81916883047 4592698.441024009
1891 366 437781.74393797846 4592697.974489539
1952 366 439002.3426434719 4592699.025762364
2013 366 440221.89097417844 4592698.271049622
2196 366 443882.00363993406 4592698.315945531
2257 366 445102.13182257913 4592699.151769037
244 427 404842.12709402514 4591480.633125901
488 427 409721.45289102226 4591479.382278901
549 427 410940.8668197829 4591479.663966376
610 427 412161.0879731562 4591479.03226988
671 427 413381.1801035341 4591479.218276931
732 427 414601.2856111435 4591478.806113119
793 427 415821.3239310524 4591478.994639478
854 427 417041.5118972205 4591479.452873429
1220 427 424360.887833644 4591478.240739981
1525 427 430462.520943448 4591478.692751798
1586 427 431681.4830650153 4591478.892607675
1708 427 434121.02000974066 4591479.177881613
1830 427 436561.0995995332 4591479.449895007
1891 427 437781.23583634483 4591479.304337962
1952 427 439001.92549615895 4591479.054550545
61 488 401182.2112058976 4590258.1794022415
244 488 404841.81569939153 4590259.531511443
305 488 406061.94864327554 4590259.56924215
549 488 410942.2038866321 4590260.285858127
610 488 412162.12764826155 4590259.618109332
671 488 413381.71029975434 4590260.978459365
732 488 414601.3423978128 4590260.857301154
793 488 415820.9719719253 4590259.447403204
1037 488 420700.7681999582 4590259.229232979
1098 488 421920.32601330744 4590260.6439446425
1159 488 423141.5110416195 4590259.599437353
1220 488 424360.8426738176 4590259.5273293145
1281 488 425581.3162985079 4590257.88466384
1403 488 428021.7802367086 4590258.639458058
1647 488 432902.7572858046 4590260.59866021
1708 488 434121.62517592835 4590258.844114124
1830 488 436559.8437255393 4590259.864129777
1891 488 437781.36130660714 4590259.071366736
1952 488 439000.81617996434 4590259.296923796
2013 488 440220.7834562958 4590259.169831824
2074 488 441441.1214482056 4590258.311853458
305 549 406061.5152752445 4589038.981821004
366 549 407281.7649051694 4589040.423502316
610 549 412161.64757029177 4589039.523860957
671 549 413381.9945550834 4589039.473512453
732 549 414602.33147726255 4589039.27986561
793 549 415821.54297095543 4589039.16827782
1281 549 425581.4940819819 4589039.009738537
1342 549 426801.1430174244 4589040.598561026
1403 549 428021.3410405135 4589038.47183027
1464 549 429241.5978118452 4589038.346571266
1586 549 431682.156831638 4589038.371780917
1830 549 436561.62415643234 4589038.631439553
1952 549 439001.9906405888 4589038.861211143
2135 549 442661.031860437 4589039.199827812
2196 549 443880.840439522 4589039.320926445
2257 549 445101.0579245815 4589039.379634863
61 610 401182.22184081044 4587818.174377781
183 610 403621.32316421863 4587821.402936946
244 610 404841.77622976596 4587820.92728874
305 610 406062.13553138933 4587820.804759893
488 610 409722.2022353566 4587818.9679607125
549 610 410942.1592630851 4587819.169697841
671 610 413381.53908845765 4587819.465152367
732 610 414601.411700604 4587819.607422364
793 610 415821.16519247147 4587820.437083825
854 610 417041.5656022844 4587819.40972687
915 610 418261.46195711347 4587819.54011724
1037 610 420701.35208584904 4587820.170714511
1220 610 424359.7008491854 4587818.745389395
1403 610 428022.42482437356 4587818.012794814
1464 610 429242.0504942123 4587818.492878728
1525 610 430461.31324697845 4587819.098401837
1647 610 432900.9319096165 4587819.262163017
1708 610 434121.0864413126 4587818.96190901
1769 610 435341.31083049625 4587818.744481787
1891 610 437781.7638569588 4587818.48087669
2135 610 442661.62268084835 4587818.710785759
2196 610 443881.9902724526 4587819.004019986
2257 610 445101.7986895873 4587819.216152982
2318 610 446321.4720451488 4587818.898118984
61 671 401182.06802106707 4586601.672560508
183 671 403621.0912481716 4586598.755497384
427 671 408501.336100551 4586600.352855341
488 671 409721.94458789437 4586599.220509431
549 671 410942.6149233637 4586599.187367646
671 671 413382.40022019367 4586599.2932686005
732 671 414602.30080158566 4586599.244625337
854 671 417040.9590809658 4586599.022266668
915 671 418261.32555503596 4586598.914636785
1098 671 421921.14065178594 4586600.617952208
1159 671 423141.0099289449 4586600.031478304
1403 671 428020.922410599 4586598.323789886
1464 671 429241.39335730916 4586598.0789902415
1525 671 430461.2283502983 4586598.770753424
1586 671 431681.60049988923 4586598.533206657
1708 671 434122.0617352735 4586598.786442009
1769 671 435342.5367447203 4586598.4507698435
2257 671 445101.7600377875 4586598.416522231
2318 671 446321.69356830005 4586598.725990925
2501 671 449981.7759974758 4586599.650772163
244 732 404840.9298442859 4585378.46086087
305 732 406060.79011504515 4585378.417378718
427 732 408501.37503662315 4585378.965355701
488 732 409721.1766821298 4585379.33752845
549 732 410940.8149443492 4585378.665862742
610 732 412161.0782299495 4585380.444512804
671 732 413381.4869930097 4585379.373886945
793 732 415822.3760229343 4585379.011982239
854 732 417042.6959922263 4585379.18040659
915 732 418262.2162623052 4585378.93827852
976 732 419482.10921267327 4585378.479007535
1037 732 420701.913875693 4585379.184891902
1098 732 421921.41107240063 4585379.506024192
1159 732 423141.13734118146 4585379.539093107
1403 732 428021.6887275414 4585377.938830372
1464 732 429240.9233703813 4585379.0421545915
1525 732 430460.9826146388 4585378.935014785
1586 732 431680.83982222097 4585379.050720382
1647 732 432900.7682209369 4585379.249349576
1708 732 434120.9285180279 4585379.085246823
1769 732 435340.49021447316 4585378.313928039
1830 732 436560.8458177346 4585379.111034926
2257 732 445101.13464983966 4585379.371101981
2440 732 448759.99987048795 4585380.004043225
2501 732 449979.99908255215 4585379.993879179
2562 732 451201.7272546784 4585377.825866812
61 793 401182.3646554175 4584158.466834035
122 793 402402.86828438914 4584158.339347745
183 793 403623.2926814514 4584159.872896854
671 793 413381.05424650956 4584158.703750886
793 793 415820.8304609416 4584159.7895592395
854 793 417041.3928903612 4584160.963092368
915 793 418261.2318913487 4584160.631282574
976 793 419481.35147472884 4584160.521522749
1159 793 423142.10356194497 4584159.519867503
1220 793 424361.77314977255 4584159.105458456
1342 793 426801.82693006075 4584158.227086677
1403 793 428021.0745111058 4584158.701897772
1525 793 430462.1370960598 4584158.8047386985
1647 793 432901.20075663587 4584159.189224252
1769 793 435340.5340006929 4584159.104645907
1830 793 436560.5444308574 4584158.783063531
2257 793 445101.4890260468 4584158.166810537
2318 793 446321.64240135247 4584158.892693399
2379 793 447541.5945979642 4584159.028993148
2684 793 453642.18546391866 4584158.103386354
61 854 401181.73060632136 4582941.472362887
183 854 403621.01718871493 4582938.849518427
366 854 407282.2780610185 4582938.40521981
610 854 412161.9446438469 4582941.534519132
732 854 414600.9905150319 4582940.7359674135
854 854 417040.5253330386 4582939.573729009
915 854 418260.86853697995 4582938.934080156
1159 854 423141.46011746436 4582940.717993078
1220 854 424361.5119608945 4582939.671305386
1342 854 426801.20368738635 4582938.38016415
1403 854 428022.0202653492 4582938.248462474
1586 854 431681.19814917847 4582938.828499604
1647 854 432901.07645289006 4582938.982099665
1830 854 436561.5161322554 4582939.050707142
2135 854 442661.5482124314 4582939.166885906
2196 854 443882.3047095756 4582939.457060999
2318 854 446321.2710942417 4582939.003608296
2501 854 449980.9977772378 4582938.606365502
2806 854 456082.27241604874 4582938.666491782
244 915 404842.28945803526 4581717.996212234
366 915 407281.403696406 4581718.467955958
488 915 409721.2028464776 4581718.428959122
671 915 413381.5050887707 4581718.497326429
793 915 415822.2897510142 4581718.8945496045
915 915 418261.7766751827 4581718.817190384
1037 915 420701.1993821945 4581719.151847573
1159 915 423141.0507215296 4581720.690582315
1281 915 425582.0496989055 4581718.171916394
1403 915 428021.50488763663 4581718.320243661
1525 915 430462.00312710775 4581718.3578507
1586 915 431682.01394061896 4581718.136803867
1647 915 432901.64334323833 4581718.402585557
2196 915 443881.87899346836 4581718.8434615005
2257 915 445101.9490370928 4581719.044670825
2501 915 449981.638252909 4581719.272743448
2562 915 451201.4376146417 4581718.398997647
122 976 402401.46918145294 4580498.274715865
244 976 404841.82865560625 4580498.352441151
488 976 409722.21291720227 4580501.610829929
671 976 413381.47077567864 4580498.372407816
732 976 414601.2616839861 4580501.051063742
793 976 415820.8840747703 4580498.70310789
854 976 417041.0150396602 4580499.13710382
976 976 419481.9394064516 4580498.113668064
1037 976 420701.43023427745 4580500.620753861
1098 976 421922.08860466286 4580498.859552123
1159 976 423140.73829621845 4580500.605936243
1464 976 429241.47949673055 4580498.143591456
1586 976 431681.7981474577 4580498.77331826
1708 976 434121.6228374569 4580498.794574821
1830 976 436561.8185180151 4580498.521563887
1891 976 437781.0654288227 4580499.127034192
2013 976 440222.20806931553 4580498.487360539
2074 976 441441.6531902541 4580497.572947138
2135 976 442662.2526936583 4580498.275675314
2379 976 447541.1010109573 4580498.884250367
2501 976 449981.14031705656 4580498.498179394
2623 976 452422.0192011662 4580498.617905237
2684 976 453641.8434710243 4580498.528258414
2745 976 454862.16309573804 4580498.606263192
0 1037 399961.9496429547 4579281.3203080185
61 1037 401182.82311063923 4579281.499034637
122 1037 402402.0583101998 4579278.424129738
183 1037 403622.07400220615 4579278.29503453
244 1037 404841.5941910628 4579277.984298448
366 1037 407281.44489322236 4579278.705020677
427 1037 408501.35412821634 4579278.382024242
610 1037 412162.38731748075 4579278.333555458
671 1037 413382.64397446736 4579278.642825284
793 1037 415822.5539461794 4579278.169652652
854 1037 417042.23511532973 4579278.6337006455
915 1037 418262.07572673535 4579278.5516964
976 1037 419481.3686250733 4579280.682336926
1037 1037 420701.80464391 4579279.005172788
1159 1037 423140.81131727574 4579280.771736382
1220 1037 424361.86017251766 4579278.618480198
1342 1037 426802.05906313006 4579278.705318364
1403 1037 428021.5435128495 4579278.303510261
1464 1037 429241.0387587985 4579277.541969535
1769 1037 435341.00266130717 4579278.432093966
1830 1037 436561.600889608 4579278.585410541
1891 1037 437781.9111722087 4579278.347294179
2074 1037 441442.0895042631 4579277.731556953
2135 1037 442661.1102074144 4579278.6315249605
2257 1037 445101.7688789855 4579278.362601415
2318 1037 446321.09492646356 4579278.854719889
2440 1037 448762.32773672673 4579278.544165117
2501 1037 449982.18489218917 4579278.364674654
2562 1037 451201.87772804586 4579279.194245477
2623 1037 452422.4209771368 4579278.566700296
2684 1037 453641.9805967253 4579278.621913023
2745 1037 454861.63252690557 4579278.519515608
3111 1037 462180.9116933012 4579277.698932582
61 1098 401181.3500492125 4578060.566630564
122 1098 402401.2452356104 4578060.701792778
183 1098 403621.7472950593 4578061.647395862
244 1098 404842.14954872103 4578061.058642146
366 1098 407281.98062094854 4578058.187591845
549 1098 410941.12602756964 4578058.298405381
732 1098 414601.8131386422 4578058.247049928
854 1098 417042.1775865965 4578058.491216119
1037 1098 420701.90390543174 4578058.838025334
1159 1098 423142.181980549 4578058.885030778
1403 1098 428021.52111308806 4578058.13634334
1464 1098 429241.82056714 4578058.060339569
1769 1098 435341.5304103349 4578057.782190239
1830 1098 436561.8620186729 4578058.36948462
2013 1098 440221.02756919095 4578058.469948742
2074 1098 441441.14163476677 4578058.982492631
2196 1098 443882.3739723767 4578058.334453936
2257 1098 445102.424426606 4578058.241030499
2684 1098 453641.9690611339 4578059.034087216
2806 1098 456081.9597811842 4578058.843601862
2867 1098 457301.4832228147 4578058.404919963
2928 1098 458521.2729852122 4578058.326744789
3111 1098 462180.8253911913 4578058.245947014
3233 1098 464620.89429047337 4578058.6927814
3294 1098 465840.3032572091 4578058.861098672
0 1159 399962.4253686287 4576839.622405736
61 1159 401182.232319741 4576840.972038581
122 1159 402401.8157482238 4576840.651663592
244 1159 404841.36120287864 4576841.219670585
305 1159 406061.278165474 4576838.719350189
427 1159 408501.7320727418 4576838.357092141
671 1159 413381.8896101055 4576838.5384248905
854 1159 417040.9144387347 4576838.044405103
976 1159 419481.6402907474 4576838.654120103
1037 1159 420702.2320086393 4576838.857661008
1098 1159 421922.05030315055 4576841.009289961
1281 1159 425579.823373664 4576840.15111627
1586 1159 431681.9971134805 4576837.884550415
1647 1159 432901.28944574634 4576837.857022388
1708 1159 434122.1339934542 4576838.231674633
1952 1159 439000.5351260685 4576838.498896798
2013 1159 440220.90343546215 4576838.85772193
2135 1159 442661.60001604474 4576838.0628108485
2379 1159 447541.0840632845 4576838.947033407
2867 1159 457302.3348393601 4576838.284324454
3050 1159 460961.28575195663 4576837.885852999
3172 1159 463401.0920885163 4576838.2639762275
3294 1159 465841.4372895045 4576838.0765947085
0 1220 399960.56789765216 4575620.7607758725
61 1220 401181.4602698909 4575621.112390294
122 1220 402401.61992281047 4575619.2713828925
183 1220 403621.633670803 4575618.843080984
427 1220 408502.1557008083 4575621.322294786
549 1220 410941.7829593068 4575618.494554468
610 1220 412162.2632804552 4575618.710839121
732 1220 414602.1260030247 4575618.356833102
793 1220 415822.6528321924 4575618.333529793
1037 1220 420701.23949248745 4575618.461220203
1098 1220 421921.1025335971 4575619.419133208
1220 1220 424361.4554874009 4575617.931985648
1342 1220 426801.3008265242 4575619.214937482
1403 1220 428021.53462691524 4575618.006857298
1464 1220 429241.7282031969 4575617.762310853
1525 1220 430461.3115827308 4575617.831595956
1769 1220 435342.26062205737 4575618.6090582805
1952 1220 439001.1141919447 4575618.960284265
2013 1220 440221.76233180176 4575618.529686623
2074 1220 441440.7222173046 4575619.009560775
2806 1220 456081.7959808781 4575618.867674177
2928 1220 458522.36652414163 4575617.942831745
3111 1220 462181.9728679715 4575618.050321477
3233 1220 464620.87161529355 4575618.6141671855
3294 1220 465841.4652010624 4575618.407922594
0 1281 399962.088636141 4574397.85124762
61 1281 401182.8250544674 4574398.840943117
122 1281 402402.85047222406 4574401.411544305
305 1281 406062.1198434021 4574401.628485387
366 1281 407280.8743022293 4574400.984470444
427 1281 408501.64240138285 4574398.740049818
488 1281 409722.43238447193 4574398.559845354
610 1281 412162.9275835178 4574398.576858852
732 1281 414601.9604121154 4574401.541003263
793 1281 415822.09205273277 4574398.58718645
854 1281 417042.0518349167 4574398.548600256
1220 1281 424362.6217210918 4574398.513320613
1342 1281 426802.28970764077 4574398.614608765
1403 1281 428022.02517983224 4574398.172719123
1647 1281 432901.97078842815 4574398.1695722435
1708 1281 434120.51155773574 4574398.69008142
1769 1281 435341.35176647385 4574397.868299626
1830 1281 436560.28838322195 4574397.82028204
1891 1281 437782.1288389251 4574397.9098465005
1952 1281 439001.7341078041 4574397.8318467755
2013 1281 440221.67451020225 4574398.794478812
2074 1281 441440.971211928 4574398.534465967
2440 1281 448761.7397154072 4574398.554015543
2806 1281 456080.70845858246 4574399.492232608
2928 1281 458521.1887556192 4574398.4180619465
2989 1281 459741.89425176766 4574398.331477946
3294 1281 465841.98439302656 4574398.8061636435
0 1342 399962.85123570805 4573180.611680857
122 1342 402402.3837272009 4573178.994156709
183 1342 403622.40622460766 4573178.839680489
305 1342 406061.9913694616 4573178.587100722
671 1342 413381.4665051825 4573178.861082702
732 1342 414601.68176527694 4573178.833663494
854 1342 417042.3745271698 4573178.286994095
1037 1342 420702.413624287 4573178.652340079
1342 1342 426802.4385103449 4573178.233767522
1525 1342 430461.8475240356 4573177.636034825
1586 1342 431682.3224963626 4573178.690110793
1708 1342 434122.5384434363 4573177.896770688
1769 1342 435341.90964702645 4573177.785309621
1952 1342 439001.4224970617 4573178.725424027
2013 1342 440221.5010226972 4573178.789691334
2440 1342 448761.0798601755 4573179.036150285
2501 1342 449981.04595865565 4573179.51458245
2562 1342 451201.79126214015 4573179.361880336
2623 1342 452422.0661102693 4573179.031537037
2806 1342 456082.1680638236 4573179.07195611
2867 1342 457301.621619154 4573179.183723901
2928 1342 458521.64689116715 4573178.389398185
2989 1342 459741.8835005445 4573179.00394813
3355 1342 467062.0507776282 4573178.43090822
61 1403 401182.20546618965 4571961.008621331
305 1403 406062.46951446764 4571959.11549131
366 1403 407282.5886437664 4571959.073187384
610 1403 412162.0202124045 4571958.2297685165
793 1403 415822.4132208769 4571958.233030271
854 1403 417042.4505723244 4571957.924003199
915 1403 418261.9199238067 4571958.207938383
1037 1403 420701.58001252485 4571958.261218557
1403 1403 428021.6357625729 4571958.5842358805
1525 1403 430461.6263983763 4571958.182835762
1769 1403 435339.9481943581 4571960.041488311
1830 1403 436562.29708448733 4571957.612372492
1952 1403 439000.91942025704 4571958.9162767315
2135 1403 442661.21810811624 4571958.231914731
2318 1403 446320.9187589874 4571958.45534271
2562 1403 451201.6331832614 4571959.5087317135
2623 1403 452421.7378933067 4571959.015827897
2928 1403 458521.8694530858 4571958.683304035
2989 1403 459741.85918175144 4571958.777506532
3111 1403 462182.3441351703 4571958.30838312
3538 1403 470721.96131893905 4571958.753288009
0 1464 399961.5755990284 4570739.148295108
183 1464 403621.29370485165 4570739.273332621
305 1464 406062.27674915525 4570741.410528223
427 1464 408503.12489300815 4570738.631733085
488 1464 409722.7161442741 4570738.581244162
610 1464 412161.90290345554 4570738.437230031
671 1464 413381.88316169585 4570738.901170794
854 1464 417042.14145572484 4570738.166301186
915 1464 418261.33075581916 4570737.715929935
976 1464 419482.09407716565 4570738.0344629595
1159 1464 423141.24629035103 4570739.058950801
1525 1464 430461.52056902595 4570738.464618106
1647 1464 432901.1743537525 4570738.53166268
1708 1464 434121.91661241837 4570738.502108022
1891 1464 437781.9618278283 4570737.78893954
2074 1464 441441.17060099554 4570738.394983691
2196 1464 443881.24198149185 4570738.281738523
2440 1464 448761.3030081852 4570739.270836331
2501 1464 449981.456205898 4570738.959849614
2867 1464 457302.3790046684 4570739.046546147
3050 1464 460961.8087053276 4570738.569546041
3538 1464 470719.85547974537 4570740.331818409
3599 1464 471941.8090687405 4570739.209028742
183 1525 403622.2470366869 4569520.930032947
305 1525 406061.7697868954 4569518.5827555405
366 1525 407281.30453711236 4569521.253083573
488 1525 409722.40415222326 4569518.393989251
549 1525 410942.2320946201 4569521.068220278
610 1525 412162.58970717253 4569518.545668386
732 1525 414602.5996099598 4569518.356465051
1037 1525 420701.43893028167 4569518.463637421
1098 1525 421921.20644279046 4569518.674573409
1403 1525 428021.7608836135 4569518.712208576
1464 1525 429241.4941611388 4569519.069620131
1769 1525 435341.14860404795 4569518.800519983
2379 1525 447542.005895394 4569518.204044093
2562 1525 451201.12258876575 4569519.90800058
2623 1525 452421.20530052326 4569520.4378277855
2684 1525 453641.3605409179 4569519.053358874
2745 1525 454861.91158578865 4569518.7802080745
2867 1525 457302.1244220873 4569518.413028024
61 1586 401182.7889120508 4568298.934660724
122 1586 402402.0078392784 4568298.927059926
183 1586 403621.83828221785 4568299.539961116
244 1586 404842.7598212916 4568300.254469199
610 1586 412161.39365970576 4568298.297576387
671 1586 413381.5287768585 4568298.728673411
732 1586 414601.5352378985 4568301.234250246
1037 1586 420701.9803263798 4568298.369972517
1098 1586 421921.8045592039 4568299.138001061
1220 1586 424361.5260715409 4568299.155619291
1403 1586 428020.7576753596 4568299.42673168
1464 1586 429241.2430970458 4568299.4754149215
1708 1586 434121.32551200304 4568298.981651386
1769 1586 435341.6563378361 4568298.6327043
1830 1586 436561.9457061578 4568298.661395705
1952 1586 439001.0265886077 4568299.658787071
2013 1586 440221.9426431365 4568298.005231982
2135 1586 442662.0502425578 4568297.9622870805
2257 1586 445101.2201255493 4568298.4484002665
2318 1586 446321.4782218695 4568298.281368532
2379 1586 447541.5411801108 4568298.665536941
2440 1586 448761.4987610368 4568300.711310366
2806 1586 456081.31848210364 4568299.2691945825
2867 1586 457302.03504085954 4568300.4561220165
2928 1586 458521.6949939397 4568298.880929922
3233 1586 464621.1027234707 4568298.475331607
3294 1586 465841.6705594875 4568298.505997252
0 1647 399961.4259139042 4567079.969502507
610 1647 412162.73661205464 4567078.934701355
732 1647 414601.8039112435 4567079.095473661
793 1647 415821.8174638275 4567078.271248697
1525 1647 430461.1793009066 4567079.521120459
1586 1647 431681.30354183936 4567078.938263609
1769 1647 435343.0206913371 4567078.383450394
1830 1647 436562.6507955089 4567079.099804469
1891 1647 437782.09535391716 4567078.491758461
2013 1647 440220.9184927757 4567078.277133028
2074 1647 441441.9379338372 4567077.871296084
2135 1647 442662.5170500122 4567077.6813404905
2440 1647 448761.8939898165 4567078.619838346
2867 1647 457302.385667525 4567078.464603674
488 1708 409721.77047484065 4565859.415670248
549 1708 410940.14025797613 4565859.8627630295
610 1708 412162.5691230437 4565859.134930075
671 1708 413382.18767042394 4565859.145786658
793 1708 415822.41361943865 4565858.523382194
1037 1708 420701.5641821535 4565858.416876585
1098 1708 421921.4015805215 4565858.079622626
1220 1708 424361.1507424179 4565858.831704201
1281 1708 425580.78774347296 4565858.856050049
1403 1708 428021.9255417876 4565858.866259125
1647 1708 432902.15604500356 4565860.935983318
1830 1708 436561.5176206476 4565859.44622822
1891 1708 437781.1449034853 4565858.7809099825
2013 1708 440221.6804681434 4565858.5593493525
2135 1708 442662.18184451805 4565858.040682159
2257 1708 445101.6617360987 4565857.95100654
2379 1708 447540.6740638068 4565858.2150210515
2440 1708 448761.23402275745 4565858.457618094
2501 1708 449981.90184617764 4565858.364601535
2562 1708 451201.97601655754 4565858.494610078
2623 1708 452421.89570373 4565858.398881472
2684 1708 453641.7995514785 4565859.563414833
2806 1708 456081.95080653316 4565859.07701457
2989 1708 459742.48573486554 4565859.263235313
244 1769 404841.60583128384 4564640.59781384
305 1769 406061.8198896493 4564639.077954577
671 1769 413381.2413111971 4564639.06904023
854 1769 417042.09750684694 4564638.314667752
976 1769 419482.50754339906 4564638.524219951
1037 1769 420702.1180584684 4564638.1042324435
1159 1769 423141.56981196284 4564638.244017467
1220 1769 424360.6535879013 4564638.87727791
1342 1769 426801.1663671591 4564638.159248708
1403 1769 428020.9007637531 4564638.42856889
1525 1769 430460.9989435646 4564638.753553719
1647 1769 432901.7985045441 4564638.868916853
1769 1769 435341.67105402664 4564639.174048691
1891 1769 437781.16206957045 4564638.926965372
2135 1769 442660.7431558408 4564638.465233467
2196 1769 443881.8077419733 4564638.201710051
2257 1769 445102.73555763316 4564637.678790888
2684 1769 453639.2753158165 4564638.695469243
305 1830 406060.920382255 4563418.77160016
366 1830 407281.08942142065 4563420.263826233
488 1830 409721.20212152676 4563420.266217653
549 1830 410941.1004292093 4563419.389408793
610 1830 412161.4439644599 4563419.125844055
671 1830 413381.8996520394 4563418.953993308
1159 1830 423141.2813827042 4563418.043757519
1220 1830 424361.60216543503 4563418.745860157
1281 1830 425580.8223815569 4563417.987156562
1342 1830 426801.9659886732 4563418.182552664
1464 1830 429241.1851988386 4563418.641205525
1525 1830 430460.6585173731 4563418.866066873
1586 1830 431680.6288369474 4563418.770516825
1647 1830 432901.13177692407 4563418.544204194
1708 1830 434120.6187599565 4563419.068288402
1769 1830 435340.0533424603 4563419.181812113
1891 1830 437782.02895700245 4563419.605819182
2074 1830 441440.69038581365 4563419.414476314
2135 1830 442660.8132759943 4563418.338886979
2196 1830 443882.066321889 4563418.33084708
2318 1830 446321.9002258261 4563418.398090302
2562 1830 451201.1228225668 4563417.990089359
305 1891 406061.40337194776 4562201.007883981
366 1891 407281.2957056588 4562199.155798043
427 1891 408501.92021905514 4562199.340918518
488 1891 409721.752817409 4562199.081942147
549 1891 410942.1004169993 4562199.044830465
671 1891 413381.76937512984 4562201.052881579
793 1891 415821.2073831524 4562199.568199343
915 1891 418261.9691013144 4562198.851527892
976 1891 419481.8158650692 4562198.69204715
1037 1891 420702.02163506043 4562197.611693882
1159 1891 423141.2080930141 4562197.911018708
1403 1891 428021.78725432226 4562198.30493542
1647 1891 432901.490686584 4562198.544037177
1891 1891 437780.39836116356 4562199.185040914
1952 1891 439000.70343240345 4562199.439266194
2013 1891 440220.4947058685 4562199.560826569
2074 1891 441441.371260853 4562199.031550384
2135 1891 442661.7295607771 4562198.721080195
2257 1891 445101.28670959227 4562198.783207856
2379 1891 447541.79090097727 4562197.8320051525
2684 1891 453640.51945885003 4562198.909062228
61 1952 401182.14687034086 4560980.971742951
183 1952 403621.29301183025 4560979.6827430865
488 1952 409721.86633328156 4560978.582831535
793 1952 415822.28636996023 4560981.164862525
976 1952 419482.37603375124 4560979.215728863
1098 1952 421921.089496586 4560977.987691097
1159 1952 423141.35454090044 4560978.177007163
1464 1952 429241.66018760717 4560978.447887545
1525 1952 430461.7694793539 4560978.11542929
1830 1952 436560.96051700495 4560978.87061831
1952 1952 439001.9543543405 4560978.829126175
2013 1952 440221.61113220925 4560978.8309130035
2135 1952 442661.1420149075 4560979.230747807
2257 1952 445101.7276515411 4560978.737036385
2318 1952 446321.0726886418 4560978.4187852135
2379 1952 447541.0019327361 4560978.404589969
2440 1952 448761.2342265974 4560978.4214771185
2623 1952 452422.3583949201 4560978.373073529
2684 1952 453641.37907248863 4560978.128642157
244 2013 404841.7988920007 4559759.0417164415
427 2013 408501.88118318765 4559759.347077687
488 2013 409721.4118112369 4559759.125002061
549 2013 410941.7029090789 4559759.158430853
610 2013 412161.64997693826 4559758.8878688505
671 2013 413382.03337332053 4559758.637992843
976 2013 419482.06023263535 4559758.776255525
1159 2013 423140.4053567254 4559759.77288449
1342 2013 426801.1559547295 4559758.818016833
1586 2013 431680.4949018251 4559758.296217305
1647 2013 432900.7538962925 4559758.114662068
1708 2013 434121.6570770114 4559758.279777802
1769 2013 435342.0504368272 4559757.9664142225
1830 2013 436561.0673137792 4559758.59199034
2013 2013 440221.23907537735 4559758.198357818
2074 2013 441440.93712391093 4559758.806815028
2135 2013 442661.46332692675 4559758.4628778575
2196 2013 443881.8735731562 4559758.280699593
2379 2013 447542.4105319911 4559757.81792394
2623 2013 452421.0125083556 4559758.905581909
2684 2013 453640.7815314615 4559759.409956708
2745 2013 454861.80892420566 4559758.812766051
2928 2013 458521.42658906704 4559758.93134214
2989 2013 459741.49258881895 4559759.027179725
122 2074 402400.8396563085 4558540.49365927
183 2074 403621.19411782856 4558539.089791481
305 2074 406062.195150712 4558539.362970181
366 2074 407282.3299141077 4558539.136355062
427 2074 408502.3444074226 4558539.400607317
610 2074 412162.3139279158 4558539.235033889
854 2074 417041.34285503335 4558541.025771007
1037 2074 420702.1757044248 4558538.218157647
1586 2074 431680.55133692146 4558538.383245247
1708 2074 434120.51980388723 4558538.72101698
1769 2074 435341.1125318897 4558537.991445272
1830 2074 436560.1347867419 4558539.85701649
1891 2074 437779.81721079233 4558538.026780449
1952 2074 439001.45783228305 4558538.104226858
2074 2074 441441.283657936 4558538.294127808
2135 2074 442660.87575317477 4558538.3938230965
2318 2074 446322.37754033634 4558538.2566843
2379 2074 447542.5429460721 4558537.734224025
2440 2074 448762.2990278065 4558537.954600222
2562 2074 451202.10171655065 4558537.788876609
2684 2074 453641.6135770575 4558538.781284053
2745 2074 454860.8412634017 4558539.403415775
2806 2074 456081.0043156918 4558540.667873164
2867 2074 457301.4000077526 4558539.39907733
2928 2074 458521.69106173783 4558539.574321259
3050 2074 460961.774690353 4558538.759877092
305 2135 406061.6412886058 4557318.995716474
427 2135 408500.73845723574 4557318.998697499
488 2135 409720.91506647103 4557319.2319425205
732 2135 414602.0892136136 4557318.856069751
915 2135 418262.2156617805 4557319.289414631
976 2135 419480.93734626524 4557318.537935296
1220 2135 424361.7380266885 4557318.924437394
1586 2135 431681.3112645867 4557318.2769441195
1891 2135 437780.8019458902 4557318.292031724
2013 2135 440221.4854770214 4557318.408600525
2074 2135 441440.9541657493 4557318.4809382465
2135 2135 442660.71331012435 4557318.837146073
2196 2135 443880.6449152701 4557318.429718642
2257 2135 445101.6290260564 4557318.355618188
2562 2135 451201.0685005049 4557319.854616233
2623 2135 452422.1852075246 4557317.303161387
2684 2135 453642.0189181314 4557318.208285341
2928 2135 458521.31785400887 4557318.74004826
2989 2135 459741.1080623635 4557319.328598743
366 2196 407280.93650445814 4556099.126672337
793 2196 415821.7444497218 4556099.141845878
1037 2196 420702.195449734 4556098.9725421425
1159 2196 423141.98954372876 4556098.190539266
1891 2196 437781.1549886138 4556097.261621341
2074 2196 441441.15294351627 4556099.032389452
2196 2196 443881.3255084734 4556097.9310513865
2501 2196 449981.8894721391 4556097.788720572
2928 2196 458521.23133849166 4556098.639045775
2989 2196 459741.3274543225 4556099.012678999
3538 2196 470721.95761256217 4556098.654534831
366 2257 407281.4701730921 4554878.569328296
488 2257 409721.774893088 4554878.562850798
793 2257 415821.45792515064 4554879.23185725
854 2257 417041.2568938595 4554880.540099289
1342 2257 426802.2364569777 4554877.85261244
1403 2257 428021.2881125963 4554878.402408574
1769 2257 435341.8303522185 4554877.444654202
1891 2257 437781.27456468804 4554878.236716227
2135 2257 442661.0033289256 4554878.562914912
2379 2257 447541.3631562143 4554878.406466979
2745 2257 454862.5426365114 4554878.577898694
3050 2257 460961.26040383085 4554879.185150038
3599 2257 471941.24032572296 4554877.825924298
3721 2257 474381.5841781514 4554878.217260027
244 2318 404841.62273906404 4553658.931283559
427 2318 408501.3047074495 4553658.775825096
488 2318 409720.61033314886 4553659.120570541
610 2318 412161.34722244076 4553659.098855548
854 2318 417041.5868910562 4553659.389256947
1220 2318 424361.600226341 4553658.588391096
1281 2318 425581.346166686 4553659.410660491
1708 2318 434121.64702985954 4553659.482043398
2135 2318 442661.70956877136 4553657.815989765
2318 2318 446321.5263144096 4553657.91867286
2440 2318 448761.7698502859 4553657.914917567
2989 2318 459741.737331949 4553658.417200807
3050 2318 460962.2219231362 4553658.766000034
3111 2318 462182.0464835161 4553658.445668363
3172 2318 463402.04604052455 4553658.4834528165
3294 2318 465841.3098948775 4553659.32418259
3355 2318 467061.45846013026 4553658.773209327
3477 2318 469501.9174678218 4553658.181292025
3538 2318 470721.8800392725 4553658.636908315
3599 2318 471941.6577657545 4553658.473604583
3721 2318 474381.39593696507 4553658.246518156
3782 2318 475600.6441321716 4553657.895940648
305 2379 406062.2222040394 4552438.990942611
1220 2379 424362.25865316077 4552441.00353166
1464 2379 429241.35522350983 4552438.689238228
1769 2379 435340.7215970893 4552438.121042855
2074 2379 441442.52044612943 4552437.617852378
2135 2379 442662.08423599397 4552437.937697621
2196 2379 443882.09935545205 4552438.2695338875
2318 2379 446321.63409339683 4552438.250378953
2379 2379 447542.4164435403 4552438.785448943
2440 2379 448761.7050372205 4552437.653091244
2501 2379 449981.13927923416 4552438.212894884
2684 2379 453641.9636634811 4552437.8393555805
3111 2379 462181.37817082094 4552438.649659958
3477 2379 469502.01651103655 4552438.517300951
3599 2379 471941.4929429398 4552438.775909644
3660 2379 473161.42215798557 4552438.873762914
3721 2379 474381.76506093284 4552438.497289437
3843 2379 476821.5985811207 4552438.168081123
427 2440 408501.9392702271 4551217.624528428
854 2440 417040.9888694317 4551220.445755095
1037 2440 420700.3540945276 4551218.976755128
1281 2440 425582.08348838036 4551218.994454875
1342 2440 426800.83357231395 4551220.533165755
1403 2440 428021.6976981269 4551218.169917319
1708 2440 434119.906980657 4551219.867215982
2196 2440 443881.7692754548 4551218.565974277
2257 2440 445101.8187613336 4551218.443412237
2318 2440 446322.2669294797 4551218.521511635
2379 2440 447541.82667605503 4551218.790244318
2501 2440 449980.7977597935 4551218.060500578
2562 2440 451202.1753191845 4551218.040035639
2623 2440 452421.7669664695 4551218.155730129
2745 2440 454860.8239554003 4551219.022541077
2806 2440 456081.1937330675 4551219.134916299
2867 2440 457301.824941645 4551219.56066444
3050 2440 460962.4056460521 4551218.349232903
3111 2440 462182.0614091377 4551218.305109626
3172 2440 463402.00580302364 4551218.463310698
3416 2440 468281.1021533552 4551218.51180072
3477 2440 469500.7168160159 4551218.53169254
3843 2440 476821.36585172656 4551218.817276509
3904 2440 478041.1511157604 4551218.349244947
3965 2440 479260.119901585 4551219.990786843
4148 2440 482920.49555617094 4551219.597493382
4392 2440 487802.1388904018 4551217.30082331
671 2501 413381.6329133559 4549998.75117462
976 2501 419481.0833633941 4549998.1952743055
1159 2501 423141.2958002341 4550000.565473438
1220 2501 424361.5364010527 4549998.866940946
2013 2501 440221.249357281 4549998.149577498
2196 2501 443881.49803280155 4549998.79003395
2257 2501 445102.4575555567 4549998.603906579
2318 2501 446322.55037247966 4549998.450909034
2379 2501 447542.1918165948 4549998.31776361
2440 2501 448762.6931289667 4549998.665973864
2501 2501 449982.50679973414 4549997.98455033
2562 2501 451202.1904158415 4549997.98144038
2867 2501 457301.6635899847 4549999.024346745
2928 2501 458520.93443644885 4549998.688684231
3111 2501 462182.20889306883 4549998.921706003
3233 2501 464622.03974699037 4549998.677988576
3599 2501 471940.71753338596 4549999.295109559
3721 2501 474381.5005081256 4549998.864821767
3843 2501 476821.7284462264 4549998.35190279
3965 2501 479261.26158709655 4549998.956142073
4392 2501 487801.7751053529 4549997.972863516
488 2562 409721.4600902658 4548778.970030026
549 2562 410942.2768328663 4548778.034556238
671 2562 413381.98009071604 4548778.753432214
1159 2562 423141.5551046098 4548778.514495869
1281 2562 425582.77116257825 4548779.216728523
1342 2562 426801.1589186705 4548778.797745878
1586 2562 431681.1633426996 4548780.471402979
1647 2562 432901.0599210513 4548780.208503076
2318 2562 446321.69132710295 4548778.7638389645
2440 2562 448761.6801839977 4548778.346860752
2562 2562 451202.3176765761 4548777.864233857
2684 2562 453642.3396629956 4548777.351772496
2745 2562 454861.9532733562 4548777.708076417
2806 2562 456081.75143015705 4548777.761188688
2989 2562 459741.63462718885 4548778.363728418
3050 2562 460962.1230935328 4548778.442408091
3172 2562 463401.20075216034 4548779.3694950305
3233 2562 464621.56529331475 4548779.0602036705
3416 2562 468281.20884073514 4548777.632813567
3599 2562 471941.47408509284 4548778.356960579
3721 2562 474380.8725667367 4548779.158667813
3965 2562 479261.60450471204 4548779.221495263
4209 2562 484141.67169955303 4548778.624717265
4392 2562 487802.20322328806 4548777.5366876675
427 2623 408502.9315203039 4547558.58093078
610 2623 412162.2918771551 4547560.331204954
1037 2623 420701.8079485163 4547557.770862273
1281 2623 425581.95450349274 4547559.253013295
1525 2623 430461.65141515166 4547558.891458579
1647 2623 432901.2446076806 4547559.562880743
1769 2623 435340.0225741653 4547559.9799024
2013 2623 440222.1613451727 4547558.461649305
2379 2623 447541.6896303908 4547558.85246397
2440 2623 448761.5581884674 4547559.048411427
2501 2623 449981.9252729688 4547558.539922545
2623 2623 452421.3808577362 4547558.427381774
2684 2623 453641.2891896057 4547557.52525993
2806 2623 456081.6741256802 4547558.149455819
2867 2623 457301.4716338317 4547558.1869679
2928 2623 458521.6121923173 4547557.914798137
2989 2623 459741.4976028311 4547558.057101636
3050 2623 460960.952501114 4547558.683569857
3294 2623 465842.66472669673 4547558.342376831
3355 2623 467062.1144507792 4547558.005090902
3416 2623 468281.7595976716 4547557.664498361
3538 2623 470721.4135378517 4547558.423233148
3721 2623 474381.21823628177 4547558.574582577
3782 2623 475601.1045986662 4547558.59322965
3843 2623 476821.21846662584 4547558.930874633
4270 2623 485361.1635432589 4547558.716398764
4331 2623 486581.71085590794 4547558.379105802
488 2684 409721.13770632417 4546338.628166359
854 2684 417041.67240879824 4546338.286046037
1159 2684 423142.66880205803 4546338.896378527
1281 2684 425580.86397518765 4546337.96098692
1891 2684 437780.9982742008 4546339.2826428125
2135 2684 442661.8281303092 4546339.247307703
2379 2684 447541.6565324981 4546338.88336721
2623 2684 452421.5089902177 4546338.534230139
2745 2684 454861.5296397181 4546337.644962804
2806 2684 456082.3191328397 4546337.813778466
2928 2684 458521.1808839249 4546338.63747535
2989 2684 459741.17672911653 4546338.3690669285
3111 2684 462181.28629790444 4546338.728637805
3599 2684 471942.31155269546 4546338.026880663
3660 2684 473161.28275247227 4546338.278956997
3721 2684 474381.05752537714 4546338.182308133
3843 2684 476820.56719730626 4546338.927572811
4026 2684 480481.3103897957 4546338.3421913115
4087 2684 481701.0869828681 4546338.89044002
4209 2684 484141.21368402115 4546338.656519884
4270 2684 485362.17685536866 4546338.5946440585
488 2745 409722.5838295701 4545118.095821936
610 2745 412161.0243373126 4545118.526072595
671 2745 413382.1816829361 4545119.56557665
1098 2745 421922.5496142397 4545118.305279538
1159 2745 423140.1441234618 4545119.391784706
1647 2745 432901.4556382669 4545118.37650108
1891 2745 437781.91007671837 4545118.720967786
1952 2745 439000.8919641527 4545119.265902616
2257 2745 445100.3875558255 4545118.126462449
2562 2745 451201.49811386375 4545119.019858447
2745 2745 454862.23004296276 4545118.0446779495
2806 2745 456081.76848322805 4545117.876051449
2989 2745 459741.71528836666 4545118.6129677715
3050 2745 460961.5221885414 4545117.977472728
3721 2745 474381.9194247463 4545118.302712551
3843 2745 476821.5804812406 4545117.911162553
3965 2745 479260.8736709907 4545118.741202073
4087 2745 481701.11070024007 4545118.501430825
4148 2745 482920.88973613514 4545118.8740110975
4270 2745 485359.1540949832 4545117.789275558
1220 2806 424361.06083736883 4543897.964680014
1586 2806 431681.65522744856 4543898.646304119
2196 2806 443881.6129400074 4543899.254965581
2257 2806 445100.5303551151 4543899.620438455
2318 2806 446321.73675621685 4543899.136538891
2440 2806 448761.6267329548 4543898.896901546
2501 2806 449981.21774643194 4543897.864314891
2562 2806 451199.76723264164 4543899.709366727
2623 2806 452421.274914031 4543898.590206402
2684 2806 453641.3576061175 4543898.784515012
2745 2806 454861.1687470919 4543899.074570635
2806 2806 456081.4033783414 4543898.183144561
2928 2806 458521.36446683056 4543898.538559802
3050 2806 460961.45584684494 4543898.003720626
3111 2806 462181.1480663353 4543899.047821411
3416 2806 468281.0996967603 4543897.236493372
3599 2806 471941.1175020385 4543898.15018332
3721 2806 474381.67661060614 4543898.183115118
4026 2806 480481.37855259865 4543898.227782528
4087 2806 481701.23842087196 4543898.383427282
4331 2806 486580.7224536199 4543899.070976896
854 2867 417042.1221427414 4542678.303884116
1525 2867 430460.6533759074 4542678.244757971
1708 2867 434121.16514375637 4542677.465362499
1891 2867 437780.9437599094 4542678.550381803
2440 2867 448760.25442722184 4542679.605397616
2562 2867 451201.3344434782 4542679.033118849
2806 2867 456081.35875990445 4542678.320121463
2928 2867 458519.55147915916 4542678.436485039
3050 2867 460962.3955578293 4542678.069962423
3111 2867 462181.43682503875 4542679.692482408
3172 2867 463401.8553911902 4542678.899985541
3233 2867 464620.7582064232 4542678.85704988
3599 2867 471941.8894160413 4542677.738736536
3721 2867 474381.4278651169 4542677.564391588
4331 2867 486580.73859080364 4542678.163102062
1220 2928 424361.8242547559 4541458.255149692
1708 2928 434121.2748904024 4541458.746097068
2135 2928 442660.7874683956 4541459.122453847
2989 2928 459741.6051196531 4541458.13214753
3050 2928 460961.1263608986 4541457.71187351
3111 2928 462181.55559328856 4541457.986952837
3172 2928 463402.7630906894 4541457.612661487
3538 2928 470721.99956498895 4541458.080805519
3599 2928 471942.0403628403 4541457.850766679
3843 2928 476821.6334169732 4541458.504748135
4270 2928 485360.77573709347 4541458.515606619
4331 2928 486581.2531034131 4541458.712680367
793 2989 415821.42894898745 4540238.725698777
2440 2989 448761.28012128035 4540239.340666141
2684 2989 453641.2896408136 4540238.842582209
2989 2989 459741.39205124916 4540237.959568748
3111 2989 462181.98535283015 4540237.591122331
3172 2989 463401.5450724215 4540237.025452683
3233 2989 464621.3916563672 4540237.988184058
3294 2989 465841.90105703555 4540238.591743427
3355 2989 467062.47465874883 4540238.494479375
3416 2989 468281.6798081853 4540238.953648696
3538 2989 470721.2668940129 4540238.266408512
3782 2989 475600.8632151511 4540238.234048119
3843 2989 476821.64609121863 4540237.955485612
732 3050 414601.10422491544 4539018.552643483
1098 3050 421921.2286179313 4539019.448475871
1403 3050 428022.24238985655 4539020.155224287
1464 3050 429240.39715131273 4539019.552801588
2013 3050 440220.3473194793 4539018.730060116
2196 3050 443881.9061103 4539019.577451937
2562 3050 451202.1997987408 4539019.030049964
2745 3050 454862.0928259637 4539018.591358268
2867 3050 457301.3751189994 4539018.126847994
2928 3050 458521.6332511194 4539018.303059378
3050 3050 460962.1130189269 4539017.957112673
3111 3050 462182.424680709 4539017.953835069
3355 3050 467062.2867649847 4539018.316825513
1403 3111 428020.75885874673 4537799.022515739
2318 3111 446322.09063818166 4537799.531786083
2562 3111 451200.03139146336 4537799.855924124
2623 3111 452421.9922745317 4537798.817425447
2806 3111 456081.39881041483 4537798.514109268
2989 3111 459741.9741921859 4537798.037208257
3111 3111 462181.744078019 4537797.9252566425
3233 3111 464621.72666430427 4537798.267773681
3294 3111 465842.2824429676 4537798.466251765
3355 3111 467062.06816623826 4537798.380274043
3416 3111 468281.61662006704 4537797.745957019
3965 3111 479261.85641655914 4537798.180849027
1952 3172 438999.7616014768 4536577.819472601
2379 3172 447542.1411187951 4536578.765472336
2440 3172 448761.0661334785 4536578.234000083
2745 3172 454861.1525091355 4536578.626428452
2867 3172 457301.4658599537 4536578.785934213
4575 3172 491460.72297646134 4536578.848681528
2074 3233 441440.72586741747 4535359.201207941
2196 3233 443880.8198641649 4535358.51300344
2440 3233 448761.7409815756 4535360.45260344
2501 3233 449979.88130373374 4535357.813764144
2867 3233 457301.2066924257 4535357.837134729
2928 3233 458522.361403609 4535358.753435504
3416 3233 468281.1898350645 4535358.737592115
3477 3233 469501.7607993434 4535358.709484449
3538 3233 470721.3583318311 4535358.776662521
3599 3233 471941.1703706925 4535358.821321741
4575 3233 491461.4667889678 4535357.927357657
4636 3233 492682.14577436465 4535358.80861997
1220 3294 424361.67272847285 4534138.207402306
1891 3294 437781.07197576266 4534138.850579911
2074 3294 441441.029739496 4534138.63417315
3233 3294 464621.2678313713 4534139.089130174
3477 3294 469501.079846256 4534139.236758142
1220 3355 424360.66133431724 4532918.624488231
1281 3355 425581.69611615594 4532919.346110845
1403 3355 428020.9336160736 4532918.016602055
1952 3355 439000.5245297961 4532919.697336092
2074 3355 441441.55645366875 4532919.620354608
2379 3355 447540.46725937736 4532920.091235403
2440 3355 448761.5262300115 4532918.19257437
2501 3355 449982.1025440263 4532918.330984547
2806 3355 456081.9216296943 4532918.756451815
3599 3355 471941.0260807579 4532918.775163381
3660 3355 473161.24681389384 4532918.692258432
4514 3355 490240.5553299107 4532919.114544293
2013 3416 440221.3720016914 4531699.608407353
2928 3416 458521.1833846768 4531698.413728903
3355 3416 467062.338241503 4531697.028362168
3416 3416 468281.76740181557 4531697.518493324
2013 3477 440221.7865834437 4530479.4143033605
2135 3477 442661.31683473557 4530478.462360535
2318 3477 446321.08104171866 4530480.333740307
2562 3477 451201.623050325 4530478.084102858
2623 3477 452422.66623431887 4530478.437820341
2684 3477 453641.854318228 4530477.824059723
3050 3477 460961.29014070926 4530477.812522893
3172 3477 463401.76575827005 4530477.66655258
3294 3477 465841.3611676099 4530477.029349636
3355 3477 467061.91359330184 4530477.362684712
3477 3477 469501.99027978885 4530477.123168975
3538 3477 470722.29448251927 4530477.55432603
3599 3477 471942.35008026735 4530477.287010774
3721 3477 474381.3136080518 4530477.4821883915
1586 3538 431680.5529199685 4529258.745502449
1891 3538 437780.32322137174 4529259.590397006
1952 3538 439000.38002370216 4529259.011007207
2013 3538 440220.651099066 4529258.233771289
2074 3538 441441.2494873691 4529259.18081145
2257 3538 445101.9277168026 4529259.008873732
2318 3538 446321.5864905641 4529259.732883185
2440 3538 448760.7483729846 4529257.532137137
2501 3538 449979.5709573225 4529258.727936959
3172 3538 463401.2914417683 4529257.944486255
3233 3538 464620.9322176162 4529257.540143516
3294 3538 465840.7596885376 4529257.493727508
3355 3538 467061.9722520982 4529258.1270896355
3416 3538 468281.59424517985 4529257.097817773
3538 3538 470721.99985406664 4529257.052476894
3599 3538 471941.6009809696 4529258.384666777
3721 3538 474381.60737129574 4529257.423720196
4087 3538 481701.3118850748 4529258.027283263
4331 3538 486581.44199912355 4529257.842139457
4758 3538 495120.74794839206 4529258.850159034
1647 3599 432901.31790521496 4528039.182465949
2074 3599 441441.5888030697 4528038.092507991
3111 3599 462181.5678605973 4528038.271674345
3416 3599 468281.3353075358 4528037.49405116
3477 3599 469500.8310053471 4528037.600004664
3538 3599 470721.88300471945 4528037.124174353
3721 3599 474380.97681002476 4528037.779888562
1525 3660 430461.7078848077 4526819.85375926
1891 3660 437780.66525975446 4526817.70913385
2379 3660 447540.12621369975 4526818.908483423
2989 3660 459742.1027217435 4526817.802072119
3172 3660 463401.7267432184 4526817.863834663
3233 3660 464622.01589896006 4526816.767950131
3599 3660 471942.72659788025 4526817.234890171
3660 3660 473162.8737909765 4526817.338955555
3721 3660 474381.33915369253 4526817.336070698
3904 3660 478042.2040731767 4526817.131926193
4514 3660 490240.93645980046 4526818.755254617
1525 3721 430461.19593028544 4525599.150223874
1891 3721 437781.1706753486 4525598.669127912
2135 3721 442660.0656724067 4525599.400379084
2257 3721 445099.73661758855 4525599.141460993
2318 3721 446321.0185088064 4525598.979720637
2440 3721 448762.31840409007 4525599.0386666
2806 3721 456080.9994370343 4525597.884640298
3477 3721 469501.33981136855 4525598.263698238
3660 3721 473162.18219162244 4525597.779663895
3843 3721 476822.47152865917 4525597.550178403
2379 3782 447540.39967552846 4524377.173832368
2867 3782 457301.8855034708 4524378.508899558
3172 3782 463400.35649596946 4524379.734950909
3294 3782 465841.97713370237 4524378.481394979
3355 3782 467061.29925013427 4524378.228309968
3416 3782 468281.5528922111 4524378.25699782
3599 3782 471942.33616520796 4524378.123828586
3843 3782 476821.60202684393 4524377.956082654
3965 3782 479261.27700301405 4524377.883364923
1952 3843 439000.82563059987 4523159.485204265
2135 3843 442661.9343248793 4523158.231648741
2562 3843 451202.5549288394 4523158.141970056
2684 3843 453641.7509202073 4523157.979953778
2745 3843 454861.21787629084 4523157.858871748
3233 3843 464622.16350897885 4523157.992738605
3355 3843 467061.56038806133 4523158.375488188
3416 3843 468282.012496997 4523158.553184573
3477 3843 469501.4142894473 4523158.885510297
3538 3843 470720.87937559106 4523158.861567043
3599 3843 471940.55776719644 4523158.576578643
3782 3843 475601.7125165333 4523157.855383599
4026 3843 480481.62433925516 4523158.687855569
4148 3843 482921.84951125795 4523157.390943472
1403 3904 428022.02449202316 4521937.458236011
2074 3904 441440.9182258789 4521939.131924852
2318 3904 446320.96930747665 4521938.758915186
2501 3904 449981.7054666763 4521938.609466093
2562 3904 451202.2064790863 4521937.960613149
2623 3904 452421.71867820196 4521938.130898057
2684 3904 453641.62963096995 4521937.623342841
2928 3904 458519.82796238293 4521938.310466024
3233 3904 464621.3958500995 4521938.706234558
3294 3904 465841.326373587 4521938.665635354
3538 3904 470721.42961146357 4521939.258712321
3660 3904 473161.9757974139 4521938.381444763
3721 3904 474381.3311504011 4521939.295716874
3782 3904 475601.34895837103 4521938.828692011
3904 3904 478040.65857971855 4521937.790479753
4331 3904 486581.10607191495 4521938.320522661
1830 3965 436561.19546805 4520719.339312112
2562 3965 451201.4111927989 4520718.383240326
2623 3965 452421.8142936014 4520718.474075286
2684 3965 453642.6068946917 4520718.148549369
3294 3965 465841.3519525168 4520718.796864976
3416 3965 468280.9866860199 4520719.117632619
3477 3965 469501.6634554541 4520718.475720023
3538 3965 470721.0447944004 4520718.885256588
3599 3965 471941.5909806781 4520719.11396565
3782 3965 475600.72170519794 4520718.872441644
1342 4026 426801.2889849345 4519498.5477588335
1586 4026 431680.77500511217 4519498.61081546
2623 4026 452422.1725517546 4519498.177575336
2684 4026 453641.796831507 4519498.480174938
2928 4026 458520.6304201963 4519499.471668653
3416 4026 468281.3596170444 4519499.696613224
3477 4026 469501.92045729706 4519498.251729933
3599 4026 471941.1250010201 4519499.227530146
3660 4026 473161.31216512044 4519498.780022272
3843 4026 476821.71016921225 4519498.149865282
3904 4026 478042.1330511337 4519498.521697711
3965 4026 479262.2629104423 4519498.046770942
4148 4026 482920.91618760943 4519497.923479432
4575 4026 491461.1106195867 4519498.35923439
1647 4087 432901.33391277905 4518278.631899935
2562 4087 451201.88359938125 4518278.36959918
2684 4087 453641.2322801652 4518278.4759493675
2745 4087 454861.3667950506 4518278.937855167
2806 4087 456082.03550618934 4518278.527198839
3538 4087 470720.92223368 4518278.87339834
3599 4087 471940.66852974956 4518279.230754668
3660 4087 473160.63795319427 4518278.727444673
3843 4087 476820.67504275194 4518279.572311636
3904 4087 478041.1253738188 4518278.6790647395
2501 4148 449981.8614694889 4517058.353154862
2562 4148 451201.76714099146 4517058.016170493
2623 4148 452420.5771996386 4517058.658688417
2684 4148 453641.7218283078 4517058.437128693
3782 4148 475601.15812901413 4517059.243253864
3843 4148 476820.5985285776 4517059.353429973
3965 4148 479260.96134101495 4517058.271486175
4087 4148 481702.0782822485 4517058.42380908
4392 4148 487802.44958633446 4517057.844757996
4453 4148 489020.61724013905 4517058.990019935
4758 4148 495120.7241400196 4517057.434259774
2501 4209 449981.3535584501 4515838.375849476
2623 4209 452421.5633433638 4515837.954974844
2684 4209 453641.1599381166 4515838.261712522
3660 4209 473160.9228777085 4515838.966133933
3782 4209 475600.95885328786 4515838.797477971
3843 4209 476821.1324250327 4515838.372005856
4453 4209 489020.881305514 4515838.671992353
4575 4209 491460.8301759613 4515837.441399328
4819 4209 496341.12536340964 4515838.301114556
4880 4209 497559.52714701166 4515838.27279818
4148 4270 482921.0027879849 4514619.0778346555
4331 4270 486580.96966250014 4514619.144205524
4514 4270 490241.43342275947 4514618.494837384
4636 4270 492680.9080829688 4514618.055388047
4819 4270 496341.41019287304 4514617.516761783
2684 4331 453642.0147903659 4513398.449258435
3111 4331 462181.7133053158 4513398.544141928
4331 4331 486581.0831927287 4513399.078095885
4636 4331 492679.3442816342 4513397.94698695
4758 4331 495122.61554615333 4513397.3218470095
5124 4331 502442.0210667831 4513398.816628683
3599 4392 471941.5483370184 4512177.643663491
3782 4392 475601.5072099686 4512178.660515442
4331 4392 486582.3357659319 4512178.2528796075
5063 4392 501219.46144560375 4512178.516323534
2867 4453 457302.77043397434 4510959.522577081
3721 4453 474380.8195888361 4510958.627867827
3538 4575 470721.719914215 4508517.832736048
3599 4575 471942.55276768736 4508518.439032599
3172 4636 463402.35995520523 4507298.164084258
3477 4636 469502.2516400091 4507297.0378457345
2867 4697 457299.7935895894 4506077.922855521
3172 4697 463402.0401575886 4506078.151872733
3233 4697 464621.32424559793 4506077.775073067
3294 4697 465841.72752817365 4506077.352297195
2928 4758 458521.41955653246 4504857.9950326355
3111 4758 462181.34754714306 4504857.678752814
3172 4758 463400.83169682854 4504858.396175521
3294 4758 465841.3568630982 4504858.14393835
3355 4758 467061.939389095 4504858.311475669
3538 4758 470721.01457426825 4504857.79725238
3904 4758 478040.30829640635 4504858.2754122745
2684 4819 453641.46088477917 4503638.940287875
2806 4819 456081.8337517526 4503638.497846707
3233 4819 464621.37370320986 4503638.224122145
3355 4819 467061.0329339195 4503638.232842463
3416 4819 468280.63326557254 4503637.838778784
3782 4819 475601.61302111665 4503637.999688236
2684 4880 453641.41194507986 4502419.275391213
3050 4880 460962.43972322415 4502417.712916443
3294 4880 465841.02322088374 4502418.656725885
3416 4880 468281.2122338899 4502418.479782764
2623 4941 452420.8313185916 4501199.060474433
2684 4941 453640.8847927149 4501198.885242178
3172 4941 463400.74819141236 4501197.356993772
3294 4941 465841.65601884667 4501198.526458206
3599 4941 471941.8174406172 4501198.2383993985
3050 5002 460960.25919781363 4499979.227458709
3111 5002 462180.79480191803 4499979.304481632
2684 5063 453640.9733240783 4498758.748575652
2745 5063 454861.23567395506 4498758.587186647
2989 5063 459741.62139375065 4498758.797732104
2623 5124 452420.442999519 4497539.293424864
2745 5124 454861.06533160363 4497539.004426681
2989 5124 459740.702371641 4497539.264748079
2623 5185 452421.6656631252 4496318.457634472
2196 5368 443881.0599221751 4492659.327967838
