2928 0 758518.3932790152 5100000.703509693
4331 0 786577.8526501216 5099999.462353829
4575 0 791458.9004204352 5100001.498276146
976 61 719478.1533790196 5098781.671274933
1342 61 726798.7680117677 5098782.147325383
2684 61 753636.8332445337 5098781.289026159
2745 61 754858.6440776878 5098780.91409087
2867 61 757298.3144570445 5098780.892546455
2928 61 758518.5978741595 5098779.550405326
3416 61 768277.4527138436 5098780.743340895
3477 61 769497.5598927063 5098779.587093966
3843 61 776819.9299766424 5098780.0622283565
4087 61 781697.3118426352 5098780.141934352
4392 61 787798.4058088446 5098781.010392181
4453 61 789017.126219339 5098782.067640684
4514 61 790239.9181584882 5098782.399066611
4636 61 792678.0027104041 5098778.84246658
610 122 712156.8958150335 5097561.525038888
976 122 719478.0305537672 5097559.624557027
1403 122 728018.5461698308 5097562.099210422
2379 122 747538.1990132934 5097561.340357923
2562 122 751198.0789146473 5097561.840774363
3233 122 764618.7586426628 5097558.770135895
3782 122 775599.2429155582 5097560.621309104
4148 122 782918.582823368 5097559.060247035
4209 122 784139.0887689986 5097558.808825841
4453 122 789018.237462705 5097558.960180445
4575 122 791458.0447047271 5097559.31737488
5063 122 801217.7055362597 5097559.849968272
5246 122 804879.2353752771 5097558.986501591
976 183 719476.175254529 5096341.384898425
1342 183 726797.1427510646 5096343.242840306
2501 183 749978.1389613658 5096342.036328404
3477 183 769499.6899898174 5096340.454679531
4148 183 782918.7146590292 5096340.642670068
4209 183 784138.9306767669 5096342.238501697
4270 183 785358.9426321582 5096339.220928226
4331 183 786578.9233592721 5096339.447150156
4636 183 792678.2702011437 5096341.779375314
4697 183 793898.4511853867 5096341.966367981
4880 183 797558.7857627077 5096341.09756967
5002 183 799997.6405489311 5096340.152615468
5307 183 806098.614794297 5096341.146778548
5429 183 808538.6924734141 5096338.486486843
1037 244 720695.1375131385 5095120.042023003
1342 244 726798.1092256065 5095120.966773543
2440 244 748757.6597704132 5095122.2309030155
2501 244 749977.7279741103 5095122.594890688
2562 244 751197.4637920568 5095121.756840161
2623 244 752418.9155964629 5095121.440634367
2867 244 757297.0359319702 5095117.607178287
2928 244 758518.338900612 5095122.314578932
2989 244 759739.9121349198 5095119.935640369
3050 244 760958.548452328 5095121.168084254
3111 244 762177.6830060737 5095118.6884585
3294 244 765839.8992495474 5095120.314734032
3538 244 770719.2410099822 5095120.859617902
3599 244 771937.5515124716 5095120.920058387
3904 244 778036.8450484716 5095121.70217764
4026 244 780478.0663947625 5095122.130807802
4270 244 785357.92340066 5095119.817561418
4758 244 795117.6790603935 5095121.4856171645
4819 244 796337.6685957655 5095121.112100583
4880 244 797558.5867880519 5095121.280930732
5002 244 799998.0241738601 5095122.07146814
1342 305 726798.7569198885 5093901.553287427
2501 305 749977.1793104876 5093902.58078553
2562 305 751197.3287052757 5093902.732351916
2684 305 753637.2902848482 5093901.71794058
2806 305 756077.8281416824 5093900.48000633
2989 305 759737.4318493478 5093898.813970552
3111 305 762178.042184074 5093901.348711384
3172 305 763397.1970255056 5093899.708360568
3416 305 768277.8273212408 5093902.144741139
3660 305 773159.240624052 5093900.9582799375
4209 305 784138.5037065755 5093898.886304741
4575 305 791458.9112337158 5093898.821534518
4941 305 798780.120365016 5093902.167201767
5124 305 802438.6826927654 5093901.156956749
1098 366 721917.5639929102 5092682.722060404
2684 366 753637.7229000255 5092682.112708242
3233 366 764619.7472004435 5092681.100841387
4331 366 786578.5629248561 5092681.867744582
4575 366 791458.202451331 5092680.589118116
5002 366 799998.5823519004 5092680.993370886
1220 427 724357.7160590566 5091462.2116867965
1464 427 729237.7776962661 5091462.713563234
2013 427 740217.7235866066 5091462.733286441
2135 427 742658.6166539467 5091461.4634503145
2196 427 743878.4026391777 5091460.947028331
2257 427 745097.7600403184 5091462.043603412
2318 427 746317.6293990891 5091461.231080081
2806 427 756079.0431220761 5091461.87051506
2928 427 758517.6191373328 5091461.919802024
2989 427 759738.1824980758 5091458.756489208
3172 427 763399.5557384567 5091460.380073139
3416 427 768278.8956409731 5091459.887748139
3477 427 769497.7701016671 5091458.803961817
3843 427 776817.898064694 5091459.517202282
4453 427 789017.7119882369 5091462.754345076
4941 427 798778.3081242201 5091459.019242865
5063 427 801220.293331562 5091459.71085764
1220 488 724359.0191909487 5090242.207603084
1464 488 729237.7368357419 5090242.527095535
2013 488 740218.197266483 5090240.765385818
2135 488 742658.29726346 5090241.024312801
2318 488 746317.0733510188 5090241.082292543
2806 488 756078.424752059 5090241.826689807
2989 488 759739.2953218189 5090241.35784357
3782 488 775599.1580838736 5090242.167924511
4026 488 780481.4047249707 5090237.806306225
4087 488 781697.1202993036 5090241.231822416
4209 488 784136.3521575265 5090239.699463709
4331 488 786577.499562422 5090238.982724362
4514 488 790239.7824159664 5090239.857692196
4575 488 791458.341581209 5090242.379757571
4697 488 793899.1363550816 5090242.049243628
4819 488 796338.6446902745 5090240.682865061
4941 488 798779.3562025373 5090241.364707105
5124 488 802442.3012209558 5090237.545667745
1525 549 730458.4260085326 5089021.678891575
1891 549 737778.1172242372 5089021.254405357
1952 549 738998.5205003694 5089021.143734365
2013 549 740216.7771611642 5089021.628279225
2684 549 753638.003182003 5089020.958508256
2867 549 757298.1080152079 5089021.343731875
3294 549 765837.9036617582 5089020.777370672
3538 549 770721.607749971 5089020.998343351
3721 549 774379.2410394776 5089021.179408546
3965 549 779258.9145783774 5089019.301983059
4331 549 786578.8388742433 5089020.857433466
4636 549 792679.2166373186 5089020.842976065
5063 549 801219.7974289287 5089020.159210913
5124 549 802443.0985823541 5089018.845716497
1159 610 723137.2510505639 5087802.185440007
1586 610 731678.5292609564 5087801.507056779
1708 610 734118.3554150523 5087802.612679066
1952 610 738998.3197679096 5087801.427994398
2074 610 741438.6804735867 5087798.86602582
2501 610 749978.7629031793 5087801.493084697
2806 610 756079.6036638813 5087800.566059731
3294 610 765838.026768897 5087799.229137151
3355 610 767061.1569341451 5087800.6266774675
3416 610 768280.0339323102 5087800.043841266
3538 610 770719.7404561489 5087801.630970979
4087 610 781698.9348780062 5087800.615379777
4148 610 782921.0727513016 5087800.270117155
4331 610 786578.4618315757 5087800.731504032
4392 610 787797.888726349 5087800.977734624
4453 610 789018.3908782009 5087801.139064558
4758 610 795122.277477557 5087801.01671067
1586 671 731677.7562000774 5086582.184137378
1830 671 736558.670619045 5086582.528464758
1891 671 737778.7563377961 5086582.238764466
1952 671 738997.7936347645 5086582.565538674
2440 671 748758.2078292724 5086581.283687851
2501 671 749977.7778717146 5086581.771161409
2562 671 751198.1349136533 5086581.56068623
2623 671 752417.748295686 5086582.984836687
2684 671 753638.1521760076 5086582.286477543
3111 671 762177.962170116 5086578.939301242
3172 671 763397.9036440421 5086581.412542371
3416 671 768277.8077571662 5086580.217296114
3477 671 769500.1780799655 5086580.127161841
3660 671 773158.780651182 5086580.769580057
3904 671 778037.9530728759 5086581.789496743
4392 671 787800.099801808 5086580.477483074
1220 732 724356.7116880171 5085358.919382178
1464 732 729237.895761785 5085362.346006536
1525 732 730456.9705568748 5085362.383181595
1586 732 731677.7209528849 5085361.5520702405
1830 732 736557.8078183176 5085361.76656589
2074 732 741437.3698836053 5085361.920582492
2196 732 743879.437477327 5085360.269173336
2318 732 746318.5627332858 5085361.2843238935
2440 732 748758.1807267949 5085361.6620331025
2623 732 752418.2081779821 5085358.80959337
2684 732 753638.3617061671 5085362.08150722
3050 732 760958.5313996249 5085361.089808064
3111 732 762179.9074604139 5085362.699568813
3233 732 764618.3666525534 5085361.432952186
3355 732 767058.3057685487 5085361.695626186
4087 732 781699.8565871217 5085359.801699878
4148 732 782919.8575481309 5085359.871293784
4209 732 784137.7876775237 5085358.90635066
4270 732 785358.9388221616 5085360.636486793
4331 732 786578.0390636023 5085359.402805418
4453 732 789020.9814717972 5085357.516952092
4636 732 792679.2670397495 5085359.240245133
4941 732 798778.1109005737 5085360.405579948
5246 732 804878.2278446343 5085357.868364026
1525 793 730459.0192861513 5084140.815223507
1952 793 738997.270351276 5084142.911248878
2379 793 747538.0323439072 5084141.42362509
2440 793 748758.445178048 5084139.821624251
2623 793 752417.8194651238 5084140.775812627
2684 793 753638.2675346811 5084140.042314847
2928 793 758518.7016110395 5084141.14701472
2989 793 759740.2272558742 5084139.787829434
3294 793 765838.3513245754 5084141.055255704
3782 793 775597.8520144975 5084141.535285887
4148 793 782919.2889216405 5084141.352481543
4758 793 795118.6236696762 5084139.266015039
5002 793 799998.1736109912 5084139.11596475
1830 854 736557.6964526885 5082918.755768965
1891 854 737777.81733142 5082921.017610068
1952 854 738998.419367973 5082918.8985271165
2501 854 749978.8028437148 5082921.17321592
2867 854 757298.287869997 5082922.188810283
2928 854 758516.9678782407 5082922.022164291
3111 854 762177.9985148397 5082918.517442959
3233 854 764618.2849869838 5082920.7061327845
3538 854 770719.672033063 5082919.699062131
4026 854 780478.2799191929 5082918.719608103
4087 854 781698.3350887017 5082919.152337532
4209 854 784137.6815344533 5082917.1729740575
4331 854 786579.908781333 5082919.702519455
4392 854 787801.2392926759 5082918.402510757
4514 854 790241.495657262 5082918.027948906
2257 915 745097.4200816555 5081701.189447763
2318 915 746316.9718658024 5081702.117027096
2867 915 757298.0414195342 5081701.26147659
2928 915 758516.9104557524 5081703.060166973
3355 915 767057.807205852 5081701.837660574
3721 915 774378.0086567239 5081701.317541372
4026 915 780478.5565619216 5081700.933109028
4087 915 781697.5255975124 5081701.094024804
4148 915 782917.3000229435 5081701.571802873
4514 915 790237.7995870642 5081701.037590063
4575 915 791461.9682194418 5081697.912719482
4636 915 792677.7085544188 5081700.980676421
4697 915 793897.4546431538 5081701.778029753
5063 915 801217.6141380774 5081701.415695309
5185 915 803659.127527356 5081701.579510043
1342 976 726798.7395064759 5080482.24870144
2135 976 742657.7098158742 5080481.008668933
2318 976 746318.5363781377 5080480.787584269
2379 976 747538.2429309961 5080481.0891186865
2684 976 753636.1340504672 5080477.84885344
2867 976 757297.6358991812 5080480.424002523
2928 976 758520.3589367813 5080480.4045601385
3233 976 764618.627564208 5080479.411609807
3721 976 774376.848391643 5080482.396686795
3782 976 775597.7072208693 5080481.923761059
4026 976 780478.5365711381 5080479.291887791
4331 976 786578.0895464224 5080481.227204493
4392 976 787797.7221842682 5080479.3130001025
4453 976 789017.5627399406 5080478.643409682
4514 976 790237.5303420007 5080480.808598729
4636 976 792678.4833584642 5080480.675727543
4880 976 797560.5645655624 5080479.353847426
1098 1037 721918.6063887676 5079260.864170867
1525 1037 730458.2986514413 5079262.886402267
1586 1037 731677.4920639077 5079262.49491429
1769 1037 735338.1628985411 5079261.2851050515
2379 1037 747537.3200593083 5079261.829033567
2684 1037 753637.6957950275 5079261.324768381
2989 1037 759738.7482741217 5079259.323527861
3111 1037 762180.0955299648 5079259.926171031
3355 1037 767061.0912088595 5079259.046158102
3782 1037 775597.5238202574 5079260.674632896
4270 1037 785358.4403761268 5079260.523846337
4331 1037 786579.1010396066 5079259.515605923
4453 1037 789017.697303931 5079261.172208236
4636 1037 792682.1157163988 5079261.217873832
4819 1037 796338.175452535 5079261.412046208
5246 1037 804878.5622849871 5079259.399545345
1525 1098 730457.1209627617 5078041.970585033
2196 1098 743877.6899434223 5078040.696346359
2318 1098 746317.5069451584 5078042.224763475
2440 1098 748759.799698352 5078039.75285268
2562 1098 751198.4221220157 5078042.013859833
3050 1098 760958.1834490193 5078040.469443489
3294 1098 765838.3338532097 5078041.916158234
3355 1098 767058.2930477625 5078040.997494287
3416 1098 768277.735912245 5078040.89159762
3660 1098 773157.2530150324 5078038.430314884
3782 1098 775597.544235308 5078040.465584459
3843 1098 776817.4444675456 5078041.66267624
4026 1098 780479.0924834294 5078041.174533456
4087 1098 781697.8930020276 5078041.110004118
4148 1098 782920.9732363996 5078040.428876802
4331 1098 786577.7259754137 5078041.092359187
4453 1098 789017.3971282181 5078039.055239639
4697 1098 793897.2694413165 5078041.983066772
4819 1098 796338.5075899377 5078041.563480805
5307 1098 806100.4173486443 5078041.38091058
1098 1159 721918.5352715029 5076818.597347419
1220 1159 724358.6665794558 5076821.24183123
1403 1159 728018.3943966734 5076821.59327796
1525 1159 730457.3613947751 5076822.123366246
1586 1159 731679.1194000131 5076819.454218333
2074 1159 741438.535814642 5076821.081092384
2196 1159 743877.77871916 5076822.564930933
2379 1159 747539.3894441264 5076821.575424321
2867 1159 757299.3420670945 5076820.775112909
2928 1159 758521.2028730195 5076821.776643456
3660 1159 773157.5664754685 5076822.085272259
4087 1159 781699.0300449848 5076822.295477845
4148 1159 782917.5761248241 5076822.171471407
4270 1159 785358.2238342059 5076819.654948811
4453 1159 789019.3672228355 5076822.625176099
4575 1159 791456.8522560833 5076820.896043305
4697 1159 793898.8644033681 5076821.4398388015
4819 1159 796337.7718121661 5076821.651762262
4880 1159 797558.5071387789 5076821.476723268
5307 1159 806102.4613561867 5076818.593067793
1586 1220 731678.4457086434 5075601.908773849
1891 1220 737777.9618440499 5075601.753112582
1952 1220 738996.9056318244 5075602.403236966
2013 1220 740217.9605026074 5075603.460295457
2135 1220 742657.4222209794 5075600.855193535
2196 1220 743877.3940094818 5075602.299465268
2562 1220 751199.5957317167 5075600.199208333
2684 1220 753638.4711692467 5075600.912116815
2745 1220 754857.7029058187 5075601.506711632
2928 1220 758519.2354298629 5075601.970854695
3599 1220 771938.0971387966 5075602.138684262
3721 1220 774376.5707584274 5075602.401449821
3965 1220 779260.4029646114 5075600.482224382
4026 1220 780476.7989121472 5075601.210278253
4148 1220 782920.4127288439 5075600.393857841
4209 1220 784137.9327573405 5075601.792361972
4392 1220 787798.1913022819 5075601.2750471635
4575 1220 791457.1124311952 5075600.862053888
4636 1220 792677.7588093119 5075601.633377663
5002 1220 799999.3016061278 5075601.60018426
1098 1281 721917.9559497546 5074381.028822533
1281 1281 725577.2606834694 5074381.934565111
1342 1281 726798.6834349318 5074381.09181307
1403 1281 728017.5395097999 5074382.010758949
1525 1281 730456.8799466832 5074379.098528017
1830 1281 736557.411662662 5074382.336024002
2196 1281 743877.1233383202 5074379.476842484
2379 1281 747538.8772953796 5074379.151960847
2806 1281 756078.2234027865 5074382.651256145
2867 1281 757298.5727611842 5074377.9841696685
3050 1281 760958.8745684063 5074381.091380666
3172 1281 763398.2733833164 5074381.044102035
3416 1281 768276.5934894781 5074381.524125416
3965 1281 779257.7083989447 5074381.099898089
4209 1281 784138.670999247 5074380.4254500335
4819 1281 796337.2708850533 5074381.972847076
5063 1281 801221.4028806933 5074381.129865244
5307 1281 806101.6862145249 5074381.558559402
5368 1281 807317.86772435 5074378.509165339
671 1342 713378.0359009347 5073161.3230800275
732 1342 714597.6233945285 5073158.800895219
1525 1342 730456.2414761859 5073161.309656531
1647 1342 732896.4501434371 5073162.55239569
1891 1342 737778.2459649269 5073160.883720357
1952 1342 738999.2205146236 5073160.569135918
2501 1342 749978.5539379718 5073161.790729661
2623 1342 752419.0739910478 5073158.938093493
2684 1342 753638.1527979613 5073161.758115596
2745 1342 754857.6645141711 5073161.476419404
2867 1342 757300.7038824215 5073161.458480888
3477 1342 769499.8157466856 5073159.784559837
3660 1342 773158.5581362923 5073161.645611301
3721 1342 774378.2028704336 5073161.357822256
3843 1342 776818.5486927764 5073161.610237493
3904 1342 778040.7221090834 5073162.645456242
4148 1342 782917.5450141535 5073158.456876984
4209 1342 784139.0558674138 5073161.380697958
4392 1342 787800.1224257959 5073159.903440527
4575 1342 791458.3559772557 5073159.105264851
4697 1342 793897.5475659565 5073159.038844094
4819 1342 796338.2883935965 5073159.493728705
4880 1342 797559.9456921112 5073160.043173772
5063 1342 801217.2599129423 5073161.745264581
671 1403 713378.1726036555 5071941.830449799
793 1403 715818.8756840879 5071942.197528666
1220 1403 724357.6864657042 5071941.308739255
1586 1403 731677.5121352184 5071941.851244638
1769 1403 735339.0313734047 5071942.308929049
1830 1403 736557.0192006114 5071942.669030275
2745 1403 754859.3421993869 5071941.879509189
3111 1403 762178.2060777316 5071940.695639669
3355 1403 767058.0967767955 5071940.746610797
3843 1403 776817.6757005989 5071941.895713632
3965 1403 779258.4126139892 5071940.570586001
4453 1403 789022.2730179523 5071938.269660451
4636 1403 792677.4899643895 5071938.070506648
4941 1403 798782.4888369506 5071938.338788022
5063 1403 801217.8644602309 5071940.5462212125
183 1464 703618.6867322742 5070721.3801798085
366 1464 707279.0280113008 5070721.571158233
1159 1464 723136.855702057 5070721.299366584
1342 1464 726798.7777691877 5070722.724960374
1525 1464 730458.2321008262 5070721.640486851
2013 1464 740218.768444843 5070722.707046171
2196 1464 743877.955344122 5070721.774731033
2745 1464 754859.9393606766 5070719.914561155
2867 1464 757298.8611564263 5070720.541149734
3111 1464 762179.876280279 5070720.147707997
3416 1464 768278.1139361515 5070719.738924669
3599 1464 771937.3046745481 5070721.747621233
3782 1464 775598.0305954757 5070722.029874315
3965 1464 779260.7844597246 5070721.870748516
4026 1464 780477.4665841182 5070718.988634347
4331 1464 786579.0075942847 5070719.231902639
4392 1464 787799.6494403827 5070720.235733174
4453 1464 789017.567004504 5070721.769145506
4575 1464 791457.8228394557 5070722.6492996365
5063 1464 801218.9123717671 5070721.739804759
5429 1464 808537.7852618858 5070719.237332393
244 1525 704838.0218623654 5069502.387964862
732 1525 714597.9364342683 5069499.358889034
1403 1525 728018.3224690836 5069502.829711724
1525 1525 730459.3500836192 5069498.602973313
1586 1525 731678.0228305821 5069499.289909484
1708 1525 734118.2425898312 5069501.792938228
1769 1525 735339.2843936607 5069499.843545707
2196 1525 743878.4741319197 5069501.9880586285
2257 1525 745098.2457626245 5069502.073030651
2440 1525 748758.2715209883 5069501.767747494
2867 1525 757299.0099772548 5069498.733134434
3294 1525 765838.9687630329 5069501.321078978
3538 1525 770716.7696107341 5069502.669279421
4331 1525 786577.8213516517 5069501.3213431155
4636 1525 792678.2631565732 5069498.370999035
5124 1525 802438.7803720038 5069501.7820071615
5429 1525 808542.3857804709 5069497.951686984
61 1586 701177.0653635194 5068282.013767427
183 1586 703617.7682222244 5068278.948575022
305 1586 706058.7952059205 5068281.448040975
366 1586 707279.0127051463 5068281.296192952
1342 1586 726797.7659697195 5068281.250909698
1708 1586 734118.4808901326 5068281.925097475
1891 1586 737777.4736407794 5068282.021884839
1952 1586 738998.5499174988 5068278.9192948975
2013 1586 740219.1683117135 5068281.844066758
2684 1586 753639.2494425069 5068282.573142347
3233 1586 764620.1426317175 5068280.170582353
3660 1586 773158.2103178673 5068281.4102730695
3721 1586 774377.8456477098 5068278.631725427
3843 1586 776818.2439951359 5068281.417885675
3904 1586 778039.266472147 5068281.170275192
4026 1586 780478.6065833878 5068280.989747038
4209 1586 784138.3132275093 5068279.264563511
61 1647 701178.37995577 5067059.954714208
122 1647 702398.1376104439 5067062.501996592
183 1647 703618.2499530268 5067061.845297194
610 1647 712158.4206669575 5067059.526403663
671 1647 713378.0883078361 5067061.882047477
1586 1647 731678.4444930833 5067061.814373157
1708 1647 734118.7066497498 5067060.71595355
2013 1647 740217.6858499355 5067059.350808051
2257 1647 745098.2404918172 5067061.355570942
2623 1647 752417.7103250646 5067061.114947002
2745 1647 754859.1454036917 5067060.854616788
2867 1647 757299.1872156231 5067062.127934044
3965 1647 779257.4452344107 5067059.447933945
4087 1647 781698.9149461389 5067062.065199379
4453 1647 789018.5159800783 5067057.702905389
5368 1647 807317.6249741747 5067060.903096695
732 1708 714596.3129416604 5065841.773553299
1098 1708 721919.6565450403 5065840.399256935
1342 1708 726798.4431592436 5065840.663296278
1586 1708 731677.7973094368 5065841.434050153
1830 1708 736557.4061297729 5065841.41754397
1891 1708 737779.0321552807 5065839.527076658
2013 1708 740219.8904832576 5065841.29587061
2623 1708 752418.5419205313 5065841.048003463
2806 1708 756079.8152421096 5065842.658842692
3111 1708 762178.7267519959 5065841.042380296
3172 1708 763399.1699940385 5065839.583619279
3294 1708 765840.9914251149 5065841.985313393
3843 1708 776821.5381951923 5065839.019109574
4209 1708 784137.6490983022 5065841.129604175
4331 1708 786577.6685728001 5065840.748425024
4453 1708 789017.7068512227 5065841.680498615
5368 1708 807318.9354605357 5065837.82154643
488 1769 709718.7611798978 5064618.807135927
610 1769 712156.8678504287 5064621.769455677
793 1769 715817.3013934218 5064621.416285538
1586 1769 731677.9607310551 5064620.68384364
1952 1769 738997.94430887 5064620.848367374
2074 1769 741439.2486863988 5064620.952396243
2318 1769 746317.7995116981 5064617.25042391
2379 1769 747537.4224095214 5064620.233055094
2623 1769 752418.3929732724 5064622.117877558
3172 1769 763395.2780447769 5064619.144240271
3294 1769 765837.6373358346 5064618.699865293
3477 1769 769498.7453620179 5064618.994827475
3782 1769 775597.475722358 5064620.28610442
3843 1769 776818.7359250045 5064620.92900863
3904 1769 778039.1001146322 5064620.874313552
4026 1769 780478.3881832487 5064620.906505961
4148 1769 782918.1232593312 5064621.254874106
4636 1769 792677.955700333 5064620.437870634
4941 1769 798779.1836554259 5064618.116681915
5063 1769 801217.8156678652 5064621.8100198135
305 1830 706058.2285464447 5063401.597678368
549 1830 710937.1673979787 5063397.785849696
610 1830 712157.8274945786 5063402.282436491
915 1830 718259.9143340414 5063400.182063359
1159 1830 723137.9666777933 5063400.181697051
1281 1830 725577.7086637133 5063401.560038248
1342 1830 726797.9207070164 5063401.337626141
1403 1830 728017.7163338154 5063401.44161199
1525 1830 730458.4658425545 5063401.785174754
1586 1830 731679.0724981828 5063402.027425882
2257 1830 745098.1134708115 5063401.248705745
2806 1830 756078.5523904394 5063401.7500021225
2928 1830 758519.4150278976 5063399.06812948
3111 1830 762178.3256496809 5063399.647615584
3294 1830 765840.3690238293 5063400.34717894
3477 1830 769498.3808683527 5063400.7513774345
3782 1830 775598.3666317048 5063402.5740434555
3904 1830 778037.663905896 5063399.723791465
4758 1830 795122.245746541 5063401.416621967
5124 1830 802441.9893054863 5063402.102911572
61 1891 701179.0762789567 5062180.93676334
366 1891 707277.6701409986 5062178.617752667
732 1891 714599.713042295 5062179.968365856
793 1891 715817.8210488566 5062179.334769613
976 1891 719477.5270490076 5062182.145670714
1342 1891 726796.6575303006 5062182.9443462705
1403 1891 728018.0007093425 5062179.137554628
1525 1891 730459.0646432806 5062181.937234513
1769 1891 735338.0621956005 5062181.793769443
1891 1891 737777.9897029374 5062181.043868197
2074 1891 741438.425042019 5062178.397077012
2196 1891 743877.942196228 5062181.047092394
2379 1891 747540.5618362145 5062181.529092798
2562 1891 751197.7476141547 5062178.985243276
2684 1891 753638.2768215421 5062181.14286221
2928 1891 758518.6912649247 5062180.885479003
3111 1891 762181.0757148041 5062180.852534652
3355 1891 767061.1226424812 5062178.762090981
3477 1891 769497.7243620619 5062178.285281391
3538 1891 770717.8341152584 5062181.31839877
3904 1891 778038.0009223534 5062180.415299856
4209 1891 784139.0704390034 5062180.749024822
4392 1891 787800.3845934612 5062180.393352915
4758 1891 795118.095480274 5062182.048820041
305 1952 706057.5350866375 5060957.972643969
915 1952 718258.1176722632 5060961.327327439
976 1952 719477.8759001273 5060962.220422381
1098 1952 721918.414485998 5060959.1122238245
1281 1952 725579.8028320178 5060961.9211193435
1403 1952 728017.7905288615 5060958.794096587
1647 1952 732899.4481466028 5060962.639371576
1708 1952 734117.934344453 5060962.233736491
1830 1952 736558.7951834543 5060962.778683611
1891 1952 737777.1594318192 5060963.151689532
2196 1952 743878.3487069993 5060958.686103039
2318 1952 746318.440109081 5060958.791799705
2989 1952 759737.8313279104 5060961.865209002
3050 1952 760958.494981498 5060959.7192931725
3172 1952 763399.2363556519 5060960.395314488
3416 1952 768277.6723238167 5060958.506505967
3599 1952 771936.4507907969 5060958.056606784
3843 1952 776818.339733503 5060960.795210819
4087 1952 781697.7834410578 5060961.543326098
4209 1952 784137.7763716843 5060957.882561445
427 2013 708498.3322333288 5059742.515537379
1037 2013 720696.8650246526 5059739.118439523
1220 2013 724358.0396737291 5059741.878702047
1403 2013 728016.7017791766 5059742.970603183
2013 2013 740218.0697018848 5059741.610492114
2318 2013 746318.8917385718 5059740.591193617
2379 2013 747539.0063099596 5059739.475593276
2440 2013 748756.774198516 5059740.241717398
2989 2013 759738.4669553438 5059739.360514744
3599 2013 771937.795925753 5059739.65094846
3904 2013 778038.1583726316 5059741.309612366
4575 2013 791457.7479470123 5059739.338977517
4636 2013 792678.2912322012 5059739.692780648
5063 2013 801222.598944037 5059741.605216577
5368 2013 807318.9655044839 5059739.131625445
5429 2013 808539.0234779078 5059741.973227913
427 2074 708498.9056422651 5058521.314046429
915 2074 718258.515422668 5058521.478355909
1037 2074 720697.5124010558 5058521.975004246
1403 2074 728018.7270883468 5058521.97888608
1464 2074 729238.3915289296 5058521.5277484385
1647 2074 732898.7994429036 5058519.603466164
2013 2074 740219.0590611832 5058519.257510614
2135 2074 742657.2824090734 5058517.7052962305
2623 2074 752418.6084268437 5058522.113094738
2745 2074 754860.0839645079 5058519.895062919
3233 2074 764618.219547271 5058522.11688327
3355 2074 767058.5550050047 5058521.574173142
3660 2074 773158.8556757148 5058522.149059996
4514 2074 790238.6120185592 5058521.055764201
5063 2074 801217.6242529297 5058522.189408901
5124 2074 802440.0539644312 5058519.616367816
183 2135 703617.7667717582 5057301.406737059
366 2135 707276.4221275758 5057299.6523508495
915 2135 718258.0185442592 5057301.90189179
1403 2135 728018.0203671115 5057302.638964344
1464 2135 729237.8131114857 5057301.994002399
1830 2135 736556.560921253 5057301.01080949
2074 2135 741437.9775051466 5057301.727447344
2318 2135 746318.4725207082 5057298.38225129
2562 2135 751197.5757397487 5057299.263168217
3050 2135 760960.0883582383 5057300.992764172
3416 2135 768277.6824790598 5057301.3191294335
3477 2135 769498.21870033 5057301.632100527
3538 2135 770721.5345466225 5057299.0220434135
3599 2135 771938.0911679614 5057301.58046366
3843 2135 776820.4319657903 5057299.667014834
4148 2135 782917.3806655748 5057297.65826332
4209 2135 784137.3413512157 5057302.5327683445
4270 2135 785359.1318190151 5057302.531855094
4331 2135 786576.5883780952 5057298.231086265
366 2196 707277.1988695288 5056081.303179477
610 2196 712158.1667071516 5056079.458331136
732 2196 714599.3593704654 5056081.644531706
793 2196 715818.217621176 5056081.575425804
1098 2196 721918.7018767487 5056080.857041331
1464 2196 729236.838503848 5056077.248252617
2867 2196 757298.5042702295 5056079.679386226
3111 2196 762178.6379881882 5056078.656593966
3294 2196 765837.8438042097 5056079.068081699
3538 2196 770717.4862847917 5056081.549460213
3599 2196 771940.6843738114 5056079.621500658
3721 2196 774377.8076780448 5056078.601571861
4331 2196 786578.1669900643 5056078.70529918
4819 2196 796342.3372788427 5056079.507405138
4941 2196 798781.9573557172 5056078.491300863
5002 2196 799997.8909128109 5056080.924138137
61 2257 701177.7204921527 5054858.501337444
427 2257 708497.5105144827 5054860.327940841
488 2257 709717.926834015 5054858.542946548
610 2257 712156.3326957021 5054858.388326474
915 2257 718259.0291481185 5054859.167655074
1464 2257 729235.7477619547 5054861.480223095
1647 2257 732899.1244697302 5054860.843675249
2623 2257 752417.4906525823 5054860.8977955775
3294 2257 765838.1370277893 5054862.611473921
3416 2257 768277.2545346293 5054862.823467581
3660 2257 773158.5886269456 5054860.948770497
3721 2257 774377.5233603333 5054860.766470712
3904 2257 778039.1434898645 5054860.2444657665
4026 2257 780479.2138323277 5054859.505592643
4087 2257 781698.7315698584 5054862.306936344
4514 2257 790237.5427797271 5054858.946707997
4575 2257 791459.6662977723 5054861.747078951
4636 2257 792677.0641829463 5054861.751965198
4941 2257 798778.0136372641 5054861.580491295
5002 2257 799997.9691600988 5054862.1534012295
305 2318 706056.9771540195 5053643.239044971
671 2318 713379.2653698553 5053641.090292208
915 2318 718257.5824983281 5053642.828354219
3782 2318 775598.7862098404 5053638.371449657
3843 2318 776817.7418038514 5053641.964645083
4636 2318 792682.5611383095 5053641.636913327
0 2379 699955.542101287 5052417.126892336
305 2379 706057.7529532061 5052422.10666697
671 2379 713378.1914012274 5052418.176803656
1159 2379 723139.8895952281 5052420.148106325
1403 2379 728018.2989328486 5052418.451331714
1891 2379 737778.7312496112 5052422.48866302
2013 2379 740217.3927883133 5052421.441784309
2196 2379 743878.0826059628 5052421.241535078
2623 2379 752420.9399083672 5052421.140353406
2684 2379 753638.1407195315 5052416.896925573
3477 2379 769498.3903817597 5052420.547083165
3538 2379 770718.6992327919 5052421.106733247
3599 2379 771936.7261240251 5052422.333653268
4209 2379 784138.2310117562 5052418.17319529
61 2440 701175.9893020391 5051202.27340819
183 2440 703617.4212341742 5051201.27089072
549 2440 710938.7974459652 5051200.527560255
1708 2440 734117.2055354569 5051201.657227715
1830 2440 736556.3986549652 5051202.418283733
1952 2440 739000.352841842 5051200.319200675
2684 2440 753639.2262874664 5051202.088500346
2928 2440 758519.7744353594 5051200.267346821
3050 2440 760961.3053531776 5051201.245493299
4087 2440 781698.1820908625 5051200.956702321
4148 2440 782918.4955726254 5051199.442466851
4331 2440 786578.8351373868 5051199.205803127
4392 2440 787800.5654438536 5051202.940395537
183 2501 703617.5655716844 5049981.126663137
244 2501 704837.5580938803 5049981.739182145
366 2501 707278.1580704786 5049978.981151168
976 2501 719476.5090681579 5049977.383497735
1342 2501 726798.679235931 5049979.271713442
1403 2501 728017.2218670395 5049982.399903823
2074 2501 741440.2723075176 5049980.204723115
2623 2501 752416.2927235826 5049981.142708194
2867 2501 757299.0038209347 5049980.494022654
3050 2501 760960.9606350337 5049978.807079066
3416 2501 768276.9838108711 5049978.605204986
4331 2501 786578.8395302675 5049981.139776406
4514 2501 790237.4294206337 5049981.632176817
732 2562 714595.0293542603 5048760.246967759
1891 2562 737777.658657965 5048759.9213730125
1952 2562 738999.004390505 5048761.630230672
2013 2562 740218.3620636301 5048761.934640982
2318 2562 746318.6139134561 5048761.036473278
2684 2562 753637.6644556584 5048758.344147816
2928 2562 758518.705736968 5048760.684856103
3111 2562 762177.8434316014 5048760.917546801
3172 2562 763398.2608574214 5048760.507641971
4148 2562 782921.4217379859 5048761.653246631
4209 2562 784138.722121697 5048761.715919338
4392 2562 787802.5686795268 5048758.756395704
610 2623 712157.7364438972 5047541.165043698
854 2623 717037.9587383675 5047541.354918992
1098 2623 721916.8914797737 5047542.477246257
1220 2623 724357.9166120313 5047542.116032375
1342 2623 726799.0702064185 5047541.269971419
1525 2623 730459.5622801653 5047539.494458999
1891 2623 737777.7716874705 5047541.796742115
3050 2623 760958.6905123576 5047541.7819375405
4026 2623 780477.8535174407 5047538.301082907
4209 2623 784138.513227753 5047542.641536813
183 2684 703618.4170068823 5046318.277518667
1220 2684 724358.9969874845 5046321.897244243
1586 2684 731677.5579308973 5046320.369940965
2257 2684 745099.887419587 5046321.845453638
2928 2684 758518.2372123548 5046318.422327257
3904 2684 778039.0316404924 5046320.951476881
4087 2684 781697.7462171722 5046322.169664088
4209 2684 784138.6833113643 5046318.995008307
4270 2684 785358.2511553484 5046320.652629234
122 2745 702397.8434164948 5045102.213437601
305 2745 706058.6370370274 5045098.77073526
854 2745 717037.1055310477 5045102.454820598
1830 2745 736557.104314184 5045102.415331902
2013 2745 740217.50701789 5045102.405747906
2074 2745 741437.2614158851 5045101.300975181
2501 2745 749979.792959257 5045099.860763947
3050 2745 760958.48602854 5045101.205357719
4148 2745 782919.4063921267 5045099.234370039
305 2806 706057.6435323667 5043880.240996947
488 2806 709719.1225411502 5043880.447460142
671 2806 713377.0750147101 5043880.020698721
793 2806 715816.3936335599 5043883.498269332
854 2806 717036.5427280349 5043882.2933785785
915 2806 718256.658844392 5043881.768948594
1708 2806 734117.935665943 5043881.625026146
1769 2806 735339.6937325553 5043878.059466158
2501 2806 749978.1721804215 5043878.702381396
2684 2806 753638.9782985796 5043880.951980741
2806 2806 756078.0352954743 5043881.113046619
2989 2806 759738.1926618031 5043880.863729614
3050 2806 760959.1509706823 5043879.649300987
3721 2806 774377.349591381 5043881.958382484
3904 2806 778041.5985886059 5043881.725602049
3965 2806 779261.9043107133 5043881.817998501
4087 2806 781698.7873632112 5043880.7603657
244 2867 704838.2880786428 5042658.380685446
793 2867 715817.7755889747 5042661.945958002
1037 2867 720697.5615986832 5042662.328888601
1342 2867 726798.0251056455 5042662.744907962
1464 2867 729236.4459307638 5042661.462858845
1525 2867 730457.3481455799 5042662.997173371
1708 2867 734117.4266854898 5042662.145145643
1891 2867 737778.1425640486 5042661.014662323
2013 2867 740217.3682741682 5042661.859859199
2074 2867 741438.5747911528 5042661.367686641
2318 2867 746318.833953331 5042661.235048255
2379 2867 747539.0931246064 5042660.627943163
2562 2867 751198.4894264536 5042661.218638337
2684 2867 753639.2296050997 5042660.776458443
2745 2867 754858.2343175185 5042660.89557591
3965 2867 779258.2907888528 5042661.665145584
793 2928 715818.2864551782 5041442.606994257
915 2928 718257.0655394143 5041440.093546642
1037 2928 720697.7554082595 5041442.284216596
1342 2928 726798.3790703882 5041442.759483333
1403 2928 728017.1455585471 5041439.1544023715
1525 2928 730457.1761871162 5041442.590465343
1830 2928 736557.3961231632 5041442.270437619
2196 2928 743877.9078763018 5041439.249647226
2440 2928 748758.6139332355 5041439.144701627
2745 2928 754858.3511566519 5041439.187755786
61 2989 701177.8382910319 5040222.108637782
122 2989 702397.4030123194 5040221.914435945
732 2989 714597.8319007744 5040221.460369679
1342 2989 726798.1331175369 5040220.908726851
1464 2989 729238.7074894556 5040222.170743878
1708 2989 734117.7068461671 5040217.246760359
1769 2989 735338.6731664158 5040222.234397734
1830 2989 736557.079633066 5040221.848265589
2013 2989 740218.3065765129 5040222.036992399
2440 2989 748755.1094845687 5040220.530017424
2501 2989 749978.153874928 5040221.515198015
2623 2989 752417.2629909869 5040221.6163487965
2684 2989 753638.0820120717 5040221.257994522
122 3050 702397.5594174034 5039001.869544852
183 3050 703617.8912865011 5039001.422816244
671 3050 713377.3593042102 5039002.059371636
854 3050 717038.4370986273 5038999.303121716
1342 3050 726797.9580141144 5038999.065720715
1464 3050 729237.6015532 5038998.285778444
1830 3050 736559.8400932885 5039000.236971188
1891 3050 737777.3843663773 5039002.161287397
2318 3050 746317.8275731258 5039000.990574603
2562 3050 751198.371248773 5039000.848258979
2623 3050 752418.0589624331 5039002.045219279
3477 3050 769498.1577431728 5039002.521488044
1098 3111 721917.7213319326 5037782.035518044
1159 3111 723137.3894149696 5037782.009135757
1220 3111 724359.7936830261 5037780.198834516
1647 3111 732896.4988890577 5037782.162923436
1708 3111 734119.4354256185 5037781.560858496
1952 3111 738997.8046601505 5037782.103277155
2196 3111 743879.7407822284 5037779.633186454
427 3172 708498.0669539933 5036560.509766931
549 3172 710938.4844570818 5036558.648684346
671 3172 713379.3515991404 5036561.33270037
793 3172 715818.3145624881 5036561.893917466
1098 3172 721917.4231621394 5036562.365759938
1403 3172 728018.0738603882 5036562.331225342
1525 3172 730457.4282040758 5036559.271368963
1830 3172 736556.850348238 5036563.05812959
1891 3172 737778.1299645595 5036561.816741301
122 3233 702397.2358206192 5035338.982160079
671 3233 713376.3372719291 5035336.926504025
854 3233 717038.0485643438 5035339.2041434
976 3233 719477.712738557 5035342.341086399
1037 3233 720698.2864421414 5035339.912769663
1281 3233 725578.9371003148 5035341.158649922
1586 3233 731679.4312315729 5035341.099516779
1708 3233 734117.2377328186 5035338.361036905
2379 3233 747538.6910684839 5035342.157483592
2440 3233 748759.0209553331 5035339.8175494475
2562 3233 751198.213286249 5035341.676397727
549 3294 710938.5360695692 5034121.562428201
793 3294 715817.7225892593 5034118.5065669995
915 3294 718257.94057445 5034122.143442259
1159 3294 723137.1483029103 5034122.759139722
1220 3294 724355.3494576102 5034123.472607412
1342 3294 726796.3589846597 5034120.580183896
1403 3294 728017.467382929 5034121.784031906
1525 3294 730457.9074489422 5034121.0198627105
1647 3294 732898.2352377067 5034122.304775948
1830 3294 736559.3942464476 5034121.266275335
2135 3294 742658.4259106443 5034121.968375321
244 3355 704837.6451094236 5032899.846328473
854 3355 717037.2245072996 5032902.951571793
1403 3355 728018.3523875898 5032901.1174384
1464 3355 729238.3844414529 5032902.137018307
1586 3355 731680.0996381824 5032900.514080932
1647 3355 732899.340481674 5032901.012468233
1891 3355 737777.0908215627 5032898.727530764
610 3416 712158.4400551154 5031682.523098158
1159 3416 723138.634223573 5031681.3807583125
1220 3416 724357.6528157309 5031681.2315087225
1464 3416 729238.118569741 5031682.108597591
2013 3416 740217.850818378 5031679.023504455
2196 3416 743878.8095993855 5031678.839103659
2379 3416 747538.1411746199 5031680.88140436
427 3477 708498.2327943902 5030461.008749885
1037 3477 720696.1513281843 5030458.027625903
1220 3477 724357.3141944981 5030462.145406373
1281 3477 725578.420546592 5030461.437569789
1342 3477 726799.1992790243 5030461.23604534
1464 3477 729238.2429451016 5030461.804755423
2379 3477 747538.5444399187 5030460.328606214
183 3538 703616.8051804893 5029237.157476227
1342 3538 726799.684697577 5029240.624337569
1464 3538 729238.9607597431 5029241.874486084
1525 3538 730458.8596835708 5029240.385004306
1586 3538 731678.8629792553 5029241.538244131
122 3599 702397.7382186999 5028020.620553388
488 3599 709717.0843775833 5028021.378593909
671 3599 713378.3045785818 5028022.28007004
732 3599 714596.9616092781 5028021.489323996
854 3599 717038.1842057141 5028018.662147239
976 3599 719477.1137594372 5028022.270592285
1281 3599 725578.2765454742 5028020.089176757
1403 3599 728017.5777973749 5028018.314719928
183 3660 703616.9808221958 5026801.372149694
366 3660 707277.8000871234 5026801.469100477
427 3660 708497.7168943353 5026801.619949601
488 3660 709718.4284606468 5026801.20173938
549 3660 710938.3835275542 5026801.849146875
1220 3660 724357.8323956974 5026801.948682965
1342 3660 726799.6729612547 5026801.529977194
1464 3660 729237.173404659 5026801.870629525
1830 3660 736558.9574267091 5026801.9407560425
1952 3660 738998.0728295452 5026797.643669941
2318 3660 746319.3758723777 5026799.138910323
244 3721 704837.6025295682 5025582.236237413
305 3721 706057.4680868514 5025582.27143298
366 3721 707277.2079601311 5025581.466124184
427 3721 708497.5020503366 5025582.946948982
488 3721 709716.9730245959 5025582.409716614
854 3721 717036.8703484397 5025578.496145158
915 3721 718258.3490438545 5025581.696872541
976 3721 719476.636386646 5025582.408325516
1220 3721 724358.9159960761 5025580.779803458
1403 3721 728020.0938236865 5025579.946361364
1586 3721 731678.7553090904 5025581.922934234
2135 3721 742657.9362258904 5025579.468625857
122 3782 702396.6654156639 5024362.23164608
183 3782 703617.4741055481 5024362.050942849
488 3782 709716.5868971848 5024362.660578117
549 3782 710937.9595974827 5024362.269421183
732 3782 714597.7105699467 5024361.95073652
793 3782 715817.5267432418 5024358.989730614
1281 3782 725578.080262205 5024362.335146521
1952 3782 738999.448203225 5024361.943787379
2257 3782 745099.5676744789 5024360.153395523
2379 3782 747539.463484801 5024361.226847987
183 3843 703618.2676742073 5023141.66181539
305 3843 706057.9776603902 5023142.507076977
488 3843 709717.6412457338 5023142.052162366
549 3843 710938.1331384152 5023142.107390377
610 3843 712157.7352198502 5023142.424388773
671 3843 713377.969717443 5023141.478667058
854 3843 717037.5316869068 5023142.007293916
1037 3843 720697.0643944738 5023139.6265551625
1220 3843 724357.6611933646 5023141.716045074
1769 3843 735338.4630636456 5023140.586431428
2135 3843 742658.6009513985 5023141.263160852
610 3904 712158.1325043213 5021921.747066991
793 3904 715817.5122888017 5021921.704154737
854 3904 717037.6082395562 5021921.731145428
976 3904 719479.7046629299 5021920.118536215
1281 3904 725577.2633007419 5021922.3063706895
1403 3904 728016.7068891465 5021922.3809229955
1891 3904 737778.1283328481 5021921.667080564
549 3965 710936.0574190692 5020703.073946848
732 3965 714597.5435897199 5020702.966825872
854 3965 717036.3981203063 5020702.666414068
915 3965 718256.8491319063 5020701.9980447395
1098 3965 721918.1222760401 5020702.150921456
1525 3965 730456.6949673241 5020702.982326213
427 4026 708497.9649375855 5019481.300142196
488 4026 709718.0962843394 5019482.7167158965
610 4026 712157.9593273554 5019481.863630944
671 4026 713377.0570261354 5019481.462474608
854 4026 717037.6581414479 5019482.366109025
1220 4026 724356.8297001434 5019482.166570332
1464 4026 729239.3618329004 5019479.424373755
488 4087 709717.4537622432 5018262.799969684
549 4087 710938.3207871288 5018262.455398473
793 4087 715818.3052928788 5018258.091882333
854 4087 717038.2865276348 5018261.5135379145
915 4087 718256.5815208086 5018262.695456134
976 4087 719477.9777947387 5018258.83582513
1037 4087 720697.7569612345 5018257.778719637
1098 4087 721918.4802297509 5018261.643257042
1220 4087 724357.9307009346 5018260.899322701
1464 4087 729237.5374970321 5018262.761106759
1525 4087 730457.460847093 5018258.018942031
1952 4087 738997.2829771227 5018262.675451574
2074 4087 741438.295478732 5018260.787546511
2196 4087 743880.714406866 5018259.389252061
427 4148 708497.8184837099 5017041.983145543
488 4148 709716.8939902696 5017042.812144798
549 4148 710937.2870491105 5017041.8278023545
610 4148 712157.4883970411 5017041.608875044
671 4148 713377.8563257919 5017040.782883853
1464 4148 729237.4909511146 5017041.552607951
1708 4148 734118.6044235531 5017041.247443684
1952 4148 738997.1608997692 5017041.604675033
427 4209 708497.7233796609 5015821.550926812
610 4209 712158.3122794315 5015821.59095346
732 4209 714596.7926914066 5015821.587011716
793 4209 715816.9557949635 5015821.80196613
854 4209 717037.0198665244 5015821.291947937
1891 4209 737777.9486677817 5015821.985201876
2135 4209 742658.2892233644 5015821.505532655
61 4270 701177.3655229118 5014597.6944461735
305 4270 706058.6269246393 5014599.244445291
366 4270 707278.0094930627 5014599.0538382
427 4270 708497.8956812953 5014602.0909688575
549 4270 710937.0243453411 5014601.38141263
732 4270 714598.7062579559 5014601.481137789
854 4270 717037.8878292007 5014601.565851134
1037 4270 720697.7661927193 5014602.094704202
1281 4270 725577.6306464901 5014603.09517557
1342 4270 726799.4898648333 5014601.158407768
1830 4270 736557.2393820048 5014598.076186693
1891 4270 737778.9222395906 5014601.818279374
2196 4270 743877.8921007417 5014600.912644348
2379 4270 747538.3815745559 5014600.9505780265
427 4331 708497.160604282 5013383.3398084715
488 4331 709717.141952122 5013383.203992672
732 4331 714596.663003938 5013381.259734451
915 4331 718257.679998418 5013382.666092871
976 4331 719477.6901863173 5013382.164140134
1281 4331 725578.4964896783 5013381.567300427
1403 4331 728017.9078088487 5013381.894435288
1525 4331 730458.8251305098 5013378.196673128
1769 4331 735339.0969655598 5013381.943735714
1891 4331 737779.1552699796 5013381.527356159
2013 4331 740217.6432829092 5013378.671931777
2074 4331 741438.4782223321 5013381.538156472
2562 4331 751197.0755900536 5013378.074055526
122 4392 702397.0781637419 5012159.145986605
183 4392 703616.6849594866 5012163.0356112635
244 4392 704836.2043969426 5012162.208573746
427 4392 708497.9337380141 5012160.162230855
854 4392 717038.2150927956 5012161.477791712
976 4392 719477.4766861758 5012161.041595192
1037 4392 720699.4004116917 5012161.025047104
1098 4392 721917.1335176273 5012162.31258273
1464 4392 729237.7242012154 5012162.173574929
1891 4392 737778.5240247968 5012158.940894709
488 4453 709718.827220632 5010941.620513571
549 4453 710937.9665248271 5010940.921078848
610 4453 712157.4883333987 5010941.7854559375
732 4453 714598.0259445378 5010938.939005395
1403 4453 728019.2190339948 5010938.9729349185
1586 4453 731677.922320911 5010941.603040428
1891 4453 737777.3417360996 5010937.18589786
1952 4453 738998.2847586712 5010939.903677226
2379 4453 747537.3967269179 5010941.662768602
2867 4453 757297.6200071746 5010941.79045216
2928 4453 758518.7433443315 5010938.132259469
427 4514 708497.0131101613 5009721.385471284
915 4514 718256.9213276849 5009721.801004855
1037 4514 720698.488798352 5009718.322936793
1098 4514 721917.4487616715 5009719.008605755
1159 4514 723137.2141010344 5009721.394919116
1342 4514 726797.7096525765 5009721.941338346
1403 4514 728017.8033112009 5009721.277812289
1464 4514 729237.5833144224 5009719.161760372
1586 4514 731677.5041758284 5009721.130222412
1830 4514 736557.7329660452 5009720.636202793
1952 4514 738997.8671226861 5009721.210032797
2257 4514 745097.7300833261 5009721.4083351735
2318 4514 746318.4252485508 5009717.965117045
2379 4514 747539.0330737171 5009719.181220808
2928 4514 758518.0127616602 5009720.798373337
488 4575 709717.6598004507 5008501.801107105
549 4575 710936.8513918596 5008502.158595006
1037 4575 720696.9771395724 5008501.992856527
1769 4575 735337.442134459 5008498.895418043
1891 4575 737778.742534517 5008500.698874332
2013 4575 740218.1611243314 5008499.52064908
610 4636 712158.2143463234 5007281.585813665
1037 4636 720697.2087745037 5007280.629995696
1159 4636 723137.1498485048 5007281.525511899
1525 4636 730458.4627321674 5007281.967421615
1647 4636 732898.9937706309 5007279.141953958
2196 4636 743877.2192781961 5007276.642697628
2440 4636 748758.4799460542 5007281.620622873
366 4697 707276.2100486538 5006061.477730281
671 4697 713377.3033627378 5006061.279981902
915 4697 718257.9644716311 5006061.880366385
1220 4697 724358.9308003983 5006058.172559422
2623 4697 752417.9954831905 5006058.440294067
427 4758 708497.3101569746 5004840.492478638
671 4758 713377.7423392497 5004841.526210306
732 4758 714597.487591199 5004842.467385475
1464 4758 729237.4103772487 5004840.666678072
1586 4758 731678.4885526719 5004840.377323486
1891 4758 737776.9237146222 5004837.7275344925
2501 4758 749978.2689320358 5004838.709794533
915 4819 718256.7825884052 5003617.274648147
1281 4819 725578.0050225442 5003621.4178203745
1769 4819 735338.9624611402 5003621.194749382
1952 4819 738996.5413367727 5003621.623754468
793 4880 715816.2706212772 5002398.358849634
2440 4880 748758.4380313426 5002400.574337125
3050 4880 760958.232735651 5002403.202055008
183 4941 703617.1706830937 5001181.9607907375
488 4941 709717.8104862752 5001181.35962887
610 4941 712156.8539980745 5001181.479863334
1037 4941 720696.0393953949 5001181.519310533
2745 4941 754856.9768936085 5001181.3421382755
793 5002 715816.2499657336 4999963.5147147775
854 5002 717037.7443865204 4999961.538966698
1403 5002 728018.3244936976 4999962.298293659
2013 5002 740217.2102136648 4999961.441855346
2257 5002 745096.7596794151 4999960.427870988
2318 5002 746317.5663512934 4999962.790808686
2501 5002 749976.6816580931 4999961.17364794
2806 5002 756076.8346161302 4999962.341847127
366 5063 707278.4347858321 4998739.336642441
549 5063 710936.7511873808 4998736.893615612
1037 5063 720699.0758660012 4998741.9198697265
1159 5063 723137.5880175774 4998742.721186105
1220 5063 724356.9012255649 4998741.814435447
1281 5063 725577.6761648993 4998742.684506379
1464 5063 729237.6807100192 4998741.655864761
1769 5063 735336.211766454 4998737.733374474
1891 5063 737777.1372106121 4998741.426787149
2379 5063 747537.9618299914 4998742.238785722
2440 5063 748757.7325140791 4998742.917499482
1403 5124 728017.3008489045 4997523.213330265
1464 5124 729237.1871030122 4997516.893273105
1525 5124 730457.2380970699 4997520.674557395
1769 5124 735336.9728673116 4997518.820643605
2745 5124 754857.6215252372 4997522.614862135
244 5185 704836.9412156839 4996302.38717663
366 5185 707277.6792989459 4996301.12238536
976 5185 719476.883267747 4996301.92253527
1037 5185 720697.4384656136 4996302.280756277
1464 5185 729238.4951685534 4996301.986841919
2806 5185 756078.9930186658 4996303.098779488
3172 5185 763398.3023234988 4996303.29051394
305 5246 706057.8773763388 4995081.366172381
1403 5246 728017.0581892732 4995081.5311432
2318 5246 746317.7034487642 4995079.209322636
2501 5246 749977.780075483 4995079.046289076
2623 5246 752417.4930481651 4995082.198198681
122 5307 702396.62533457 4993862.695815405
183 5307 703617.6319348745 4993862.470644603
1037 5307 720696.9671876027 4993860.759276916
1525 5307 730457.5408210604 4993861.9866187135
1647 5307 732895.0080397752 4993862.683387911
1769 5307 735337.5896014497 4993860.624476149
2440 5307 748758.3970298824 4993858.852941522
2501 5307 749978.3901748856 4993861.270448884
2623 5307 752418.705684695 4993861.623368169
2745 5307 754856.1002734326 4993858.6167993685
2806 5307 756077.721900404 4993861.070601368
2867 5307 757297.0723387105 4993861.335793528
2928 5307 758518.1744981647 4993861.046084398
61 5368 701177.152939858 4992641.635852353
122 5368 702396.4833070479 4992639.495446306
1403 5368 728018.3165262968 4992642.439694058
2379 5368 747537.4490546328 4992639.135046306
2562 5368 751198.2755211887 4992640.85461778
2684 5368 753637.989107121 4992640.969768101
2745 5368 754859.5560295105 4992639.394412235
2928 5368 758516.1423667095 4992642.641102073
3172 5368 763399.0099765729 4992638.68648516
61 5429 701177.8825645744 4991420.818339648
1403 5429 728018.6473350729 4991420.284006087
2318 5429 746317.8569511896 4991418.52245218
2440 5429 748759.0061355745 4991418.3922956465
2623 5429 752416.8050393846 4991422.528094653
2684 5429 753638.5137814066 4991421.930946395
2745 5429 754857.9404715486 4991421.895595095
2989 5429 759738.256211248 4991421.609473785
3050 5429 760957.2817494404 4991420.734992881
2318 5490 746318.1519815349 4990201.4100608155
