1403 0 328057.7903612729 5099998.706647917
1525 0 330498.11639130727 5100001.9810400065
3111 0 362216.64556958893 5100001.696454717
3477 0 369536.3979359009 5099998.675528112
305 61 306098.32679038565 5098782.420603084
549 61 310978.5506230328 5098782.0532494215
793 61 315857.21192542795 5098782.167234052
1159 61 323177.5025600789 5098781.886341561
1220 61 324397.46136018826 5098781.869712828
1281 61 325617.1668918869 5098782.0620753635
1342 61 326837.1503202162 5098781.485245472
1403 61 328057.20873962226 5098781.258648931
1464 61 329276.8475537419 5098781.904508933
1586 61 331716.7172007752 5098781.73225592
1647 61 332937.91311602603 5098782.242761594
1708 61 334158.0353650972 5098781.939532291
1891 61 337816.6563204754 5098781.811452375
2074 61 341477.71988180827 5098781.022348445
2135 61 342696.50314743695 5098781.166002262
2196 61 343917.62154713203 5098781.701409218
2623 61 352457.78570712154 5098781.091288254
2684 61 353676.74839361385 5098782.279942588
2745 61 354896.4777999453 5098778.5625000885
2806 61 356116.58797268994 5098780.909270856
2867 61 357336.6288740739 5098781.734799408
2989 61 359776.9033031043 5098781.635518331
3416 61 368316.65814401954 5098781.797456972
3477 61 369536.4537329743 5098781.543179142
3904 61 378076.9759811355 5098781.888680278
4087 61 381737.16480600036 5098782.153499
4148 61 382956.6127768691 5098781.711400942
4209 61 384177.4690781841 5098778.68479742
305 122 306098.9322248378 5097561.933124924
366 122 307318.1040723591 5097562.0246994505
427 122 308538.6349386906 5097561.516631814
671 122 313418.1175260221 5097562.055892205
793 122 315857.13099710137 5097562.590821516
976 122 319517.31119077234 5097561.046394947
1159 122 323177.08360209 5097562.010040244
1220 122 324397.8521611218 5097561.736762476
1342 122 326836.9867259488 5097561.148275295
1403 122 328057.23884807364 5097561.2833578
1769 122 335377.28879375086 5097562.413726143
1891 122 337817.1524055707 5097562.374032269
2074 122 341477.8137762781 5097562.459703012
2257 122 345136.4850769544 5097562.008224423
2318 122 346356.88842476066 5097561.610057761
2379 122 347578.50459091354 5097561.280523154
2684 122 353677.0051429746 5097562.310187513
2745 122 354896.5218549099 5097561.835735715
3050 122 360996.85175648815 5097562.589858989
3111 122 362218.2204295754 5097561.765520125
3172 122 363436.9991471135 5097562.144692617
3477 122 369537.0422352844 5097561.361830144
3538 122 370757.1183698822 5097561.92986748
3599 122 371976.5976480349 5097562.097748072
3660 122 373197.4109154178 5097561.594503442
3782 122 375637.35028729384 5097562.399292465
3843 122 376857.72843488 5097561.216182891
3904 122 378077.3875904438 5097561.5161983445
3965 122 379296.8792175868 5097561.154771362
4026 122 380516.98068622645 5097561.338814238
4148 122 382957.3283901769 5097561.852763832
244 183 304877.4014681764 5096342.430978505
366 183 307317.9323529829 5096341.666671489
427 183 308538.2305009465 5096341.909621946
488 183 309757.6424941543 5096341.815506315
549 183 310978.18954101385 5096342.229742161
671 183 313417.8354006006 5096341.598801358
915 183 318297.01386752666 5096344.042627857
1037 183 320737.2214560376 5096341.966536604
1098 183 321957.32466014975 5096342.255983669
1220 183 324396.6450490901 5096341.829899029
1281 183 325617.5063660451 5096341.88693896
1342 183 326836.39548723976 5096340.95970922
1403 183 328057.588501188 5096340.866293175
1525 183 330497.87387608696 5096343.337199237
1769 183 335377.1752963583 5096342.282590317
1891 183 337815.6579947728 5096343.374282426
2074 183 341477.45769465715 5096342.259148837
2135 183 342697.38272103574 5096341.735370332
2257 183 345136.8208688361 5096342.290484407
2379 183 347577.5542182298 5096341.697139649
2440 183 348797.5696673336 5096342.525840828
2562 183 351237.6937168468 5096342.080428875
2684 183 353677.3238525712 5096341.154422996
2745 183 354897.7092121503 5096341.027685703
2989 183 359776.6509194453 5096338.562556503
3294 183 365877.6770630818 5096342.439437483
3477 183 369536.8510270764 5096338.347968286
3599 183 371978.90176041384 5096341.6862210855
3660 183 373196.73027369176 5096341.762674126
3721 183 374416.9029285067 5096341.928473441
3843 183 376856.7516984296 5096342.108264095
3904 183 378077.6195876836 5096341.706389648
3965 183 379296.91099669173 5096342.240743004
4087 183 381737.4317200637 5096341.451254816
244 244 304877.5494446379 5095122.681465668
305 244 306098.0420196639 5095121.969541554
366 244 307318.19207157154 5095122.208045107
793 244 315857.955774326 5095123.039891104
854 244 317077.247990684 5095123.385713495
915 244 318297.051212305 5095121.257392709
976 244 319518.0109560949 5095121.478046966
1220 244 324397.76651461323 5095121.534040763
1342 244 326836.1154003884 5095121.302644768
1464 244 329278.2121546855 5095122.571304209
1586 244 331717.53912557615 5095121.239673979
1647 244 332936.7080558905 5095118.802935766
1769 244 335377.59987817524 5095122.217545147
1952 244 339036.6099971418 5095121.26930718
2013 244 340257.38816167 5095122.271046294
2135 244 342697.32407140447 5095121.974402402
2257 244 345137.2241502583 5095122.069797896
2379 244 347576.99181806995 5095121.460382313
2440 244 348795.63221596164 5095118.801612198
2562 244 351237.4124789653 5095121.63998633
2684 244 353677.82196380076 5095120.4267607955
3172 244 363438.587532378 5095120.698089667
3233 244 364657.59644814493 5095121.682019845
3477 244 369536.56329706626 5095121.480816523
3660 244 373197.1564735868 5095121.51541429
3721 244 374417.0978430065 5095121.750066201
3904 244 378077.34784863563 5095121.985949224
4087 244 381737.2868384984 5095121.265832767
244 305 304879.1499314371 5093900.807591018
305 305 306098.37704045064 5093902.167548063
366 305 307318.4212622021 5093902.375889811
671 305 313418.1140845019 5093902.186132076
1159 305 323177.142381063 5093900.940845328
1220 305 324396.6259735225 5093902.168631533
1342 305 326836.74966309743 5093901.428240155
1403 305 328057.3595765734 5093902.410395108
1464 305 329278.06389185844 5093901.320557796
1586 305 331717.53360709356 5093902.334423764
1647 305 332936.9094455559 5093902.84994854
1708 305 334158.117536147 5093901.526959195
2074 305 341477.5673391741 5093901.699522284
2196 305 343917.2401352732 5093901.671628129
2257 305 345136.98774644284 5093902.06688943
2379 305 347576.4258490217 5093902.706094977
2501 305 350017.481043118 5093901.84114239
2562 305 351236.9453244328 5093898.906046408
2806 305 356118.57134941884 5093901.432881469
2928 305 358557.7054784244 5093898.102150567
3172 305 363438.258006404 5093902.494225651
3416 305 368318.45011701836 5093901.87255982
3599 305 371977.64426259394 5093902.250024468
3843 305 376857.78222510795 5093902.175781358
4026 305 380517.704279328 5093902.231858989
4087 305 381737.12617445143 5093902.353926702
244 366 304878.122178678 5092682.236666789
488 366 309757.6983290111 5092681.822153404
549 366 310978.1686502892 5092681.606598891
732 366 314636.9654436526 5092681.922409477
793 366 315857.0118699474 5092682.280465662
976 366 319516.29391287564 5092683.314869662
1037 366 320737.0926194376 5092681.479241114
1281 366 325616.7153405286 5092681.45894787
1342 366 326837.3666217084 5092681.442292933
1403 366 328057.07635358494 5092681.950356614
1464 366 329276.82623822923 5092681.233434342
1525 366 330496.922966613 5092681.753229126
1769 366 335376.9294067322 5092682.283385598
2379 366 347577.183622845 5092681.894795056
2501 366 350017.6507005901 5092681.815920195
2745 366 354897.16848491377 5092682.370263528
2867 366 357337.34246436367 5092681.279746831
2928 366 358557.97289306374 5092681.442061698
3355 366 367098.20628013334 5092682.142951493
3538 366 370757.3527018578 5092681.684166833
3660 366 373197.5065878114 5092681.52645902
3721 366 374418.71660722006 5092678.493584696
3843 366 376857.4532671603 5092681.771754105
3965 366 379297.3571271093 5092682.241525614
4148 366 382956.9570203469 5092681.80139498
4697 366 393937.67269586935 5092681.318156789
427 427 308538.45600993367 5091462.144845584
488 427 309758.1728700093 5091462.437058385
549 427 310978.04062888713 5091462.202141398
610 427 312197.78902667906 5091462.118900398
671 427 313417.73272223596 5091461.794405795
854 427 317076.8958056132 5091461.605784166
976 427 319515.992365488 5091463.724190131
1037 427 320737.05825097294 5091461.946850437
1220 427 324397.776292942 5091463.530010273
1952 427 339035.5329326047 5091462.129909175
2013 427 340256.40810228157 5091462.195233041
2074 427 341477.5676651084 5091462.859799358
2135 427 342697.42033549765 5091461.378513828
2257 427 345137.50530575035 5091461.426018736
2379 427 347576.7262910446 5091463.026864416
2562 427 351237.96953458816 5091461.755583734
2623 427 352457.4404007481 5091462.450878216
2806 427 356117.2776852408 5091461.808394948
2928 427 358557.7609270156 5091461.394624804
3233 427 364656.90696890006 5091461.953577489
3294 427 365877.7181609519 5091461.684788626
3416 427 368317.56862897915 5091462.055604602
3477 427 369537.75394226314 5091461.841762483
3538 427 370756.8241083468 5091461.735163788
3660 427 373197.97094653384 5091461.639361959
4148 427 382957.0720459166 5091462.430513441
4270 427 385397.1331854218 5091461.773914236
4514 427 390277.7109332175 5091461.692278505
4575 427 391497.3673555887 5091461.670842469
4636 427 392718.1021139432 5091458.631341913
4697 427 393937.8266510239 5091458.462114964
427 488 308537.7301703508 5090241.781045385
610 488 312197.6875325852 5090242.904445533
732 488 314637.2937686169 5090242.62860294
793 488 315857.6704514605 5090242.457355379
854 488 317078.33985739434 5090242.152334681
1159 488 323176.4160397776 5090243.791438836
1220 488 324397.31543768826 5090242.228156803
1403 488 328057.36864056176 5090241.972199224
1525 488 330497.8824318484 5090242.605555077
1708 488 334156.76038116554 5090241.6809187075
1952 488 339037.4794893221 5090242.782103502
2379 488 347575.8431194035 5090241.753487254
2440 488 348797.35093623097 5090240.566345353
2806 488 356117.6931072957 5090241.017140607
3294 488 365877.525490121 5090241.780174256
3599 488 371977.89048259537 5090238.447333293
3660 488 373198.0996613892 5090241.575305977
3721 488 374417.79000050336 5090241.016399803
3782 488 375637.4311553867 5090241.596771023
3843 488 376857.2395442866 5090241.741468588
3904 488 378077.0977827437 5090241.951071009
4026 488 380517.58957714774 5090241.506204717
4209 488 384178.0098019923 5090242.173732885
4270 488 385397.6293482503 5090241.094825168
4392 488 387837.06428496476 5090241.653820425
4453 488 389057.73636921414 5090241.357730451
4514 488 390277.28049270593 5090238.522478519
4575 488 391496.08180733246 5090238.972750043
4697 488 393937.93667389813 5090240.995219323
183 549 303659.53912374744 5089021.00662441
305 549 306098.16606877727 5089021.902393025
488 549 309758.7600946509 5089022.194453243
549 549 310978.357112914 5089022.1559074195
610 549 312197.9468671059 5089021.684234363
793 549 315858.883624121 5089022.027247425
976 549 319517.3045087445 5089022.050657723
1098 549 321958.18517091457 5089022.170833232
1281 549 325616.8619023562 5089021.271499852
1403 549 328056.90636151144 5089022.066549647
1464 549 329277.25881891407 5089018.612328968
1525 549 330497.18813969137 5089022.41536364
1586 549 331717.41317729774 5089022.616437127
1647 549 332937.2390130469 5089023.9858380845
1952 549 339037.3756068376 5089021.970242721
2074 549 341477.0097737325 5089021.118821039
2257 549 345137.651234627 5089018.917573799
2318 549 346357.967540696 5089018.837952162
2379 549 347576.80419854313 5089022.26097737
2562 549 351237.14415063703 5089022.336362223
3233 549 364657.9236227373 5089021.240072634
3416 549 368316.9525678904 5089020.409514963
3721 549 374416.93962283194 5089021.850647271
3782 549 375636.8250745557 5089021.986563932
3843 549 376857.31193553144 5089019.150250283
3904 549 378076.9883479366 5089022.080084194
4331 549 386617.542047575 5089019.228538458
4392 549 387837.2379678569 5089021.700292273
4514 549 390276.6128039515 5089022.505940485
4697 549 393937.3147808324 5089021.0160905
183 610 303658.9055077654 5087801.463614263
305 610 306098.1338669964 5087801.981968683
427 610 308538.4925690491 5087801.194197814
610 610 312197.39258112106 5087802.566734892
732 610 314637.9008546077 5087802.311151607
915 610 318298.11097576225 5087800.7990501765
976 610 319517.6279105523 5087801.654210217
1098 610 321957.404395012 5087801.593885178
1159 610 323177.09714122384 5087802.047622547
1281 610 325617.2359729732 5087801.760569502
1403 610 328056.23432310525 5087802.530623885
1464 610 329276.44638253655 5087802.688181627
1586 610 331717.7327727292 5087802.653188715
1708 610 334157.09188897704 5087802.307812719
1769 610 335377.16224477673 5087801.920058182
1830 610 336596.78389107273 5087802.420236139
2013 610 340256.68181310117 5087801.98779289
2074 610 341477.5321520078 5087801.810529082
2135 610 342697.77232215885 5087798.801928166
2318 610 346357.5988248813 5087801.436857085
2379 610 347577.36582215526 5087801.231270328
2440 610 348797.6393726267 5087802.117558083
2501 610 350016.97393470595 5087802.272430963
2562 610 351237.7857213898 5087800.431267023
2684 610 353677.3293237475 5087801.890221695
2745 610 354897.60679565824 5087802.208836781
3050 610 360997.66321759205 5087802.761866012
3111 610 362217.610294477 5087801.902678006
3172 610 363437.5811153497 5087801.206351885
3538 610 370756.6837512507 5087801.977381046
3599 610 371978.36674398487 5087801.641743598
3721 610 374418.49989716284 5087800.799217831
3782 610 375637.1017458792 5087801.967722084
3904 610 378076.70526571135 5087801.615639871
4026 610 380517.0445821322 5087798.960706847
4087 610 381738.9871743431 5087801.702661773
4209 610 384177.57098803204 5087801.786863079
244 671 304879.5922607235 5086583.080425791
427 671 308538.2826622253 5086581.86995827
488 671 309758.09465313336 5086581.690300794
549 671 310978.63259591174 5086581.992826706
610 671 312198.0934790848 5086581.57087274
915 671 318296.9564815915 5086581.877023949
976 671 319517.35579066694 5086583.031186802
1037 671 320736.52592045785 5086581.777123986
1098 671 321957.1612136962 5086582.440273383
1220 671 324397.02915990003 5086581.365422223
1342 671 326836.9355654485 5086581.766965475
1403 671 328058.38238582434 5086580.629809449
1464 671 329277.46352200804 5086581.6028048275
1586 671 331716.8467232573 5086582.235834935
1830 671 336597.14187053486 5086582.620908703
2074 671 341477.2227656255 5086582.155179169
2257 671 345138.8752140369 5086580.41011083
2379 671 347577.35188548075 5086582.039017427
2440 671 348797.23853002297 5086581.545089514
2501 671 350016.75159552763 5086582.298325882
2623 671 352457.5013302496 5086581.772578961
2684 671 353676.35289010854 5086580.771783026
3172 671 363437.636492169 5086582.062681737
3416 671 368318.5259334447 5086581.482311202
3477 671 369538.8299017546 5086581.815028635
3538 671 370757.2980002421 5086582.280152313
3660 671 373197.7095043192 5086581.060892912
3721 671 374417.4237613056 5086578.734127112
3965 671 379297.4085234705 5086579.622995558
4026 671 380517.04029635503 5086581.22940901
4087 671 381738.3371001832 5086582.146416962
4331 671 386617.8051937575 5086582.648645191
4453 671 389057.5102075606 5086581.521723028
4514 671 390277.7252473936 5086581.669525362
4575 671 391498.60254059476 5086581.78095721
122 732 302437.5623904495 5085361.789829685
183 732 303657.9286206676 5085361.333029605
793 732 315857.1084568244 5085362.110265332
915 732 318297.334526156 5085362.2492221445
1098 732 321957.2270166733 5085362.23362636
1159 732 323176.82733991265 5085361.826281777
1220 732 324397.11346655805 5085361.951968391
1281 732 325617.0751239982 5085361.57449215
1342 732 326836.9926784039 5085361.583483116
1525 732 330497.15022482275 5085362.325500368
2318 732 346356.629021467 5085361.96645663
2379 732 347576.70679363573 5085361.823912225
2440 732 348796.51319611876 5085362.052883379
2501 732 350017.7056502009 5085362.302874775
2562 732 351236.7048485238 5085362.535055369
2684 732 353677.97082854 5085361.964456243
2745 732 354898.07491205126 5085361.870120032
2867 732 357336.1552502341 5085359.275022844
2928 732 358557.86937912635 5085361.601284759
3050 732 360998.3394156113 5085361.445485492
3172 732 363438.5766541368 5085362.217725602
3233 732 364657.49004488456 5085361.880317881
3294 732 365877.0769470929 5085361.103325005
3416 732 368317.6985953879 5085361.838676428
3477 732 369537.2136873881 5085362.222434353
3599 732 371977.77208691067 5085362.108422104
3721 732 374417.7315565813 5085362.293564191
3843 732 376857.67092121695 5085361.672010994
3965 732 379297.21186975454 5085361.586046672
4270 732 385397.65355550713 5085362.426010124
4392 732 387838.2658690402 5085361.998118563
122 793 302438.9600056971 5084141.4849367
183 793 303658.1053708157 5084142.0848692
671 793 313417.7037994306 5084142.24316689
854 793 317077.32423576555 5084142.4635796985
915 793 318297.4452481068 5084141.844992504
976 793 319517.5618892141 5084141.6588121755
1159 793 323177.19070952403 5084142.0804589065
1220 793 324397.76038251515 5084141.787854445
1281 793 325617.0156372993 5084141.386479295
1464 793 329276.887167981 5084141.530665439
1525 793 330497.7913633834 5084141.589719388
1586 793 331716.25788109086 5084142.417990987
1647 793 332937.05402659543 5084141.728974836
1708 793 334157.5634103704 5084138.485721298
1769 793 335377.3613666767 5084142.1448345855
1830 793 336596.8301203691 5084143.514549236
2257 793 345137.1754489257 5084141.665588531
2379 793 347576.9569734695 5084141.787438484
2501 793 350017.7414660592 5084141.751300637
2623 793 352456.86499473336 5084141.540459256
2684 793 353677.1038343991 5084138.080262214
2989 793 359777.10966615845 5084139.230748709
3111 793 362217.5114463774 5084142.169688717
3233 793 364657.90995731787 5084142.461640431
3416 793 368317.7077036383 5084141.872464301
3477 793 369536.8895647921 5084142.158732813
3538 793 370757.4810503902 5084142.246671935
3782 793 375638.0726802774 5084142.005844176
3843 793 376857.8609350689 5084140.790918706
3904 793 378077.30517158157 5084141.768857454
4148 793 382957.9339180153 5084142.60122766
4575 793 391497.5950150583 5084141.5327775525
305 854 306098.0345732312 5082921.5354890255
366 854 307319.01272084715 5082922.165548344
488 854 309758.1128165772 5082922.089740718
610 854 312197.7969629042 5082920.803594021
732 854 314638.2405482947 5082924.212729751
793 854 315857.4485435335 5082922.37739444
854 854 317077.51524573663 5082921.5491020335
976 854 319517.539510227 5082921.490723432
1037 854 320737.1414143529 5082922.47887066
1098 854 321957.3514841921 5082921.938203237
1220 854 324397.43489587196 5082921.607561063
1342 854 326836.9767896227 5082921.878841187
1464 854 329276.75239510287 5082922.7370773265
1525 854 330496.7212235343 5082922.570703588
1647 854 332937.2532404896 5082921.949951746
1708 854 334157.388716399 5082921.77821418
1830 854 336597.2147399224 5082921.954316268
1891 854 337817.5280030648 5082921.515042668
1952 854 339037.24034572777 5082922.0512798885
2135 854 342698.0803796035 5082921.029708774
2196 854 343917.35613793 5082922.250084591
2257 854 345136.6490822938 5082922.607890174
2318 854 346357.5052761967 5082922.604991834
2379 854 347577.6067794717 5082920.651920915
2440 854 348797.67429636384 5082921.933448225
2562 854 351236.9198406141 5082922.725884237
2623 854 352456.68051714305 5082919.423355863
2745 854 354898.57457237097 5082921.443252415
2806 854 356118.2484875906 5082920.695064477
2867 854 357336.86675754096 5082921.0257986905
3111 854 362217.94799204165 5082918.362474674
3294 854 365877.6443281989 5082920.588367608
3416 854 368317.47934528004 5082921.843395028
3538 854 370756.9302224931 5082921.960231966
3782 854 375637.8416284071 5082921.134576972
3843 854 376857.82091590256 5082919.150690318
3904 854 378077.35566391575 5082921.696906291
4148 854 382957.87817006226 5082922.150091122
4331 854 386616.53297091386 5082921.488696556
4453 854 389057.16914111585 5082921.202531496
61 915 301217.8197608157 5081702.08293706
122 915 302437.8746272967 5081701.547183316
488 915 309757.40076633595 5081702.631874261
732 915 314637.5653580733 5081701.059561431
854 915 317077.16964458406 5081703.5709922
976 915 319517.6159680255 5081702.280135486
1037 915 320736.8348443054 5081701.2974380115
1098 915 321955.9166032926 5081701.553504805
1159 915 323176.6031328813 5081700.465606427
1281 915 325617.2733595353 5081702.450353705
1464 915 329277.23195426574 5081701.9616575055
1525 915 330496.41283045954 5081701.621411519
1586 915 331716.9513838505 5081702.396862951
1647 915 332937.3711416304 5081701.432708674
1830 915 336597.0682673916 5081701.3470011335
1891 915 337816.88245562976 5081702.837041492
2013 915 340257.35979238787 5081701.590623666
2074 915 341477.7637429888 5081702.803674323
2196 915 343916.5491726696 5081702.208861493
2318 915 346358.55272144865 5081698.613080246
2379 915 347576.4132787498 5081702.186709597
2440 915 348797.0406363068 5081702.152324313
2684 915 353677.41575135925 5081700.834348248
2745 915 354897.7083523456 5081701.306341363
2806 915 356116.229167961 5081702.024210983
2867 915 357337.2231658324 5081701.972288438
3050 915 360998.1532404559 5081700.786448556
3111 915 362217.516932753 5081700.822944358
3172 915 363437.3004951523 5081701.568692587
3233 915 364657.2118480908 5081702.566978311
3477 915 369536.4448709986 5081698.661226139
3538 915 370757.520726013 5081701.784429033
3660 915 373197.40746770386 5081702.065855232
3721 915 374417.53040243586 5081701.688306463
3843 915 376857.29953617416 5081698.242694911
3904 915 378078.1929288038 5081701.371093313
4453 915 389057.459342693 5081701.194862355
4514 915 390276.7905900996 5081701.870487826
61 976 301218.26204684126 5080481.539822666
122 976 302439.0690339113 5080481.55289796
305 976 306097.61295030016 5080481.803691909
366 976 307317.2776302947 5080482.12432475
427 976 308537.9251160891 5080482.079047857
610 976 312197.9952210802 5080482.447550179
671 976 313417.8511724956 5080481.700897881
732 976 314637.9910564013 5080481.861497007
854 976 317077.77251383074 5080482.548675178
976 976 319517.04750901856 5080482.809458517
1037 976 320737.3178327599 5080481.520122868
1098 976 321956.9510634139 5080481.908715388
1159 976 323178.17362713686 5080482.78500061
1403 976 328057.9041072147 5080482.349382026
1586 976 331717.2811093155 5080482.931640383
1647 976 332937.2085589847 5080481.955975088
1708 976 334157.85689440084 5080482.765045474
1830 976 336596.7031106741 5080481.94912239
1891 976 337816.1174324664 5080481.997261417
2074 976 341477.65464590886 5080482.154181686
2257 976 345137.9454397738 5080482.036370013
2318 976 346357.22593264526 5080481.027589308
2562 976 351238.4113269253 5080482.211457831
2806 976 356118.10837758693 5080479.490488786
2989 976 359778.16529093427 5080482.047284598
3111 976 362217.05677722837 5080482.283771754
3172 976 363438.05168144975 5080481.097632742
3294 976 365877.0636462679 5080482.328352212
3355 976 367097.5160292897 5080481.880446676
3416 976 368316.6691605494 5080482.463312215
3477 976 369536.9936653297 5080478.840985663
3538 976 370757.5534502895 5080481.904445239
3599 976 371978.5094418374 5080482.504939563
3782 976 375637.1857667052 5080481.708826164
3843 976 376858.1238983368 5080478.423726871
4148 976 382956.89110080595 5080482.256637145
4209 976 384177.2527202923 5080481.963764201
4270 976 385397.0741959398 5080482.026190916
4392 976 387837.45306077675 5080478.9608464455
4453 976 389057.62921926065 5080481.218437098
122 1037 302438.39168519084 5079261.928409516
427 1037 308536.90512336884 5079261.837220485
732 1037 314636.04300036124 5079263.728880103
793 1037 315857.0784383268 5079261.436077239
854 1037 317077.0872331423 5079262.22955757
915 1037 318297.0130334065 5079262.399573471
976 1037 319517.63997204823 5079262.205882581
1159 1037 323177.39587371825 5079261.673411351
1220 1037 324396.0923200045 5079262.656097384
1281 1037 325617.37349159626 5079262.329011444
1342 1037 326837.03506330785 5079261.424283174
1403 1037 328057.44187515933 5079261.492738052
1525 1037 330496.8272601747 5079262.47570645
1647 1037 332937.5531367847 5079259.463441987
1769 1037 335377.1991950394 5079261.971178862
1830 1037 336597.4249701859 5079262.542792312
1891 1037 337817.1506580902 5079261.590576605
1952 1037 339036.7250045044 5079262.275277979
2013 1037 340255.61601356755 5079263.536465261
2135 1037 342698.0628493419 5079261.180895117
2196 1037 343917.1538166495 5079262.565703881
2318 1037 346356.6355023689 5079261.428904088
2440 1037 348796.96907364693 5079261.05165792
2562 1037 351237.929003837 5079261.370786445
2989 1037 359777.87423473055 5079261.106029916
3050 1037 360997.2303862447 5079261.866194878
3111 1037 362217.0306539796 5079262.424836579
3172 1037 363436.70827867417 5079262.855081743
3294 1037 365878.8992500907 5079260.762360824
3416 1037 368316.9097019429 5079262.021044693
3477 1037 369537.5546276056 5079262.202231535
3538 1037 370757.90060493245 5079258.284046721
3660 1037 373197.2250948762 5079260.949614338
3843 1037 376857.4974820418 5079261.791735287
3965 1037 379297.1257760421 5079262.392186359
4087 1037 381738.04732435866 5079261.426688358
4148 1037 382957.27132353967 5079262.141952681
4331 1037 386617.1936584871 5079261.356651145
61 1098 301219.34733654297 5078041.317378562
305 1098 306098.3367823083 5078042.740195022
366 1098 307318.2831131624 5078042.501979131
610 1098 312195.9190942739 5078042.956177798
732 1098 314637.38621144195 5078041.530792278
793 1098 315857.43146179715 5078041.863889292
976 1098 319517.3242786049 5078041.570715285
1098 1098 321956.80110692 5078041.822602924
1220 1098 324396.94889517 5078040.980220324
1281 1098 325617.5603863479 5078042.660287773
1342 1098 326837.808537646 5078038.995804174
1464 1098 329277.4189596328 5078042.908420375
1586 1098 331717.2811758979 5078042.562474602
1647 1098 332937.6019476225 5078041.664428189
1769 1098 335377.6013392062 5078042.55577462
2013 1098 340256.1305032184 5078039.246162293
2074 1098 341477.4942327354 5078041.686165158
2196 1098 343916.9038081345 5078041.9268984785
2379 1098 347578.23250433704 5078041.192614834
2989 1098 359777.84163174976 5078038.930394794
3111 1098 362217.7910804222 5078041.717128018
3416 1098 368317.2839550504 5078042.137536785
3477 1098 369537.7820544343 5078038.038490748
3538 1098 370757.5639140909 5078041.612657937
3599 1098 371976.7511299482 5078042.641606597
3660 1098 373197.4470690819 5078042.3132431535
3843 1098 376858.13128809293 5078038.230894558
4270 1098 385397.43016797915 5078041.521269012
4392 1098 387837.29760212067 5078041.823889566
4453 1098 389057.8538929313 5078041.921194328
61 1159 301217.9920286928 5076822.935594678
183 1159 303658.01706178224 5076822.15048033
305 1159 306098.0770793408 5076821.832294539
366 1159 307317.465618453 5076822.792290668
732 1159 314638.02990071796 5076820.880788975
793 1159 315857.0179406089 5076822.066491514
854 1159 317077.45164867333 5076822.26305128
915 1159 318297.30043556495 5076821.786254572
1037 1159 320737.16320697195 5076821.279888696
1098 1159 321956.2026353054 5076821.945946021
1159 1159 323176.9055788888 5076821.123818482
1220 1159 324397.0951940009 5076821.849658651
1403 1159 328057.1847472789 5076822.710009557
1586 1159 331717.3868742607 5076821.981375983
1647 1159 332936.9471609924 5076820.480400167
1708 1159 334157.48985716543 5076821.711331776
1769 1159 335377.2310750952 5076821.61928874
1891 1159 337817.5338148972 5076822.542579957
2074 1159 341477.25361608056 5076821.532340448
2379 1159 347576.47422026296 5076821.855731881
2501 1159 350016.9304285778 5076822.898223433
3111 1159 362216.1616012468 5076823.756360756
3233 1159 364657.64787342737 5076821.825628431
3599 1159 371977.32921683916 5076819.180277098
3782 1159 375637.02980438434 5076819.567591583
4270 1159 385397.3736871691 5076821.460361498
4331 1159 386617.1191065655 5076821.780017107
122 1220 302438.62548289273 5075602.619953585
183 1220 303658.5028081382 5075602.289429209
366 1220 307318.411331903 5075601.934895539
488 1220 309758.148345477 5075601.942284774
610 1220 312197.7882599551 5075602.676955703
854 1220 317077.30727385863 5075601.925004376
915 1220 318296.53439781646 5075600.476376686
976 1220 319517.9464681518 5075602.898064846
1037 1220 320737.6780117479 5075602.112659713
1220 1220 324396.96438392357 5075602.356123662
1342 1220 326837.3699970363 5075602.590627488
1403 1220 328057.34689671604 5075602.113871591
1464 1220 329278.1429872605 5075602.265842796
1525 1220 330497.04049605265 5075602.271672369
1586 1220 331718.121732866 5075601.379578525
1647 1220 332937.93447812664 5075601.927525261
1708 1220 334157.5295658408 5075602.265784538
1769 1220 335377.227260565 5075601.971259555
1830 1220 336597.3006297559 5075601.877917818
1891 1220 337818.06111657043 5075601.016990861
1952 1220 339036.75977812655 5075601.770475188
2074 1220 341476.8253408834 5075600.769029491
2257 1220 345137.5021554603 5075601.63300744
2440 1220 348797.67966178025 5075600.961314959
2745 1220 354897.3973991442 5075603.119643471
2806 1220 356118.31280557683 5075600.808289361
2867 1220 357338.24896096525 5075601.978165176
2928 1220 358557.0276075588 5075602.536951983
3050 1220 360997.5390766526 5075602.349560955
3111 1220 362217.74575544463 5075602.333407506
3233 1220 364657.73980441404 5075602.38330652
3477 1220 369537.04738527717 5075601.042919766
3660 1220 373197.38338112895 5075602.349837154
3721 1220 374417.45281274134 5075601.825969367
3782 1220 375637.6154274762 5075600.960893283
4026 1220 380518.0607740499 5075600.928883235
4087 1220 381737.09645891376 5075603.464930189
4148 1220 382957.23162283644 5075602.482440975
4331 1220 386617.1115132069 5075601.3178595975
4392 1220 387837.03320318775 5075601.064956966
4453 1220 389057.1087118394 5075601.609261617
4514 1220 390277.1416596576 5075598.631105858
183 1281 303659.3100279168 5074382.630597933
244 1281 304878.7409199716 5074382.059259012
305 1281 306096.54750593705 5074383.771901697
488 1281 309757.7181751709 5074381.669273881
549 1281 310977.703074689 5074381.652061864
1037 1281 320737.8385870646 5074381.920979443
1098 1281 321956.8703692647 5074381.930211477
1220 1281 324398.08632606384 5074382.178519056
1342 1281 326836.83974350593 5074383.014247039
1525 1281 330496.6733815767 5074381.426888376
1586 1281 331717.18323901005 5074382.348244568
1647 1281 332937.21019099606 5074381.649358386
1830 1281 336597.3350067343 5074381.541485337
2074 1281 341477.87875420344 5074382.466879532
2196 1281 343917.0626507726 5074381.76198022
2257 1281 345136.9671565164 5074382.436622318
2867 1281 357337.7214146094 5074382.21716375
2989 1281 359777.8633158215 5074381.224064636
3172 1281 363437.4856489057 5074380.135959593
3233 1281 364657.2527236003 5074381.946952148
3721 1281 374418.6420738607 5074379.7356419
3782 1281 375637.2491476998 5074381.649947535
4331 1281 386617.92953237554 5074381.739163952
4453 1281 389057.305720141 5074381.6109259995
4514 1281 390276.88985109335 5074381.8117542155
61 1342 301217.9308422052 5073162.521025434
122 1342 302438.3015044278 5073161.849901557
366 1342 307316.90145725355 5073162.572557367
427 1342 308536.85906321637 5073162.477233486
488 1342 309757.79363813304 5073162.210218393
610 1342 312197.682418687 5073161.466987244
976 1342 319516.565869366 5073161.873204646
1159 1342 323177.3255178448 5073162.5534470035
1220 1342 324397.1916972417 5073161.745069923
1281 1342 325617.93850556156 5073162.811325121
1403 1342 328057.2645861601 5073161.87761339
1464 1342 329278.0752119667 5073161.817512702
1586 1342 331716.5112070763 5073162.50352014
1647 1342 332937.3487531646 5073161.990754717
1830 1342 336596.9384586153 5073161.337550961
1891 1342 337817.04927990265 5073162.471042746
2013 1342 340257.48481302406 5073162.346844027
2074 1342 341476.458947003 5073163.015431061
3172 1342 363437.98063469963 5073161.8378220275
3538 1342 370758.2180992021 5073161.487924782
3660 1342 373197.59256446204 5073162.214889977
3721 1342 374418.3232209031 5073161.369730986
3782 1342 375637.3346171858 5073162.571353544
3843 1342 376857.41213511856 5073162.672098999
3965 1342 379297.4169966459 5073162.163115952
4087 1342 381737.6200608937 5073161.3471008185
4209 1342 384176.7498038381 5073161.76247799
4270 1342 385396.9244944346 5073163.497914664
0 1403 299998.7309424117 5071940.948464973
122 1403 302438.10563359235 5071941.824626729
183 1403 303658.35822206794 5071941.677817273
427 1403 308538.23359144566 5071941.746060303
610 1403 312197.7132133578 5071941.824378832
793 1403 315858.0292981088 5071941.872197672
854 1403 317076.8602457387 5071941.912128448
1037 1403 320737.6892661359 5071942.472515231
1098 1403 321957.41817013477 5071942.305931366
1403 1403 328056.263683332 5071943.074076712
1464 1403 329276.7453646329 5071943.240049874
1647 1403 332936.6455944556 5071942.3862850275
1708 1403 334157.0592807331 5071942.122758249
1769 1403 335377.23567237816 5071941.5154570695
1830 1403 336597.39946297696 5071941.188694581
2013 1403 340257.8213818082 5071938.799234664
2440 1403 348797.9548757791 5071941.9697930515
2623 1403 352458.0044044068 5071942.023193717
2745 1403 354897.64214690606 5071938.837743262
2928 1403 358557.20716997655 5071941.526856564
3477 1403 369537.24122530373 5071941.067033405
3599 1403 371976.8412998863 5071942.803804334
3721 1403 374417.50975402544 5071941.830342745
3843 1403 376857.3477676425 5071942.054956994
4026 1403 380517.31671850075 5071941.311024477
4575 1403 391497.6797893519 5071941.119028009
4636 1403 392717.05011347285 5071941.978832888
4697 1403 393937.7792676606 5071938.85264106
4758 1403 395156.93249161215 5071941.551776955
4819 1403 396377.15690145956 5071941.843475934
61 1464 301218.27097040915 5070722.323408027
122 1464 302437.9387185518 5070722.026851259
183 1464 303658.30996798316 5070722.131687557
366 1464 307317.80195333034 5070721.965251458
427 1464 308537.89772275893 5070721.962439962
488 1464 309757.4484039862 5070722.093671904
732 1464 314638.11182218284 5070723.998799935
915 1464 318296.5287412879 5070721.416108617
976 1464 319516.93882070057 5070722.1391337095
1037 1464 320737.130513493 5070721.246845243
1159 1464 323177.37677413673 5070719.45463652
1220 1464 324395.6380421488 5070722.606493117
1281 1464 325617.76669454377 5070722.7006497625
1342 1464 326837.8030366144 5070722.218108048
1403 1464 328057.70106075273 5070722.325287662
1769 1464 335377.384394156 5070718.933685663
1891 1464 337817.63489025075 5070721.509211499
2257 1464 345137.51881268073 5070721.700025459
2684 1464 353677.6814419159 5070721.642151056
3233 1464 364657.53339295334 5070722.071377439
3416 1464 368317.5412142763 5070722.536013765
3477 1464 369537.91991350724 5070722.030903286
3538 1464 370757.58027802344 5070721.989091072
3721 1464 374417.3532738083 5070722.072126191
3782 1464 375638.03403771104 5070721.470905142
4026 1464 380517.2249663558 5070719.321090728
4575 1464 391497.67426984577 5070721.291557291
4636 1464 392717.0629514691 5070721.4768750835
4697 1464 393937.699745495 5070720.501482725
4880 1464 397597.477859797 5070718.661324684
122 1525 302438.75613734365 5069501.299280291
305 1525 306097.8095296123 5069502.039922846
366 1525 307318.3526770629 5069501.436868951
427 1525 308538.66373673733 5069502.5356006315
488 1525 309757.5858782826 5069501.749477029
915 1525 318296.27482966543 5069501.927443481
1037 1525 320736.07563615544 5069502.151312351
1098 1525 321956.6328027438 5069501.529832275
1281 1525 325617.67452728946 5069503.164105488
1342 1525 326836.73047787737 5069503.401553165
1403 1525 328056.6604511388 5069502.454104144
1464 1525 329277.5714113641 5069501.785883025
1525 1525 330497.0803513871 5069502.296866484
1830 1525 336596.4059909124 5069504.316070058
2013 1525 340257.277892633 5069498.801738166
2196 1525 343917.5023235133 5069502.242769127
3294 1525 365877.4006161733 5069501.457997459
3416 1525 368317.4352589094 5069501.542449508
3477 1525 369536.5991437398 5069502.215744606
3721 1525 374417.2570586503 5069501.04541055
3904 1525 378077.4625006545 5069501.880833242
3965 1525 379298.5427408396 5069501.061877844
4758 1525 395157.3342473069 5069501.189900206
4819 1525 396378.05655971216 5069498.950680079
4880 1525 397597.9941622925 5069498.067082787
4941 1525 398817.45927177666 5069498.169403102
61 1586 301218.6498307914 5068282.246510866
305 1586 306098.04309115367 5068281.376659077
427 1586 308537.41844538564 5068282.130551663
488 1586 309757.1371854458 5068281.30928685
549 1586 310977.29348367814 5068282.145854875
610 1586 312198.1368143204 5068282.511193326
671 1586 313418.0859485551 5068281.281373971
976 1586 319516.91510953486 5068281.397278705
1098 1586 321956.94677686476 5068282.149047839
1159 1586 323178.3742025412 5068282.270731869
1342 1586 326838.69994870183 5068282.558655843
1464 1586 329277.7001979751 5068282.111462854
1586 1586 331717.2438899945 5068282.62633032
1708 1586 334158.1052350124 5068282.087613043
1769 1586 335377.66122764174 5068281.70011381
2135 1586 342698.03160693694 5068279.197651534
2623 1586 352457.6407584973 5068281.990302886
3294 1586 365878.07561546564 5068282.795553736
3477 1586 369537.8030261941 5068282.012510874
3538 1586 370758.30845398497 5068281.635406271
3660 1586 373197.47054220526 5068280.718082059
3843 1586 376858.27193670627 5068281.936923839
4880 1586 397597.78739132534 5068281.566981838
4941 1586 398817.79017252586 5068278.780280374
61 1647 301219.0745311052 5067061.242793179
122 1647 302438.8364057632 5067062.324040444
244 1647 304878.0371384018 5067063.070030114
305 1647 306097.54109327565 5067062.072742167
366 1647 307317.51578976866 5067062.459823831
427 1647 308537.6991834196 5067062.265910336
488 1647 309757.8125756899 5067061.436981211
793 1647 315856.9144473956 5067062.238211043
915 1647 318297.59920872457 5067062.132453259
1037 1647 320736.9054471296 5067061.417250494
1098 1647 321957.17966139095 5067061.627778617
1159 1647 323175.99109656806 5067063.171875975
1281 1647 325617.262709636 5067062.638988045
1403 1647 328057.916127816 5067061.957393355
1647 1647 332937.6759726298 5067062.106153381
1769 1647 335376.9272973114 5067059.668834476
2074 1647 341476.9997041353 5067061.784274332
2135 1647 342697.4798056187 5067061.774984061
2257 1647 345137.0813746366 5067061.74312286
2440 1647 348796.80943555693 5067061.537957418
2562 1647 351237.0861804863 5067064.244767204
4880 1647 397597.92218653916 5067058.634126611
5002 1647 400038.5010745218 5067058.3467702605
183 1708 303657.6638865123 5065842.191414496
366 1708 307318.5708207664 5065842.0340383155
488 1708 309757.1620854856 5065842.585143417
549 1708 310977.7450365598 5065842.21700138
610 1708 312196.39978861593 5065842.373688366
671 1708 313417.0019564769 5065842.3739378415
793 1708 315857.2680287166 5065842.343519781
915 1708 318297.13356708596 5065841.728454461
1037 1708 320737.7180591587 5065843.710505419
1159 1708 323176.65547242545 5065842.819420871
1342 1708 326836.3660675236 5065841.404615792
1403 1708 328056.8914078346 5065841.709860207
1525 1708 330497.19996489096 5065841.690636799
1952 1708 339036.55571774254 5065843.905388618
2013 1708 340257.0475770425 5065842.31075055
2074 1708 341477.2342025872 5065842.286701011
2135 1708 342698.62090276874 5065841.720256527
2196 1708 343917.74349106563 5065843.435196145
4880 1708 397598.09528639517 5065838.706312582
5063 1708 401257.416685481 5065837.715829288
5124 1708 402477.7781797697 5065838.14775565
5185 1708 403696.2307313962 5065842.166803465
5246 1708 404916.27545172634 5065841.256586509
61 1769 301217.76224789384 5064622.510465387
183 1769 303656.319706471 5064622.452467632
671 1769 313417.2156947112 5064621.775715649
793 1769 315856.84259841463 5064621.32369875
1098 1769 321957.6016727619 5064620.771182364
1220 1769 324397.28138485085 5064621.961992832
1281 1769 325617.4437095472 5064622.132947018
1342 1769 326839.23355823517 5064623.620435511
1769 1769 335376.7433195756 5064621.617209748
1952 1769 339036.5169342072 5064622.36366751
2135 1769 342695.6888221153 5064622.283429078
2196 1769 343917.8674432537 5064621.804222695
2257 1769 345136.8202389433 5064621.487484354
2318 1769 346357.81612593145 5064623.2121321475
4941 1769 398817.4764247158 5064618.959573949
5124 1769 402477.7585454224 5064618.2329509165
5246 1769 404916.9727954611 5064618.805001508
122 1830 302438.2764834052 5063401.913066898
244 1830 304878.7306239949 5063401.288661958
305 1830 306098.1759892736 5063402.2089549275
366 1830 307317.48628222523 5063401.8156806715
427 1830 308538.2915099968 5063402.339985104
549 1830 310977.77100243093 5063402.151263604
610 1830 312197.05357103114 5063401.308189817
671 1830 313418.3424507818 5063402.526862304
793 1830 315857.15413777536 5063401.476161707
854 1830 317078.28983894875 5063402.31285694
915 1830 318297.5766481477 5063401.613671127
1037 1830 320737.9702164627 5063401.87410871
1159 1830 323176.3556264475 5063402.300094197
1281 1830 325616.8710317303 5063400.459131819
1403 1830 328057.58130082395 5063402.4415610805
1586 1830 331717.74543376296 5063401.30397538
1830 1830 336597.53838737524 5063401.826242589
1952 1830 339036.68228365306 5063401.450657253
2013 1830 340257.1563202943 5063402.024052409
2135 1830 342698.35910050955 5063402.552263532
2196 1830 343916.45799870143 5063401.962875897
2257 1830 345136.95633439865 5063401.484077286
2318 1830 346357.11079267174 5063401.832228603
2440 1830 348799.0928380685 5063401.159989578
5002 1830 400037.9698534537 5063399.106725157
5185 1830 403697.1411485888 5063398.330650271
5246 1830 404917.74794135103 5063398.06037677
244 1891 304878.3500910469 5062183.285527925
549 1891 310977.577355988 5062181.598856511
793 1891 315855.65017820254 5062184.274662534
854 1891 317077.09099879576 5062182.275616065
915 1891 318296.88711313414 5062181.837173607
976 1891 319517.4143484894 5062181.720014849
1220 1891 324398.80737465294 5062181.5162684815
1464 1891 329277.33286541456 5062182.093966863
1891 1891 337816.8595776713 5062182.4113848265
122 1952 302437.18169576605 5060961.757587453
305 1952 306098.3861130141 5060961.984807755
610 1952 312197.7015478145 5060962.412499937
732 1952 314637.1549304977 5060962.461959399
854 1952 317077.3928608391 5060962.21974443
915 1952 318297.67811161035 5060961.454513859
976 1952 319516.4012553892 5060961.488508012
1342 1952 326835.88702931895 5060961.49007497
1464 1952 329278.34466381295 5060962.124774195
1586 1952 331716.3870287043 5060962.419891038
1830 1952 336597.6050585918 5060961.294571945
2257 1952 345138.5856568008 5060962.067617174
5185 1952 403696.7850060969 5060958.079974985
183 2013 303658.2858188043 5059743.724591128
244 2013 304878.38486857724 5059742.200255961
427 2013 308537.65756883705 5059741.843912215
488 2013 309758.0517409275 5059741.820474226
549 2013 310976.84637349425 5059742.674530886
793 2013 315858.3057058986 5059743.643015331
976 2013 319517.088605273 5059741.060681128
1037 2013 320737.97250157455 5059741.226638141
1281 2013 325615.9095153587 5059742.397771874
1403 2013 328057.2111093482 5059741.665010294
1464 2013 329276.5613772083 5059742.115117211
1525 2013 330496.9122863983 5059741.056300324
1586 2013 331717.5803826228 5059741.522105898
1708 2013 334158.20899705304 5059742.008492851
2013 2013 340256.86913629196 5059741.091375848
2318 2013 346357.93743771175 5059742.90101241
2379 2013 347578.43126146594 5059741.448356912
61 2074 301218.3212562631 5058521.849308309
488 2074 309757.40291908203 5058522.083413867
671 2074 313416.6985872908 5058521.6136407945
732 2074 314636.7123542137 5058521.684131035
793 2074 315858.365078559 5058521.048863729
854 2074 317077.2515342494 5058522.792498289
976 2074 319518.4098772318 5058522.6658081645
1037 2074 320737.6568486952 5058520.888371275
2013 2074 340257.94201054686 5058521.0447045
2196 2074 343917.5610325221 5058521.7453191755
2318 2074 346356.692749587 5058521.738529567
2379 2074 347577.77530008095 5058521.106900455
183 2135 303658.1377887922 5057301.946239131
305 2135 306097.7962176135 5057302.291316476
671 2135 313416.8621904474 5057303.263069696
793 2135 315856.9783578343 5057302.239391075
976 2135 319518.1466998187 5057302.073488487
1220 2135 324397.3292597967 5057302.986193831
2074 2135 341477.29590220354 5057301.98929162
2257 2135 345138.7787675092 5057301.823594835
122 2196 302437.5707124859 5056082.150395982
244 2196 304876.9493404073 5056082.5500989575
305 2196 306097.65128556994 5056081.774021094
610 2196 312196.26898946014 5056083.570862349
671 2196 313417.11036814796 5056081.610420318
1098 2196 321958.4385196221 5056082.76965683
1220 2196 324396.53709990164 5056082.829603951
1647 2196 332937.63167860603 5056082.718925282
1708 2196 334158.06909824075 5056082.071462062
2562 2196 351237.69229083136 5056081.837043012
122 2257 302437.1875130379 5054862.414781091
305 2257 306097.6051204086 5054862.700685056
793 2257 315856.83825282735 5054860.817014385
1159 2257 323176.9413265747 5054862.198070864
1403 2257 328058.30645238864 5054861.73454243
2074 2257 341477.24331076076 5054861.336189769
2257 2257 345137.674485345 5054862.206989557
61 2318 301217.48154059297 5053641.922791957
122 2318 302438.0623938873 5053642.066291019
305 2318 306097.90199188684 5053641.244679634
488 2318 309757.51518368453 5053642.248956643
671 2318 313417.12784105545 5053642.013947838
1037 2318 320737.37625658984 5053642.110114436
1342 2318 326837.72368086776 5053641.979488089
1403 2318 328057.91790223407 5053642.219980771
1586 2318 331717.8543747098 5053642.735559862
1708 2318 334157.83495158434 5053641.511463078
61 2379 301217.7430372575 5052421.685551047
122 2379 302437.89158842684 5052422.377322487
305 2379 306097.05669475516 5052422.017016217
427 2379 308537.5117554888 5052422.923726449
488 2379 309757.3340669013 5052421.330259382
610 2379 312197.6363232367 5052421.902790222
854 2379 317077.69096183626 5052423.123584695
976 2379 319516.92894770583 5052422.191792654
1342 2379 326837.59530814685 5052421.516896978
1525 2379 330496.9931809689 5052422.6056874115
1586 2379 331718.2620679385 5052422.517450633
1708 2379 334159.08754822606 5052421.176058306
61 2440 301218.22812172945 5051203.224976013
305 2440 306097.38476192293 5051202.507106894
366 2440 307317.90074662113 5051201.864703008
549 2440 310977.27828766673 5051202.037836797
610 2440 312197.1607883561 5051201.872721923
671 2440 313416.86211711343 5051201.812951194
854 2440 317076.4277070351 5051201.692973897
976 2440 319517.23778287147 5051202.104848493
1037 2440 320737.28459524777 5051202.135552504
1281 2440 325616.67391275964 5051201.915200629
183 2501 303657.33633701334 5049982.912057352
244 2501 304877.07359422673 5049981.577919243
305 2501 306097.9839804278 5049983.47442632
671 2501 313417.82281768724 5049981.95409589
793 2501 315857.19563188025 5049981.075679463
915 2501 318296.80033385573 5049983.24687257
1403 2501 328058.01767861715 5049981.881696151
610 2562 312197.59798331436 5048761.695437442
732 2562 314637.05102980393 5048762.073326131
854 2562 317078.4869018676 5048762.316589672
915 2562 318298.16427225416 5048761.489061838
1159 2562 323178.27782984637 5048761.402511268
1220 2562 324397.09868471936 5048762.506954344
1281 2562 325617.2112212638 5048762.4577226695
1342 2562 326837.1908622018 5048762.984449379
610 2623 312197.1386897082 5047541.48131251
793 2623 315857.5030228089 5047541.878428844
854 2623 317077.9560034828 5047541.2201259555
915 2684 318297.5468976935 5046321.74517337
1159 2684 323179.53143736837 5046322.71144027
488 2806 309757.1880683971 5043881.110507302
915 2806 318298.26751354535 5043883.444444256
976 2806 319517.76292264374 5043882.725568578
61 2867 301218.4788998781 5042660.910302118
183 2867 303657.4066595698 5042663.392116612
427 2867 308538.3902688341 5042662.317980898
427 3050 308537.07821672497 5039002.450835081
