2562 0 325617.9380542257 5100011.439268913
2928 0 329278.14514818985 5100011.724899373
3050 0 330498.0235054026 5100011.536458075
5978 0 359778.1056668568 5100011.09978899
1586 122 315857.815068667 5098791.070574823
1708 122 317077.2304354027 5098788.270954413
1830 122 318297.92656128586 5098791.554303121
1952 122 319516.26611534815 5098793.777642911
2440 122 324397.79609224555 5098792.022775718
2562 122 325617.34163464844 5098791.771770898
2684 122 326838.1640789655 5098791.170617191
2928 122 329278.0970542331 5098791.023531105
3782 122 337817.02732871985 5098791.655573941
4148 122 341478.9197921175 5098789.364893299
4636 122 346358.10261837055 5098784.917326595
5124 122 351243.02637446544 5098784.151592806
5612 122 356117.7019142256 5098792.382348693
5978 122 359777.0577371145 5098789.180507021
6100 122 361000.0792679422 5098794.960532674
6344 122 363438.46409315063 5098790.97524213
1952 244 319521.9168542122 5097567.114521733
2196 244 321959.8820406749 5097569.859871399
2562 244 325617.89669327845 5097570.962475676
2806 244 328061.77992531157 5097564.5533401305
3172 244 331722.1588103334 5097564.818991144
3782 244 337817.51444914413 5097572.536235401
4148 244 341477.867165476 5097563.826012369
4636 244 346357.79472740623 5097564.471902736
4758 244 347578.776664726 5097564.495335725
5368 244 353677.6244277868 5097572.132317254
5490 244 354897.1987804328 5097568.341535849
6344 244 363439.3545466995 5097572.9070704
6710 244 367103.6409983285 5097567.144470744
7076 244 370757.77536207467 5097572.11016679
7198 244 371977.42371683655 5097572.198706509
1830 366 318301.53994309565 5096349.525006913
2074 366 320737.40563573205 5096352.6688411515
2196 366 321957.1211543674 5096351.74697919
2684 366 326836.1479896947 5096344.760314203
3660 366 336597.70786890574 5096351.895574827
4026 366 340256.57065264473 5096344.048287718
4514 366 345137.3051063694 5096351.654224851
4880 366 348797.7738987085 5096350.786474062
5734 366 357340.821014794 5096344.812188408
6588 366 365878.95380286314 5096351.337558058
6832 366 368318.88687943906 5096351.7295347825
7198 366 371977.20286538056 5096352.31235565
1586 488 315861.6374165994 5095124.74606429
2196 488 321962.331973035 5095123.855007411
2806 488 328057.47036259255 5095132.117472325
4148 488 341483.4647512684 5095124.643840737
4514 488 345138.04085379996 5095131.939302553
4758 488 347578.543885333 5095130.609257246
4880 488 348797.0557119103 5095124.9724395545
5002 488 350021.62786382396 5095124.702493687
5368 488 353677.50673886936 5095124.33164421
5612 488 356121.84216588084 5095123.804406475
6100 488 360997.37679941085 5095124.679222381
6222 488 362222.6547612839 5095124.710869236
7320 488 373198.50020964677 5095130.876757347
7442 488 374418.6672950762 5095131.205410831
2196 610 321962.3670841926 5093913.433995984
2440 610 324397.8217693501 5093907.814550823
2684 610 326835.8652168646 5093912.317839125
3050 610 330499.94085734745 5093910.104177245
3416 610 334163.5515958792 5093907.589385537
4026 610 340255.88607608114 5093906.12157436
4758 610 347577.32754676597 5093911.470802361
4880 610 348797.3873613361 5093910.9220225345
5002 610 350017.53116438293 5093912.126658727
6344 610 363442.5366782236 5093911.951487624
6954 610 369540.79041267437 5093914.674145228
1586 732 315861.91817188356 5092687.287775725
1708 732 317077.7099793984 5092692.099974687
1952 732 319516.8336288055 5092691.297326645
2074 732 320737.7694305813 5092688.64809103
3904 732 339037.5770169535 5092693.188620689
4636 732 346357.5456912867 5092692.1916483035
4758 732 347578.04837903206 5092691.621553593
5002 732 350018.8303900405 5092684.60411199
5734 732 357336.9149414043 5092691.0655326275
6710 732 367099.6289528481 5092692.694282274
6832 732 368318.7556778354 5092691.198647106
7320 732 373198.417256785 5092692.0376526285
7564 732 375637.75486700365 5092693.002530571
7686 732 376855.93032051495 5092683.772602289
1586 854 315860.1575845856 5091469.811296346
1708 854 317078.12412953464 5091471.688406834
2928 854 329277.8122240456 5091467.770055128
3172 854 331717.2901445405 5091469.129633998
3904 854 339038.0277274047 5091469.058235518
4026 854 340258.66537814337 5091471.82926115
4270 854 342701.68631562346 5091471.94549673
5246 854 352458.76444719615 5091471.628609352
5490 854 354899.01697221934 5091464.7034449475
6466 854 364657.4849276205 5091471.452116473
6588 854 365877.9110924573 5091470.926436712
7076 854 370757.960843697 5091470.458218771
7686 854 376861.68196161516 5091473.723694186
854 976 308537.8634666119 5090250.805842616
1220 976 312197.67121084797 5090248.42102357
1830 976 318300.51045290177 5090251.889351577
2318 976 323177.8837357129 5090252.858865899
2440 976 324397.8351316314 5090251.764335508
2806 976 328056.59819157136 5090252.8546651015
3416 976 334157.89983776043 5090251.92294647
3538 976 335377.33374800294 5090254.100787034
4392 976 343917.6750902174 5090247.931244119
5368 976 353677.7244241139 5090244.453529343
8418 976 384181.6881627966 5090247.875054317
1464 1098 314637.7922966776 5089031.8968751505
1586 1098 315859.26178270957 5089028.847731343
1830 1098 318303.3609248995 5089025.22577594
1952 1098 319521.42259766493 5089031.75391606
2074 1098 320736.0599702047 5089024.89012641
2196 1098 321961.6924421876 5089031.235153389
2318 1098 323177.67911701073 5089029.193747974
2684 1098 326838.6054501478 5089029.054374765
2928 1098 329277.6558430396 5089024.591758985
3172 1098 331718.5597061167 5089028.6216833405
3294 1098 332937.9503179188 5089031.075124822
3416 1098 334157.9164658023 5089028.46881125
4026 1098 340257.3987601047 5089021.90618401
4148 1098 341477.9694025047 5089024.760008264
4392 1098 343923.6867651244 5089024.870366895
6954 1098 369543.192445757 5089024.344257075
7442 1098 374415.86564537557 5089034.184312267
8540 1098 385400.06129517633 5089029.86186983
1220 1220 312198.6940728958 5087812.823002386
1464 1220 314637.48528804124 5087811.898335505
2928 1220 329277.0626841169 5087803.934615694
3172 1220 331721.37462028716 5087812.116027338
3416 1220 334157.73438976496 5087812.9236364635
3538 1220 335377.30787281523 5087813.149503587
3660 1220 336598.2162901565 5087811.216016853
4026 1220 340257.42200118065 5087808.575215217
4392 1220 343918.61237501097 5087810.8789229
4514 1220 345135.05685704167 5087803.902343097
4758 1220 347577.03833646514 5087803.632322587
5002 1220 350023.1093823203 5087805.202152365
5124 1220 351241.93125875056 5087811.101031962
5978 1220 359781.1862997977 5087803.969827133
6222 1220 362217.6370414112 5087807.795699012
7076 1220 370757.4298484411 5087811.616780383
7686 1220 376857.58902909525 5087803.912337073
7808 1220 378077.17319591396 5087808.969696383
8540 1220 385397.6320766714 5087811.615433978
1342 1342 313417.86573621025 5086590.720421842
2074 1342 320737.5575701387 5086588.224293078
3294 1342 332937.9445980292 5086592.635894776
3782 1342 337820.6049651064 5086584.034530725
4026 1342 340261.2338315417 5086592.993581985
4514 1342 345138.2838128258 5086582.550842498
4758 1342 347577.9537993503 5086584.305693672
4880 1342 348798.8825020496 5086584.115776645
5002 1342 350018.45921186585 5086586.790447903
5612 1342 356117.0971598398 5086591.594044644
8540 1342 385397.39695274347 5086591.899013013
1098 1464 310977.3623601835 5085364.947246964
1464 1464 314637.37866701116 5085371.274501784
1708 1464 317077.0028852116 5085364.952490276
1830 1464 318297.7314171698 5085368.797583805
1952 1464 319519.9047262773 5085369.914801913
2440 1464 324397.7316845514 5085371.976638631
2562 1464 325617.41223958234 5085368.489783416
3050 1464 330497.0432757647 5085372.323046193
3172 1464 331717.72508747334 5085371.35506391
4758 1464 347576.6915342189 5085367.296181762
4880 1464 348797.7624473563 5085371.243152755
5612 1464 356117.476823002 5085364.3251258535
6100 1464 361000.60799487564 5085368.45892937
6832 1464 368320.8906136765 5085370.612386594
8418 1464 384177.39957237 5085372.315158219
8540 1464 385398.34391946555 5085371.8738350365
1342 1586 313417.1848460187 5084152.114753984
2318 1586 323176.77650935855 5084152.383315845
2440 1586 324398.13399149047 5084151.623043811
2806 1586 328057.88093651924 5084151.230454135
3050 1586 330498.52003507636 5084148.975874958
3172 1586 331721.3809931905 5084151.040513349
3416 1586 334157.8533315748 5084143.25714269
4392 1586 343917.9374806863 5084144.094133257
4514 1586 345137.61568448 5084151.344898169
5002 1586 350018.93843259476 5084148.061363344
5368 1586 353682.4332618855 5084144.118136139
5490 1586 354898.2356150563 5084143.354900943
5734 1586 357341.3844850824 5084144.195277531
7076 1586 370757.41878868535 5084150.5845531635
1098 1708 310977.5035397964 5082932.960933943
1220 1708 312198.2920373902 5082931.620752021
1464 1708 314637.71861924184 5082922.18066248
1586 1708 315858.5518191031 5082927.541828573
1830 1708 318297.8117957304 5082930.718637313
2806 1708 328057.78146894346 5082931.482408523
2928 1708 329277.52289624227 5082931.629433204
3660 1708 336597.38109244936 5082927.405804037
4270 1708 342704.20703469176 5082924.427609555
5612 1708 356117.65326213563 5082931.901990642
6222 1708 362221.9951801077 5082923.878676932
6344 1708 363437.8408665234 5082926.695656988
6710 1708 367098.781792164 5082930.750591087
6832 1708 368317.9374647011 5082932.853311459
8296 1708 382958.82998379675 5082931.876106604
1586 1830 315857.28030794667 5081711.236022289
1830 1830 318297.21999135346 5081704.8802873865
1952 1830 319517.47926296084 5081712.369229452
3172 1830 331717.95812505815 5081711.261078615
3416 1830 334157.23562688724 5081713.19177804
3782 1830 337816.621941144 5081711.466353643
4026 1830 340258.2183565665 5081712.468858671
4148 1830 341481.4334665402 5081711.337933015
4392 1830 343921.68934306107 5081704.141837473
4636 1830 346357.5561119671 5081706.067381545
4880 1830 348798.4656591998 5081708.684963931
5246 1830 352455.63299216365 5081704.536240449
5734 1830 357341.29147858784 5081704.207970682
5978 1830 359775.8971453494 5081704.889555302
6100 1830 361001.7122499282 5081703.498924529
7076 1830 370761.24854356446 5081710.817249958
7320 1830 373197.6462285307 5081711.901639968
7686 1830 376862.9732098769 5081703.755121667
8418 1830 384181.82497009565 5081707.81876259
8540 1830 385397.30246655445 5081707.85751875
488 1952 304877.6510589962 5080487.549478427
976 1952 309757.85473272967 5080488.913688994
1342 1952 313418.2134679314 5080489.183840317
1464 1952 314636.9355103567 5080491.521243262
2562 1952 325617.4123175837 5080487.719421059
3172 1952 331720.32148891344 5080492.382321112
3294 1952 332937.61963363667 5080488.935082297
4148 1952 341482.05436110945 5080487.542590201
5490 1952 354896.9681710913 5080484.777846197
5612 1952 356117.88000203104 5080483.707138027
5856 1952 358561.5278883328 5080484.631093892
6466 1952 364661.5975977426 5080492.095408994
6710 1952 367099.0149754941 5080492.319056621
6832 1952 368318.7494413128 5080491.758858175
7076 1952 370761.16969144676 5080488.086905195
7320 1952 373196.8734594508 5080492.500371399
7442 1952 374416.36237873236 5080488.2385872435
8418 1952 384178.8806686689 5080488.099123283
8540 1952 385398.0707930821 5080487.8008442335
488 2074 304877.82728482794 5079271.800884523
732 2074 307316.35252383485 5079271.70404296
854 2074 308538.61777541856 5079267.637823745
1220 2074 312198.9564225639 5079271.434888166
1342 2074 313419.33425550326 5079268.9928792305
1586 2074 315857.7057148168 5079272.385434632
1830 2074 318298.4901845902 5079268.5139729725
2684 2074 326837.38650689455 5079271.81409397
3050 2074 330497.2031184369 5079271.915405461
3294 2074 332938.8160061795 5079264.997266214
4636 2074 346362.9857510974 5079264.797162571
4758 2074 347578.46446823055 5079272.146263084
4880 2074 348802.52133841714 5079267.099943144
5246 2074 352460.6549645974 5079268.825449524
5612 2074 356120.4290366593 5079272.03837535
5734 2074 357336.5363396166 5079261.658600639
5978 2074 359776.99104368355 5079264.756328098
6222 2074 362217.87485454214 5079272.258508576
6588 2074 365877.1029828717 5079263.752600989
6832 2074 368318.86288171855 5079263.403728953
6954 2074 369538.4813952097 5079272.1807047995
7076 2074 370762.1483338546 5079263.920436803
7198 2074 371977.9560772031 5079272.091467026
8418 2074 384178.1835065628 5079271.681571326
610 2196 306098.6699595498 5078048.315305578
1220 2196 312201.21411005186 5078050.38101514
1464 2196 314636.53450819536 5078047.828633072
3416 2196 334158.0210705532 5078052.743370003
3538 2196 335377.9872582526 5078048.563958605
4514 2196 345144.1267128453 5078046.446732358
4880 2196 348797.7551144144 5078051.900581865
5978 2196 359778.1765957196 5078048.267177469
7076 2196 370762.92878027196 5078044.785077266
7198 2196 371982.428807015 5078051.964394309
7442 2196 374421.1578816502 5078052.074426914
7930 2196 379296.02637959935 5078045.249046172
8418 2196 384177.6047910315 5078051.918281556
1098 2318 310978.6172343998 5076831.506571122
1708 2318 317078.33375217096 5076831.689828348
2684 2318 326836.7829953006 5076832.122979377
3782 2318 337817.9197145266 5076831.926187063
3904 2318 339036.88374427194 5076832.7260360615
4026 2318 340257.83893967466 5076827.69587986
4636 2318 346356.17924848973 5076823.741426233
5978 2318 359780.27958777803 5076824.915322973
6222 2318 362220.46807870874 5076824.8824776625
6466 2318 364657.7408955992 5076832.384986088
7198 2318 371978.9050086921 5076830.888230328
7320 2318 373196.44157416647 5076824.339233336
732 2440 307318.2504190983 5075610.787985331
1098 2440 310980.80375832546 5075609.160145132
1220 2440 312197.71550157387 5075612.54154274
1342 2440 313422.9753581242 5075605.010496316
1464 2440 314637.4377420929 5075612.440892907
1952 2440 319518.07304490847 5075609.460128235
2440 2440 324397.72759611136 5075612.828382283
2806 2440 328062.228307309 5075611.577918772
2928 2440 329276.359337853 5075612.204809473
3050 2440 330497.4952993697 5075612.417213418
3538 2440 335378.59347640397 5075612.181607344
3782 2440 337817.8301906644 5075608.451193927
3904 2440 339037.78202432854 5075603.672583433
4148 2440 341481.0519388682 5075604.864045718
5124 2440 351236.82417980477 5075604.301354749
5856 2440 358563.666060808 5075603.948699579
6222 2440 362218.6100539059 5075611.201855055
6588 2440 365877.7631305009 5075612.776864483
6954 2440 369543.0293210596 5075608.227189505
7198 2440 371978.7066328217 5075613.684737691
732 2562 307318.1704888151 5074391.693768791
976 2562 309757.4709087435 5074393.126724397
1586 2562 315862.4146484497 5074384.924205069
2196 2562 321957.1868574248 5074391.4722191105
2318 2562 323177.2489245998 5074391.996682205
2806 2562 328059.15377755644 5074390.838492175
3172 2562 331717.5469711992 5074392.929138042
3660 2562 336600.8208332224 5074392.221299758
5978 2562 359778.34911247535 5074392.4623119645
6466 2562 364655.42949681636 5074392.481285895
6832 2562 368316.83799453435 5074383.473400682
6954 2562 369537.79615713673 5074392.337137602
7442 2562 374420.99305703264 5074384.534164863
732 2684 307317.74504218553 5073172.630477464
854 2684 308536.43972957245 5073170.54780595
1220 2684 312198.23695835646 5073172.799204935
2196 2684 321958.40853481035 5073172.323808462
2318 2684 323177.06648209505 5073169.207815129
2806 2684 328057.2286267687 5073171.712957031
2928 2684 329278.613501616 5073167.723767012
5124 2684 351241.98270206153 5073163.03123513
5246 2684 352456.782447095 5073172.610156414
5368 2684 353681.86554331315 5073164.204357725
5978 2684 359780.8397134805 5073171.41139473
6344 2684 363442.35400525416 5073163.942197442
6466 2684 364661.7599697137 5073163.570423535
6588 2684 365878.3010321579 5073172.447687993
6710 2684 367103.15839545307 5073163.310350202
7198 2684 371976.8590794826 5073172.565077492
976 2806 309756.6035392681 5071952.79393749
1708 2806 317076.6997600749 5071952.474565274
1830 2806 318296.9499394509 5071952.520935873
2074 2806 320737.58649811934 5071951.455836846
2318 2806 323178.313608497 5071948.614807024
3416 2806 334157.57377521065 5071947.394435586
3538 2806 335377.3384162151 5071953.26761956
3660 2806 336598.9915632587 5071951.960022009
5002 2806 350018.12284331844 5071950.974373427
5246 2806 352458.465748385 5071952.019141846
6100 2806 360998.76475993247 5071948.194244203
6588 2806 365877.16268559574 5071942.169070183
8052 2806 380522.71718951844 5071948.567545091
610 2928 306097.2886254287 5070732.135491888
854 2928 308537.7714397534 5070731.839853637
976 2928 309757.9560559676 5070732.343495672
1098 2928 310981.5760729591 5070728.606540952
1342 2928 313418.89977291663 5070730.095328629
1830 2928 318297.80077829136 5070728.430101568
2440 2928 324396.82113796636 5070724.783266458
3294 2928 332937.5854523535 5070732.388537033
3904 2928 339035.80037925555 5070732.487459604
4270 2928 342696.3387334118 5070727.5628497135
4392 2928 343917.40964997694 5070732.79603829
4514 2928 345138.8857604944 5070731.4928837055
4880 2928 348798.6867005214 5070729.330389328
5124 2928 351237.6199096636 5070728.903440269
5978 2928 359782.8001037602 5070730.73528748
6100 2928 360998.09674540686 5070720.536460414
6222 2928 362222.31331780803 5070724.578022167
6954 2928 369537.6466683234 5070731.044988359
7686 2928 376856.865217952 5070724.699371975
732 3050 307318.2101885307 5069512.79915275
854 3050 308538.77094396495 5069508.811603731
976 3050 309757.6884540601 5069512.222333097
1220 3050 312198.1582626105 5069511.285476167
1342 3050 313417.5787896111 5069512.097642672
1586 3050 315857.99138729915 5069511.328528222
1708 3050 317077.96418958413 5069504.315909372
1952 3050 319516.8403280154 5069508.720435012
2074 3050 320737.80995533714 5069508.339380278
2318 3050 323176.9847853042 5069503.607204081
2440 3050 324396.6714211958 5069511.585689325
2562 3050 325620.71458116407 5069503.530438481
2928 3050 329277.7580383802 5069512.854237228
3416 3050 334157.5138946133 5069512.788509283
3538 3050 335377.0426050474 5069512.39114011
4148 3050 341477.64159647626 5069504.323774813
4392 3050 343918.0215284435 5069512.736718934
4880 3050 348797.8497206662 5069507.537255466
5124 3050 351237.9936132474 5069511.667810723
6710 3050 367104.8068371411 5069507.400433609
6832 3050 368321.0747080838 5069508.095392587
488 3172 304879.04334900645 5068292.200893222
610 3172 306096.1393442771 5068288.355846689
854 3172 308541.25799230306 5068291.047549471
1342 3172 313417.92237074627 5068284.956248374
1464 3172 314642.68435406423 5068282.9890748495
1952 3172 319518.0378617901 5068288.248937293
2318 3172 323176.4101864113 5068292.1185878785
2440 3172 324396.07389586244 5068286.769774226
2684 3172 326837.9128044295 5068287.500569518
2928 3172 329277.5407182723 5068291.788449362
3172 3172 331717.8670693148 5068292.363639726
4270 3172 342698.6495957203 5068284.121424298
4514 3172 345138.95309330506 5068291.391452675
4636 3172 346361.9633980827 5068291.539708361
5246 3172 352457.42745071964 5068292.768215201
7320 3172 373197.1488820382 5068292.082905354
488 3294 304878.6619237143 5067071.862668441
610 3294 306101.1639565454 5067068.956660738
1342 3294 313418.74520429206 5067068.613008358
1708 3294 317078.26233136957 5067063.609438146
1952 3294 319517.1452101137 5067072.701666785
2074 3294 320737.13214129815 5067071.656665739
2318 3294 323180.15554519574 5067064.803432663
2562 3294 325617.7134145034 5067071.543739011
2806 3294 328057.7948991536 5067072.216263714
3294 3294 332938.86013053206 5067071.763809407
3538 3294 335382.0047222042 5067062.120370788
4636 3294 346355.0307708591 5067069.874216955
5124 3294 351237.0984725681 5067067.257418342
488 3416 304879.5507993978 5065848.7849321645
610 3416 306097.9095045338 5065848.570203249
976 3416 309758.1456739904 5065848.319837361
1342 3416 313417.5775862901 5065851.81746963
2440 3416 324403.9822013748 5065844.562961699
2806 3416 328057.70929688145 5065844.041360816
3416 3416 334157.3290943647 5065848.799561187
3538 3416 335377.6386093734 5065852.195192657
3904 3416 339037.61791136966 5065848.434675942
4026 3416 340257.48680631106 5065852.3074257765
4270 3416 342700.8197782365 5065843.354336985
4636 3416 346361.451059618 5065844.475524643
7442 3416 374418.1058206761 5065848.229935871
366 3538 303657.65332639305 5064632.221745793
732 3538 307320.1093422939 5064629.766631477
1586 3538 315857.5660990491 5064631.761990199
4148 3538 341478.26321546984 5064631.228079873
488 3660 304876.14657108363 5063405.977781608
854 3660 308538.2095170357 5063409.119267819
1098 3660 310977.66512227326 5063411.224821468
1220 3660 312197.3984818564 5063412.5428317115
1464 3660 314639.2689424438 5063408.109647669
1586 3660 315858.540332894 5063410.872330756
1952 3660 319517.94908390887 5063411.438608783
2806 3660 328057.8519099446 5063412.197383667
3660 3660 336601.9178738952 5063403.73238203
4148 3660 341476.88369817834 5063404.560454408
4270 3660 342697.04649126786 5063411.58788639
4636 3660 346358.2688189977 5063409.519830239
610 3782 306098.2094601064 5062181.457467118
732 3782 307316.72719239874 5062188.057620762
854 3782 308538.2415305491 5062191.911572514
1586 3782 315856.7265195511 5062191.241678896
2562 3782 325622.9526512979 5062187.462038487
2684 3782 326842.8716222944 5062183.312484781
3172 3782 331717.97716664773 5062183.303119146
3294 3782 332937.39636153064 5062191.308041869
3904 3782 339038.75986468187 5062183.8389185835
4026 3782 340254.6925981627 5062189.494619787
4392 3782 343918.3608911068 5062186.892207164
4514 3782 345139.0890677644 5062181.996147552
4636 3782 346358.5919840657 5062191.451148023
4758 3782 347584.7723195206 5062184.883023361
610 3904 306097.7151588871 5060970.715246288
1220 3904 312198.1130008681 5060972.721257941
1342 3904 313420.73047581594 5060967.649113573
1464 3904 314638.1229660211 5060972.865989951
1830 3904 318296.0559911187 5060968.036350444
2684 3904 326840.36492220574 5060964.37179025
3172 3904 331717.1445514988 5060971.427196092
3904 3904 339037.08664450306 5060969.386553292
4514 3904 345143.58220827905 5060965.563913205
4636 3904 346359.0262818972 5060972.896914426
5368 3904 353677.3465900816 5060971.960842749
2074 4026 320738.6647589081 5059752.480417649
2440 4026 324403.3624851132 5059742.575874952
2562 4026 325618.59960980236 5059751.6418734295
2928 4026 329277.73763529205 5059744.809399194
3050 4026 330496.9620957268 5059740.580601546
4026 4026 340257.75844440167 5059750.8028664235
4636 4026 346357.6941525745 5059750.454125592
5368 4026 353677.3495055065 5059748.3904849
1708 4148 317078.5976977115 5058532.610769469
3050 4148 330496.6659749828 5058527.816328217
3904 4148 339043.7497918824 5058527.977673478
4392 4148 343923.00445168425 5058525.499982185
732 4270 307319.1164279659 5057312.539323724
1220 4270 312197.52516731067 5057311.551339008
3294 4270 332938.0533562718 5057308.222740457
3538 4270 335376.4567648706 5057304.315555488
5124 4270 351242.56990901066 5057308.0158636095
854 4392 308542.23455953953 5056085.500866826
1342 4392 313418.27687438595 5056091.476696387
3538 4392 335378.54065595235 5056087.956837241
5124 4392 351240.77598077775 5056088.561880607
244 4514 302436.0356378503 5054872.068201697
732 4514 307318.2783059752 5054868.983159767
1586 4514 315857.08165100723 5054872.07667017
2562 4514 325622.57995825994 5054869.121996584
4148 4514 341476.55568142864 5054864.623787157
1586 4636 315857.9131867601 5053651.378635231
1830 4636 318302.51278851676 5053648.107590788
2440 4636 324397.6571299124 5053651.995682628
3416 4636 334159.1896496503 5053649.189362032
1708 4758 317076.5804592696 5052428.711665952
2196 4758 321957.6229812985 5052431.769766578
2684 4758 326840.67685037944 5052424.324771454
1952 4880 319517.7530506651 5051207.878084594
2440 4880 324398.3065592799 5051209.143800574
2562 4880 325617.5421129348 5051211.381285844
2684 4880 326836.90694556653 5051209.150937667
2806 4880 328062.33804786275 5051203.369094791
976 5002 309763.25148212636 5049982.908216822
1830 5002 318300.0759663921 5049989.875281322
2562 5002 325621.46018783597 5049984.360925198
1830 5124 318301.4893006757 5048764.869657527
2684 5246 326838.4592935963 5047548.349751268
2562 5368 325615.06058026303 5046330.149668861
1342 5856 313418.36061764095 5041445.759726507
