61 61 501201.3660081084 4198779.5621394655
244 61 504857.2150167003 4198776.832197713
610 61 512180.65331865137 4198781.96394482
671 61 513400.37141532736 4198778.279500246
732 61 514618.86741186265 4198777.437246969
854 61 517060.69085970375 4198780.627362155
915 61 518279.0316128145 4198780.993254723
1037 61 520718.84615506424 4198780.908116809
1342 61 526821.6925204718 4198778.256911197
122 122 502418.35746451985 4197561.967206636
671 122 513401.86112780706 4197557.704678361
793 122 515838.74383611296 4197561.349067946
1159 122 523158.46487024706 4197562.480950327
1220 122 524381.3802294487 4197558.531395619
183 183 503638.7351289859 4196342.210630528
305 183 506078.21380079084 4196337.48843376
366 183 507297.35244800226 4196337.198988339
549 183 510959.23705535056 4196338.323106537
732 183 514619.47766067303 4196337.1356220795
1342 183 526818.7231339586 4196337.843695949
1403 183 528038.9926297823 4196341.773357413
1464 183 529257.3453282656 4196342.367644432
305 244 506081.06386391283 4195121.476055766
488 244 509738.56626323523 4195118.17867645
1342 244 526821.1511412256 4195121.97220452
1403 244 528037.9170805572 4195122.082282845
976 305 519497.55781234027 4193899.973037077
1037 305 520719.48097430257 4193896.7998482315
1098 305 521939.62055193004 4193897.343400143
1220 305 524380.8313664958 4193897.925121191
1281 305 525598.0661764035 4193902.2055906327
1342 305 526821.507486314 4193897.746806862
244 366 504858.89430064696 4192679.559164106
488 366 509741.90445354464 4192678.8838280635
1037 366 520719.5023629199 4192680.446878884
1098 366 521940.55928092205 4192678.912864347
1159 366 523158.4128572616 4192678.639830649
122 427 502419.35349067376 4191461.499704372
183 427 503639.00533138536 4191461.3636443242
244 427 504858.5700114469 4191462.242968779
305 427 506077.6837546778 4191460.7108949646
488 427 509738.36064662336 4191457.9175456855
610 427 512181.4493635286 4191457.825419263
671 427 513401.258039773 4191457.660604844
732 427 514618.25922692387 4191461.5197743243
1037 427 520720.6781368725 4191462.373292638
1098 427 521941.8833202686 4191458.1444141334
1159 427 523158.16777621076 4191461.285717059
1281 427 525601.7015581417 4191458.851750331
488 488 509738.6271404805 4190237.249186176
610 488 512180.92956330883 4190238.2947916063
671 488 513399.2881157731 4190241.3711472936
1098 488 521940.8918643124 4190241.420432008
1159 488 523159.4599940747 4190240.7300335066
366 549 507298.8625827373 4189021.3860487007
488 549 509738.83908226807 4189022.614252193
793 549 515838.60160555487 4189021.8492582124
915 549 518281.53679805214 4189021.4217350148
61 610 501198.8818069873 4187802.0062259594
183 610 503639.6790262498 4187797.501126076
305 610 506078.2660873163 4187801.670827844
244 671 504858.838640853 4186578.5763323875
549 732 510961.2212356561 4185358.2579879323
610 732 512179.4387822675 4185358.8845369965
1037 793 520721.21978733677 4184141.0896713426
549 854 510961.7538169429 4182917.663326457
1037 854 520718.7617147091 4182918.0875709513
732 915 514620.9637423628 4181697.652090675
793 915 515841.0071049297 4181701.839019973
366 976 507297.5016389049 4180476.7673735013
549 1098 510961.7269970607 4178038.0183101334
610 1098 512178.5421894837 4178040.942525058
732 1098 514617.80556572863 4178041.312677604
854 1098 517061.12533289264 4178042.194708403
549 1159 510958.3242249323 4176822.3204897232
732 1159 514617.7086189849 4176822.0579232546
732 1220 514618.3480587942 4175601.4369172305
244 1342 504858.61826231674 4173158.820586345
122 1403 502418.4792325094 4171938.4390621567
183 1403 503640.67559355777 4171937.5741839167
244 1403 504858.04555080814 4171941.545838588
122 1464 502418.7593425515 4170722.94993716
305 1464 506078.0106005033 4170718.6934828972
366 1464 507302.04882368963 4170718.2348548174
610 1464 512177.887721383 4170718.576388521
61 1525 501197.7791410168 4169502.4739785036
122 1525 502418.3905813733 4169502.2772833286
366 1525 507302.1036827922 4169497.0470937295
427 1525 508522.29702832433 4169497.675534756
61 1586 501198.6439624262 4168281.554839744
122 1586 502418.51732950367 4168278.999621208
366 1586 507297.7521555249 4168281.670777022
854 1586 517058.8372787491 4168281.4832331147
61 1647 501198.55810584844 4167058.1474854043
244 1647 504859.2189752964 4167058.4929140937
305 1647 506078.9769075426 4167057.7985388627
366 1647 507300.57290310744 4167056.9260603692
488 1647 509737.43934867124 4167062.267989996
183 1708 503639.396634737 4165837.3705602232
427 1708 508518.4042696609 4165837.67095924
122 1769 502418.9274262216 4164619.1585388836
549 1769 510958.98098095134 4164621.2994691776
732 1830 514621.26263563737 4163403.3949049516
61 1891 501197.9064435379 4162178.2466783924
61 1952 501199.2981056686 4160961.621351924
366 1952 507298.2299773062 4160957.4627819583
61 2013 501197.6812288345 4159742.191643969
122 2013 502418.7910451886 4159741.946333155
183 2013 503643.0654528901 4159738.0399859576
122 2074 502417.99325578037 4158522.522245812
61 2135 501199.8114032868 4157299.811327181
183 2135 503636.9950116086 4157302.422653583
122 2196 502417.71424797445 4156078.895186045
549 2196 510960.10043377266 4156080.0731840925
183 2257 503637.2672733275 4154862.514066263
366 2684 507298.51961921126 4146317.841248016
244 3172 504857.7089626374 4136559.3429340906
61 3294 501199.23966569663 4134119.368069793
0 3355 499978.79624495964 4132901.199832513
61 3538 501198.5443651611 4129241.1934868144
366 3538 507297.49525236955 4129241.5234143957
488 3538 509740.7604229216 4129239.568779785
427 3599 508518.043908256 4128017.238529769
610 3599 512180.49068382155 4128020.527347793
244 3660 504857.79613101017 4126798.394699714
366 3721 507299.3064299306 4125581.619825933
488 3721 509741.13151787996 4125579.2113965144
671 3721 513401.4753513737 4125581.4627441214
244 3782 504859.2002946752 4124358.6486610817
305 3782 506080.84592026856 4124358.113380813
488 3782 509740.8691730512 4124361.5516001033
915 3782 518279.21071851405 4124360.5317554353
61 3843 501198.77924592665 4123139.0846658163
122 3843 502418.9420815665 4123141.0361228352
183 3843 503641.44207173743 4123139.502923278
732 3843 514620.6248135543 4123138.858054012
183 3904 503638.3629560779 4121920.4187031398
305 3904 506078.40596462786 4121920.3749849964
488 3904 509741.53117793397 4121918.1621375512
732 3904 514618.92504044384 4121920.9878051784
122 3965 502421.3279486002 4120698.686621722
183 3965 503638.3147136844 4120699.2119884044
305 3965 506078.14699903846 4120699.04369935
732 3965 514619.34527169593 4120700.245397972
61 4026 501197.56300164177 4119479.4364120318
122 4026 502420.4638214764 4119479.663283812
183 4026 503640.6870994156 4119478.997387574
244 4026 504861.7991380772 4119478.693731999
366 4026 507300.76658078854 4119478.3864800483
427 4026 508518.0505663177 4119477.5244083544
549 4026 510958.2458159366 4119476.8311261144
61 4087 501198.7823689532 4118262.013217517
183 4087 503638.4031157438 4118258.0467241453
244 4087 504858.64384485484 4118258.408565549
305 4087 506078.8639182058 4118258.793411227
427 4087 508521.5697195703 4118260.5074769696
61 4148 501198.03821703955 4117038.4556647353
122 4148 502417.69217990217 4117037.917455704
244 4148 504858.63344149885 4117038.2642077925
366 4148 507298.485385302 4117039.4924117103
610 4148 512181.2922667835 4117041.658193277
122 4209 502418.2772309648 4115817.113320508
366 4209 507299.0902242813 4115821.900041634
488 4209 509738.8494064442 4115820.7821203396
61 4270 501198.59558772703 4114598.6022929577
122 4270 502418.36867226794 4114601.2560556065
183 4270 503638.62687595154 4114597.3918956583
244 4270 504857.2888668425 4114598.981542005
305 4270 506078.2524951503 4114597.636910039
366 4270 507301.6558562464 4114598.4443159048
427 4270 508519.6971478342 4114597.9300267333
488 4270 509739.09772692504 4114599.231409141
732 4270 514618.4540302257 4114602.707073141
427 4331 508517.6465150246 4113378.5866590664
732 4331 514620.62066800153 4113379.85398544
244 4392 504862.1377368934 4112158.712445018
549 4392 510961.92039883416 4112158.28608073
610 4392 512182.4671962027 4112159.343297098
671 4392 513401.37168524385 4112159.2343349373
1037 4392 520718.39134421124 4112162.0167122483
305 4453 506081.9542544505 4110937.09663325
610 4453 512178.26390820503 4110939.0571881924
671 4453 513398.232116999 4110942.012211211
732 4453 514621.91463977646 4110942.9908413785
122 4514 502417.99894625926 4109719.2981533324
183 4514 503638.73791704414 4109718.4756306605
488 4514 509741.8156060523 4109717.5092084194
854 4514 517062.1916581672 4109718.2752560284
61 4575 501198.29341030226 4108499.2600762323
122 4575 502418.534964201 4108499.3257235913
244 4575 504861.61599050945 4108498.7063620742
305 4636 506081.716719831 4107277.8616428105
366 4636 507301.74569912406 4107278.2685358915
549 4636 510962.4050841324 4107281.3040639907
793 4636 515840.622875614 4107279.4772967724
244 4697 504861.2012052461 4106057.267702698
793 4697 515838.0595122266 4106058.198994261
1037 4697 520719.6232358375 4106058.8790099993
1098 4697 521940.7194474752 4106059.402850709
122 4758 502418.90902072267 4104839.318940698
244 4758 504858.7190364095 4104838.0999427605
305 4758 506078.3360567594 4104837.8482713187
427 4758 508518.3334221721 4104837.927080054
488 4758 509737.9080714992 4104838.6596804475
549 4758 510961.417973679 4104839.284749157
1037 4758 520718.1742228698 4104841.85998487
549 4819 510957.819535553 4103619.3614417184
854 4819 517062.67696050566 4103619.8865630683
183 4880 503640.6840868933 4102399.3222056013
488 4880 509737.98151013436 4102398.544893438
549 4880 510959.11216292187 4102401.0103303157
610 4880 512178.75679352676 4102400.984972014
854 4880 517062.4750221507 4102399.1917873323
1037 4880 520722.17790518154 4102398.2981245406
61 4941 501198.25775016734 4101181.5444838135
122 4941 502419.039809551 4101179.0314274477
549 4941 510959.01566024404 4101182.139209751
732 4941 514619.19833759294 4101180.101165695
915 4941 518280.875988165 4101179.3641566094
1037 4941 520721.36149607535 4101179.264941521
1098 4941 521941.44517794426 4101177.7961463984
1159 4941 523161.33486477035 4101178.5298734605
61 5002 501198.2085880601 4099960.582406802
122 5002 502420.112982825 4099958.212414233
244 5002 504859.5474335176 4099960.886214366
610 5002 512178.7652743533 4099962.0731245447
732 5002 514620.4909650965 4099959.009152307
305 5063 506079.2980570205 4098740.9106492316
488 5063 509740.8201955935 4098738.921187781
549 5063 510961.5391436534 4098737.6729656914
915 5063 518281.09741218213 4098738.9775083438
1037 5063 520719.5078233698 4098739.0801044023
1159 5063 523161.529189644 4098742.3073639786
1342 5063 526821.1279846276 4098741.636420155
61 5124 501200.5310210143 4097519.368015372
427 5124 508518.2799781235 4097518.981413029
610 5124 512180.8303033289 4097519.783799841
915 5124 518278.16084199445 4097521.0939809587
1037 5124 520721.1146267005 4097519.197730601
1281 5124 525602.0680058987 4097518.206144644
366 5185 507300.521385014 4096298.443695523
427 5185 508519.01993119763 4096301.4611969944
549 5185 510958.36216948734 4096299.0963752978
732 5185 514621.21506150195 4096298.8584123617
183 5246 503639.4665113573 4095077.4860344436
244 5246 504861.8055239716 4095077.878310322
366 5246 507300.9624123835 4095078.616463146
793 5246 515838.7608654853 4095080.2904876666
1037 5246 520719.5817555598 4095078.9199552108
122 5307 502418.0259642904 4093858.397309376
244 5307 504858.3878286164 4093858.708155891
427 5307 508518.7027424512 4093857.0804175157
671 5307 513399.3766493404 4093858.758068408
793 5307 515838.3417807866 4093860.748134043
1098 5307 521938.3266412718 4093861.0105521325
61 5368 501199.2191232911 4092639.243721978
122 5368 502419.3356243179 4092640.9876502343
183 5368 503640.52077113744 4092639.035390312
488 5368 509738.4288692327 4092637.5375350714
671 5368 513398.65850417694 4092638.3873097356
732 5368 514619.35351319547 4092639.233213584
61 5429 501200.27367623296 4091417.513807606
122 5429 502418.70124958927 4091419.252099105
244 5429 504858.73930482677 4091420.209174702
305 5429 506080.8574715631 4091418.7512818947
